467683,7504184,7504184,1,"[1, 0]"
467683,7504184,3450,0,"[1, 0]"
467683,7504184,1724,0,"[1, 0]"
467683,7504184,861,0,"[1, 0]"
467683,7504184,430,0,"[1, 0]"
467683,7504184,214,0,"[1, 0]"
467683,7504184,106,0,"[1, 0]"
467683,7504184,52,0,"[1, 0]"
467683,7504184,25,0,"[1, 0]"
467683,7504184,12,0,"[1, 0]"
467683,7504184,5,0,"[1, 0]"
467683,7504184,2,0,"[1, 0]"
467683,7504184,0,0,"[1, 0]"
467683,7504184,1,0,"[0, 1]"
467683,7504184,2,0,"[0, 1]"
467683,7504184,6,0,"[0, 1]"
467683,7504184,5,0,"[0, 1]"
467683,7504184,4,0,"[0, 1]"
467683,7504184,3,0,"[0, 1]"
467683,7504184,12,0,"[0, 1]"
467683,7504184,11,0,"[0, 1]"
467683,7504184,9,0,"[0, 1]"
467683,7504184,7,0,"[0, 1]"
467683,7504184,8,0,"[0, 1]"
467683,7504184,14,0,"[0, 1]"
467683,7504184,28,0,"[0, 1]"
467683,7504184,18,0,"[0, 1]"
467683,7504184,24,0,"[0, 1]"
467683,7504184,16,0,"[0, 1]"
467683,7504184,27,0,"[0, 1]"
467683,7504184,26,0,"[0, 1]"
467683,7504184,29,0,"[0, 1]"
467683,7504184,21,0,"[0, 1]"
467683,7504184,51,0,"[0, 1]"
467683,7504184,46,0,"[0, 1]"
467683,7504184,58,0,"[0, 1]"
467683,7504184,32,0,"[0, 1]"
467683,7504184,33,0,"[0, 1]"
467683,7504184,31,0,"[0, 1]"
467683,7504184,62,0,"[0, 1]"
467683,7504184,54,0,"[0, 1]"
467683,7504184,50,0,"[0, 1]"
467683,7504184,36,0,"[0, 1]"
467683,7504184,118,0,"[0, 1]"
467683,7504184,94,0,"[0, 1]"
467683,7504184,117,0,"[0, 1]"
467683,7504184,114,0,"[0, 1]"
467683,7504184,91,0,"[0, 1]"
467683,7504184,87,0,"[0, 1]"
467683,7504184,83,0,"[0, 1]"
467683,7504184,112,0,"[0, 1]"
467683,7504184,95,0,"[0, 1]"
467683,7504184,70,0,"[0, 1]"
467683,7504184,108,0,"[0, 1]"
467683,7504184,126,0,"[0, 1]"
467683,7504184,191,0,"[0, 1]"
467683,7504184,161,0,"[0, 1]"
467683,7504184,145,0,"[0, 1]"
467683,7504184,160,0,"[0, 1]"
467683,7504184,246,0,"[0, 1]"
467683,7504184,172,0,"[0, 1]"
467683,7504184,153,0,"[0, 1]"
467683,7504184,141,0,"[0, 1]"
467683,7504184,243,0,"[0, 1]"
467683,7504184,134,0,"[0, 1]"
467683,7504184,252,0,"[0, 1]"
467683,7504184,210,0,"[0, 1]"
467683,7504184,208,0,"[0, 1]"
467683,7504184,174,0,"[0, 1]"
467683,7504184,477,0,"[0, 1]"
467683,7504184,325,0,"[0, 1]"
467683,7504184,351,0,"[0, 1]"
467683,7504184,473,0,"[0, 1]"
467683,7504184,295,0,"[0, 1]"
467683,7504184,452,0,"[0, 1]"
467683,7504184,328,0,"[0, 1]"
467683,7504184,418,0,"[0, 1]"
467683,7504184,427,0,"[0, 1]"
467683,7504184,314,0,"[0, 1]"
467683,7504184,309,0,"[0, 1]"
467683,7504184,486,0,"[0, 1]"
467683,7504184,488,0,"[0, 1]"
467683,7504184,352,0,"[0, 1]"
467683,7504184,414,0,"[0, 1]"
467683,7504184,445,0,"[0, 1]"
467683,7504184,845,0,"[0, 1]"
467683,7504184,744,0,"[0, 1]"
467683,7504184,957,0,"[0, 1]"
467683,7504184,989,0,"[0, 1]"
467683,7504184,555,0,"[0, 1]"
467683,7504184,879,0,"[0, 1]"
467683,7504184,677,0,"[0, 1]"
467683,7504184,700,0,"[0, 1]"
467683,7504184,861,0,"[0, 1]"
467683,7504184,557,0,"[0, 1]"
467683,7504184,719,0,"[0, 1]"
467683,7504184,817,0,"[0, 1]"
467683,7504184,526,0,"[0, 1]"
467683,7504184,1014,0,"[0, 1]"
467683,7504184,933,0,"[0, 1]"
467683,7504184,1012,0,"[0, 1]"
467683,7504184,917,0,"[0, 1]"
467683,7504184,959,0,"[0, 1]"
467683,7504184,1552,0,"[0, 1]"
467683,7504184,1041,0,"[0, 1]"
467683,7504184,2026,0,"[0, 1]"
467683,7504184,1686,0,"[0, 1]"
467683,7504184,1996,0,"[0, 1]"
467683,7504184,1027,0,"[0, 1]"
467683,7504184,1465,0,"[0, 1]"
467683,7504184,1671,0,"[0, 1]"
467683,7504184,1578,0,"[0, 1]"
467683,7504184,1208,0,"[0, 1]"
467683,7504184,1659,0,"[0, 1]"
467683,7504184,1781,0,"[0, 1]"
467683,7504184,1411,0,"[0, 1]"
467683,7504184,1378,0,"[0, 1]"
467683,7504184,1460,0,"[0, 1]"
467683,7504184,1277,0,"[0, 1]"
467683,7504184,1506,0,"[0, 1]"
467683,7504184,1267,0,"[0, 1]"
467683,7504184,1551,0,"[0, 1]"
467683,7504184,1353,0,"[0, 1]"
467683,7504184,2319,0,"[0, 1]"
467683,7504184,3528,0,"[0, 1]"
467683,7504184,4042,0,"[0, 1]"
467683,7504184,2458,0,"[0, 1]"
467683,7504184,3663,0,"[0, 1]"
467683,7504184,3951,0,"[0, 1]"
467683,7504184,2498,0,"[0, 1]"
467683,7504184,2847,0,"[0, 1]"
467683,7504184,3356,0,"[0, 1]"
467683,7504184,3205,0,"[0, 1]"
467683,7504184,3566,0,"[0, 1]"
467683,7504184,3118,0,"[0, 1]"
467683,7504184,3618,0,"[0, 1]"
467683,7504184,3809,0,"[0, 1]"
467683,7504184,2211,0,"[0, 1]"
467683,7504184,2467,0,"[0, 1]"
467683,7504184,3934,0,"[0, 1]"
467683,7504184,3805,0,"[0, 1]"
467683,7504184,3273,0,"[0, 1]"
467683,7504184,2055,0,"[0, 1]"
467683,7504184,2768,0,"[0, 1]"
467683,7504184,3823,0,"[0, 1]"
467683,7504184,7384896,1,"[0, 1]"
467683,7504184,4292,0,"[0, 1]"
467683,7504184,7555346,1,"[0, 1]"
467683,7504184,2524631,1,"[0, 1]"
467683,7504184,312683,1,"[0, 1]"
467683,7504184,2908326,1,"[0, 1]"
467683,7504184,7411029,1,"[0, 1]"
467683,7504184,7118318,1,"[0, 1]"
467683,7504184,7472169,1,"[0, 1]"
467683,7504184,7183532,1,"[0, 1]"
467683,7504184,7094594,1,"[0, 1]"
467683,7504184,7380270,1,"[0, 1]"
467683,7504184,7107115,1,"[0, 1]"
467683,7504184,7493194,1,"[0, 1]"
467683,7504184,7359057,1,"[0, 1]"
467683,7504184,4900,0,"[0, 1]"
467683,7504184,7223045,1,"[0, 1]"
467683,7504184,7236028,1,"[0, 1]"
467683,7504184,7176742,1,"[0, 1]"
467683,7504184,7535426,1,"[0, 1]"
467683,7504184,4653,0,"[0, 1]"
467683,7504184,7627419,1,"[0, 1]"
467683,7504184,6425089,1,"[0, 1]"
467683,7504184,7142526,1,"[0, 1]"
551119,7504350,7504350,1,"[1, 0]"
551119,7504350,3012,0,"[1, 0]"
551119,7504350,1505,0,"[1, 0]"
551119,7504350,752,0,"[1, 0]"
551119,7504350,375,0,"[1, 0]"
551119,7504350,187,0,"[1, 0]"
551119,7504350,93,0,"[1, 0]"
551119,7504350,46,0,"[1, 0]"
551119,7504350,22,0,"[1, 0]"
551119,7504350,10,0,"[1, 0]"
551119,7504350,4,0,"[1, 0]"
551119,7504350,1,0,"[1, 0]"
551119,7504350,0,0,"[1, 0]"
551119,7504350,2,0,"[0, 1]"
551119,7504350,1,0,"[0, 1]"
551119,7504350,5,0,"[0, 1]"
551119,7504350,6,0,"[0, 1]"
551119,7504350,3,0,"[0, 1]"
551119,7504350,4,0,"[0, 1]"
551119,7504350,8,0,"[0, 1]"
551119,7504350,9,0,"[0, 1]"
551119,7504350,7,0,"[0, 1]"
551119,7504350,11,0,"[0, 1]"
551119,7504350,10,0,"[0, 1]"
551119,7504350,12,0,"[0, 1]"
551119,7504350,19,0,"[0, 1]"
551119,7504350,27,0,"[0, 1]"
551119,7504350,29,0,"[0, 1]"
551119,7504350,24,0,"[0, 1]"
551119,7504350,23,0,"[0, 1]"
551119,7504350,17,0,"[0, 1]"
551119,7504350,21,0,"[0, 1]"
551119,7504350,25,0,"[0, 1]"
551119,7504350,40,0,"[0, 1]"
551119,7504350,47,0,"[0, 1]"
551119,7504350,35,0,"[0, 1]"
551119,7504350,51,0,"[0, 1]"
551119,7504350,39,0,"[0, 1]"
551119,7504350,58,0,"[0, 1]"
551119,7504350,57,0,"[0, 1]"
551119,7504350,56,0,"[0, 1]"
551119,7504350,38,0,"[0, 1]"
551119,7504350,48,0,"[0, 1]"
551119,7504350,80,0,"[0, 1]"
551119,7504350,122,0,"[0, 1]"
551119,7504350,97,0,"[0, 1]"
551119,7504350,90,0,"[0, 1]"
551119,7504350,112,0,"[0, 1]"
551119,7504350,100,0,"[0, 1]"
551119,7504350,107,0,"[0, 1]"
551119,7504350,117,0,"[0, 1]"
551119,7504350,83,0,"[0, 1]"
551119,7504350,92,0,"[0, 1]"
551119,7504350,108,0,"[0, 1]"
551119,7504350,113,0,"[0, 1]"
551119,7504350,133,0,"[0, 1]"
551119,7504350,209,0,"[0, 1]"
551119,7504350,208,0,"[0, 1]"
551119,7504350,139,0,"[0, 1]"
551119,7504350,245,0,"[0, 1]"
551119,7504350,230,0,"[0, 1]"
551119,7504350,254,0,"[0, 1]"
551119,7504350,182,0,"[0, 1]"
551119,7504350,229,0,"[0, 1]"
551119,7504350,164,0,"[0, 1]"
551119,7504350,203,0,"[0, 1]"
551119,7504350,181,0,"[0, 1]"
551119,7504350,149,0,"[0, 1]"
551119,7504350,131,0,"[0, 1]"
551119,7504350,285,0,"[0, 1]"
551119,7504350,330,0,"[0, 1]"
551119,7504350,480,0,"[0, 1]"
551119,7504350,293,0,"[0, 1]"
551119,7504350,328,0,"[0, 1]"
551119,7504350,306,0,"[0, 1]"
551119,7504350,499,0,"[0, 1]"
551119,7504350,491,0,"[0, 1]"
551119,7504350,340,0,"[0, 1]"
551119,7504350,412,0,"[0, 1]"
551119,7504350,338,0,"[0, 1]"
551119,7504350,417,0,"[0, 1]"
551119,7504350,290,0,"[0, 1]"
551119,7504350,257,0,"[0, 1]"
551119,7504350,496,0,"[0, 1]"
551119,7504350,486,0,"[0, 1]"
551119,7504350,714,0,"[0, 1]"
551119,7504350,918,0,"[0, 1]"
551119,7504350,971,0,"[0, 1]"
551119,7504350,939,0,"[0, 1]"
551119,7504350,830,0,"[0, 1]"
551119,7504350,634,0,"[0, 1]"
551119,7504350,835,0,"[0, 1]"
551119,7504350,1002,0,"[0, 1]"
551119,7504350,844,0,"[0, 1]"
551119,7504350,568,0,"[0, 1]"
551119,7504350,984,0,"[0, 1]"
551119,7504350,549,0,"[0, 1]"
551119,7504350,1006,0,"[0, 1]"
551119,7504350,912,0,"[0, 1]"
551119,7504350,832,0,"[0, 1]"
551119,7504350,948,0,"[0, 1]"
551119,7504350,661,0,"[0, 1]"
551119,7504350,784,0,"[0, 1]"
551119,7504350,1279,0,"[0, 1]"
551119,7504350,1184,0,"[0, 1]"
551119,7504350,1861,0,"[0, 1]"
551119,7504350,1819,0,"[0, 1]"
551119,7504350,1052,0,"[0, 1]"
551119,7504350,1398,0,"[0, 1]"
551119,7504350,1671,0,"[0, 1]"
551119,7504350,1197,0,"[0, 1]"
551119,7504350,1181,0,"[0, 1]"
551119,7504350,1289,0,"[0, 1]"
551119,7504350,1692,0,"[0, 1]"
551119,7504350,1731,0,"[0, 1]"
551119,7504350,1360,0,"[0, 1]"
551119,7504350,1194,0,"[0, 1]"
551119,7504350,1852,0,"[0, 1]"
551119,7504350,1567,0,"[0, 1]"
551119,7504350,1871,0,"[0, 1]"
551119,7504350,1981,0,"[0, 1]"
551119,7504350,1163,0,"[0, 1]"
551119,7504350,1701,0,"[0, 1]"
551119,7504350,3231,0,"[0, 1]"
551119,7504350,3635,0,"[0, 1]"
551119,7504350,2671,0,"[0, 1]"
551119,7504350,2734,0,"[0, 1]"
551119,7504350,2189,0,"[0, 1]"
551119,7504350,2108,0,"[0, 1]"
551119,7504350,3587,0,"[0, 1]"
551119,7504350,3416,0,"[0, 1]"
551119,7504350,2361,0,"[0, 1]"
551119,7504350,3055,0,"[0, 1]"
551119,7504350,2667,0,"[0, 1]"
551119,7504350,3440,0,"[0, 1]"
551119,7504350,2336,0,"[0, 1]"
551119,7504350,3819,0,"[0, 1]"
551119,7504350,2920,0,"[0, 1]"
551119,7504350,2327,0,"[0, 1]"
551119,7504350,2241,0,"[0, 1]"
551119,7504350,3674,0,"[0, 1]"
551119,7504350,2099,0,"[0, 1]"
551119,7504350,3037,0,"[0, 1]"
551119,7504350,2450,0,"[0, 1]"
551119,7504350,2727,0,"[0, 1]"
551119,7504350,7121818,1,"[0, 1]"
551119,7504350,5746718,1,"[0, 1]"
551119,7504350,7233356,1,"[0, 1]"
551119,7504350,4451,0,"[0, 1]"
551119,7504350,4574,0,"[0, 1]"
551119,7504350,7494327,1,"[0, 1]"
551119,7504350,4246,0,"[0, 1]"
551119,7504350,4586,0,"[0, 1]"
551119,7504350,3165836,1,"[0, 1]"
551119,7504350,7178977,1,"[0, 1]"
551119,7504350,7291788,1,"[0, 1]"
551119,7504350,7133523,1,"[0, 1]"
551119,7504350,7526753,1,"[0, 1]"
551119,7504350,7629602,1,"[0, 1]"
551119,7504350,448393,1,"[0, 1]"
551119,7504350,4220,0,"[0, 1]"
551119,7504350,4852,0,"[0, 1]"
551119,7504350,7439342,1,"[0, 1]"
551119,7504350,7420141,1,"[0, 1]"
551119,7504350,7153921,1,"[0, 1]"
551119,7504350,4740,0,"[0, 1]"
551119,7504350,7199090,1,"[0, 1]"
551119,7504350,7225897,1,"[0, 1]"
551119,7504350,7482158,1,"[0, 1]"
450093,7504756,7504756,1,"[1, 0]"
450093,7504756,4176,0,"[1, 0]"
450093,7504756,2230,0,"[1, 0]"
450093,7504756,1114,0,"[1, 0]"
450093,7504756,556,0,"[1, 0]"
450093,7504756,277,0,"[1, 0]"
450093,7504756,138,0,"[1, 0]"
450093,7504756,68,0,"[1, 0]"
450093,7504756,33,0,"[1, 0]"
450093,7504756,16,0,"[1, 0]"
450093,7504756,7,0,"[1, 0]"
450093,7504756,3,0,"[1, 0]"
450093,7504756,1,0,"[1, 0]"
450093,7504756,0,0,"[1, 0]"
450093,7504756,1,0,"[0, 1]"
450093,7504756,2,0,"[0, 1]"
450093,7504756,6,0,"[0, 1]"
450093,7504756,5,0,"[0, 1]"
450093,7504756,4,0,"[0, 1]"
450093,7504756,3,0,"[0, 1]"
450093,7504756,10,0,"[0, 1]"
450093,7504756,14,0,"[0, 1]"
450093,7504756,8,0,"[0, 1]"
450093,7504756,7,0,"[0, 1]"
450093,7504756,11,0,"[0, 1]"
450093,7504756,9,0,"[0, 1]"
450093,7504756,18,0,"[0, 1]"
450093,7504756,22,0,"[0, 1]"
450093,7504756,26,0,"[0, 1]"
450093,7504756,23,0,"[0, 1]"
450093,7504756,27,0,"[0, 1]"
450093,7504756,25,0,"[0, 1]"
450093,7504756,15,0,"[0, 1]"
450093,7504756,28,0,"[0, 1]"
450093,7504756,43,0,"[0, 1]"
450093,7504756,33,0,"[0, 1]"
450093,7504756,34,0,"[0, 1]"
450093,7504756,61,0,"[0, 1]"
450093,7504756,37,0,"[0, 1]"
450093,7504756,55,0,"[0, 1]"
450093,7504756,47,0,"[0, 1]"
450093,7504756,53,0,"[0, 1]"
450093,7504756,52,0,"[0, 1]"
450093,7504756,54,0,"[0, 1]"
450093,7504756,69,0,"[0, 1]"
450093,7504756,107,0,"[0, 1]"
450093,7504756,119,0,"[0, 1]"
450093,7504756,86,0,"[0, 1]"
450093,7504756,109,0,"[0, 1]"
450093,7504756,93,0,"[0, 1]"
450093,7504756,97,0,"[0, 1]"
450093,7504756,73,0,"[0, 1]"
450093,7504756,100,0,"[0, 1]"
450093,7504756,84,0,"[0, 1]"
450093,7504756,115,0,"[0, 1]"
450093,7504756,118,0,"[0, 1]"
450093,7504756,169,0,"[0, 1]"
450093,7504756,215,0,"[0, 1]"
450093,7504756,156,0,"[0, 1]"
450093,7504756,158,0,"[0, 1]"
450093,7504756,150,0,"[0, 1]"
450093,7504756,216,0,"[0, 1]"
450093,7504756,177,0,"[0, 1]"
450093,7504756,151,0,"[0, 1]"
450093,7504756,226,0,"[0, 1]"
450093,7504756,228,0,"[0, 1]"
450093,7504756,212,0,"[0, 1]"
450093,7504756,173,0,"[0, 1]"
450093,7504756,217,0,"[0, 1]"
450093,7504756,132,0,"[0, 1]"
450093,7504756,501,0,"[0, 1]"
450093,7504756,398,0,"[0, 1]"
450093,7504756,351,0,"[0, 1]"
450093,7504756,485,0,"[0, 1]"
450093,7504756,363,0,"[0, 1]"
450093,7504756,368,0,"[0, 1]"
450093,7504756,357,0,"[0, 1]"
450093,7504756,292,0,"[0, 1]"
450093,7504756,402,0,"[0, 1]"
450093,7504756,328,0,"[0, 1]"
450093,7504756,356,0,"[0, 1]"
450093,7504756,453,0,"[0, 1]"
450093,7504756,366,0,"[0, 1]"
450093,7504756,291,0,"[0, 1]"
450093,7504756,335,0,"[0, 1]"
450093,7504756,502,0,"[0, 1]"
450093,7504756,914,0,"[0, 1]"
450093,7504756,584,0,"[0, 1]"
450093,7504756,808,0,"[0, 1]"
450093,7504756,1007,0,"[0, 1]"
450093,7504756,606,0,"[0, 1]"
450093,7504756,977,0,"[0, 1]"
450093,7504756,629,0,"[0, 1]"
450093,7504756,730,0,"[0, 1]"
450093,7504756,910,0,"[0, 1]"
450093,7504756,904,0,"[0, 1]"
450093,7504756,639,0,"[0, 1]"
450093,7504756,817,0,"[0, 1]"
450093,7504756,540,0,"[0, 1]"
450093,7504756,702,0,"[0, 1]"
450093,7504756,531,0,"[0, 1]"
450093,7504756,662,0,"[0, 1]"
450093,7504756,745,0,"[0, 1]"
450093,7504756,860,0,"[0, 1]"
450093,7504756,1410,0,"[0, 1]"
450093,7504756,1847,0,"[0, 1]"
450093,7504756,1290,0,"[0, 1]"
450093,7504756,1828,0,"[0, 1]"
450093,7504756,1569,0,"[0, 1]"
450093,7504756,1307,0,"[0, 1]"
450093,7504756,2013,0,"[0, 1]"
450093,7504756,1836,0,"[0, 1]"
450093,7504756,1069,0,"[0, 1]"
450093,7504756,1133,0,"[0, 1]"
450093,7504756,1697,0,"[0, 1]"
450093,7504756,1738,0,"[0, 1]"
450093,7504756,1253,0,"[0, 1]"
450093,7504756,1189,0,"[0, 1]"
450093,7504756,2036,0,"[0, 1]"
450093,7504756,1123,0,"[0, 1]"
450093,7504756,1093,0,"[0, 1]"
450093,7504756,1992,0,"[0, 1]"
450093,7504756,1512,0,"[0, 1]"
450093,7504756,1396,0,"[0, 1]"
450093,7504756,2694,0,"[0, 1]"
450093,7504756,2771,0,"[0, 1]"
450093,7504756,3182,0,"[0, 1]"
450093,7504756,3591,0,"[0, 1]"
450093,7504756,3292,0,"[0, 1]"
450093,7504756,3923,0,"[0, 1]"
450093,7504756,2995,0,"[0, 1]"
450093,7504756,3520,0,"[0, 1]"
450093,7504756,3703,0,"[0, 1]"
450093,7504756,2113,0,"[0, 1]"
450093,7504756,2246,0,"[0, 1]"
450093,7504756,3169,0,"[0, 1]"
450093,7504756,3289,0,"[0, 1]"
450093,7504756,2878,0,"[0, 1]"
450093,7504756,3379,0,"[0, 1]"
450093,7504756,2455,0,"[0, 1]"
450093,7504756,3498,0,"[0, 1]"
450093,7504756,3659,0,"[0, 1]"
450093,7504756,2164,0,"[0, 1]"
450093,7504756,3422,0,"[0, 1]"
450093,7504756,2485,0,"[0, 1]"
450093,7504756,3187,0,"[0, 1]"
450093,7504756,570021,1,"[0, 1]"
450093,7504756,4604,0,"[0, 1]"
450093,7504756,7291467,1,"[0, 1]"
450093,7504756,7596866,1,"[0, 1]"
450093,7504756,7126387,1,"[0, 1]"
450093,7504756,7319308,1,"[0, 1]"
450093,7504756,7135014,1,"[0, 1]"
450093,7504756,7225140,1,"[0, 1]"
450093,7504756,7492225,1,"[0, 1]"
450093,7504756,4814,0,"[0, 1]"
450093,7504756,7208994,1,"[0, 1]"
450093,7504756,7227323,1,"[0, 1]"
450093,7504756,4860,0,"[0, 1]"
450093,7504756,4188,0,"[0, 1]"
450093,7504756,7540058,1,"[0, 1]"
450093,7504756,7183936,1,"[0, 1]"
450093,7504756,4165,0,"[0, 1]"
450093,7504756,7484293,1,"[0, 1]"
450093,7504756,4799,0,"[0, 1]"
450093,7504756,7278560,1,"[0, 1]"
450093,7504756,4505,0,"[0, 1]"
450093,7504756,7089215,1,"[0, 1]"
450093,7504756,7650090,1,"[0, 1]"
450093,7504756,7638955,1,"[0, 1]"
450093,7504756,2219080,1,"[0, 1]"
450093,7504756,7107986,1,"[0, 1]"
450093,7504756,7620494,1,"[0, 1]"
450093,7504756,7427465,1,"[0, 1]"
450093,7504756,7685383,1,"[0, 1]"
450093,7504756,1100911,1,"[0, 1]"
450093,7504756,7594098,1,"[0, 1]"
450093,7504756,7263355,1,"[0, 1]"
450093,7504756,7346601,1,"[0, 1]"
450093,7504756,7438804,1,"[0, 1]"
450093,7504756,7619989,1,"[0, 1]"
450093,7504756,7550146,1,"[0, 1]"
450093,7504756,7279289,1,"[0, 1]"
450093,7504756,7681577,1,"[0, 1]"
450093,7504756,7151990,1,"[0, 1]"
450093,7504756,7200299,1,"[0, 1]"
450093,7504756,7192489,1,"[0, 1]"
450093,7504756,7403851,1,"[0, 1]"
450093,7504756,7306123,1,"[0, 1]"
450093,7504756,7238811,1,"[0, 1]"
450093,7504756,7457321,1,"[0, 1]"
450093,7504756,1721889,1,"[0, 1]"
450093,7504756,7509847,1,"[0, 1]"
450093,7504756,7323194,1,"[0, 1]"
450093,7504756,7503162,1,"[0, 1]"
450093,7504756,7407452,1,"[0, 1]"
696918,7505112,7505112,1,"[1, 0]"
696918,7505112,4679,0,"[1, 0]"
696918,7505112,3372,0,"[1, 0]"
696918,7505112,1685,0,"[1, 0]"
696918,7505112,842,0,"[1, 0]"
696918,7505112,420,0,"[1, 0]"
696918,7505112,209,0,"[1, 0]"
696918,7505112,104,0,"[1, 0]"
696918,7505112,51,0,"[1, 0]"
696918,7505112,25,0,"[1, 0]"
696918,7505112,12,0,"[1, 0]"
696918,7505112,5,0,"[1, 0]"
696918,7505112,2,0,"[1, 0]"
696918,7505112,0,0,"[1, 0]"
696918,7505112,2,0,"[0, 1]"
696918,7505112,1,0,"[0, 1]"
696918,7505112,5,0,"[0, 1]"
696918,7505112,3,0,"[0, 1]"
696918,7505112,6,0,"[0, 1]"
696918,7505112,4,0,"[0, 1]"
696918,7505112,10,0,"[0, 1]"
696918,7505112,14,0,"[0, 1]"
696918,7505112,7,0,"[0, 1]"
696918,7505112,9,0,"[0, 1]"
696918,7505112,12,0,"[0, 1]"
696918,7505112,8,0,"[0, 1]"
696918,7505112,22,0,"[0, 1]"
696918,7505112,16,0,"[0, 1]"
696918,7505112,25,0,"[0, 1]"
696918,7505112,29,0,"[0, 1]"
696918,7505112,24,0,"[0, 1]"
696918,7505112,19,0,"[0, 1]"
696918,7505112,21,0,"[0, 1]"
696918,7505112,26,0,"[0, 1]"
696918,7505112,51,0,"[0, 1]"
696918,7505112,40,0,"[0, 1]"
696918,7505112,43,0,"[0, 1]"
696918,7505112,44,0,"[0, 1]"
696918,7505112,34,0,"[0, 1]"
696918,7505112,59,0,"[0, 1]"
696918,7505112,47,0,"[0, 1]"
696918,7505112,36,0,"[0, 1]"
696918,7505112,52,0,"[0, 1]"
696918,7505112,49,0,"[0, 1]"
696918,7505112,87,0,"[0, 1]"
696918,7505112,65,0,"[0, 1]"
696918,7505112,111,0,"[0, 1]"
696918,7505112,108,0,"[0, 1]"
696918,7505112,70,0,"[0, 1]"
696918,7505112,98,0,"[0, 1]"
696918,7505112,110,0,"[0, 1]"
696918,7505112,68,0,"[0, 1]"
696918,7505112,118,0,"[0, 1]"
696918,7505112,112,0,"[0, 1]"
696918,7505112,117,0,"[0, 1]"
696918,7505112,115,0,"[0, 1]"
696918,7505112,161,0,"[0, 1]"
696918,7505112,246,0,"[0, 1]"
696918,7505112,157,0,"[0, 1]"
696918,7505112,249,0,"[0, 1]"
696918,7505112,138,0,"[0, 1]"
696918,7505112,154,0,"[0, 1]"
696918,7505112,215,0,"[0, 1]"
696918,7505112,160,0,"[0, 1]"
696918,7505112,184,0,"[0, 1]"
696918,7505112,171,0,"[0, 1]"
696918,7505112,142,0,"[0, 1]"
696918,7505112,214,0,"[0, 1]"
696918,7505112,224,0,"[0, 1]"
696918,7505112,180,0,"[0, 1]"
696918,7505112,454,0,"[0, 1]"
696918,7505112,404,0,"[0, 1]"
696918,7505112,476,0,"[0, 1]"
696918,7505112,385,0,"[0, 1]"
696918,7505112,358,0,"[0, 1]"
696918,7505112,281,0,"[0, 1]"
696918,7505112,456,0,"[0, 1]"
696918,7505112,373,0,"[0, 1]"
696918,7505112,437,0,"[0, 1]"
696918,7505112,384,0,"[0, 1]"
696918,7505112,463,0,"[0, 1]"
696918,7505112,372,0,"[0, 1]"
696918,7505112,490,0,"[0, 1]"
696918,7505112,289,0,"[0, 1]"
696918,7505112,505,0,"[0, 1]"
696918,7505112,415,0,"[0, 1]"
696918,7505112,909,0,"[0, 1]"
696918,7505112,621,0,"[0, 1]"
696918,7505112,783,0,"[0, 1]"
696918,7505112,1002,0,"[0, 1]"
696918,7505112,871,0,"[0, 1]"
696918,7505112,715,0,"[0, 1]"
696918,7505112,912,0,"[0, 1]"
696918,7505112,743,0,"[0, 1]"
696918,7505112,761,0,"[0, 1]"
696918,7505112,863,0,"[0, 1]"
696918,7505112,1020,0,"[0, 1]"
696918,7505112,689,0,"[0, 1]"
696918,7505112,935,0,"[0, 1]"
696918,7505112,671,0,"[0, 1]"
696918,7505112,512,0,"[0, 1]"
696918,7505112,727,0,"[0, 1]"
696918,7505112,619,0,"[0, 1]"
696918,7505112,771,0,"[0, 1]"
696918,7505112,1739,0,"[0, 1]"
696918,7505112,1926,0,"[0, 1]"
696918,7505112,1826,0,"[0, 1]"
696918,7505112,1865,0,"[0, 1]"
696918,7505112,1150,0,"[0, 1]"
696918,7505112,1440,0,"[0, 1]"
696918,7505112,1743,0,"[0, 1]"
696918,7505112,2030,0,"[0, 1]"
696918,7505112,1454,0,"[0, 1]"
696918,7505112,1794,0,"[0, 1]"
696918,7505112,1618,0,"[0, 1]"
696918,7505112,1267,0,"[0, 1]"
696918,7505112,1283,0,"[0, 1]"
696918,7505112,1130,0,"[0, 1]"
696918,7505112,2000,0,"[0, 1]"
696918,7505112,1323,0,"[0, 1]"
696918,7505112,2008,0,"[0, 1]"
696918,7505112,1133,0,"[0, 1]"
696918,7505112,1842,0,"[0, 1]"
696918,7505112,1423,0,"[0, 1]"
696918,7505112,2400,0,"[0, 1]"
696918,7505112,2262,0,"[0, 1]"
696918,7505112,2830,0,"[0, 1]"
696918,7505112,3433,0,"[0, 1]"
696918,7505112,3705,0,"[0, 1]"
696918,7505112,3916,0,"[0, 1]"
696918,7505112,2359,0,"[0, 1]"
696918,7505112,3423,0,"[0, 1]"
696918,7505112,3313,0,"[0, 1]"
696918,7505112,2604,0,"[0, 1]"
696918,7505112,3310,0,"[0, 1]"
696918,7505112,3457,0,"[0, 1]"
696918,7505112,2951,0,"[0, 1]"
696918,7505112,2392,0,"[0, 1]"
696918,7505112,2462,0,"[0, 1]"
696918,7505112,2907,0,"[0, 1]"
696918,7505112,2264,0,"[0, 1]"
696918,7505112,4048,0,"[0, 1]"
696918,7505112,2115,0,"[0, 1]"
696918,7505112,2180,0,"[0, 1]"
696918,7505112,3283,0,"[0, 1]"
696918,7505112,3124,0,"[0, 1]"
696918,7505112,7518857,1,"[0, 1]"
696918,7505112,7346319,1,"[0, 1]"
696918,7505112,7082281,1,"[0, 1]"
696918,7505112,4165,0,"[0, 1]"
696918,7505112,7409861,1,"[0, 1]"
696918,7505112,7212433,1,"[0, 1]"
696918,7505112,7291689,1,"[0, 1]"
696918,7505112,7153433,1,"[0, 1]"
696918,7505112,7156432,1,"[0, 1]"
696918,7505112,7141792,1,"[0, 1]"
696918,7505112,7137181,1,"[0, 1]"
696918,7505112,3266196,1,"[0, 1]"
696918,7505112,7083093,1,"[0, 1]"
696918,7505112,7569773,1,"[0, 1]"
696918,7505112,7403482,1,"[0, 1]"
696918,7505112,7672149,1,"[0, 1]"
696918,7505112,7162357,1,"[0, 1]"
696918,7505112,7496627,1,"[0, 1]"
696918,7505112,7326072,1,"[0, 1]"
696918,7505112,7366036,1,"[0, 1]"
696918,7505112,7316160,1,"[0, 1]"
696918,7505112,4350,0,"[0, 1]"
696918,7505112,3152590,1,"[0, 1]"
696918,7505112,7551972,1,"[0, 1]"
696918,7505112,7430773,1,"[0, 1]"
696918,7505112,6368810,1,"[0, 1]"
696918,7505112,7287995,1,"[0, 1]"
696918,7505112,7390629,1,"[0, 1]"
696918,7505112,7290134,1,"[0, 1]"
696918,7505112,7556353,1,"[0, 1]"
696918,7505112,7433180,1,"[0, 1]"
696918,7505112,7506197,1,"[0, 1]"
696918,7505112,7226805,1,"[0, 1]"
696918,7505112,7088053,1,"[0, 1]"
696918,7505112,4137291,1,"[0, 1]"
696918,7505112,7078672,1,"[0, 1]"
696918,7505112,7498032,1,"[0, 1]"
696918,7505112,7475952,1,"[0, 1]"
696918,7505112,7224576,1,"[0, 1]"
696918,7505112,7538092,1,"[0, 1]"
696918,7505112,7403343,1,"[0, 1]"
696918,7505112,7539897,1,"[0, 1]"
696918,7505112,7511632,1,"[0, 1]"
696918,7505112,7237580,1,"[0, 1]"
696918,7505112,7103214,1,"[0, 1]"
696918,7505112,7686872,1,"[0, 1]"
696918,7505112,7661632,1,"[0, 1]"
696918,7505112,3450674,1,"[0, 1]"
696918,7505112,5314718,1,"[0, 1]"
696918,7505112,7570419,1,"[0, 1]"
540906,7505469,7505469,1,"[1, 0]"
540906,7505469,2402,0,"[1, 0]"
540906,7505469,1200,0,"[1, 0]"
540906,7505469,599,0,"[1, 0]"
540906,7505469,299,0,"[1, 0]"
540906,7505469,149,0,"[1, 0]"
540906,7505469,74,0,"[1, 0]"
540906,7505469,36,0,"[1, 0]"
540906,7505469,17,0,"[1, 0]"
540906,7505469,8,0,"[1, 0]"
540906,7505469,3,0,"[1, 0]"
540906,7505469,1,0,"[1, 0]"
540906,7505469,0,0,"[1, 0]"
540906,7505469,1,0,"[0, 1]"
540906,7505469,2,0,"[0, 1]"
540906,7505469,3,0,"[0, 1]"
540906,7505469,5,0,"[0, 1]"
540906,7505469,6,0,"[0, 1]"
540906,7505469,4,0,"[0, 1]"
540906,7505469,7,0,"[0, 1]"
540906,7505469,10,0,"[0, 1]"
540906,7505469,9,0,"[0, 1]"
540906,7505469,8,0,"[0, 1]"
540906,7505469,11,0,"[0, 1]"
540906,7505469,14,0,"[0, 1]"
540906,7505469,30,0,"[0, 1]"
540906,7505469,21,0,"[0, 1]"
540906,7505469,25,0,"[0, 1]"
540906,7505469,19,0,"[0, 1]"
540906,7505469,18,0,"[0, 1]"
540906,7505469,20,0,"[0, 1]"
540906,7505469,28,0,"[0, 1]"
540906,7505469,24,0,"[0, 1]"
540906,7505469,43,0,"[0, 1]"
540906,7505469,49,0,"[0, 1]"
540906,7505469,41,0,"[0, 1]"
540906,7505469,33,0,"[0, 1]"
540906,7505469,61,0,"[0, 1]"
540906,7505469,35,0,"[0, 1]"
540906,7505469,42,0,"[0, 1]"
540906,7505469,44,0,"[0, 1]"
540906,7505469,60,0,"[0, 1]"
540906,7505469,39,0,"[0, 1]"
540906,7505469,96,0,"[0, 1]"
540906,7505469,64,0,"[0, 1]"
540906,7505469,89,0,"[0, 1]"
540906,7505469,114,0,"[0, 1]"
540906,7505469,120,0,"[0, 1]"
540906,7505469,84,0,"[0, 1]"
540906,7505469,80,0,"[0, 1]"
540906,7505469,95,0,"[0, 1]"
540906,7505469,121,0,"[0, 1]"
540906,7505469,116,0,"[0, 1]"
540906,7505469,78,0,"[0, 1]"
540906,7505469,102,0,"[0, 1]"
540906,7505469,206,0,"[0, 1]"
540906,7505469,243,0,"[0, 1]"
540906,7505469,131,0,"[0, 1]"
540906,7505469,249,0,"[0, 1]"
540906,7505469,135,0,"[0, 1]"
540906,7505469,193,0,"[0, 1]"
540906,7505469,158,0,"[0, 1]"
540906,7505469,211,0,"[0, 1]"
540906,7505469,238,0,"[0, 1]"
540906,7505469,186,0,"[0, 1]"
540906,7505469,234,0,"[0, 1]"
540906,7505469,202,0,"[0, 1]"
540906,7505469,127,0,"[0, 1]"
540906,7505469,241,0,"[0, 1]"
540906,7505469,500,0,"[0, 1]"
540906,7505469,443,0,"[0, 1]"
540906,7505469,439,0,"[0, 1]"
540906,7505469,397,0,"[0, 1]"
540906,7505469,505,0,"[0, 1]"
540906,7505469,492,0,"[0, 1]"
540906,7505469,428,0,"[0, 1]"
540906,7505469,304,0,"[0, 1]"
540906,7505469,425,0,"[0, 1]"
540906,7505469,343,0,"[0, 1]"
540906,7505469,293,0,"[0, 1]"
540906,7505469,347,0,"[0, 1]"
540906,7505469,388,0,"[0, 1]"
540906,7505469,325,0,"[0, 1]"
540906,7505469,464,0,"[0, 1]"
540906,7505469,459,0,"[0, 1]"
540906,7505469,547,0,"[0, 1]"
540906,7505469,930,0,"[0, 1]"
540906,7505469,692,0,"[0, 1]"
540906,7505469,754,0,"[0, 1]"
540906,7505469,656,0,"[0, 1]"
540906,7505469,725,0,"[0, 1]"
540906,7505469,791,0,"[0, 1]"
540906,7505469,914,0,"[0, 1]"
540906,7505469,862,0,"[0, 1]"
540906,7505469,621,0,"[0, 1]"
540906,7505469,797,0,"[0, 1]"
540906,7505469,712,0,"[0, 1]"
540906,7505469,703,0,"[0, 1]"
540906,7505469,563,0,"[0, 1]"
540906,7505469,952,0,"[0, 1]"
540906,7505469,554,0,"[0, 1]"
540906,7505469,861,0,"[0, 1]"
540906,7505469,900,0,"[0, 1]"
540906,7505469,1300,0,"[0, 1]"
540906,7505469,1998,0,"[0, 1]"
540906,7505469,1465,0,"[0, 1]"
540906,7505469,1651,0,"[0, 1]"
540906,7505469,1929,0,"[0, 1]"
540906,7505469,1994,0,"[0, 1]"
540906,7505469,1431,0,"[0, 1]"
540906,7505469,1766,0,"[0, 1]"
540906,7505469,1110,0,"[0, 1]"
540906,7505469,1893,0,"[0, 1]"
540906,7505469,1534,0,"[0, 1]"
540906,7505469,1894,0,"[0, 1]"
540906,7505469,1058,0,"[0, 1]"
540906,7505469,1474,0,"[0, 1]"
540906,7505469,1885,0,"[0, 1]"
540906,7505469,1098,0,"[0, 1]"
540906,7505469,1681,0,"[0, 1]"
540906,7505469,1090,0,"[0, 1]"
540906,7505469,1730,0,"[0, 1]"
540906,7505469,1358,0,"[0, 1]"
540906,7505469,3897,0,"[0, 1]"
540906,7505469,3288,0,"[0, 1]"
540906,7505469,2463,0,"[0, 1]"
540906,7505469,2490,0,"[0, 1]"
540906,7505469,3534,0,"[0, 1]"
540906,7505469,3031,0,"[0, 1]"
540906,7505469,3747,0,"[0, 1]"
540906,7505469,3590,0,"[0, 1]"
540906,7505469,3402,0,"[0, 1]"
540906,7505469,3109,0,"[0, 1]"
540906,7505469,3088,0,"[0, 1]"
540906,7505469,2458,0,"[0, 1]"
540906,7505469,2413,0,"[0, 1]"
540906,7505469,2196,0,"[0, 1]"
540906,7505469,3016,0,"[0, 1]"
540906,7505469,3296,0,"[0, 1]"
540906,7505469,3726,0,"[0, 1]"
540906,7505469,2357,0,"[0, 1]"
540906,7505469,2428,0,"[0, 1]"
540906,7505469,2599,0,"[0, 1]"
540906,7505469,3262,0,"[0, 1]"
540906,7505469,2350,0,"[0, 1]"
540906,7505469,4768536,1,"[0, 1]"
540906,7505469,7416552,1,"[0, 1]"
540906,7505469,4838,0,"[0, 1]"
540906,7505469,4152,0,"[0, 1]"
540906,7505469,7544209,1,"[0, 1]"
540906,7505469,3357223,1,"[0, 1]"
540906,7505469,2850054,1,"[0, 1]"
540906,7505469,4205,0,"[0, 1]"
540906,7505469,7402811,1,"[0, 1]"
540906,7505469,7627578,1,"[0, 1]"
540906,7505469,7241873,1,"[0, 1]"
540906,7505469,7304932,1,"[0, 1]"
540906,7505469,7475238,1,"[0, 1]"
540906,7505469,4782,0,"[0, 1]"
540906,7505469,7241344,1,"[0, 1]"
540906,7505469,5167800,1,"[0, 1]"
540906,7505469,7555346,1,"[0, 1]"
540906,7505469,5279465,1,"[0, 1]"
540906,7505469,7179733,1,"[0, 1]"
540906,7505469,7207793,1,"[0, 1]"
540906,7505469,7384421,1,"[0, 1]"
540906,7505469,4491,0,"[0, 1]"
540906,7505469,4717,0,"[0, 1]"
540906,7505469,4570,0,"[0, 1]"
575492,7505572,7505572,1,"[1, 0]"
575492,7505572,3584,0,"[1, 0]"
575492,7505572,1791,0,"[1, 0]"
575492,7505572,895,0,"[1, 0]"
575492,7505572,447,0,"[1, 0]"
575492,7505572,223,0,"[1, 0]"
575492,7505572,111,0,"[1, 0]"
575492,7505572,55,0,"[1, 0]"
575492,7505572,27,0,"[1, 0]"
575492,7505572,13,0,"[1, 0]"
575492,7505572,6,0,"[1, 0]"
575492,7505572,2,0,"[1, 0]"
575492,7505572,0,0,"[1, 0]"
575492,7505572,1,0,"[0, 1]"
575492,7505572,2,0,"[0, 1]"
575492,7505572,6,0,"[0, 1]"
575492,7505572,4,0,"[0, 1]"
575492,7505572,5,0,"[0, 1]"
575492,7505572,3,0,"[0, 1]"
575492,7505572,7,0,"[0, 1]"
575492,7505572,12,0,"[0, 1]"
575492,7505572,13,0,"[0, 1]"
575492,7505572,14,0,"[0, 1]"
575492,7505572,9,0,"[0, 1]"
575492,7505572,8,0,"[0, 1]"
575492,7505572,22,0,"[0, 1]"
575492,7505572,24,0,"[0, 1]"
575492,7505572,23,0,"[0, 1]"
575492,7505572,20,0,"[0, 1]"
575492,7505572,21,0,"[0, 1]"
575492,7505572,27,0,"[0, 1]"
575492,7505572,25,0,"[0, 1]"
575492,7505572,29,0,"[0, 1]"
575492,7505572,48,0,"[0, 1]"
575492,7505572,54,0,"[0, 1]"
575492,7505572,37,0,"[0, 1]"
575492,7505572,59,0,"[0, 1]"
575492,7505572,55,0,"[0, 1]"
575492,7505572,39,0,"[0, 1]"
575492,7505572,46,0,"[0, 1]"
575492,7505572,56,0,"[0, 1]"
575492,7505572,61,0,"[0, 1]"
575492,7505572,34,0,"[0, 1]"
575492,7505572,63,0,"[0, 1]"
575492,7505572,71,0,"[0, 1]"
575492,7505572,91,0,"[0, 1]"
575492,7505572,106,0,"[0, 1]"
575492,7505572,100,0,"[0, 1]"
575492,7505572,96,0,"[0, 1]"
575492,7505572,105,0,"[0, 1]"
575492,7505572,69,0,"[0, 1]"
575492,7505572,70,0,"[0, 1]"
575492,7505572,77,0,"[0, 1]"
575492,7505572,108,0,"[0, 1]"
575492,7505572,112,0,"[0, 1]"
575492,7505572,237,0,"[0, 1]"
575492,7505572,154,0,"[0, 1]"
575492,7505572,202,0,"[0, 1]"
575492,7505572,218,0,"[0, 1]"
575492,7505572,209,0,"[0, 1]"
575492,7505572,179,0,"[0, 1]"
575492,7505572,180,0,"[0, 1]"
575492,7505572,137,0,"[0, 1]"
575492,7505572,199,0,"[0, 1]"
575492,7505572,245,0,"[0, 1]"
575492,7505572,183,0,"[0, 1]"
575492,7505572,142,0,"[0, 1]"
575492,7505572,225,0,"[0, 1]"
575492,7505572,166,0,"[0, 1]"
575492,7505572,285,0,"[0, 1]"
575492,7505572,475,0,"[0, 1]"
575492,7505572,422,0,"[0, 1]"
575492,7505572,386,0,"[0, 1]"
575492,7505572,356,0,"[0, 1]"
575492,7505572,346,0,"[0, 1]"
575492,7505572,390,0,"[0, 1]"
575492,7505572,365,0,"[0, 1]"
575492,7505572,284,0,"[0, 1]"
575492,7505572,444,0,"[0, 1]"
575492,7505572,286,0,"[0, 1]"
575492,7505572,403,0,"[0, 1]"
575492,7505572,338,0,"[0, 1]"
575492,7505572,414,0,"[0, 1]"
575492,7505572,476,0,"[0, 1]"
575492,7505572,457,0,"[0, 1]"
575492,7505572,656,0,"[0, 1]"
575492,7505572,987,0,"[0, 1]"
575492,7505572,961,0,"[0, 1]"
575492,7505572,683,0,"[0, 1]"
575492,7505572,996,0,"[0, 1]"
575492,7505572,827,0,"[0, 1]"
575492,7505572,831,0,"[0, 1]"
575492,7505572,794,0,"[0, 1]"
575492,7505572,879,0,"[0, 1]"
575492,7505572,692,0,"[0, 1]"
575492,7505572,582,0,"[0, 1]"
575492,7505572,617,0,"[0, 1]"
575492,7505572,1006,0,"[0, 1]"
575492,7505572,715,0,"[0, 1]"
575492,7505572,568,0,"[0, 1]"
575492,7505572,907,0,"[0, 1]"
575492,7505572,789,0,"[0, 1]"
575492,7505572,721,0,"[0, 1]"
575492,7505572,1904,0,"[0, 1]"
575492,7505572,1750,0,"[0, 1]"
575492,7505572,1427,0,"[0, 1]"
575492,7505572,1578,0,"[0, 1]"
575492,7505572,1504,0,"[0, 1]"
575492,7505572,1041,0,"[0, 1]"
575492,7505572,1928,0,"[0, 1]"
575492,7505572,1614,0,"[0, 1]"
575492,7505572,1751,0,"[0, 1]"
575492,7505572,1158,0,"[0, 1]"
575492,7505572,1585,0,"[0, 1]"
575492,7505572,1921,0,"[0, 1]"
575492,7505572,1919,0,"[0, 1]"
575492,7505572,1117,0,"[0, 1]"
575492,7505572,1976,0,"[0, 1]"
575492,7505572,1326,0,"[0, 1]"
575492,7505572,1883,0,"[0, 1]"
575492,7505572,1211,0,"[0, 1]"
575492,7505572,1698,0,"[0, 1]"
575492,7505572,1240,0,"[0, 1]"
575492,7505572,3376,0,"[0, 1]"
575492,7505572,2853,0,"[0, 1]"
575492,7505572,3562,0,"[0, 1]"
575492,7505572,3469,0,"[0, 1]"
575492,7505572,2178,0,"[0, 1]"
575492,7505572,3773,0,"[0, 1]"
575492,7505572,3374,0,"[0, 1]"
575492,7505572,3570,0,"[0, 1]"
575492,7505572,2562,0,"[0, 1]"
575492,7505572,2047,0,"[0, 1]"
575492,7505572,2113,0,"[0, 1]"
575492,7505572,3197,0,"[0, 1]"
575492,7505572,3663,0,"[0, 1]"
575492,7505572,3294,0,"[0, 1]"
575492,7505572,3756,0,"[0, 1]"
575492,7505572,2628,0,"[0, 1]"
575492,7505572,2928,0,"[0, 1]"
575492,7505572,3389,0,"[0, 1]"
575492,7505572,3232,0,"[0, 1]"
575492,7505572,2453,0,"[0, 1]"
575492,7505572,3217,0,"[0, 1]"
575492,7505572,3493,0,"[0, 1]"
575492,7505572,7519106,1,"[0, 1]"
575492,7505572,7210738,1,"[0, 1]"
575492,7505572,850886,1,"[0, 1]"
575492,7505572,4650,0,"[0, 1]"
575492,7505572,7204209,1,"[0, 1]"
575492,7505572,7189279,1,"[0, 1]"
575492,7505572,7610240,1,"[0, 1]"
575492,7505572,4264,0,"[0, 1]"
575492,7505572,7150658,1,"[0, 1]"
575492,7505572,7105513,1,"[0, 1]"
575492,7505572,7415844,1,"[0, 1]"
575492,7505572,7393590,1,"[0, 1]"
575492,7505572,4787,0,"[0, 1]"
575492,7505572,7410037,1,"[0, 1]"
575492,7505572,7209930,1,"[0, 1]"
575492,7505572,7234511,1,"[0, 1]"
575492,7505572,7229846,1,"[0, 1]"
575492,7505572,7103622,1,"[0, 1]"
575492,7505572,4365,0,"[0, 1]"
575492,7505572,4763,0,"[0, 1]"
575492,7505572,7510125,1,"[0, 1]"
575492,7505572,7083093,1,"[0, 1]"
575492,7505572,1545467,1,"[0, 1]"
575492,7505572,7141552,1,"[0, 1]"
1096401,7505827,7505827,1,"[1, 0]"
1096401,7505827,4419,0,"[1, 0]"
1096401,7505827,2782,0,"[1, 0]"
1096401,7505827,1390,0,"[1, 0]"
1096401,7505827,694,0,"[1, 0]"
1096401,7505827,346,0,"[1, 0]"
1096401,7505827,172,0,"[1, 0]"
1096401,7505827,85,0,"[1, 0]"
1096401,7505827,42,0,"[1, 0]"
1096401,7505827,20,0,"[1, 0]"
1096401,7505827,9,0,"[1, 0]"
1096401,7505827,4,0,"[1, 0]"
1096401,7505827,1,0,"[1, 0]"
1096401,7505827,0,0,"[1, 0]"
1096401,7505827,1,0,"[0, 1]"
1096401,7505827,2,0,"[0, 1]"
1096401,7505827,4,0,"[0, 1]"
1096401,7505827,6,0,"[0, 1]"
1096401,7505827,3,0,"[0, 1]"
1096401,7505827,5,0,"[0, 1]"
1096401,7505827,7,0,"[0, 1]"
1096401,7505827,14,0,"[0, 1]"
1096401,7505827,9,0,"[0, 1]"
1096401,7505827,12,0,"[0, 1]"
1096401,7505827,10,0,"[0, 1]"
1096401,7505827,8,0,"[0, 1]"
1096401,7505827,26,0,"[0, 1]"
1096401,7505827,23,0,"[0, 1]"
1096401,7505827,21,0,"[0, 1]"
1096401,7505827,20,0,"[0, 1]"
1096401,7505827,18,0,"[0, 1]"
1096401,7505827,17,0,"[0, 1]"
1096401,7505827,30,0,"[0, 1]"
1096401,7505827,28,0,"[0, 1]"
1096401,7505827,40,0,"[0, 1]"
1096401,7505827,43,0,"[0, 1]"
1096401,7505827,52,0,"[0, 1]"
1096401,7505827,60,0,"[0, 1]"
1096401,7505827,34,0,"[0, 1]"
1096401,7505827,36,0,"[0, 1]"
1096401,7505827,58,0,"[0, 1]"
1096401,7505827,56,0,"[0, 1]"
1096401,7505827,41,0,"[0, 1]"
1096401,7505827,33,0,"[0, 1]"
1096401,7505827,123,0,"[0, 1]"
1096401,7505827,74,0,"[0, 1]"
1096401,7505827,116,0,"[0, 1]"
1096401,7505827,91,0,"[0, 1]"
1096401,7505827,113,0,"[0, 1]"
1096401,7505827,124,0,"[0, 1]"
1096401,7505827,97,0,"[0, 1]"
1096401,7505827,71,0,"[0, 1]"
1096401,7505827,90,0,"[0, 1]"
1096401,7505827,99,0,"[0, 1]"
1096401,7505827,94,0,"[0, 1]"
1096401,7505827,109,0,"[0, 1]"
1096401,7505827,131,0,"[0, 1]"
1096401,7505827,201,0,"[0, 1]"
1096401,7505827,251,0,"[0, 1]"
1096401,7505827,203,0,"[0, 1]"
1096401,7505827,129,0,"[0, 1]"
1096401,7505827,148,0,"[0, 1]"
1096401,7505827,254,0,"[0, 1]"
1096401,7505827,239,0,"[0, 1]"
1096401,7505827,178,0,"[0, 1]"
1096401,7505827,134,0,"[0, 1]"
1096401,7505827,227,0,"[0, 1]"
1096401,7505827,226,0,"[0, 1]"
1096401,7505827,177,0,"[0, 1]"
1096401,7505827,149,0,"[0, 1]"
1096401,7505827,366,0,"[0, 1]"
1096401,7505827,349,0,"[0, 1]"
1096401,7505827,442,0,"[0, 1]"
1096401,7505827,345,0,"[0, 1]"
1096401,7505827,302,0,"[0, 1]"
1096401,7505827,419,0,"[0, 1]"
1096401,7505827,471,0,"[0, 1]"
1096401,7505827,276,0,"[0, 1]"
1096401,7505827,433,0,"[0, 1]"
1096401,7505827,413,0,"[0, 1]"
1096401,7505827,327,0,"[0, 1]"
1096401,7505827,455,0,"[0, 1]"
1096401,7505827,337,0,"[0, 1]"
1096401,7505827,424,0,"[0, 1]"
1096401,7505827,291,0,"[0, 1]"
1096401,7505827,479,0,"[0, 1]"
1096401,7505827,827,0,"[0, 1]"
1096401,7505827,852,0,"[0, 1]"
1096401,7505827,652,0,"[0, 1]"
1096401,7505827,874,0,"[0, 1]"
1096401,7505827,938,0,"[0, 1]"
1096401,7505827,766,0,"[0, 1]"
1096401,7505827,822,0,"[0, 1]"
1096401,7505827,665,0,"[0, 1]"
1096401,7505827,757,0,"[0, 1]"
1096401,7505827,628,0,"[0, 1]"
1096401,7505827,643,0,"[0, 1]"
1096401,7505827,728,0,"[0, 1]"
1096401,7505827,998,0,"[0, 1]"
1096401,7505827,1012,0,"[0, 1]"
1096401,7505827,663,0,"[0, 1]"
1096401,7505827,631,0,"[0, 1]"
1096401,7505827,813,0,"[0, 1]"
1096401,7505827,784,0,"[0, 1]"
1096401,7505827,1134,0,"[0, 1]"
1096401,7505827,1503,0,"[0, 1]"
1096401,7505827,1927,0,"[0, 1]"
1096401,7505827,1439,0,"[0, 1]"
1096401,7505827,1029,0,"[0, 1]"
1096401,7505827,1659,0,"[0, 1]"
1096401,7505827,1688,0,"[0, 1]"
1096401,7505827,1400,0,"[0, 1]"
1096401,7505827,1793,0,"[0, 1]"
1096401,7505827,1629,0,"[0, 1]"
1096401,7505827,1580,0,"[0, 1]"
1096401,7505827,1043,0,"[0, 1]"
1096401,7505827,1101,0,"[0, 1]"
1096401,7505827,1522,0,"[0, 1]"
1096401,7505827,1994,0,"[0, 1]"
1096401,7505827,1314,0,"[0, 1]"
1096401,7505827,1340,0,"[0, 1]"
1096401,7505827,1511,0,"[0, 1]"
1096401,7505827,1026,0,"[0, 1]"
1096401,7505827,1222,0,"[0, 1]"
1096401,7505827,3432,0,"[0, 1]"
1096401,7505827,2382,0,"[0, 1]"
1096401,7505827,2068,0,"[0, 1]"
1096401,7505827,3842,0,"[0, 1]"
1096401,7505827,3900,0,"[0, 1]"
1096401,7505827,2757,0,"[0, 1]"
1096401,7505827,2419,0,"[0, 1]"
1096401,7505827,4044,0,"[0, 1]"
1096401,7505827,2919,0,"[0, 1]"
1096401,7505827,4050,0,"[0, 1]"
1096401,7505827,2881,0,"[0, 1]"
1096401,7505827,2058,0,"[0, 1]"
1096401,7505827,3045,0,"[0, 1]"
1096401,7505827,3285,0,"[0, 1]"
1096401,7505827,3696,0,"[0, 1]"
1096401,7505827,3094,0,"[0, 1]"
1096401,7505827,2779,0,"[0, 1]"
1096401,7505827,2939,0,"[0, 1]"
1096401,7505827,3022,0,"[0, 1]"
1096401,7505827,2301,0,"[0, 1]"
1096401,7505827,3720,0,"[0, 1]"
1096401,7505827,3209,0,"[0, 1]"
1096401,7505827,7188025,1,"[0, 1]"
1096401,7505827,4315,0,"[0, 1]"
1096401,7505827,7087829,1,"[0, 1]"
1096401,7505827,7507883,1,"[0, 1]"
1096401,7505827,4566,0,"[0, 1]"
1096401,7505827,7269447,1,"[0, 1]"
1096401,7505827,7492407,1,"[0, 1]"
1096401,7505827,7119970,1,"[0, 1]"
1096401,7505827,7457256,1,"[0, 1]"
1096401,7505827,7210943,1,"[0, 1]"
1096401,7505827,4257861,1,"[0, 1]"
1096401,7505827,7548990,1,"[0, 1]"
1096401,7505827,7563727,1,"[0, 1]"
1096401,7505827,4772,0,"[0, 1]"
1096401,7505827,7075870,1,"[0, 1]"
1096401,7505827,4230,0,"[0, 1]"
1096401,7505827,7556014,1,"[0, 1]"
1096401,7505827,4533,0,"[0, 1]"
1096401,7505827,7158204,1,"[0, 1]"
1096401,7505827,7225879,1,"[0, 1]"
1096401,7505827,4879,0,"[0, 1]"
1096401,7505827,7443091,1,"[0, 1]"
1096401,7505827,4635,0,"[0, 1]"
1096401,7505827,4305606,1,"[0, 1]"
1096401,7505827,7078956,1,"[0, 1]"
1096401,7505827,7138606,1,"[0, 1]"
1096401,7505827,7546818,1,"[0, 1]"
1096401,7505827,7080466,1,"[0, 1]"
1096401,7505827,7599091,1,"[0, 1]"
1096401,7505827,7237284,1,"[0, 1]"
1096401,7505827,7167468,1,"[0, 1]"
1096401,7505827,7497679,1,"[0, 1]"
1096401,7505827,7688610,1,"[0, 1]"
1096401,7505827,7580864,1,"[0, 1]"
1096401,7505827,2673480,1,"[0, 1]"
1096401,7505827,7659857,1,"[0, 1]"
1096401,7505827,7296396,1,"[0, 1]"
1096401,7505827,7563256,1,"[0, 1]"
1096401,7505827,7332196,1,"[0, 1]"
1096401,7505827,7139070,1,"[0, 1]"
1096401,7505827,7370867,1,"[0, 1]"
1096401,7505827,7251005,1,"[0, 1]"
1096401,7505827,7526924,1,"[0, 1]"
1096401,7505827,7242112,1,"[0, 1]"
1096401,7505827,7283273,1,"[0, 1]"
1096401,7505827,7610712,1,"[0, 1]"
1096401,7505827,907445,1,"[0, 1]"
1096401,7505827,7653998,1,"[0, 1]"
1096401,7505827,7412519,1,"[0, 1]"
1096401,7505827,730685,1,"[0, 1]"
588888,1260909,1260909,1,"[1, 0]"
588888,1260909,3744,0,"[1, 0]"
588888,1260909,1871,0,"[1, 0]"
588888,1260909,935,0,"[1, 0]"
588888,1260909,467,0,"[1, 0]"
588888,1260909,233,0,"[1, 0]"
588888,1260909,116,0,"[1, 0]"
588888,1260909,57,0,"[1, 0]"
588888,1260909,28,0,"[1, 0]"
588888,1260909,13,0,"[1, 0]"
588888,1260909,6,0,"[1, 0]"
588888,1260909,2,0,"[1, 0]"
588888,1260909,0,0,"[1, 0]"
588888,1260909,1,0,"[0, 1]"
588888,1260909,2,0,"[0, 1]"
588888,1260909,4,0,"[0, 1]"
588888,1260909,3,0,"[0, 1]"
588888,1260909,6,0,"[0, 1]"
588888,1260909,5,0,"[0, 1]"
588888,1260909,14,0,"[0, 1]"
588888,1260909,8,0,"[0, 1]"
588888,1260909,10,0,"[0, 1]"
588888,1260909,7,0,"[0, 1]"
588888,1260909,13,0,"[0, 1]"
588888,1260909,11,0,"[0, 1]"
588888,1260909,21,0,"[0, 1]"
588888,1260909,24,0,"[0, 1]"
588888,1260909,17,0,"[0, 1]"
588888,1260909,25,0,"[0, 1]"
588888,1260909,27,0,"[0, 1]"
588888,1260909,30,0,"[0, 1]"
588888,1260909,20,0,"[0, 1]"
588888,1260909,15,0,"[0, 1]"
588888,1260909,58,0,"[0, 1]"
588888,1260909,59,0,"[0, 1]"
588888,1260909,56,0,"[0, 1]"
588888,1260909,61,0,"[0, 1]"
588888,1260909,33,0,"[0, 1]"
588888,1260909,55,0,"[0, 1]"
588888,1260909,37,0,"[0, 1]"
588888,1260909,53,0,"[0, 1]"
588888,1260909,62,0,"[0, 1]"
588888,1260909,48,0,"[0, 1]"
588888,1260909,123,0,"[0, 1]"
588888,1260909,64,0,"[0, 1]"
588888,1260909,94,0,"[0, 1]"
588888,1260909,65,0,"[0, 1]"
588888,1260909,98,0,"[0, 1]"
588888,1260909,115,0,"[0, 1]"
588888,1260909,85,0,"[0, 1]"
588888,1260909,81,0,"[0, 1]"
588888,1260909,126,0,"[0, 1]"
588888,1260909,113,0,"[0, 1]"
588888,1260909,72,0,"[0, 1]"
588888,1260909,110,0,"[0, 1]"
588888,1260909,161,0,"[0, 1]"
588888,1260909,146,0,"[0, 1]"
588888,1260909,156,0,"[0, 1]"
588888,1260909,182,0,"[0, 1]"
588888,1260909,188,0,"[0, 1]"
588888,1260909,222,0,"[0, 1]"
588888,1260909,131,0,"[0, 1]"
588888,1260909,246,0,"[0, 1]"
588888,1260909,155,0,"[0, 1]"
588888,1260909,235,0,"[0, 1]"
588888,1260909,202,0,"[0, 1]"
588888,1260909,193,0,"[0, 1]"
588888,1260909,213,0,"[0, 1]"
588888,1260909,181,0,"[0, 1]"
588888,1260909,258,0,"[0, 1]"
588888,1260909,354,0,"[0, 1]"
588888,1260909,392,0,"[0, 1]"
588888,1260909,344,0,"[0, 1]"
588888,1260909,424,0,"[0, 1]"
588888,1260909,290,0,"[0, 1]"
588888,1260909,475,0,"[0, 1]"
588888,1260909,271,0,"[0, 1]"
588888,1260909,305,0,"[0, 1]"
588888,1260909,460,0,"[0, 1]"
588888,1260909,451,0,"[0, 1]"
588888,1260909,306,0,"[0, 1]"
588888,1260909,341,0,"[0, 1]"
588888,1260909,282,0,"[0, 1]"
588888,1260909,459,0,"[0, 1]"
588888,1260909,356,0,"[0, 1]"
588888,1260909,920,0,"[0, 1]"
588888,1260909,607,0,"[0, 1]"
588888,1260909,922,0,"[0, 1]"
588888,1260909,1013,0,"[0, 1]"
588888,1260909,682,0,"[0, 1]"
588888,1260909,814,0,"[0, 1]"
588888,1260909,843,0,"[0, 1]"
588888,1260909,842,0,"[0, 1]"
588888,1260909,702,0,"[0, 1]"
588888,1260909,1003,0,"[0, 1]"
588888,1260909,913,0,"[0, 1]"
588888,1260909,531,0,"[0, 1]"
588888,1260909,884,0,"[0, 1]"
588888,1260909,657,0,"[0, 1]"
588888,1260909,819,0,"[0, 1]"
588888,1260909,908,0,"[0, 1]"
588888,1260909,681,0,"[0, 1]"
588888,1260909,1002,0,"[0, 1]"
588888,1260909,1885,0,"[0, 1]"
588888,1260909,1825,0,"[0, 1]"
588888,1260909,1289,0,"[0, 1]"
588888,1260909,1194,0,"[0, 1]"
588888,1260909,2001,0,"[0, 1]"
588888,1260909,1453,0,"[0, 1]"
588888,1260909,1230,0,"[0, 1]"
588888,1260909,2046,0,"[0, 1]"
588888,1260909,1522,0,"[0, 1]"
588888,1260909,1593,0,"[0, 1]"
588888,1260909,1992,0,"[0, 1]"
588888,1260909,1573,0,"[0, 1]"
588888,1260909,1613,0,"[0, 1]"
588888,1260909,1375,0,"[0, 1]"
588888,1260909,1861,0,"[0, 1]"
588888,1260909,2024,0,"[0, 1]"
588888,1260909,1736,0,"[0, 1]"
588888,1260909,1938,0,"[0, 1]"
588888,1260909,1279,0,"[0, 1]"
588888,1260909,1526,0,"[0, 1]"
588888,1260909,2726,0,"[0, 1]"
588888,1260909,2766,0,"[0, 1]"
588888,1260909,3014,0,"[0, 1]"
588888,1260909,2907,0,"[0, 1]"
588888,1260909,2139,0,"[0, 1]"
588888,1260909,3038,0,"[0, 1]"
588888,1260909,2746,0,"[0, 1]"
588888,1260909,3456,0,"[0, 1]"
588888,1260909,4013,0,"[0, 1]"
588888,1260909,2569,0,"[0, 1]"
588888,1260909,3959,0,"[0, 1]"
588888,1260909,3245,0,"[0, 1]"
588888,1260909,3100,0,"[0, 1]"
588888,1260909,3129,0,"[0, 1]"
588888,1260909,3326,0,"[0, 1]"
588888,1260909,2644,0,"[0, 1]"
588888,1260909,2918,0,"[0, 1]"
588888,1260909,3482,0,"[0, 1]"
588888,1260909,4012,0,"[0, 1]"
588888,1260909,2330,0,"[0, 1]"
588888,1260909,2535,0,"[0, 1]"
588888,1260909,2068,0,"[0, 1]"
588888,1260909,7535426,1,"[0, 1]"
588888,1260909,4315,0,"[0, 1]"
588888,1260909,7401332,1,"[0, 1]"
588888,1260909,4465,0,"[0, 1]"
588888,1260909,7635187,1,"[0, 1]"
588888,1260909,7290474,1,"[0, 1]"
588888,1260909,4959,0,"[0, 1]"
588888,1260909,1091839,1,"[0, 1]"
588888,1260909,7264253,1,"[0, 1]"
588888,1260909,7556469,1,"[0, 1]"
588888,1260909,7460936,1,"[0, 1]"
588888,1260909,7444684,1,"[0, 1]"
588888,1260909,4774,0,"[0, 1]"
588888,1260909,7260196,1,"[0, 1]"
588888,1260909,7265279,1,"[0, 1]"
588888,1260909,7602332,1,"[0, 1]"
588888,1260909,7373090,1,"[0, 1]"
588888,1260909,4515,0,"[0, 1]"
588888,1260909,7186309,1,"[0, 1]"
588888,1260909,7645183,1,"[0, 1]"
588888,1260909,2904176,1,"[0, 1]"
588888,1260909,7166808,1,"[0, 1]"
588888,1260909,7677906,1,"[0, 1]"
588888,1260909,7411777,1,"[0, 1]"
687375,7506064,7506064,1,"[1, 0]"
687375,7506064,2639,0,"[1, 0]"
687375,7506064,1319,0,"[1, 0]"
687375,7506064,659,0,"[1, 0]"
687375,7506064,329,0,"[1, 0]"
687375,7506064,164,0,"[1, 0]"
687375,7506064,81,0,"[1, 0]"
687375,7506064,40,0,"[1, 0]"
687375,7506064,19,0,"[1, 0]"
687375,7506064,9,0,"[1, 0]"
687375,7506064,4,0,"[1, 0]"
687375,7506064,1,0,"[1, 0]"
687375,7506064,0,0,"[1, 0]"
687375,7506064,2,0,"[0, 1]"
687375,7506064,1,0,"[0, 1]"
687375,7506064,5,0,"[0, 1]"
687375,7506064,4,0,"[0, 1]"
687375,7506064,6,0,"[0, 1]"
687375,7506064,3,0,"[0, 1]"
687375,7506064,13,0,"[0, 1]"
687375,7506064,7,0,"[0, 1]"
687375,7506064,10,0,"[0, 1]"
687375,7506064,12,0,"[0, 1]"
687375,7506064,8,0,"[0, 1]"
687375,7506064,11,0,"[0, 1]"
687375,7506064,15,0,"[0, 1]"
687375,7506064,16,0,"[0, 1]"
687375,7506064,28,0,"[0, 1]"
687375,7506064,19,0,"[0, 1]"
687375,7506064,21,0,"[0, 1]"
687375,7506064,30,0,"[0, 1]"
687375,7506064,18,0,"[0, 1]"
687375,7506064,27,0,"[0, 1]"
687375,7506064,55,0,"[0, 1]"
687375,7506064,43,0,"[0, 1]"
687375,7506064,53,0,"[0, 1]"
687375,7506064,62,0,"[0, 1]"
687375,7506064,52,0,"[0, 1]"
687375,7506064,54,0,"[0, 1]"
687375,7506064,34,0,"[0, 1]"
687375,7506064,50,0,"[0, 1]"
687375,7506064,42,0,"[0, 1]"
687375,7506064,57,0,"[0, 1]"
687375,7506064,106,0,"[0, 1]"
687375,7506064,99,0,"[0, 1]"
687375,7506064,76,0,"[0, 1]"
687375,7506064,102,0,"[0, 1]"
687375,7506064,92,0,"[0, 1]"
687375,7506064,83,0,"[0, 1]"
687375,7506064,108,0,"[0, 1]"
687375,7506064,96,0,"[0, 1]"
687375,7506064,91,0,"[0, 1]"
687375,7506064,79,0,"[0, 1]"
687375,7506064,126,0,"[0, 1]"
687375,7506064,124,0,"[0, 1]"
687375,7506064,216,0,"[0, 1]"
687375,7506064,250,0,"[0, 1]"
687375,7506064,237,0,"[0, 1]"
687375,7506064,208,0,"[0, 1]"
687375,7506064,151,0,"[0, 1]"
687375,7506064,240,0,"[0, 1]"
687375,7506064,201,0,"[0, 1]"
687375,7506064,227,0,"[0, 1]"
687375,7506064,158,0,"[0, 1]"
687375,7506064,199,0,"[0, 1]"
687375,7506064,160,0,"[0, 1]"
687375,7506064,133,0,"[0, 1]"
687375,7506064,206,0,"[0, 1]"
687375,7506064,189,0,"[0, 1]"
687375,7506064,506,0,"[0, 1]"
687375,7506064,256,0,"[0, 1]"
687375,7506064,328,0,"[0, 1]"
687375,7506064,377,0,"[0, 1]"
687375,7506064,273,0,"[0, 1]"
687375,7506064,370,0,"[0, 1]"
687375,7506064,507,0,"[0, 1]"
687375,7506064,274,0,"[0, 1]"
687375,7506064,362,0,"[0, 1]"
687375,7506064,495,0,"[0, 1]"
687375,7506064,395,0,"[0, 1]"
687375,7506064,391,0,"[0, 1]"
687375,7506064,399,0,"[0, 1]"
687375,7506064,360,0,"[0, 1]"
687375,7506064,504,0,"[0, 1]"
687375,7506064,404,0,"[0, 1]"
687375,7506064,976,0,"[0, 1]"
687375,7506064,974,0,"[0, 1]"
687375,7506064,576,0,"[0, 1]"
687375,7506064,624,0,"[0, 1]"
687375,7506064,657,0,"[0, 1]"
687375,7506064,533,0,"[0, 1]"
687375,7506064,726,0,"[0, 1]"
687375,7506064,992,0,"[0, 1]"
687375,7506064,552,0,"[0, 1]"
687375,7506064,996,0,"[0, 1]"
687375,7506064,530,0,"[0, 1]"
687375,7506064,521,0,"[0, 1]"
687375,7506064,894,0,"[0, 1]"
687375,7506064,809,0,"[0, 1]"
687375,7506064,825,0,"[0, 1]"
687375,7506064,549,0,"[0, 1]"
687375,7506064,897,0,"[0, 1]"
687375,7506064,824,0,"[0, 1]"
687375,7506064,1992,0,"[0, 1]"
687375,7506064,1343,0,"[0, 1]"
687375,7506064,1403,0,"[0, 1]"
687375,7506064,1486,0,"[0, 1]"
687375,7506064,1306,0,"[0, 1]"
687375,7506064,1199,0,"[0, 1]"
687375,7506064,1585,0,"[0, 1]"
687375,7506064,1304,0,"[0, 1]"
687375,7506064,1993,0,"[0, 1]"
687375,7506064,1742,0,"[0, 1]"
687375,7506064,1997,0,"[0, 1]"
687375,7506064,1764,0,"[0, 1]"
687375,7506064,1615,0,"[0, 1]"
687375,7506064,1929,0,"[0, 1]"
687375,7506064,1035,0,"[0, 1]"
687375,7506064,2045,0,"[0, 1]"
687375,7506064,1734,0,"[0, 1]"
687375,7506064,1355,0,"[0, 1]"
687375,7506064,1411,0,"[0, 1]"
687375,7506064,1957,0,"[0, 1]"
687375,7506064,2529,0,"[0, 1]"
687375,7506064,3950,0,"[0, 1]"
687375,7506064,3458,0,"[0, 1]"
687375,7506064,3130,0,"[0, 1]"
687375,7506064,3502,0,"[0, 1]"
687375,7506064,3067,0,"[0, 1]"
687375,7506064,2536,0,"[0, 1]"
687375,7506064,3935,0,"[0, 1]"
687375,7506064,2600,0,"[0, 1]"
687375,7506064,3901,0,"[0, 1]"
687375,7506064,3471,0,"[0, 1]"
687375,7506064,3157,0,"[0, 1]"
687375,7506064,4087,0,"[0, 1]"
687375,7506064,3764,0,"[0, 1]"
687375,7506064,3837,0,"[0, 1]"
687375,7506064,3010,0,"[0, 1]"
687375,7506064,2242,0,"[0, 1]"
687375,7506064,4068,0,"[0, 1]"
687375,7506064,2750,0,"[0, 1]"
687375,7506064,3726,0,"[0, 1]"
687375,7506064,3682,0,"[0, 1]"
687375,7506064,2979,0,"[0, 1]"
687375,7506064,7546744,1,"[0, 1]"
687375,7506064,7665374,1,"[0, 1]"
687375,7506064,7360809,1,"[0, 1]"
687375,7506064,7231200,1,"[0, 1]"
687375,7506064,7320812,1,"[0, 1]"
687375,7506064,7665868,1,"[0, 1]"
687375,7506064,4350,0,"[0, 1]"
687375,7506064,7504350,1,"[0, 1]"
687375,7506064,7099584,1,"[0, 1]"
687375,7506064,7453317,1,"[0, 1]"
687375,7506064,4623,0,"[0, 1]"
687375,7506064,7222752,1,"[0, 1]"
687375,7506064,3087523,1,"[0, 1]"
687375,7506064,7085194,1,"[0, 1]"
687375,7506064,4669,0,"[0, 1]"
687375,7506064,7204654,1,"[0, 1]"
687375,7506064,7557173,1,"[0, 1]"
687375,7506064,4360,0,"[0, 1]"
687375,7506064,73759,1,"[0, 1]"
687375,7506064,4749,0,"[0, 1]"
687375,7506064,7570218,1,"[0, 1]"
687375,7506064,7093680,1,"[0, 1]"
687375,7506064,7607852,1,"[0, 1]"
687375,7506064,7151669,1,"[0, 1]"
479570,7506197,7506197,1,"[1, 0]"
479570,7506197,4976,0,"[1, 0]"
479570,7506197,4044,0,"[1, 0]"
479570,7506197,2021,0,"[1, 0]"
479570,7506197,1010,0,"[1, 0]"
479570,7506197,504,0,"[1, 0]"
479570,7506197,251,0,"[1, 0]"
479570,7506197,125,0,"[1, 0]"
479570,7506197,62,0,"[1, 0]"
479570,7506197,30,0,"[1, 0]"
479570,7506197,14,0,"[1, 0]"
479570,7506197,6,0,"[1, 0]"
479570,7506197,2,0,"[1, 0]"
479570,7506197,0,0,"[1, 0]"
479570,7506197,2,0,"[0, 1]"
479570,7506197,1,0,"[0, 1]"
479570,7506197,4,0,"[0, 1]"
479570,7506197,6,0,"[0, 1]"
479570,7506197,5,0,"[0, 1]"
479570,7506197,3,0,"[0, 1]"
479570,7506197,9,0,"[0, 1]"
479570,7506197,7,0,"[0, 1]"
479570,7506197,13,0,"[0, 1]"
479570,7506197,12,0,"[0, 1]"
479570,7506197,8,0,"[0, 1]"
479570,7506197,14,0,"[0, 1]"
479570,7506197,24,0,"[0, 1]"
479570,7506197,21,0,"[0, 1]"
479570,7506197,18,0,"[0, 1]"
479570,7506197,22,0,"[0, 1]"
479570,7506197,28,0,"[0, 1]"
479570,7506197,27,0,"[0, 1]"
479570,7506197,25,0,"[0, 1]"
479570,7506197,30,0,"[0, 1]"
479570,7506197,56,0,"[0, 1]"
479570,7506197,55,0,"[0, 1]"
479570,7506197,31,0,"[0, 1]"
479570,7506197,48,0,"[0, 1]"
479570,7506197,58,0,"[0, 1]"
479570,7506197,61,0,"[0, 1]"
479570,7506197,60,0,"[0, 1]"
479570,7506197,57,0,"[0, 1]"
479570,7506197,46,0,"[0, 1]"
479570,7506197,52,0,"[0, 1]"
479570,7506197,86,0,"[0, 1]"
479570,7506197,105,0,"[0, 1]"
479570,7506197,107,0,"[0, 1]"
479570,7506197,74,0,"[0, 1]"
479570,7506197,73,0,"[0, 1]"
479570,7506197,81,0,"[0, 1]"
479570,7506197,91,0,"[0, 1]"
479570,7506197,82,0,"[0, 1]"
479570,7506197,93,0,"[0, 1]"
479570,7506197,77,0,"[0, 1]"
479570,7506197,109,0,"[0, 1]"
479570,7506197,63,0,"[0, 1]"
479570,7506197,155,0,"[0, 1]"
479570,7506197,235,0,"[0, 1]"
479570,7506197,134,0,"[0, 1]"
479570,7506197,143,0,"[0, 1]"
479570,7506197,240,0,"[0, 1]"
479570,7506197,148,0,"[0, 1]"
479570,7506197,152,0,"[0, 1]"
479570,7506197,192,0,"[0, 1]"
479570,7506197,218,0,"[0, 1]"
479570,7506197,171,0,"[0, 1]"
479570,7506197,226,0,"[0, 1]"
479570,7506197,188,0,"[0, 1]"
479570,7506197,178,0,"[0, 1]"
479570,7506197,250,0,"[0, 1]"
479570,7506197,347,0,"[0, 1]"
479570,7506197,350,0,"[0, 1]"
479570,7506197,482,0,"[0, 1]"
479570,7506197,349,0,"[0, 1]"
479570,7506197,440,0,"[0, 1]"
479570,7506197,444,0,"[0, 1]"
479570,7506197,330,0,"[0, 1]"
479570,7506197,333,0,"[0, 1]"
479570,7506197,408,0,"[0, 1]"
479570,7506197,494,0,"[0, 1]"
479570,7506197,393,0,"[0, 1]"
479570,7506197,256,0,"[0, 1]"
479570,7506197,466,0,"[0, 1]"
479570,7506197,450,0,"[0, 1]"
479570,7506197,387,0,"[0, 1]"
479570,7506197,377,0,"[0, 1]"
479570,7506197,911,0,"[0, 1]"
479570,7506197,917,0,"[0, 1]"
479570,7506197,793,0,"[0, 1]"
479570,7506197,755,0,"[0, 1]"
479570,7506197,878,0,"[0, 1]"
479570,7506197,945,0,"[0, 1]"
479570,7506197,653,0,"[0, 1]"
479570,7506197,828,0,"[0, 1]"
479570,7506197,712,0,"[0, 1]"
479570,7506197,693,0,"[0, 1]"
479570,7506197,808,0,"[0, 1]"
479570,7506197,886,0,"[0, 1]"
479570,7506197,717,0,"[0, 1]"
479570,7506197,584,0,"[0, 1]"
479570,7506197,897,0,"[0, 1]"
479570,7506197,907,0,"[0, 1]"
479570,7506197,571,0,"[0, 1]"
479570,7506197,990,0,"[0, 1]"
479570,7506197,1502,0,"[0, 1]"
479570,7506197,1041,0,"[0, 1]"
479570,7506197,1100,0,"[0, 1]"
479570,7506197,1153,0,"[0, 1]"
479570,7506197,1246,0,"[0, 1]"
479570,7506197,1757,0,"[0, 1]"
479570,7506197,1282,0,"[0, 1]"
479570,7506197,1429,0,"[0, 1]"
479570,7506197,1170,0,"[0, 1]"
479570,7506197,1453,0,"[0, 1]"
479570,7506197,1238,0,"[0, 1]"
479570,7506197,1555,0,"[0, 1]"
479570,7506197,1295,0,"[0, 1]"
479570,7506197,1769,0,"[0, 1]"
479570,7506197,1762,0,"[0, 1]"
479570,7506197,1257,0,"[0, 1]"
479570,7506197,1138,0,"[0, 1]"
479570,7506197,1379,0,"[0, 1]"
479570,7506197,2000,0,"[0, 1]"
479570,7506197,1965,0,"[0, 1]"
479570,7506197,2411,0,"[0, 1]"
479570,7506197,2080,0,"[0, 1]"
479570,7506197,2809,0,"[0, 1]"
479570,7506197,3863,0,"[0, 1]"
479570,7506197,3433,0,"[0, 1]"
479570,7506197,3883,0,"[0, 1]"
479570,7506197,2645,0,"[0, 1]"
479570,7506197,2455,0,"[0, 1]"
479570,7506197,2618,0,"[0, 1]"
479570,7506197,2512,0,"[0, 1]"
479570,7506197,2258,0,"[0, 1]"
479570,7506197,2925,0,"[0, 1]"
479570,7506197,3937,0,"[0, 1]"
479570,7506197,2446,0,"[0, 1]"
479570,7506197,2703,0,"[0, 1]"
479570,7506197,2837,0,"[0, 1]"
479570,7506197,2113,0,"[0, 1]"
479570,7506197,2665,0,"[0, 1]"
479570,7506197,3854,0,"[0, 1]"
479570,7506197,2361,0,"[0, 1]"
479570,7506197,3005,0,"[0, 1]"
479570,7506197,2757,0,"[0, 1]"
479570,7506197,7368223,1,"[0, 1]"
479570,7506197,7067181,1,"[0, 1]"
479570,7506197,330839,1,"[0, 1]"
479570,7506197,4745,0,"[0, 1]"
479570,7506197,7251891,1,"[0, 1]"
479570,7506197,4873,0,"[0, 1]"
479570,7506197,4841,0,"[0, 1]"
479570,7506197,7174859,1,"[0, 1]"
479570,7506197,7484272,1,"[0, 1]"
479570,7506197,7540058,1,"[0, 1]"
479570,7506197,7242961,1,"[0, 1]"
479570,7506197,7223929,1,"[0, 1]"
479570,7506197,4296,0,"[0, 1]"
479570,7506197,7465839,1,"[0, 1]"
479570,7506197,1824038,1,"[0, 1]"
479570,7506197,7240637,1,"[0, 1]"
479570,7506197,7643183,1,"[0, 1]"
479570,7506197,4750,0,"[0, 1]"
479570,7506197,7167668,1,"[0, 1]"
479570,7506197,7487135,1,"[0, 1]"
479570,7506197,7237292,1,"[0, 1]"
479570,7506197,4245,0,"[0, 1]"
479570,7506197,7314729,1,"[0, 1]"
479570,7506197,7460931,1,"[0, 1]"
479570,7506197,4229636,1,"[0, 1]"
479570,7506197,7606457,1,"[0, 1]"
479570,7506197,7658037,1,"[0, 1]"
479570,7506197,7542108,1,"[0, 1]"
479570,7506197,7586278,1,"[0, 1]"
479570,7506197,7354202,1,"[0, 1]"
479570,7506197,7432617,1,"[0, 1]"
479570,7506197,7656910,1,"[0, 1]"
479570,7506197,7138606,1,"[0, 1]"
479570,7506197,7357580,1,"[0, 1]"
479570,7506197,7569884,1,"[0, 1]"
479570,7506197,7162902,1,"[0, 1]"
479570,7506197,5680372,1,"[0, 1]"
479570,7506197,7546838,1,"[0, 1]"
479570,7506197,7621493,1,"[0, 1]"
479570,7506197,7539527,1,"[0, 1]"
479570,7506197,7102190,1,"[0, 1]"
479570,7506197,1357096,1,"[0, 1]"
479570,7506197,7518538,1,"[0, 1]"
479570,7506197,7201783,1,"[0, 1]"
479570,7506197,7365930,1,"[0, 1]"
479570,7506197,7683893,1,"[0, 1]"
479570,7506197,7377860,1,"[0, 1]"
479570,7506197,7128734,1,"[0, 1]"
479570,7506197,7665472,1,"[0, 1]"
479570,7506197,7672042,1,"[0, 1]"
708781,7052781,7052781,1,"[1, 0]"
708781,7052781,3654,0,"[1, 0]"
708781,7052781,1826,0,"[1, 0]"
708781,7052781,912,0,"[1, 0]"
708781,7052781,455,0,"[1, 0]"
708781,7052781,227,0,"[1, 0]"
708781,7052781,113,0,"[1, 0]"
708781,7052781,56,0,"[1, 0]"
708781,7052781,27,0,"[1, 0]"
708781,7052781,13,0,"[1, 0]"
708781,7052781,6,0,"[1, 0]"
708781,7052781,2,0,"[1, 0]"
708781,7052781,0,0,"[1, 0]"
708781,7052781,2,0,"[0, 1]"
708781,7052781,1,0,"[0, 1]"
708781,7052781,5,0,"[0, 1]"
708781,7052781,3,0,"[0, 1]"
708781,7052781,6,0,"[0, 1]"
708781,7052781,4,0,"[0, 1]"
708781,7052781,13,0,"[0, 1]"
708781,7052781,10,0,"[0, 1]"
708781,7052781,11,0,"[0, 1]"
708781,7052781,12,0,"[0, 1]"
708781,7052781,8,0,"[0, 1]"
708781,7052781,7,0,"[0, 1]"
708781,7052781,29,0,"[0, 1]"
708781,7052781,28,0,"[0, 1]"
708781,7052781,19,0,"[0, 1]"
708781,7052781,30,0,"[0, 1]"
708781,7052781,20,0,"[0, 1]"
708781,7052781,17,0,"[0, 1]"
708781,7052781,18,0,"[0, 1]"
708781,7052781,24,0,"[0, 1]"
708781,7052781,54,0,"[0, 1]"
708781,7052781,61,0,"[0, 1]"
708781,7052781,45,0,"[0, 1]"
708781,7052781,31,0,"[0, 1]"
708781,7052781,60,0,"[0, 1]"
708781,7052781,55,0,"[0, 1]"
708781,7052781,35,0,"[0, 1]"
708781,7052781,47,0,"[0, 1]"
708781,7052781,33,0,"[0, 1]"
708781,7052781,49,0,"[0, 1]"
708781,7052781,124,0,"[0, 1]"
708781,7052781,93,0,"[0, 1]"
708781,7052781,116,0,"[0, 1]"
708781,7052781,74,0,"[0, 1]"
708781,7052781,81,0,"[0, 1]"
708781,7052781,85,0,"[0, 1]"
708781,7052781,64,0,"[0, 1]"
708781,7052781,90,0,"[0, 1]"
708781,7052781,84,0,"[0, 1]"
708781,7052781,123,0,"[0, 1]"
708781,7052781,107,0,"[0, 1]"
708781,7052781,91,0,"[0, 1]"
708781,7052781,198,0,"[0, 1]"
708781,7052781,211,0,"[0, 1]"
708781,7052781,145,0,"[0, 1]"
708781,7052781,159,0,"[0, 1]"
708781,7052781,192,0,"[0, 1]"
708781,7052781,208,0,"[0, 1]"
708781,7052781,229,0,"[0, 1]"
708781,7052781,210,0,"[0, 1]"
708781,7052781,204,0,"[0, 1]"
708781,7052781,133,0,"[0, 1]"
708781,7052781,233,0,"[0, 1]"
708781,7052781,169,0,"[0, 1]"
708781,7052781,157,0,"[0, 1]"
708781,7052781,155,0,"[0, 1]"
708781,7052781,396,0,"[0, 1]"
708781,7052781,381,0,"[0, 1]"
708781,7052781,404,0,"[0, 1]"
708781,7052781,351,0,"[0, 1]"
708781,7052781,454,0,"[0, 1]"
708781,7052781,279,0,"[0, 1]"
708781,7052781,260,0,"[0, 1]"
708781,7052781,312,0,"[0, 1]"
708781,7052781,382,0,"[0, 1]"
708781,7052781,267,0,"[0, 1]"
708781,7052781,464,0,"[0, 1]"
708781,7052781,498,0,"[0, 1]"
708781,7052781,400,0,"[0, 1]"
708781,7052781,470,0,"[0, 1]"
708781,7052781,487,0,"[0, 1]"
708781,7052781,298,0,"[0, 1]"
708781,7052781,795,0,"[0, 1]"
708781,7052781,948,0,"[0, 1]"
708781,7052781,682,0,"[0, 1]"
708781,7052781,565,0,"[0, 1]"
708781,7052781,579,0,"[0, 1]"
708781,7052781,879,0,"[0, 1]"
708781,7052781,899,0,"[0, 1]"
708781,7052781,613,0,"[0, 1]"
708781,7052781,518,0,"[0, 1]"
708781,7052781,577,0,"[0, 1]"
708781,7052781,634,0,"[0, 1]"
708781,7052781,523,0,"[0, 1]"
708781,7052781,818,0,"[0, 1]"
708781,7052781,790,0,"[0, 1]"
708781,7052781,649,0,"[0, 1]"
708781,7052781,753,0,"[0, 1]"
708781,7052781,524,0,"[0, 1]"
708781,7052781,809,0,"[0, 1]"
708781,7052781,1595,0,"[0, 1]"
708781,7052781,1800,0,"[0, 1]"
708781,7052781,1446,0,"[0, 1]"
708781,7052781,1691,0,"[0, 1]"
708781,7052781,1520,0,"[0, 1]"
708781,7052781,1903,0,"[0, 1]"
708781,7052781,2046,0,"[0, 1]"
708781,7052781,1741,0,"[0, 1]"
708781,7052781,2000,0,"[0, 1]"
708781,7052781,1057,0,"[0, 1]"
708781,7052781,1231,0,"[0, 1]"
708781,7052781,1435,0,"[0, 1]"
708781,7052781,1175,0,"[0, 1]"
708781,7052781,1500,0,"[0, 1]"
708781,7052781,1405,0,"[0, 1]"
708781,7052781,1189,0,"[0, 1]"
708781,7052781,1875,0,"[0, 1]"
708781,7052781,1750,0,"[0, 1]"
708781,7052781,1530,0,"[0, 1]"
708781,7052781,1640,0,"[0, 1]"
708781,7052781,2428,0,"[0, 1]"
708781,7052781,4005,0,"[0, 1]"
708781,7052781,2672,0,"[0, 1]"
708781,7052781,2905,0,"[0, 1]"
708781,7052781,2655,0,"[0, 1]"
708781,7052781,2677,0,"[0, 1]"
708781,7052781,3258,0,"[0, 1]"
708781,7052781,2133,0,"[0, 1]"
708781,7052781,3232,0,"[0, 1]"
708781,7052781,2484,0,"[0, 1]"
708781,7052781,2835,0,"[0, 1]"
708781,7052781,4014,0,"[0, 1]"
708781,7052781,3626,0,"[0, 1]"
708781,7052781,2836,0,"[0, 1]"
708781,7052781,3218,0,"[0, 1]"
708781,7052781,2884,0,"[0, 1]"
708781,7052781,3370,0,"[0, 1]"
708781,7052781,2113,0,"[0, 1]"
708781,7052781,3192,0,"[0, 1]"
708781,7052781,2272,0,"[0, 1]"
708781,7052781,3965,0,"[0, 1]"
708781,7052781,3292,0,"[0, 1]"
708781,7052781,7212031,1,"[0, 1]"
708781,7052781,7586101,1,"[0, 1]"
708781,7052781,7597032,1,"[0, 1]"
708781,7052781,7089760,1,"[0, 1]"
708781,7052781,4734,0,"[0, 1]"
708781,7052781,4963,0,"[0, 1]"
708781,7052781,7181049,1,"[0, 1]"
708781,7052781,7086354,1,"[0, 1]"
708781,7052781,7100356,1,"[0, 1]"
708781,7052781,7637414,1,"[0, 1]"
708781,7052781,7183936,1,"[0, 1]"
708781,7052781,7280608,1,"[0, 1]"
708781,7052781,7427486,1,"[0, 1]"
708781,7052781,7346319,1,"[0, 1]"
708781,7052781,7201271,1,"[0, 1]"
708781,7052781,7687991,1,"[0, 1]"
708781,7052781,7108236,1,"[0, 1]"
708781,7052781,4960,0,"[0, 1]"
708781,7052781,7360809,1,"[0, 1]"
708781,7052781,4529,0,"[0, 1]"
708781,7052781,7373639,1,"[0, 1]"
708781,7052781,844915,1,"[0, 1]"
708781,7052781,7305799,1,"[0, 1]"
708781,7052781,7201739,1,"[0, 1]"
578100,7506336,7506336,1,"[1, 0]"
578100,7506336,4720,0,"[1, 0]"
578100,7506336,3466,0,"[1, 0]"
578100,7506336,1732,0,"[1, 0]"
578100,7506336,865,0,"[1, 0]"
578100,7506336,432,0,"[1, 0]"
578100,7506336,215,0,"[1, 0]"
578100,7506336,107,0,"[1, 0]"
578100,7506336,53,0,"[1, 0]"
578100,7506336,26,0,"[1, 0]"
578100,7506336,12,0,"[1, 0]"
578100,7506336,5,0,"[1, 0]"
578100,7506336,2,0,"[1, 0]"
578100,7506336,0,0,"[1, 0]"
578100,7506336,2,0,"[0, 1]"
578100,7506336,1,0,"[0, 1]"
578100,7506336,5,0,"[0, 1]"
578100,7506336,4,0,"[0, 1]"
578100,7506336,6,0,"[0, 1]"
578100,7506336,3,0,"[0, 1]"
578100,7506336,12,0,"[0, 1]"
578100,7506336,14,0,"[0, 1]"
578100,7506336,10,0,"[0, 1]"
578100,7506336,11,0,"[0, 1]"
578100,7506336,7,0,"[0, 1]"
578100,7506336,8,0,"[0, 1]"
578100,7506336,30,0,"[0, 1]"
578100,7506336,25,0,"[0, 1]"
578100,7506336,15,0,"[0, 1]"
578100,7506336,16,0,"[0, 1]"
578100,7506336,18,0,"[0, 1]"
578100,7506336,28,0,"[0, 1]"
578100,7506336,24,0,"[0, 1]"
578100,7506336,23,0,"[0, 1]"
578100,7506336,59,0,"[0, 1]"
578100,7506336,61,0,"[0, 1]"
578100,7506336,37,0,"[0, 1]"
578100,7506336,42,0,"[0, 1]"
578100,7506336,40,0,"[0, 1]"
578100,7506336,36,0,"[0, 1]"
578100,7506336,56,0,"[0, 1]"
578100,7506336,41,0,"[0, 1]"
578100,7506336,47,0,"[0, 1]"
578100,7506336,49,0,"[0, 1]"
578100,7506336,82,0,"[0, 1]"
578100,7506336,107,0,"[0, 1]"
578100,7506336,123,0,"[0, 1]"
578100,7506336,102,0,"[0, 1]"
578100,7506336,84,0,"[0, 1]"
578100,7506336,100,0,"[0, 1]"
578100,7506336,120,0,"[0, 1]"
578100,7506336,72,0,"[0, 1]"
578100,7506336,83,0,"[0, 1]"
578100,7506336,66,0,"[0, 1]"
578100,7506336,125,0,"[0, 1]"
578100,7506336,75,0,"[0, 1]"
578100,7506336,136,0,"[0, 1]"
578100,7506336,152,0,"[0, 1]"
578100,7506336,227,0,"[0, 1]"
578100,7506336,238,0,"[0, 1]"
578100,7506336,178,0,"[0, 1]"
578100,7506336,203,0,"[0, 1]"
578100,7506336,237,0,"[0, 1]"
578100,7506336,160,0,"[0, 1]"
578100,7506336,169,0,"[0, 1]"
578100,7506336,245,0,"[0, 1]"
578100,7506336,159,0,"[0, 1]"
578100,7506336,234,0,"[0, 1]"
578100,7506336,172,0,"[0, 1]"
578100,7506336,127,0,"[0, 1]"
578100,7506336,346,0,"[0, 1]"
578100,7506336,419,0,"[0, 1]"
578100,7506336,263,0,"[0, 1]"
578100,7506336,442,0,"[0, 1]"
578100,7506336,433,0,"[0, 1]"
578100,7506336,375,0,"[0, 1]"
578100,7506336,334,0,"[0, 1]"
578100,7506336,451,0,"[0, 1]"
578100,7506336,495,0,"[0, 1]"
578100,7506336,321,0,"[0, 1]"
578100,7506336,381,0,"[0, 1]"
578100,7506336,358,0,"[0, 1]"
578100,7506336,258,0,"[0, 1]"
578100,7506336,342,0,"[0, 1]"
578100,7506336,326,0,"[0, 1]"
578100,7506336,501,0,"[0, 1]"
578100,7506336,520,0,"[0, 1]"
578100,7506336,570,0,"[0, 1]"
578100,7506336,575,0,"[0, 1]"
578100,7506336,970,0,"[0, 1]"
578100,7506336,738,0,"[0, 1]"
578100,7506336,882,0,"[0, 1]"
578100,7506336,883,0,"[0, 1]"
578100,7506336,757,0,"[0, 1]"
578100,7506336,589,0,"[0, 1]"
578100,7506336,776,0,"[0, 1]"
578100,7506336,993,0,"[0, 1]"
578100,7506336,863,0,"[0, 1]"
578100,7506336,885,0,"[0, 1]"
578100,7506336,728,0,"[0, 1]"
578100,7506336,849,0,"[0, 1]"
578100,7506336,1001,0,"[0, 1]"
578100,7506336,665,0,"[0, 1]"
578100,7506336,755,0,"[0, 1]"
578100,7506336,1321,0,"[0, 1]"
578100,7506336,1760,0,"[0, 1]"
578100,7506336,1096,0,"[0, 1]"
578100,7506336,1353,0,"[0, 1]"
578100,7506336,1361,0,"[0, 1]"
578100,7506336,1850,0,"[0, 1]"
578100,7506336,1520,0,"[0, 1]"
578100,7506336,1831,0,"[0, 1]"
578100,7506336,1239,0,"[0, 1]"
578100,7506336,1893,0,"[0, 1]"
578100,7506336,1481,0,"[0, 1]"
578100,7506336,1895,0,"[0, 1]"
578100,7506336,1530,0,"[0, 1]"
578100,7506336,1594,0,"[0, 1]"
578100,7506336,1695,0,"[0, 1]"
578100,7506336,1938,0,"[0, 1]"
578100,7506336,1438,0,"[0, 1]"
578100,7506336,1539,0,"[0, 1]"
578100,7506336,1541,0,"[0, 1]"
578100,7506336,1998,0,"[0, 1]"
578100,7506336,3391,0,"[0, 1]"
578100,7506336,3199,0,"[0, 1]"
578100,7506336,3017,0,"[0, 1]"
578100,7506336,2755,0,"[0, 1]"
578100,7506336,2183,0,"[0, 1]"
578100,7506336,3260,0,"[0, 1]"
578100,7506336,4008,0,"[0, 1]"
578100,7506336,3031,0,"[0, 1]"
578100,7506336,2478,0,"[0, 1]"
578100,7506336,2433,0,"[0, 1]"
578100,7506336,2218,0,"[0, 1]"
578100,7506336,2823,0,"[0, 1]"
578100,7506336,3775,0,"[0, 1]"
578100,7506336,3227,0,"[0, 1]"
578100,7506336,2908,0,"[0, 1]"
578100,7506336,3622,0,"[0, 1]"
578100,7506336,2242,0,"[0, 1]"
578100,7506336,3458,0,"[0, 1]"
578100,7506336,3731,0,"[0, 1]"
578100,7506336,2759,0,"[0, 1]"
578100,7506336,3301,0,"[0, 1]"
578100,7506336,3155,0,"[0, 1]"
578100,7506336,4391,0,"[0, 1]"
578100,7506336,4693173,1,"[0, 1]"
578100,7506336,4394,0,"[0, 1]"
578100,7506336,7466852,1,"[0, 1]"
578100,7506336,7320560,1,"[0, 1]"
578100,7506336,4545,0,"[0, 1]"
578100,7506336,7110552,1,"[0, 1]"
578100,7506336,7241873,1,"[0, 1]"
578100,7506336,7211181,1,"[0, 1]"
578100,7506336,7177568,1,"[0, 1]"
578100,7506336,7284401,1,"[0, 1]"
578100,7506336,2097896,1,"[0, 1]"
578100,7506336,7493194,1,"[0, 1]"
578100,7506336,7574974,1,"[0, 1]"
578100,7506336,7105513,1,"[0, 1]"
578100,7506336,7548990,1,"[0, 1]"
578100,7506336,7184530,1,"[0, 1]"
578100,7506336,7071494,1,"[0, 1]"
578100,7506336,7136987,1,"[0, 1]"
578100,7506336,297647,1,"[0, 1]"
578100,7506336,7582911,1,"[0, 1]"
578100,7506336,4824,0,"[0, 1]"
578100,7506336,7494778,1,"[0, 1]"
578100,7506336,7593721,1,"[0, 1]"
578100,7506336,7340962,1,"[0, 1]"
578100,7506336,7148911,1,"[0, 1]"
578100,7506336,7290843,1,"[0, 1]"
578100,7506336,7265345,1,"[0, 1]"
578100,7506336,407030,1,"[0, 1]"
578100,7506336,7266164,1,"[0, 1]"
578100,7506336,7497558,1,"[0, 1]"
578100,7506336,7110600,1,"[0, 1]"
578100,7506336,6121038,1,"[0, 1]"
578100,7506336,7593941,1,"[0, 1]"
578100,7506336,7140656,1,"[0, 1]"
578100,7506336,7430556,1,"[0, 1]"
578100,7506336,6034688,1,"[0, 1]"
578100,7506336,7493078,1,"[0, 1]"
578100,7506336,7292184,1,"[0, 1]"
578100,7506336,7131601,1,"[0, 1]"
578100,7506336,7384687,1,"[0, 1]"
578100,7506336,7095217,1,"[0, 1]"
578100,7506336,7483627,1,"[0, 1]"
578100,7506336,7217741,1,"[0, 1]"
578100,7506336,7642185,1,"[0, 1]"
578100,7506336,7462251,1,"[0, 1]"
578100,7506336,7414143,1,"[0, 1]"
578100,7506336,7305462,1,"[0, 1]"
578100,7506336,7127941,1,"[0, 1]"
578100,7506336,7278927,1,"[0, 1]"
198581,7506366,7506366,1,"[1, 0]"
198581,7506366,2685,0,"[1, 0]"
198581,7506366,1342,0,"[1, 0]"
198581,7506366,670,0,"[1, 0]"
198581,7506366,334,0,"[1, 0]"
198581,7506366,166,0,"[1, 0]"
198581,7506366,82,0,"[1, 0]"
198581,7506366,40,0,"[1, 0]"
198581,7506366,19,0,"[1, 0]"
198581,7506366,9,0,"[1, 0]"
198581,7506366,4,0,"[1, 0]"
198581,7506366,1,0,"[1, 0]"
198581,7506366,0,0,"[1, 0]"
198581,7506366,2,0,"[0, 1]"
198581,7506366,1,0,"[0, 1]"
198581,7506366,3,0,"[0, 1]"
198581,7506366,4,0,"[0, 1]"
198581,7506366,6,0,"[0, 1]"
198581,7506366,5,0,"[0, 1]"
198581,7506366,13,0,"[0, 1]"
198581,7506366,11,0,"[0, 1]"
198581,7506366,10,0,"[0, 1]"
198581,7506366,7,0,"[0, 1]"
198581,7506366,12,0,"[0, 1]"
198581,7506366,14,0,"[0, 1]"
198581,7506366,30,0,"[0, 1]"
198581,7506366,25,0,"[0, 1]"
198581,7506366,16,0,"[0, 1]"
198581,7506366,21,0,"[0, 1]"
198581,7506366,26,0,"[0, 1]"
198581,7506366,28,0,"[0, 1]"
198581,7506366,23,0,"[0, 1]"
198581,7506366,27,0,"[0, 1]"
198581,7506366,45,0,"[0, 1]"
198581,7506366,32,0,"[0, 1]"
198581,7506366,58,0,"[0, 1]"
198581,7506366,48,0,"[0, 1]"
198581,7506366,54,0,"[0, 1]"
198581,7506366,41,0,"[0, 1]"
198581,7506366,49,0,"[0, 1]"
198581,7506366,38,0,"[0, 1]"
198581,7506366,34,0,"[0, 1]"
198581,7506366,35,0,"[0, 1]"
198581,7506366,87,0,"[0, 1]"
198581,7506366,123,0,"[0, 1]"
198581,7506366,103,0,"[0, 1]"
198581,7506366,95,0,"[0, 1]"
198581,7506366,71,0,"[0, 1]"
198581,7506366,74,0,"[0, 1]"
198581,7506366,65,0,"[0, 1]"
198581,7506366,77,0,"[0, 1]"
198581,7506366,113,0,"[0, 1]"
198581,7506366,86,0,"[0, 1]"
198581,7506366,100,0,"[0, 1]"
198581,7506366,69,0,"[0, 1]"
198581,7506366,158,0,"[0, 1]"
198581,7506366,141,0,"[0, 1]"
198581,7506366,199,0,"[0, 1]"
198581,7506366,151,0,"[0, 1]"
198581,7506366,194,0,"[0, 1]"
198581,7506366,246,0,"[0, 1]"
198581,7506366,205,0,"[0, 1]"
198581,7506366,168,0,"[0, 1]"
198581,7506366,161,0,"[0, 1]"
198581,7506366,180,0,"[0, 1]"
198581,7506366,247,0,"[0, 1]"
198581,7506366,187,0,"[0, 1]"
198581,7506366,252,0,"[0, 1]"
198581,7506366,130,0,"[0, 1]"
198581,7506366,340,0,"[0, 1]"
198581,7506366,381,0,"[0, 1]"
198581,7506366,280,0,"[0, 1]"
198581,7506366,301,0,"[0, 1]"
198581,7506366,488,0,"[0, 1]"
198581,7506366,428,0,"[0, 1]"
198581,7506366,315,0,"[0, 1]"
198581,7506366,483,0,"[0, 1]"
198581,7506366,466,0,"[0, 1]"
198581,7506366,276,0,"[0, 1]"
198581,7506366,377,0,"[0, 1]"
198581,7506366,418,0,"[0, 1]"
198581,7506366,354,0,"[0, 1]"
198581,7506366,282,0,"[0, 1]"
198581,7506366,312,0,"[0, 1]"
198581,7506366,494,0,"[0, 1]"
198581,7506366,869,0,"[0, 1]"
198581,7506366,584,0,"[0, 1]"
198581,7506366,648,0,"[0, 1]"
198581,7506366,774,0,"[0, 1]"
198581,7506366,753,0,"[0, 1]"
198581,7506366,521,0,"[0, 1]"
198581,7506366,719,0,"[0, 1]"
198581,7506366,795,0,"[0, 1]"
198581,7506366,997,0,"[0, 1]"
198581,7506366,724,0,"[0, 1]"
198581,7506366,885,0,"[0, 1]"
198581,7506366,681,0,"[0, 1]"
198581,7506366,596,0,"[0, 1]"
198581,7506366,867,0,"[0, 1]"
198581,7506366,529,0,"[0, 1]"
198581,7506366,870,0,"[0, 1]"
198581,7506366,768,0,"[0, 1]"
198581,7506366,710,0,"[0, 1]"
198581,7506366,1907,0,"[0, 1]"
198581,7506366,1183,0,"[0, 1]"
198581,7506366,1247,0,"[0, 1]"
198581,7506366,1871,0,"[0, 1]"
198581,7506366,1728,0,"[0, 1]"
198581,7506366,1345,0,"[0, 1]"
198581,7506366,1755,0,"[0, 1]"
198581,7506366,1825,0,"[0, 1]"
198581,7506366,1706,0,"[0, 1]"
198581,7506366,2036,0,"[0, 1]"
198581,7506366,1544,0,"[0, 1]"
198581,7506366,1768,0,"[0, 1]"
198581,7506366,1545,0,"[0, 1]"
198581,7506366,1116,0,"[0, 1]"
198581,7506366,1772,0,"[0, 1]"
198581,7506366,1701,0,"[0, 1]"
198581,7506366,1378,0,"[0, 1]"
198581,7506366,1977,0,"[0, 1]"
198581,7506366,1741,0,"[0, 1]"
198581,7506366,1326,0,"[0, 1]"
198581,7506366,3153,0,"[0, 1]"
198581,7506366,3673,0,"[0, 1]"
198581,7506366,3298,0,"[0, 1]"
198581,7506366,3635,0,"[0, 1]"
198581,7506366,2314,0,"[0, 1]"
198581,7506366,3517,0,"[0, 1]"
198581,7506366,3349,0,"[0, 1]"
198581,7506366,3554,0,"[0, 1]"
198581,7506366,2080,0,"[0, 1]"
198581,7506366,3868,0,"[0, 1]"
198581,7506366,3854,0,"[0, 1]"
198581,7506366,2430,0,"[0, 1]"
198581,7506366,3991,0,"[0, 1]"
198581,7506366,2222,0,"[0, 1]"
198581,7506366,2587,0,"[0, 1]"
198581,7506366,3290,0,"[0, 1]"
198581,7506366,3480,0,"[0, 1]"
198581,7506366,2049,0,"[0, 1]"
198581,7506366,2251,0,"[0, 1]"
198581,7506366,2749,0,"[0, 1]"
198581,7506366,3024,0,"[0, 1]"
198581,7506366,3460,0,"[0, 1]"
198581,7506366,4505,0,"[0, 1]"
198581,7506366,7627578,1,"[0, 1]"
198581,7506366,7502851,1,"[0, 1]"
198581,7506366,7183581,1,"[0, 1]"
198581,7506366,7410037,1,"[0, 1]"
198581,7506366,7168414,1,"[0, 1]"
198581,7506366,4941,0,"[0, 1]"
198581,7506366,4230,0,"[0, 1]"
198581,7506366,7320965,1,"[0, 1]"
198581,7506366,4272,0,"[0, 1]"
198581,7506366,7188025,1,"[0, 1]"
198581,7506366,1987259,1,"[0, 1]"
198581,7506366,7480498,1,"[0, 1]"
198581,7506366,7268866,1,"[0, 1]"
198581,7506366,7429547,1,"[0, 1]"
198581,7506366,4339068,1,"[0, 1]"
198581,7506366,7327239,1,"[0, 1]"
198581,7506366,1320723,1,"[0, 1]"
198581,7506366,4468,0,"[0, 1]"
198581,7506366,4559,0,"[0, 1]"
198581,7506366,7251657,1,"[0, 1]"
198581,7506366,7340968,1,"[0, 1]"
198581,7506366,7570218,1,"[0, 1]"
198581,7506366,2256696,1,"[0, 1]"
441128,3232379,3232379,1,"[1, 0]"
441128,3232379,3644,0,"[1, 0]"
441128,3232379,1821,0,"[1, 0]"
441128,3232379,910,0,"[1, 0]"
441128,3232379,454,0,"[1, 0]"
441128,3232379,226,0,"[1, 0]"
441128,3232379,112,0,"[1, 0]"
441128,3232379,55,0,"[1, 0]"
441128,3232379,27,0,"[1, 0]"
441128,3232379,13,0,"[1, 0]"
441128,3232379,6,0,"[1, 0]"
441128,3232379,2,0,"[1, 0]"
441128,3232379,0,0,"[1, 0]"
441128,3232379,1,0,"[0, 1]"
441128,3232379,2,0,"[0, 1]"
441128,3232379,3,0,"[0, 1]"
441128,3232379,4,0,"[0, 1]"
441128,3232379,5,0,"[0, 1]"
441128,3232379,6,0,"[0, 1]"
441128,3232379,10,0,"[0, 1]"
441128,3232379,12,0,"[0, 1]"
441128,3232379,14,0,"[0, 1]"
441128,3232379,9,0,"[0, 1]"
441128,3232379,7,0,"[0, 1]"
441128,3232379,8,0,"[0, 1]"
441128,3232379,27,0,"[0, 1]"
441128,3232379,17,0,"[0, 1]"
441128,3232379,19,0,"[0, 1]"
441128,3232379,26,0,"[0, 1]"
441128,3232379,25,0,"[0, 1]"
441128,3232379,18,0,"[0, 1]"
441128,3232379,30,0,"[0, 1]"
441128,3232379,24,0,"[0, 1]"
441128,3232379,56,0,"[0, 1]"
441128,3232379,46,0,"[0, 1]"
441128,3232379,59,0,"[0, 1]"
441128,3232379,41,0,"[0, 1]"
441128,3232379,38,0,"[0, 1]"
441128,3232379,58,0,"[0, 1]"
441128,3232379,47,0,"[0, 1]"
441128,3232379,31,0,"[0, 1]"
441128,3232379,61,0,"[0, 1]"
441128,3232379,33,0,"[0, 1]"
441128,3232379,102,0,"[0, 1]"
441128,3232379,98,0,"[0, 1]"
441128,3232379,103,0,"[0, 1]"
441128,3232379,109,0,"[0, 1]"
441128,3232379,82,0,"[0, 1]"
441128,3232379,64,0,"[0, 1]"
441128,3232379,125,0,"[0, 1]"
441128,3232379,113,0,"[0, 1]"
441128,3232379,75,0,"[0, 1]"
441128,3232379,107,0,"[0, 1]"
441128,3232379,91,0,"[0, 1]"
441128,3232379,126,0,"[0, 1]"
441128,3232379,203,0,"[0, 1]"
441128,3232379,151,0,"[0, 1]"
441128,3232379,214,0,"[0, 1]"
441128,3232379,225,0,"[0, 1]"
441128,3232379,207,0,"[0, 1]"
441128,3232379,176,0,"[0, 1]"
441128,3232379,226,0,"[0, 1]"
441128,3232379,221,0,"[0, 1]"
441128,3232379,179,0,"[0, 1]"
441128,3232379,249,0,"[0, 1]"
441128,3232379,148,0,"[0, 1]"
441128,3232379,208,0,"[0, 1]"
441128,3232379,251,0,"[0, 1]"
441128,3232379,196,0,"[0, 1]"
441128,3232379,434,0,"[0, 1]"
441128,3232379,419,0,"[0, 1]"
441128,3232379,494,0,"[0, 1]"
441128,3232379,374,0,"[0, 1]"
441128,3232379,426,0,"[0, 1]"
441128,3232379,335,0,"[0, 1]"
441128,3232379,439,0,"[0, 1]"
441128,3232379,465,0,"[0, 1]"
441128,3232379,468,0,"[0, 1]"
441128,3232379,495,0,"[0, 1]"
441128,3232379,260,0,"[0, 1]"
441128,3232379,365,0,"[0, 1]"
441128,3232379,428,0,"[0, 1]"
441128,3232379,271,0,"[0, 1]"
441128,3232379,415,0,"[0, 1]"
441128,3232379,394,0,"[0, 1]"
441128,3232379,844,0,"[0, 1]"
441128,3232379,900,0,"[0, 1]"
441128,3232379,951,0,"[0, 1]"
441128,3232379,521,0,"[0, 1]"
441128,3232379,759,0,"[0, 1]"
441128,3232379,1001,0,"[0, 1]"
441128,3232379,765,0,"[0, 1]"
441128,3232379,694,0,"[0, 1]"
441128,3232379,779,0,"[0, 1]"
441128,3232379,720,0,"[0, 1]"
441128,3232379,586,0,"[0, 1]"
441128,3232379,670,0,"[0, 1]"
441128,3232379,831,0,"[0, 1]"
441128,3232379,827,0,"[0, 1]"
441128,3232379,526,0,"[0, 1]"
441128,3232379,1011,0,"[0, 1]"
441128,3232379,814,0,"[0, 1]"
441128,3232379,749,0,"[0, 1]"
441128,3232379,1548,0,"[0, 1]"
441128,3232379,1054,0,"[0, 1]"
441128,3232379,1852,0,"[0, 1]"
441128,3232379,1845,0,"[0, 1]"
441128,3232379,1704,0,"[0, 1]"
441128,3232379,1092,0,"[0, 1]"
441128,3232379,2021,0,"[0, 1]"
441128,3232379,1126,0,"[0, 1]"
441128,3232379,1803,0,"[0, 1]"
441128,3232379,1467,0,"[0, 1]"
441128,3232379,1965,0,"[0, 1]"
441128,3232379,1341,0,"[0, 1]"
441128,3232379,1484,0,"[0, 1]"
441128,3232379,1242,0,"[0, 1]"
441128,3232379,1227,0,"[0, 1]"
441128,3232379,1205,0,"[0, 1]"
441128,3232379,1310,0,"[0, 1]"
441128,3232379,1141,0,"[0, 1]"
441128,3232379,1362,0,"[0, 1]"
441128,3232379,1683,0,"[0, 1]"
441128,3232379,2438,0,"[0, 1]"
441128,3232379,3061,0,"[0, 1]"
441128,3232379,3460,0,"[0, 1]"
441128,3232379,3598,0,"[0, 1]"
441128,3232379,2341,0,"[0, 1]"
441128,3232379,4078,0,"[0, 1]"
441128,3232379,2357,0,"[0, 1]"
441128,3232379,2585,0,"[0, 1]"
441128,3232379,2528,0,"[0, 1]"
441128,3232379,2161,0,"[0, 1]"
441128,3232379,2493,0,"[0, 1]"
441128,3232379,2513,0,"[0, 1]"
441128,3232379,3549,0,"[0, 1]"
441128,3232379,3047,0,"[0, 1]"
441128,3232379,4033,0,"[0, 1]"
441128,3232379,3763,0,"[0, 1]"
441128,3232379,3635,0,"[0, 1]"
441128,3232379,2882,0,"[0, 1]"
441128,3232379,2390,0,"[0, 1]"
441128,3232379,3582,0,"[0, 1]"
441128,3232379,3060,0,"[0, 1]"
441128,3232379,2673,0,"[0, 1]"
441128,3232379,7232727,1,"[0, 1]"
441128,3232379,7133021,1,"[0, 1]"
441128,3232379,4762,0,"[0, 1]"
441128,3232379,4572,0,"[0, 1]"
441128,3232379,7114492,1,"[0, 1]"
441128,3232379,7225897,1,"[0, 1]"
441128,3232379,7578450,1,"[0, 1]"
441128,3232379,7237632,1,"[0, 1]"
441128,3232379,7246430,1,"[0, 1]"
441128,3232379,7110552,1,"[0, 1]"
441128,3232379,7068066,1,"[0, 1]"
441128,3232379,4426686,1,"[0, 1]"
441128,3232379,3655235,1,"[0, 1]"
441128,3232379,4179,0,"[0, 1]"
441128,3232379,7081382,1,"[0, 1]"
441128,3232379,7584372,1,"[0, 1]"
441128,3232379,7259880,1,"[0, 1]"
441128,3232379,7537310,1,"[0, 1]"
441128,3232379,7618680,1,"[0, 1]"
441128,3232379,4951,0,"[0, 1]"
441128,3232379,4390,0,"[0, 1]"
441128,3232379,3808979,1,"[0, 1]"
441128,3232379,7600671,1,"[0, 1]"
441128,3232379,7608098,1,"[0, 1]"
748054,7506788,7506788,1,"[1, 0]"
748054,7506788,3634,0,"[1, 0]"
748054,7506788,1816,0,"[1, 0]"
748054,7506788,907,0,"[1, 0]"
748054,7506788,453,0,"[1, 0]"
748054,7506788,226,0,"[1, 0]"
748054,7506788,112,0,"[1, 0]"
748054,7506788,55,0,"[1, 0]"
748054,7506788,27,0,"[1, 0]"
748054,7506788,13,0,"[1, 0]"
748054,7506788,6,0,"[1, 0]"
748054,7506788,2,0,"[1, 0]"
748054,7506788,0,0,"[1, 0]"
748054,7506788,1,0,"[0, 1]"
748054,7506788,2,0,"[0, 1]"
748054,7506788,6,0,"[0, 1]"
748054,7506788,4,0,"[0, 1]"
748054,7506788,3,0,"[0, 1]"
748054,7506788,5,0,"[0, 1]"
748054,7506788,13,0,"[0, 1]"
748054,7506788,7,0,"[0, 1]"
748054,7506788,10,0,"[0, 1]"
748054,7506788,12,0,"[0, 1]"
748054,7506788,11,0,"[0, 1]"
748054,7506788,9,0,"[0, 1]"
748054,7506788,20,0,"[0, 1]"
748054,7506788,27,0,"[0, 1]"
748054,7506788,25,0,"[0, 1]"
748054,7506788,30,0,"[0, 1]"
748054,7506788,23,0,"[0, 1]"
748054,7506788,29,0,"[0, 1]"
748054,7506788,24,0,"[0, 1]"
748054,7506788,22,0,"[0, 1]"
748054,7506788,58,0,"[0, 1]"
748054,7506788,45,0,"[0, 1]"
748054,7506788,59,0,"[0, 1]"
748054,7506788,34,0,"[0, 1]"
748054,7506788,51,0,"[0, 1]"
748054,7506788,42,0,"[0, 1]"
748054,7506788,62,0,"[0, 1]"
748054,7506788,36,0,"[0, 1]"
748054,7506788,60,0,"[0, 1]"
748054,7506788,43,0,"[0, 1]"
748054,7506788,113,0,"[0, 1]"
748054,7506788,68,0,"[0, 1]"
748054,7506788,117,0,"[0, 1]"
748054,7506788,99,0,"[0, 1]"
748054,7506788,119,0,"[0, 1]"
748054,7506788,85,0,"[0, 1]"
748054,7506788,69,0,"[0, 1]"
748054,7506788,105,0,"[0, 1]"
748054,7506788,80,0,"[0, 1]"
748054,7506788,90,0,"[0, 1]"
748054,7506788,125,0,"[0, 1]"
748054,7506788,98,0,"[0, 1]"
748054,7506788,207,0,"[0, 1]"
748054,7506788,228,0,"[0, 1]"
748054,7506788,167,0,"[0, 1]"
748054,7506788,200,0,"[0, 1]"
748054,7506788,184,0,"[0, 1]"
748054,7506788,130,0,"[0, 1]"
748054,7506788,162,0,"[0, 1]"
748054,7506788,142,0,"[0, 1]"
748054,7506788,189,0,"[0, 1]"
748054,7506788,229,0,"[0, 1]"
748054,7506788,248,0,"[0, 1]"
748054,7506788,170,0,"[0, 1]"
748054,7506788,133,0,"[0, 1]"
748054,7506788,212,0,"[0, 1]"
748054,7506788,358,0,"[0, 1]"
748054,7506788,289,0,"[0, 1]"
748054,7506788,454,0,"[0, 1]"
748054,7506788,510,0,"[0, 1]"
748054,7506788,344,0,"[0, 1]"
748054,7506788,505,0,"[0, 1]"
748054,7506788,330,0,"[0, 1]"
748054,7506788,393,0,"[0, 1]"
748054,7506788,379,0,"[0, 1]"
748054,7506788,267,0,"[0, 1]"
748054,7506788,475,0,"[0, 1]"
748054,7506788,509,0,"[0, 1]"
748054,7506788,338,0,"[0, 1]"
748054,7506788,280,0,"[0, 1]"
748054,7506788,271,0,"[0, 1]"
748054,7506788,404,0,"[0, 1]"
748054,7506788,592,0,"[0, 1]"
748054,7506788,771,0,"[0, 1]"
748054,7506788,1000,0,"[0, 1]"
748054,7506788,664,0,"[0, 1]"
748054,7506788,999,0,"[0, 1]"
748054,7506788,794,0,"[0, 1]"
748054,7506788,613,0,"[0, 1]"
748054,7506788,669,0,"[0, 1]"
748054,7506788,706,0,"[0, 1]"
748054,7506788,936,0,"[0, 1]"
748054,7506788,721,0,"[0, 1]"
748054,7506788,868,0,"[0, 1]"
748054,7506788,770,0,"[0, 1]"
748054,7506788,715,0,"[0, 1]"
748054,7506788,883,0,"[0, 1]"
748054,7506788,528,0,"[0, 1]"
748054,7506788,816,0,"[0, 1]"
748054,7506788,584,0,"[0, 1]"
748054,7506788,1980,0,"[0, 1]"
748054,7506788,1661,0,"[0, 1]"
748054,7506788,1724,0,"[0, 1]"
748054,7506788,1051,0,"[0, 1]"
748054,7506788,1195,0,"[0, 1]"
748054,7506788,1058,0,"[0, 1]"
748054,7506788,1569,0,"[0, 1]"
748054,7506788,1365,0,"[0, 1]"
748054,7506788,1419,0,"[0, 1]"
748054,7506788,1799,0,"[0, 1]"
748054,7506788,1255,0,"[0, 1]"
748054,7506788,1756,0,"[0, 1]"
748054,7506788,1273,0,"[0, 1]"
748054,7506788,1390,0,"[0, 1]"
748054,7506788,1684,0,"[0, 1]"
748054,7506788,1962,0,"[0, 1]"
748054,7506788,1573,0,"[0, 1]"
748054,7506788,1097,0,"[0, 1]"
748054,7506788,1284,0,"[0, 1]"
748054,7506788,1279,0,"[0, 1]"
748054,7506788,3008,0,"[0, 1]"
748054,7506788,3530,0,"[0, 1]"
748054,7506788,2672,0,"[0, 1]"
748054,7506788,3541,0,"[0, 1]"
748054,7506788,2715,0,"[0, 1]"
748054,7506788,3820,0,"[0, 1]"
748054,7506788,2635,0,"[0, 1]"
748054,7506788,4052,0,"[0, 1]"
748054,7506788,2397,0,"[0, 1]"
748054,7506788,3944,0,"[0, 1]"
748054,7506788,2084,0,"[0, 1]"
748054,7506788,3227,0,"[0, 1]"
748054,7506788,3068,0,"[0, 1]"
748054,7506788,2266,0,"[0, 1]"
748054,7506788,3614,0,"[0, 1]"
748054,7506788,3598,0,"[0, 1]"
748054,7506788,2998,0,"[0, 1]"
748054,7506788,3639,0,"[0, 1]"
748054,7506788,3887,0,"[0, 1]"
748054,7506788,3006,0,"[0, 1]"
748054,7506788,3208,0,"[0, 1]"
748054,7506788,2327,0,"[0, 1]"
748054,7506788,4245,0,"[0, 1]"
748054,7506788,7085111,1,"[0, 1]"
748054,7506788,7067348,1,"[0, 1]"
748054,7506788,7129076,1,"[0, 1]"
748054,7506788,4519,0,"[0, 1]"
748054,7506788,6412053,1,"[0, 1]"
748054,7506788,7294715,1,"[0, 1]"
748054,7506788,7591292,1,"[0, 1]"
748054,7506788,4694,0,"[0, 1]"
748054,7506788,7226370,1,"[0, 1]"
748054,7506788,4796,0,"[0, 1]"
748054,7506788,4318,0,"[0, 1]"
748054,7506788,4168,0,"[0, 1]"
748054,7506788,7071494,1,"[0, 1]"
748054,7506788,7274432,1,"[0, 1]"
748054,7506788,7160861,1,"[0, 1]"
748054,7506788,4527,0,"[0, 1]"
748054,7506788,7469042,1,"[0, 1]"
748054,7506788,7367968,1,"[0, 1]"
748054,7506788,7643455,1,"[0, 1]"
748054,7506788,4683,0,"[0, 1]"
748054,7506788,7070643,1,"[0, 1]"
748054,7506788,2642160,1,"[0, 1]"
748054,7506788,7217940,1,"[0, 1]"
748054,7506791,7506791,1,"[1, 0]"
748054,7506791,3631,0,"[1, 0]"
748054,7506791,1815,0,"[1, 0]"
748054,7506791,907,0,"[1, 0]"
748054,7506791,453,0,"[1, 0]"
748054,7506791,226,0,"[1, 0]"
748054,7506791,112,0,"[1, 0]"
748054,7506791,55,0,"[1, 0]"
748054,7506791,27,0,"[1, 0]"
748054,7506791,13,0,"[1, 0]"
748054,7506791,6,0,"[1, 0]"
748054,7506791,2,0,"[1, 0]"
748054,7506791,0,0,"[1, 0]"
748054,7506791,1,0,"[0, 1]"
748054,7506791,2,0,"[0, 1]"
748054,7506791,6,0,"[0, 1]"
748054,7506791,3,0,"[0, 1]"
748054,7506791,4,0,"[0, 1]"
748054,7506791,5,0,"[0, 1]"
748054,7506791,9,0,"[0, 1]"
748054,7506791,11,0,"[0, 1]"
748054,7506791,10,0,"[0, 1]"
748054,7506791,8,0,"[0, 1]"
748054,7506791,12,0,"[0, 1]"
748054,7506791,13,0,"[0, 1]"
748054,7506791,20,0,"[0, 1]"
748054,7506791,15,0,"[0, 1]"
748054,7506791,19,0,"[0, 1]"
748054,7506791,21,0,"[0, 1]"
748054,7506791,25,0,"[0, 1]"
748054,7506791,18,0,"[0, 1]"
748054,7506791,24,0,"[0, 1]"
748054,7506791,26,0,"[0, 1]"
748054,7506791,43,0,"[0, 1]"
748054,7506791,41,0,"[0, 1]"
748054,7506791,52,0,"[0, 1]"
748054,7506791,49,0,"[0, 1]"
748054,7506791,56,0,"[0, 1]"
748054,7506791,36,0,"[0, 1]"
748054,7506791,40,0,"[0, 1]"
748054,7506791,50,0,"[0, 1]"
748054,7506791,44,0,"[0, 1]"
748054,7506791,33,0,"[0, 1]"
748054,7506791,84,0,"[0, 1]"
748054,7506791,120,0,"[0, 1]"
748054,7506791,104,0,"[0, 1]"
748054,7506791,114,0,"[0, 1]"
748054,7506791,70,0,"[0, 1]"
748054,7506791,124,0,"[0, 1]"
748054,7506791,119,0,"[0, 1]"
748054,7506791,95,0,"[0, 1]"
748054,7506791,101,0,"[0, 1]"
748054,7506791,81,0,"[0, 1]"
748054,7506791,68,0,"[0, 1]"
748054,7506791,67,0,"[0, 1]"
748054,7506791,173,0,"[0, 1]"
748054,7506791,237,0,"[0, 1]"
748054,7506791,222,0,"[0, 1]"
748054,7506791,165,0,"[0, 1]"
748054,7506791,206,0,"[0, 1]"
748054,7506791,214,0,"[0, 1]"
748054,7506791,137,0,"[0, 1]"
748054,7506791,254,0,"[0, 1]"
748054,7506791,245,0,"[0, 1]"
748054,7506791,140,0,"[0, 1]"
748054,7506791,166,0,"[0, 1]"
748054,7506791,178,0,"[0, 1]"
748054,7506791,195,0,"[0, 1]"
748054,7506791,147,0,"[0, 1]"
748054,7506791,501,0,"[0, 1]"
748054,7506791,266,0,"[0, 1]"
748054,7506791,346,0,"[0, 1]"
748054,7506791,295,0,"[0, 1]"
748054,7506791,376,0,"[0, 1]"
748054,7506791,357,0,"[0, 1]"
748054,7506791,407,0,"[0, 1]"
748054,7506791,417,0,"[0, 1]"
748054,7506791,451,0,"[0, 1]"
748054,7506791,264,0,"[0, 1]"
748054,7506791,333,0,"[0, 1]"
748054,7506791,444,0,"[0, 1]"
748054,7506791,379,0,"[0, 1]"
748054,7506791,377,0,"[0, 1]"
748054,7506791,308,0,"[0, 1]"
748054,7506791,479,0,"[0, 1]"
748054,7506791,1009,0,"[0, 1]"
748054,7506791,723,0,"[0, 1]"
748054,7506791,914,0,"[0, 1]"
748054,7506791,575,0,"[0, 1]"
748054,7506791,754,0,"[0, 1]"
748054,7506791,739,0,"[0, 1]"
748054,7506791,698,0,"[0, 1]"
748054,7506791,742,0,"[0, 1]"
748054,7506791,816,0,"[0, 1]"
748054,7506791,782,0,"[0, 1]"
748054,7506791,789,0,"[0, 1]"
748054,7506791,980,0,"[0, 1]"
748054,7506791,899,0,"[0, 1]"
748054,7506791,886,0,"[0, 1]"
748054,7506791,591,0,"[0, 1]"
748054,7506791,661,0,"[0, 1]"
748054,7506791,534,0,"[0, 1]"
748054,7506791,611,0,"[0, 1]"
748054,7506791,1065,0,"[0, 1]"
748054,7506791,1801,0,"[0, 1]"
748054,7506791,1807,0,"[0, 1]"
748054,7506791,1216,0,"[0, 1]"
748054,7506791,2008,0,"[0, 1]"
748054,7506791,1410,0,"[0, 1]"
748054,7506791,1900,0,"[0, 1]"
748054,7506791,1872,0,"[0, 1]"
748054,7506791,1138,0,"[0, 1]"
748054,7506791,1236,0,"[0, 1]"
748054,7506791,1196,0,"[0, 1]"
748054,7506791,1235,0,"[0, 1]"
748054,7506791,1939,0,"[0, 1]"
748054,7506791,1685,0,"[0, 1]"
748054,7506791,1389,0,"[0, 1]"
748054,7506791,1233,0,"[0, 1]"
748054,7506791,1337,0,"[0, 1]"
748054,7506791,1582,0,"[0, 1]"
748054,7506791,1812,0,"[0, 1]"
748054,7506791,1682,0,"[0, 1]"
748054,7506791,3246,0,"[0, 1]"
748054,7506791,3874,0,"[0, 1]"
748054,7506791,2626,0,"[0, 1]"
748054,7506791,4089,0,"[0, 1]"
748054,7506791,2281,0,"[0, 1]"
748054,7506791,3589,0,"[0, 1]"
748054,7506791,3370,0,"[0, 1]"
748054,7506791,2201,0,"[0, 1]"
748054,7506791,2101,0,"[0, 1]"
748054,7506791,3187,0,"[0, 1]"
748054,7506791,4006,0,"[0, 1]"
748054,7506791,2533,0,"[0, 1]"
748054,7506791,2714,0,"[0, 1]"
748054,7506791,2368,0,"[0, 1]"
748054,7506791,2622,0,"[0, 1]"
748054,7506791,4042,0,"[0, 1]"
748054,7506791,2588,0,"[0, 1]"
748054,7506791,2515,0,"[0, 1]"
748054,7506791,2256,0,"[0, 1]"
748054,7506791,3989,0,"[0, 1]"
748054,7506791,2984,0,"[0, 1]"
748054,7506791,2684,0,"[0, 1]"
748054,7506791,4052584,1,"[0, 1]"
748054,7506791,1376394,1,"[0, 1]"
748054,7506791,562230,1,"[0, 1]"
748054,7506791,7673777,1,"[0, 1]"
748054,7506791,7285745,1,"[0, 1]"
748054,7506791,7532374,1,"[0, 1]"
748054,7506791,7204209,1,"[0, 1]"
748054,7506791,7579416,1,"[0, 1]"
748054,7506791,7405491,1,"[0, 1]"
748054,7506791,4568,0,"[0, 1]"
748054,7506791,7193967,1,"[0, 1]"
748054,7506791,4394,0,"[0, 1]"
748054,7506791,4154,0,"[0, 1]"
748054,7506791,7337466,1,"[0, 1]"
748054,7506791,7570239,1,"[0, 1]"
748054,7506791,7320560,1,"[0, 1]"
748054,7506791,7113372,1,"[0, 1]"
748054,7506791,7254457,1,"[0, 1]"
748054,7506791,4857,0,"[0, 1]"
748054,7506791,7515975,1,"[0, 1]"
748054,7506791,4612,0,"[0, 1]"
748054,7506791,7585667,1,"[0, 1]"
748054,7506791,7481432,1,"[0, 1]"
748054,7506791,7638566,1,"[0, 1]"
329515,7507103,7507103,1,"[1, 0]"
329515,7507103,2932,0,"[1, 0]"
329515,7507103,1465,0,"[1, 0]"
329515,7507103,732,0,"[1, 0]"
329515,7507103,365,0,"[1, 0]"
329515,7507103,182,0,"[1, 0]"
329515,7507103,90,0,"[1, 0]"
329515,7507103,44,0,"[1, 0]"
329515,7507103,21,0,"[1, 0]"
329515,7507103,10,0,"[1, 0]"
329515,7507103,4,0,"[1, 0]"
329515,7507103,1,0,"[1, 0]"
329515,7507103,0,0,"[1, 0]"
329515,7507103,1,0,"[0, 1]"
329515,7507103,2,0,"[0, 1]"
329515,7507103,3,0,"[0, 1]"
329515,7507103,6,0,"[0, 1]"
329515,7507103,4,0,"[0, 1]"
329515,7507103,5,0,"[0, 1]"
329515,7507103,12,0,"[0, 1]"
329515,7507103,7,0,"[0, 1]"
329515,7507103,11,0,"[0, 1]"
329515,7507103,9,0,"[0, 1]"
329515,7507103,8,0,"[0, 1]"
329515,7507103,14,0,"[0, 1]"
329515,7507103,19,0,"[0, 1]"
329515,7507103,28,0,"[0, 1]"
329515,7507103,16,0,"[0, 1]"
329515,7507103,22,0,"[0, 1]"
329515,7507103,24,0,"[0, 1]"
329515,7507103,21,0,"[0, 1]"
329515,7507103,23,0,"[0, 1]"
329515,7507103,26,0,"[0, 1]"
329515,7507103,40,0,"[0, 1]"
329515,7507103,44,0,"[0, 1]"
329515,7507103,54,0,"[0, 1]"
329515,7507103,35,0,"[0, 1]"
329515,7507103,48,0,"[0, 1]"
329515,7507103,55,0,"[0, 1]"
329515,7507103,62,0,"[0, 1]"
329515,7507103,42,0,"[0, 1]"
329515,7507103,56,0,"[0, 1]"
329515,7507103,34,0,"[0, 1]"
329515,7507103,119,0,"[0, 1]"
329515,7507103,88,0,"[0, 1]"
329515,7507103,102,0,"[0, 1]"
329515,7507103,79,0,"[0, 1]"
329515,7507103,64,0,"[0, 1]"
329515,7507103,106,0,"[0, 1]"
329515,7507103,92,0,"[0, 1]"
329515,7507103,84,0,"[0, 1]"
329515,7507103,103,0,"[0, 1]"
329515,7507103,90,0,"[0, 1]"
329515,7507103,91,0,"[0, 1]"
329515,7507103,96,0,"[0, 1]"
329515,7507103,190,0,"[0, 1]"
329515,7507103,185,0,"[0, 1]"
329515,7507103,188,0,"[0, 1]"
329515,7507103,248,0,"[0, 1]"
329515,7507103,167,0,"[0, 1]"
329515,7507103,162,0,"[0, 1]"
329515,7507103,220,0,"[0, 1]"
329515,7507103,236,0,"[0, 1]"
329515,7507103,157,0,"[0, 1]"
329515,7507103,217,0,"[0, 1]"
329515,7507103,205,0,"[0, 1]"
329515,7507103,229,0,"[0, 1]"
329515,7507103,223,0,"[0, 1]"
329515,7507103,235,0,"[0, 1]"
329515,7507103,499,0,"[0, 1]"
329515,7507103,454,0,"[0, 1]"
329515,7507103,483,0,"[0, 1]"
329515,7507103,268,0,"[0, 1]"
329515,7507103,261,0,"[0, 1]"
329515,7507103,292,0,"[0, 1]"
329515,7507103,479,0,"[0, 1]"
329515,7507103,264,0,"[0, 1]"
329515,7507103,489,0,"[0, 1]"
329515,7507103,440,0,"[0, 1]"
329515,7507103,265,0,"[0, 1]"
329515,7507103,473,0,"[0, 1]"
329515,7507103,334,0,"[0, 1]"
329515,7507103,379,0,"[0, 1]"
329515,7507103,380,0,"[0, 1]"
329515,7507103,480,0,"[0, 1]"
329515,7507103,860,0,"[0, 1]"
329515,7507103,1007,0,"[0, 1]"
329515,7507103,610,0,"[0, 1]"
329515,7507103,633,0,"[0, 1]"
329515,7507103,947,0,"[0, 1]"
329515,7507103,958,0,"[0, 1]"
329515,7507103,927,0,"[0, 1]"
329515,7507103,900,0,"[0, 1]"
329515,7507103,716,0,"[0, 1]"
329515,7507103,590,0,"[0, 1]"
329515,7507103,533,0,"[0, 1]"
329515,7507103,972,0,"[0, 1]"
329515,7507103,705,0,"[0, 1]"
329515,7507103,946,0,"[0, 1]"
329515,7507103,839,0,"[0, 1]"
329515,7507103,936,0,"[0, 1]"
329515,7507103,891,0,"[0, 1]"
329515,7507103,848,0,"[0, 1]"
329515,7507103,1612,0,"[0, 1]"
329515,7507103,1512,0,"[0, 1]"
329515,7507103,1460,0,"[0, 1]"
329515,7507103,2029,0,"[0, 1]"
329515,7507103,1929,0,"[0, 1]"
329515,7507103,1060,0,"[0, 1]"
329515,7507103,1323,0,"[0, 1]"
329515,7507103,1049,0,"[0, 1]"
329515,7507103,1652,0,"[0, 1]"
329515,7507103,1337,0,"[0, 1]"
329515,7507103,1896,0,"[0, 1]"
329515,7507103,1762,0,"[0, 1]"
329515,7507103,2027,0,"[0, 1]"
329515,7507103,2008,0,"[0, 1]"
329515,7507103,1967,0,"[0, 1]"
329515,7507103,1794,0,"[0, 1]"
329515,7507103,1195,0,"[0, 1]"
329515,7507103,1603,0,"[0, 1]"
329515,7507103,1865,0,"[0, 1]"
329515,7507103,1528,0,"[0, 1]"
329515,7507103,3628,0,"[0, 1]"
329515,7507103,3168,0,"[0, 1]"
329515,7507103,2411,0,"[0, 1]"
329515,7507103,3079,0,"[0, 1]"
329515,7507103,2876,0,"[0, 1]"
329515,7507103,3704,0,"[0, 1]"
329515,7507103,2390,0,"[0, 1]"
329515,7507103,3817,0,"[0, 1]"
329515,7507103,2917,0,"[0, 1]"
329515,7507103,2802,0,"[0, 1]"
329515,7507103,2666,0,"[0, 1]"
329515,7507103,3178,0,"[0, 1]"
329515,7507103,2119,0,"[0, 1]"
329515,7507103,2942,0,"[0, 1]"
329515,7507103,3446,0,"[0, 1]"
329515,7507103,2426,0,"[0, 1]"
329515,7507103,3066,0,"[0, 1]"
329515,7507103,3201,0,"[0, 1]"
329515,7507103,2396,0,"[0, 1]"
329515,7507103,3770,0,"[0, 1]"
329515,7507103,2877,0,"[0, 1]"
329515,7507103,3526,0,"[0, 1]"
329515,7507103,7093515,1,"[0, 1]"
329515,7507103,4435,0,"[0, 1]"
329515,7507103,7076754,1,"[0, 1]"
329515,7507103,4346,0,"[0, 1]"
329515,7507103,4305606,1,"[0, 1]"
329515,7507103,7295448,1,"[0, 1]"
329515,7507103,7221660,1,"[0, 1]"
329515,7507103,7200948,1,"[0, 1]"
329515,7507103,4156,0,"[0, 1]"
329515,7507103,4783,0,"[0, 1]"
329515,7507103,7267611,1,"[0, 1]"
329515,7507103,4713,0,"[0, 1]"
329515,7507103,7622236,1,"[0, 1]"
329515,7507103,7230049,1,"[0, 1]"
329515,7507103,7464463,1,"[0, 1]"
329515,7507103,7453182,1,"[0, 1]"
329515,7507103,4708,0,"[0, 1]"
329515,7507103,4665,0,"[0, 1]"
329515,7507103,7613985,1,"[0, 1]"
329515,7507103,7069601,1,"[0, 1]"
329515,7507103,7119001,1,"[0, 1]"
329515,7507103,7153291,1,"[0, 1]"
329515,7507103,7140336,1,"[0, 1]"
329515,7507103,7269275,1,"[0, 1]"
560059,7507248,7507248,1,"[1, 0]"
560059,7507248,2595,0,"[1, 0]"
560059,7507248,1297,0,"[1, 0]"
560059,7507248,648,0,"[1, 0]"
560059,7507248,323,0,"[1, 0]"
560059,7507248,161,0,"[1, 0]"
560059,7507248,80,0,"[1, 0]"
560059,7507248,39,0,"[1, 0]"
560059,7507248,19,0,"[1, 0]"
560059,7507248,9,0,"[1, 0]"
560059,7507248,4,0,"[1, 0]"
560059,7507248,1,0,"[1, 0]"
560059,7507248,0,0,"[1, 0]"
560059,7507248,1,0,"[0, 1]"
560059,7507248,2,0,"[0, 1]"
560059,7507248,3,0,"[0, 1]"
560059,7507248,4,0,"[0, 1]"
560059,7507248,6,0,"[0, 1]"
560059,7507248,5,0,"[0, 1]"
560059,7507248,13,0,"[0, 1]"
560059,7507248,14,0,"[0, 1]"
560059,7507248,11,0,"[0, 1]"
560059,7507248,9,0,"[0, 1]"
560059,7507248,12,0,"[0, 1]"
560059,7507248,7,0,"[0, 1]"
560059,7507248,23,0,"[0, 1]"
560059,7507248,18,0,"[0, 1]"
560059,7507248,21,0,"[0, 1]"
560059,7507248,24,0,"[0, 1]"
560059,7507248,16,0,"[0, 1]"
560059,7507248,22,0,"[0, 1]"
560059,7507248,25,0,"[0, 1]"
560059,7507248,28,0,"[0, 1]"
560059,7507248,42,0,"[0, 1]"
560059,7507248,61,0,"[0, 1]"
560059,7507248,41,0,"[0, 1]"
560059,7507248,40,0,"[0, 1]"
560059,7507248,31,0,"[0, 1]"
560059,7507248,49,0,"[0, 1]"
560059,7507248,35,0,"[0, 1]"
560059,7507248,43,0,"[0, 1]"
560059,7507248,52,0,"[0, 1]"
560059,7507248,46,0,"[0, 1]"
560059,7507248,88,0,"[0, 1]"
560059,7507248,80,0,"[0, 1]"
560059,7507248,96,0,"[0, 1]"
560059,7507248,66,0,"[0, 1]"
560059,7507248,89,0,"[0, 1]"
560059,7507248,84,0,"[0, 1]"
560059,7507248,71,0,"[0, 1]"
560059,7507248,67,0,"[0, 1]"
560059,7507248,99,0,"[0, 1]"
560059,7507248,95,0,"[0, 1]"
560059,7507248,121,0,"[0, 1]"
560059,7507248,73,0,"[0, 1]"
560059,7507248,134,0,"[0, 1]"
560059,7507248,168,0,"[0, 1]"
560059,7507248,167,0,"[0, 1]"
560059,7507248,214,0,"[0, 1]"
560059,7507248,198,0,"[0, 1]"
560059,7507248,229,0,"[0, 1]"
560059,7507248,187,0,"[0, 1]"
560059,7507248,138,0,"[0, 1]"
560059,7507248,254,0,"[0, 1]"
560059,7507248,186,0,"[0, 1]"
560059,7507248,177,0,"[0, 1]"
560059,7507248,225,0,"[0, 1]"
560059,7507248,160,0,"[0, 1]"
560059,7507248,209,0,"[0, 1]"
560059,7507248,506,0,"[0, 1]"
560059,7507248,499,0,"[0, 1]"
560059,7507248,278,0,"[0, 1]"
560059,7507248,386,0,"[0, 1]"
560059,7507248,426,0,"[0, 1]"
560059,7507248,312,0,"[0, 1]"
560059,7507248,346,0,"[0, 1]"
560059,7507248,270,0,"[0, 1]"
560059,7507248,265,0,"[0, 1]"
560059,7507248,404,0,"[0, 1]"
560059,7507248,356,0,"[0, 1]"
560059,7507248,305,0,"[0, 1]"
560059,7507248,311,0,"[0, 1]"
560059,7507248,316,0,"[0, 1]"
560059,7507248,387,0,"[0, 1]"
560059,7507248,438,0,"[0, 1]"
560059,7507248,768,0,"[0, 1]"
560059,7507248,879,0,"[0, 1]"
560059,7507248,751,0,"[0, 1]"
560059,7507248,806,0,"[0, 1]"
560059,7507248,906,0,"[0, 1]"
560059,7507248,776,0,"[0, 1]"
560059,7507248,614,0,"[0, 1]"
560059,7507248,873,0,"[0, 1]"
560059,7507248,540,0,"[0, 1]"
560059,7507248,1009,0,"[0, 1]"
560059,7507248,957,0,"[0, 1]"
560059,7507248,711,0,"[0, 1]"
560059,7507248,895,0,"[0, 1]"
560059,7507248,698,0,"[0, 1]"
560059,7507248,644,0,"[0, 1]"
560059,7507248,581,0,"[0, 1]"
560059,7507248,846,0,"[0, 1]"
560059,7507248,645,0,"[0, 1]"
560059,7507248,1262,0,"[0, 1]"
560059,7507248,1763,0,"[0, 1]"
560059,7507248,1037,0,"[0, 1]"
560059,7507248,1259,0,"[0, 1]"
560059,7507248,1748,0,"[0, 1]"
560059,7507248,1134,0,"[0, 1]"
560059,7507248,1151,0,"[0, 1]"
560059,7507248,1875,0,"[0, 1]"
560059,7507248,1590,0,"[0, 1]"
560059,7507248,1085,0,"[0, 1]"
560059,7507248,1206,0,"[0, 1]"
560059,7507248,2004,0,"[0, 1]"
560059,7507248,1293,0,"[0, 1]"
560059,7507248,1948,0,"[0, 1]"
560059,7507248,1398,0,"[0, 1]"
560059,7507248,1370,0,"[0, 1]"
560059,7507248,1339,0,"[0, 1]"
560059,7507248,1323,0,"[0, 1]"
560059,7507248,1579,0,"[0, 1]"
560059,7507248,1312,0,"[0, 1]"
560059,7507248,3009,0,"[0, 1]"
560059,7507248,2562,0,"[0, 1]"
560059,7507248,2250,0,"[0, 1]"
560059,7507248,2428,0,"[0, 1]"
560059,7507248,3429,0,"[0, 1]"
560059,7507248,3673,0,"[0, 1]"
560059,7507248,3329,0,"[0, 1]"
560059,7507248,2720,0,"[0, 1]"
560059,7507248,3320,0,"[0, 1]"
560059,7507248,2230,0,"[0, 1]"
560059,7507248,2664,0,"[0, 1]"
560059,7507248,2378,0,"[0, 1]"
560059,7507248,3597,0,"[0, 1]"
560059,7507248,3234,0,"[0, 1]"
560059,7507248,2115,0,"[0, 1]"
560059,7507248,2205,0,"[0, 1]"
560059,7507248,2874,0,"[0, 1]"
560059,7507248,4038,0,"[0, 1]"
560059,7507248,3484,0,"[0, 1]"
560059,7507248,3410,0,"[0, 1]"
560059,7507248,2432,0,"[0, 1]"
560059,7507248,2606,0,"[0, 1]"
560059,7507248,4715,0,"[0, 1]"
560059,7507248,7283746,1,"[0, 1]"
560059,7507248,7629694,1,"[0, 1]"
560059,7507248,4592,0,"[0, 1]"
560059,7507248,7384896,1,"[0, 1]"
560059,7507248,7482389,1,"[0, 1]"
560059,7507248,4220,0,"[0, 1]"
560059,7507248,7201894,1,"[0, 1]"
560059,7507248,7290481,1,"[0, 1]"
560059,7507248,7149449,1,"[0, 1]"
560059,7507248,7455599,1,"[0, 1]"
560059,7507248,4498,0,"[0, 1]"
560059,7507248,3828290,1,"[0, 1]"
560059,7507248,7460130,1,"[0, 1]"
560059,7507248,7449503,1,"[0, 1]"
560059,7507248,7484272,1,"[0, 1]"
560059,7507248,5516546,1,"[0, 1]"
560059,7507248,7338809,1,"[0, 1]"
560059,7507248,3408903,1,"[0, 1]"
560059,7507248,7392290,1,"[0, 1]"
560059,7507248,7188576,1,"[0, 1]"
560059,7507248,7230798,1,"[0, 1]"
560059,7507248,7672252,1,"[0, 1]"
560059,7507248,7292567,1,"[0, 1]"
634038,7507377,7507377,1,"[1, 0]"
634038,7507377,3514,0,"[1, 0]"
634038,7507377,1756,0,"[1, 0]"
634038,7507377,877,0,"[1, 0]"
634038,7507377,438,0,"[1, 0]"
634038,7507377,218,0,"[1, 0]"
634038,7507377,108,0,"[1, 0]"
634038,7507377,53,0,"[1, 0]"
634038,7507377,26,0,"[1, 0]"
634038,7507377,12,0,"[1, 0]"
634038,7507377,5,0,"[1, 0]"
634038,7507377,2,0,"[1, 0]"
634038,7507377,0,0,"[1, 0]"
634038,7507377,1,0,"[0, 1]"
634038,7507377,2,0,"[0, 1]"
634038,7507377,3,0,"[0, 1]"
634038,7507377,6,0,"[0, 1]"
634038,7507377,4,0,"[0, 1]"
634038,7507377,5,0,"[0, 1]"
634038,7507377,14,0,"[0, 1]"
634038,7507377,11,0,"[0, 1]"
634038,7507377,7,0,"[0, 1]"
634038,7507377,8,0,"[0, 1]"
634038,7507377,13,0,"[0, 1]"
634038,7507377,12,0,"[0, 1]"
634038,7507377,27,0,"[0, 1]"
634038,7507377,24,0,"[0, 1]"
634038,7507377,18,0,"[0, 1]"
634038,7507377,22,0,"[0, 1]"
634038,7507377,25,0,"[0, 1]"
634038,7507377,15,0,"[0, 1]"
634038,7507377,23,0,"[0, 1]"
634038,7507377,21,0,"[0, 1]"
634038,7507377,56,0,"[0, 1]"
634038,7507377,52,0,"[0, 1]"
634038,7507377,33,0,"[0, 1]"
634038,7507377,37,0,"[0, 1]"
634038,7507377,40,0,"[0, 1]"
634038,7507377,61,0,"[0, 1]"
634038,7507377,42,0,"[0, 1]"
634038,7507377,57,0,"[0, 1]"
634038,7507377,32,0,"[0, 1]"
634038,7507377,62,0,"[0, 1]"
634038,7507377,93,0,"[0, 1]"
634038,7507377,116,0,"[0, 1]"
634038,7507377,69,0,"[0, 1]"
634038,7507377,75,0,"[0, 1]"
634038,7507377,101,0,"[0, 1]"
634038,7507377,82,0,"[0, 1]"
634038,7507377,102,0,"[0, 1]"
634038,7507377,117,0,"[0, 1]"
634038,7507377,85,0,"[0, 1]"
634038,7507377,97,0,"[0, 1]"
634038,7507377,71,0,"[0, 1]"
634038,7507377,74,0,"[0, 1]"
634038,7507377,219,0,"[0, 1]"
634038,7507377,235,0,"[0, 1]"
634038,7507377,247,0,"[0, 1]"
634038,7507377,160,0,"[0, 1]"
634038,7507377,203,0,"[0, 1]"
634038,7507377,161,0,"[0, 1]"
634038,7507377,130,0,"[0, 1]"
634038,7507377,182,0,"[0, 1]"
634038,7507377,196,0,"[0, 1]"
634038,7507377,218,0,"[0, 1]"
634038,7507377,136,0,"[0, 1]"
634038,7507377,146,0,"[0, 1]"
634038,7507377,222,0,"[0, 1]"
634038,7507377,167,0,"[0, 1]"
634038,7507377,297,0,"[0, 1]"
634038,7507377,487,0,"[0, 1]"
634038,7507377,366,0,"[0, 1]"
634038,7507377,308,0,"[0, 1]"
634038,7507377,263,0,"[0, 1]"
634038,7507377,329,0,"[0, 1]"
634038,7507377,342,0,"[0, 1]"
634038,7507377,256,0,"[0, 1]"
634038,7507377,464,0,"[0, 1]"
634038,7507377,321,0,"[0, 1]"
634038,7507377,293,0,"[0, 1]"
634038,7507377,390,0,"[0, 1]"
634038,7507377,387,0,"[0, 1]"
634038,7507377,442,0,"[0, 1]"
634038,7507377,433,0,"[0, 1]"
634038,7507377,397,0,"[0, 1]"
634038,7507377,609,0,"[0, 1]"
634038,7507377,875,0,"[0, 1]"
634038,7507377,804,0,"[0, 1]"
634038,7507377,879,0,"[0, 1]"
634038,7507377,997,0,"[0, 1]"
634038,7507377,917,0,"[0, 1]"
634038,7507377,867,0,"[0, 1]"
634038,7507377,742,0,"[0, 1]"
634038,7507377,759,0,"[0, 1]"
634038,7507377,689,0,"[0, 1]"
634038,7507377,724,0,"[0, 1]"
634038,7507377,729,0,"[0, 1]"
634038,7507377,558,0,"[0, 1]"
634038,7507377,861,0,"[0, 1]"
634038,7507377,775,0,"[0, 1]"
634038,7507377,699,0,"[0, 1]"
634038,7507377,908,0,"[0, 1]"
634038,7507377,1015,0,"[0, 1]"
634038,7507377,1879,0,"[0, 1]"
634038,7507377,1027,0,"[0, 1]"
634038,7507377,1191,0,"[0, 1]"
634038,7507377,1302,0,"[0, 1]"
634038,7507377,1502,0,"[0, 1]"
634038,7507377,1100,0,"[0, 1]"
634038,7507377,1985,0,"[0, 1]"
634038,7507377,1611,0,"[0, 1]"
634038,7507377,1856,0,"[0, 1]"
634038,7507377,1368,0,"[0, 1]"
634038,7507377,1509,0,"[0, 1]"
634038,7507377,1945,0,"[0, 1]"
634038,7507377,1180,0,"[0, 1]"
634038,7507377,1610,0,"[0, 1]"
634038,7507377,1292,0,"[0, 1]"
634038,7507377,1636,0,"[0, 1]"
634038,7507377,1444,0,"[0, 1]"
634038,7507377,1783,0,"[0, 1]"
634038,7507377,1466,0,"[0, 1]"
634038,7507377,1675,0,"[0, 1]"
634038,7507377,2926,0,"[0, 1]"
634038,7507377,3407,0,"[0, 1]"
634038,7507377,2664,0,"[0, 1]"
634038,7507377,3775,0,"[0, 1]"
634038,7507377,3846,0,"[0, 1]"
634038,7507377,3777,0,"[0, 1]"
634038,7507377,3677,0,"[0, 1]"
634038,7507377,2416,0,"[0, 1]"
634038,7507377,2239,0,"[0, 1]"
634038,7507377,3600,0,"[0, 1]"
634038,7507377,2655,0,"[0, 1]"
634038,7507377,2172,0,"[0, 1]"
634038,7507377,2485,0,"[0, 1]"
634038,7507377,2575,0,"[0, 1]"
634038,7507377,3749,0,"[0, 1]"
634038,7507377,3533,0,"[0, 1]"
634038,7507377,3667,0,"[0, 1]"
634038,7507377,2136,0,"[0, 1]"
634038,7507377,3721,0,"[0, 1]"
634038,7507377,3013,0,"[0, 1]"
634038,7507377,3272,0,"[0, 1]"
634038,7507377,3415,0,"[0, 1]"
634038,7507377,4227,0,"[0, 1]"
634038,7507377,4343,0,"[0, 1]"
634038,7507377,4990,0,"[0, 1]"
634038,7507377,7460936,1,"[0, 1]"
634038,7507377,7118484,1,"[0, 1]"
634038,7507377,7335580,1,"[0, 1]"
634038,7507377,7443091,1,"[0, 1]"
634038,7507377,7689813,1,"[0, 1]"
634038,7507377,4918,0,"[0, 1]"
634038,7507377,7188993,1,"[0, 1]"
634038,7507377,7687385,1,"[0, 1]"
634038,7507377,7528852,1,"[0, 1]"
634038,7507377,4961,0,"[0, 1]"
634038,7507377,7497667,1,"[0, 1]"
634038,7507377,7085726,1,"[0, 1]"
634038,7507377,7108916,1,"[0, 1]"
634038,7507377,4787,0,"[0, 1]"
634038,7507377,7635087,1,"[0, 1]"
634038,7507377,7407735,1,"[0, 1]"
634038,7507377,7549372,1,"[0, 1]"
634038,7507377,6147967,1,"[0, 1]"
634038,7507377,7106361,1,"[0, 1]"
634038,7507377,4561,0,"[0, 1]"
634038,7507377,7098781,1,"[0, 1]"
1101861,7507566,7507566,1,"[1, 0]"
1101861,7507566,4369,0,"[1, 0]"
1101861,7507566,2669,0,"[1, 0]"
1101861,7507566,1334,0,"[1, 0]"
1101861,7507566,666,0,"[1, 0]"
1101861,7507566,332,0,"[1, 0]"
1101861,7507566,165,0,"[1, 0]"
1101861,7507566,82,0,"[1, 0]"
1101861,7507566,40,0,"[1, 0]"
1101861,7507566,19,0,"[1, 0]"
1101861,7507566,9,0,"[1, 0]"
1101861,7507566,4,0,"[1, 0]"
1101861,7507566,1,0,"[1, 0]"
1101861,7507566,0,0,"[1, 0]"
1101861,7507566,2,0,"[0, 1]"
1101861,7507566,1,0,"[0, 1]"
1101861,7507566,4,0,"[0, 1]"
1101861,7507566,6,0,"[0, 1]"
1101861,7507566,3,0,"[0, 1]"
1101861,7507566,5,0,"[0, 1]"
1101861,7507566,10,0,"[0, 1]"
1101861,7507566,7,0,"[0, 1]"
1101861,7507566,9,0,"[0, 1]"
1101861,7507566,8,0,"[0, 1]"
1101861,7507566,12,0,"[0, 1]"
1101861,7507566,13,0,"[0, 1]"
1101861,7507566,30,0,"[0, 1]"
1101861,7507566,20,0,"[0, 1]"
1101861,7507566,27,0,"[0, 1]"
1101861,7507566,19,0,"[0, 1]"
1101861,7507566,26,0,"[0, 1]"
1101861,7507566,18,0,"[0, 1]"
1101861,7507566,15,0,"[0, 1]"
1101861,7507566,29,0,"[0, 1]"
1101861,7507566,31,0,"[0, 1]"
1101861,7507566,57,0,"[0, 1]"
1101861,7507566,61,0,"[0, 1]"
1101861,7507566,37,0,"[0, 1]"
1101861,7507566,49,0,"[0, 1]"
1101861,7507566,59,0,"[0, 1]"
1101861,7507566,52,0,"[0, 1]"
1101861,7507566,38,0,"[0, 1]"
1101861,7507566,58,0,"[0, 1]"
1101861,7507566,46,0,"[0, 1]"
1101861,7507566,83,0,"[0, 1]"
1101861,7507566,115,0,"[0, 1]"
1101861,7507566,123,0,"[0, 1]"
1101861,7507566,120,0,"[0, 1]"
1101861,7507566,66,0,"[0, 1]"
1101861,7507566,122,0,"[0, 1]"
1101861,7507566,104,0,"[0, 1]"
1101861,7507566,65,0,"[0, 1]"
1101861,7507566,79,0,"[0, 1]"
1101861,7507566,109,0,"[0, 1]"
1101861,7507566,86,0,"[0, 1]"
1101861,7507566,69,0,"[0, 1]"
1101861,7507566,149,0,"[0, 1]"
1101861,7507566,243,0,"[0, 1]"
1101861,7507566,231,0,"[0, 1]"
1101861,7507566,177,0,"[0, 1]"
1101861,7507566,140,0,"[0, 1]"
1101861,7507566,152,0,"[0, 1]"
1101861,7507566,194,0,"[0, 1]"
1101861,7507566,144,0,"[0, 1]"
1101861,7507566,213,0,"[0, 1]"
1101861,7507566,230,0,"[0, 1]"
1101861,7507566,246,0,"[0, 1]"
1101861,7507566,132,0,"[0, 1]"
1101861,7507566,176,0,"[0, 1]"
1101861,7507566,242,0,"[0, 1]"
1101861,7507566,450,0,"[0, 1]"
1101861,7507566,289,0,"[0, 1]"
1101861,7507566,294,0,"[0, 1]"
1101861,7507566,344,0,"[0, 1]"
1101861,7507566,331,0,"[0, 1]"
1101861,7507566,276,0,"[0, 1]"
1101861,7507566,339,0,"[0, 1]"
1101861,7507566,476,0,"[0, 1]"
1101861,7507566,403,0,"[0, 1]"
1101861,7507566,335,0,"[0, 1]"
1101861,7507566,414,0,"[0, 1]"
1101861,7507566,480,0,"[0, 1]"
1101861,7507566,498,0,"[0, 1]"
1101861,7507566,314,0,"[0, 1]"
1101861,7507566,293,0,"[0, 1]"
1101861,7507566,510,0,"[0, 1]"
1101861,7507566,649,0,"[0, 1]"
1101861,7507566,538,0,"[0, 1]"
1101861,7507566,648,0,"[0, 1]"
1101861,7507566,598,0,"[0, 1]"
1101861,7507566,601,0,"[0, 1]"
1101861,7507566,634,0,"[0, 1]"
1101861,7507566,814,0,"[0, 1]"
1101861,7507566,698,0,"[0, 1]"
1101861,7507566,664,0,"[0, 1]"
1101861,7507566,890,0,"[0, 1]"
1101861,7507566,996,0,"[0, 1]"
1101861,7507566,749,0,"[0, 1]"
1101861,7507566,953,0,"[0, 1]"
1101861,7507566,658,0,"[0, 1]"
1101861,7507566,642,0,"[0, 1]"
1101861,7507566,685,0,"[0, 1]"
1101861,7507566,974,0,"[0, 1]"
1101861,7507566,1022,0,"[0, 1]"
1101861,7507566,2037,0,"[0, 1]"
1101861,7507566,2035,0,"[0, 1]"
1101861,7507566,1550,0,"[0, 1]"
1101861,7507566,1337,0,"[0, 1]"
1101861,7507566,1366,0,"[0, 1]"
1101861,7507566,1401,0,"[0, 1]"
1101861,7507566,1402,0,"[0, 1]"
1101861,7507566,1756,0,"[0, 1]"
1101861,7507566,1874,0,"[0, 1]"
1101861,7507566,1145,0,"[0, 1]"
1101861,7507566,1500,0,"[0, 1]"
1101861,7507566,1024,0,"[0, 1]"
1101861,7507566,1735,0,"[0, 1]"
1101861,7507566,1240,0,"[0, 1]"
1101861,7507566,1831,0,"[0, 1]"
1101861,7507566,1335,0,"[0, 1]"
1101861,7507566,1881,0,"[0, 1]"
1101861,7507566,1307,0,"[0, 1]"
1101861,7507566,1982,0,"[0, 1]"
1101861,7507566,2015,0,"[0, 1]"
1101861,7507566,2554,0,"[0, 1]"
1101861,7507566,2870,0,"[0, 1]"
1101861,7507566,3813,0,"[0, 1]"
1101861,7507566,2084,0,"[0, 1]"
1101861,7507566,2132,0,"[0, 1]"
1101861,7507566,2902,0,"[0, 1]"
1101861,7507566,3657,0,"[0, 1]"
1101861,7507566,3780,0,"[0, 1]"
1101861,7507566,3794,0,"[0, 1]"
1101861,7507566,2467,0,"[0, 1]"
1101861,7507566,2911,0,"[0, 1]"
1101861,7507566,2474,0,"[0, 1]"
1101861,7507566,3778,0,"[0, 1]"
1101861,7507566,2432,0,"[0, 1]"
1101861,7507566,3742,0,"[0, 1]"
1101861,7507566,3776,0,"[0, 1]"
1101861,7507566,4088,0,"[0, 1]"
1101861,7507566,2764,0,"[0, 1]"
1101861,7507566,3668,0,"[0, 1]"
1101861,7507566,2646,0,"[0, 1]"
1101861,7507566,3080,0,"[0, 1]"
1101861,7507566,2253,0,"[0, 1]"
1101861,7507566,7226978,1,"[0, 1]"
1101861,7507566,7431837,1,"[0, 1]"
1101861,7507566,4829,0,"[0, 1]"
1101861,7507566,4831,0,"[0, 1]"
1101861,7507566,4735,0,"[0, 1]"
1101861,7507566,7173901,1,"[0, 1]"
1101861,7507566,7576671,1,"[0, 1]"
1101861,7507566,7452528,1,"[0, 1]"
1101861,7507566,7539872,1,"[0, 1]"
1101861,7507566,7359452,1,"[0, 1]"
1101861,7507566,7212843,1,"[0, 1]"
1101861,7507566,4114,0,"[0, 1]"
1101861,7507566,7223830,1,"[0, 1]"
1101861,7507566,7505572,1,"[0, 1]"
1101861,7507566,4426686,1,"[0, 1]"
1101861,7507566,7401471,1,"[0, 1]"
1101861,7507566,7212433,1,"[0, 1]"
1101861,7507566,7202337,1,"[0, 1]"
1101861,7507566,7262346,1,"[0, 1]"
1101861,7507566,7542942,1,"[0, 1]"
1101861,7507566,7689536,1,"[0, 1]"
1101861,7507566,7409700,1,"[0, 1]"
1101861,7507566,7337323,1,"[0, 1]"
1101861,7507566,4558,0,"[0, 1]"
1101861,7507566,7124029,1,"[0, 1]"
1101861,7507566,7450295,1,"[0, 1]"
1101861,7507566,5097336,1,"[0, 1]"
1101861,7507566,7566472,1,"[0, 1]"
1101861,7507566,1374917,1,"[0, 1]"
1101861,7507566,7598917,1,"[0, 1]"
1101861,7507566,6000672,1,"[0, 1]"
1101861,7507566,7080466,1,"[0, 1]"
1101861,7507566,7242112,1,"[0, 1]"
1101861,7507566,2219080,1,"[0, 1]"
1101861,7507566,7322502,1,"[0, 1]"
1101861,7507566,7101278,1,"[0, 1]"
1101861,7507566,428985,1,"[0, 1]"
1101861,7507566,7281400,1,"[0, 1]"
1101861,7507566,7651608,1,"[0, 1]"
1101861,7507566,7678527,1,"[0, 1]"
1101861,7507566,7397316,1,"[0, 1]"
1101861,7507566,7575861,1,"[0, 1]"
1101861,7507566,7544458,1,"[0, 1]"
1101861,7507566,7148363,1,"[0, 1]"
1101861,7507566,7267527,1,"[0, 1]"
1101861,7507566,1213268,1,"[0, 1]"
1101861,7507566,7453550,1,"[0, 1]"
1101861,7507566,7572869,1,"[0, 1]"
1101861,7507566,7688588,1,"[0, 1]"
1101861,7507566,7370867,1,"[0, 1]"
686469,7507883,7507883,1,"[1, 0]"
686469,7507883,3474,0,"[1, 0]"
686469,7507883,1736,0,"[1, 0]"
686469,7507883,867,0,"[1, 0]"
686469,7507883,433,0,"[1, 0]"
686469,7507883,216,0,"[1, 0]"
686469,7507883,107,0,"[1, 0]"
686469,7507883,53,0,"[1, 0]"
686469,7507883,26,0,"[1, 0]"
686469,7507883,12,0,"[1, 0]"
686469,7507883,5,0,"[1, 0]"
686469,7507883,2,0,"[1, 0]"
686469,7507883,0,0,"[1, 0]"
686469,7507883,1,0,"[0, 1]"
686469,7507883,2,0,"[0, 1]"
686469,7507883,3,0,"[0, 1]"
686469,7507883,6,0,"[0, 1]"
686469,7507883,5,0,"[0, 1]"
686469,7507883,4,0,"[0, 1]"
686469,7507883,8,0,"[0, 1]"
686469,7507883,7,0,"[0, 1]"
686469,7507883,14,0,"[0, 1]"
686469,7507883,10,0,"[0, 1]"
686469,7507883,11,0,"[0, 1]"
686469,7507883,9,0,"[0, 1]"
686469,7507883,27,0,"[0, 1]"
686469,7507883,16,0,"[0, 1]"
686469,7507883,26,0,"[0, 1]"
686469,7507883,18,0,"[0, 1]"
686469,7507883,15,0,"[0, 1]"
686469,7507883,20,0,"[0, 1]"
686469,7507883,30,0,"[0, 1]"
686469,7507883,25,0,"[0, 1]"
686469,7507883,38,0,"[0, 1]"
686469,7507883,48,0,"[0, 1]"
686469,7507883,37,0,"[0, 1]"
686469,7507883,54,0,"[0, 1]"
686469,7507883,62,0,"[0, 1]"
686469,7507883,59,0,"[0, 1]"
686469,7507883,39,0,"[0, 1]"
686469,7507883,44,0,"[0, 1]"
686469,7507883,35,0,"[0, 1]"
686469,7507883,50,0,"[0, 1]"
686469,7507883,74,0,"[0, 1]"
686469,7507883,112,0,"[0, 1]"
686469,7507883,126,0,"[0, 1]"
686469,7507883,109,0,"[0, 1]"
686469,7507883,64,0,"[0, 1]"
686469,7507883,68,0,"[0, 1]"
686469,7507883,90,0,"[0, 1]"
686469,7507883,105,0,"[0, 1]"
686469,7507883,70,0,"[0, 1]"
686469,7507883,89,0,"[0, 1]"
686469,7507883,69,0,"[0, 1]"
686469,7507883,75,0,"[0, 1]"
686469,7507883,152,0,"[0, 1]"
686469,7507883,168,0,"[0, 1]"
686469,7507883,146,0,"[0, 1]"
686469,7507883,198,0,"[0, 1]"
686469,7507883,177,0,"[0, 1]"
686469,7507883,131,0,"[0, 1]"
686469,7507883,169,0,"[0, 1]"
686469,7507883,189,0,"[0, 1]"
686469,7507883,158,0,"[0, 1]"
686469,7507883,232,0,"[0, 1]"
686469,7507883,173,0,"[0, 1]"
686469,7507883,136,0,"[0, 1]"
686469,7507883,170,0,"[0, 1]"
686469,7507883,185,0,"[0, 1]"
686469,7507883,465,0,"[0, 1]"
686469,7507883,491,0,"[0, 1]"
686469,7507883,499,0,"[0, 1]"
686469,7507883,473,0,"[0, 1]"
686469,7507883,372,0,"[0, 1]"
686469,7507883,330,0,"[0, 1]"
686469,7507883,362,0,"[0, 1]"
686469,7507883,469,0,"[0, 1]"
686469,7507883,434,0,"[0, 1]"
686469,7507883,437,0,"[0, 1]"
686469,7507883,458,0,"[0, 1]"
686469,7507883,406,0,"[0, 1]"
686469,7507883,470,0,"[0, 1]"
686469,7507883,290,0,"[0, 1]"
686469,7507883,327,0,"[0, 1]"
686469,7507883,424,0,"[0, 1]"
686469,7507883,689,0,"[0, 1]"
686469,7507883,513,0,"[0, 1]"
686469,7507883,611,0,"[0, 1]"
686469,7507883,715,0,"[0, 1]"
686469,7507883,912,0,"[0, 1]"
686469,7507883,633,0,"[0, 1]"
686469,7507883,966,0,"[0, 1]"
686469,7507883,998,0,"[0, 1]"
686469,7507883,898,0,"[0, 1]"
686469,7507883,606,0,"[0, 1]"
686469,7507883,946,0,"[0, 1]"
686469,7507883,930,0,"[0, 1]"
686469,7507883,749,0,"[0, 1]"
686469,7507883,816,0,"[0, 1]"
686469,7507883,855,0,"[0, 1]"
686469,7507883,737,0,"[0, 1]"
686469,7507883,785,0,"[0, 1]"
686469,7507883,908,0,"[0, 1]"
686469,7507883,1344,0,"[0, 1]"
686469,7507883,1569,0,"[0, 1]"
686469,7507883,1416,0,"[0, 1]"
686469,7507883,1340,0,"[0, 1]"
686469,7507883,1903,0,"[0, 1]"
686469,7507883,1578,0,"[0, 1]"
686469,7507883,2006,0,"[0, 1]"
686469,7507883,1292,0,"[0, 1]"
686469,7507883,1879,0,"[0, 1]"
686469,7507883,1738,0,"[0, 1]"
686469,7507883,1453,0,"[0, 1]"
686469,7507883,1036,0,"[0, 1]"
686469,7507883,1570,0,"[0, 1]"
686469,7507883,1324,0,"[0, 1]"
686469,7507883,1605,0,"[0, 1]"
686469,7507883,1555,0,"[0, 1]"
686469,7507883,1103,0,"[0, 1]"
686469,7507883,2008,0,"[0, 1]"
686469,7507883,1769,0,"[0, 1]"
686469,7507883,1311,0,"[0, 1]"
686469,7507883,4035,0,"[0, 1]"
686469,7507883,3829,0,"[0, 1]"
686469,7507883,3204,0,"[0, 1]"
686469,7507883,4002,0,"[0, 1]"
686469,7507883,2647,0,"[0, 1]"
686469,7507883,4055,0,"[0, 1]"
686469,7507883,3857,0,"[0, 1]"
686469,7507883,2694,0,"[0, 1]"
686469,7507883,3146,0,"[0, 1]"
686469,7507883,3850,0,"[0, 1]"
686469,7507883,3244,0,"[0, 1]"
686469,7507883,3725,0,"[0, 1]"
686469,7507883,3685,0,"[0, 1]"
686469,7507883,2976,0,"[0, 1]"
686469,7507883,3119,0,"[0, 1]"
686469,7507883,4030,0,"[0, 1]"
686469,7507883,2478,0,"[0, 1]"
686469,7507883,3090,0,"[0, 1]"
686469,7507883,2066,0,"[0, 1]"
686469,7507883,3162,0,"[0, 1]"
686469,7507883,2115,0,"[0, 1]"
686469,7507883,3972,0,"[0, 1]"
686469,7507883,4798,0,"[0, 1]"
686469,7507883,4863,0,"[0, 1]"
686469,7507883,4554,0,"[0, 1]"
686469,7507883,7600595,1,"[0, 1]"
686469,7507883,7409700,1,"[0, 1]"
686469,7507883,7399606,1,"[0, 1]"
686469,7507883,4547,0,"[0, 1]"
686469,7507883,7166455,1,"[0, 1]"
686469,7507883,7290763,1,"[0, 1]"
686469,7507883,4529,0,"[0, 1]"
686469,7507883,4185,0,"[0, 1]"
686469,7507883,654791,1,"[0, 1]"
686469,7507883,7570390,1,"[0, 1]"
686469,7507883,7306463,1,"[0, 1]"
686469,7507883,4228,0,"[0, 1]"
686469,7507883,7483610,1,"[0, 1]"
686469,7507883,1396948,1,"[0, 1]"
686469,7507883,7147182,1,"[0, 1]"
686469,7507883,4693173,1,"[0, 1]"
686469,7507883,7255880,1,"[0, 1]"
686469,7507883,7231966,1,"[0, 1]"
686469,7507883,7194533,1,"[0, 1]"
686469,7507883,7590272,1,"[0, 1]"
686469,7507883,7288543,1,"[0, 1]"
731886,7508004,7508004,1,"[1, 0]"
731886,7508004,3799,0,"[1, 0]"
731886,7508004,1899,0,"[1, 0]"
731886,7508004,949,0,"[1, 0]"
731886,7508004,474,0,"[1, 0]"
731886,7508004,236,0,"[1, 0]"
731886,7508004,117,0,"[1, 0]"
731886,7508004,58,0,"[1, 0]"
731886,7508004,28,0,"[1, 0]"
731886,7508004,13,0,"[1, 0]"
731886,7508004,6,0,"[1, 0]"
731886,7508004,2,0,"[1, 0]"
731886,7508004,0,0,"[1, 0]"
731886,7508004,2,0,"[0, 1]"
731886,7508004,1,0,"[0, 1]"
731886,7508004,4,0,"[0, 1]"
731886,7508004,3,0,"[0, 1]"
731886,7508004,6,0,"[0, 1]"
731886,7508004,5,0,"[0, 1]"
731886,7508004,11,0,"[0, 1]"
731886,7508004,14,0,"[0, 1]"
731886,7508004,9,0,"[0, 1]"
731886,7508004,7,0,"[0, 1]"
731886,7508004,8,0,"[0, 1]"
731886,7508004,12,0,"[0, 1]"
731886,7508004,23,0,"[0, 1]"
731886,7508004,21,0,"[0, 1]"
731886,7508004,30,0,"[0, 1]"
731886,7508004,24,0,"[0, 1]"
731886,7508004,29,0,"[0, 1]"
731886,7508004,15,0,"[0, 1]"
731886,7508004,20,0,"[0, 1]"
731886,7508004,22,0,"[0, 1]"
731886,7508004,47,0,"[0, 1]"
731886,7508004,58,0,"[0, 1]"
731886,7508004,42,0,"[0, 1]"
731886,7508004,36,0,"[0, 1]"
731886,7508004,31,0,"[0, 1]"
731886,7508004,35,0,"[0, 1]"
731886,7508004,62,0,"[0, 1]"
731886,7508004,34,0,"[0, 1]"
731886,7508004,50,0,"[0, 1]"
731886,7508004,45,0,"[0, 1]"
731886,7508004,120,0,"[0, 1]"
731886,7508004,87,0,"[0, 1]"
731886,7508004,119,0,"[0, 1]"
731886,7508004,81,0,"[0, 1]"
731886,7508004,79,0,"[0, 1]"
731886,7508004,112,0,"[0, 1]"
731886,7508004,95,0,"[0, 1]"
731886,7508004,110,0,"[0, 1]"
731886,7508004,125,0,"[0, 1]"
731886,7508004,96,0,"[0, 1]"
731886,7508004,92,0,"[0, 1]"
731886,7508004,108,0,"[0, 1]"
731886,7508004,166,0,"[0, 1]"
731886,7508004,129,0,"[0, 1]"
731886,7508004,195,0,"[0, 1]"
731886,7508004,137,0,"[0, 1]"
731886,7508004,172,0,"[0, 1]"
731886,7508004,188,0,"[0, 1]"
731886,7508004,179,0,"[0, 1]"
731886,7508004,174,0,"[0, 1]"
731886,7508004,209,0,"[0, 1]"
731886,7508004,165,0,"[0, 1]"
731886,7508004,230,0,"[0, 1]"
731886,7508004,249,0,"[0, 1]"
731886,7508004,235,0,"[0, 1]"
731886,7508004,225,0,"[0, 1]"
731886,7508004,458,0,"[0, 1]"
731886,7508004,299,0,"[0, 1]"
731886,7508004,368,0,"[0, 1]"
731886,7508004,499,0,"[0, 1]"
731886,7508004,494,0,"[0, 1]"
731886,7508004,312,0,"[0, 1]"
731886,7508004,352,0,"[0, 1]"
731886,7508004,388,0,"[0, 1]"
731886,7508004,405,0,"[0, 1]"
731886,7508004,275,0,"[0, 1]"
731886,7508004,489,0,"[0, 1]"
731886,7508004,318,0,"[0, 1]"
731886,7508004,276,0,"[0, 1]"
731886,7508004,255,0,"[0, 1]"
731886,7508004,432,0,"[0, 1]"
731886,7508004,331,0,"[0, 1]"
731886,7508004,686,0,"[0, 1]"
731886,7508004,518,0,"[0, 1]"
731886,7508004,915,0,"[0, 1]"
731886,7508004,963,0,"[0, 1]"
731886,7508004,588,0,"[0, 1]"
731886,7508004,981,0,"[0, 1]"
731886,7508004,556,0,"[0, 1]"
731886,7508004,834,0,"[0, 1]"
731886,7508004,569,0,"[0, 1]"
731886,7508004,1004,0,"[0, 1]"
731886,7508004,847,0,"[0, 1]"
731886,7508004,783,0,"[0, 1]"
731886,7508004,652,0,"[0, 1]"
731886,7508004,733,0,"[0, 1]"
731886,7508004,883,0,"[0, 1]"
731886,7508004,627,0,"[0, 1]"
731886,7508004,895,0,"[0, 1]"
731886,7508004,931,0,"[0, 1]"
731886,7508004,2013,0,"[0, 1]"
731886,7508004,1400,0,"[0, 1]"
731886,7508004,1479,0,"[0, 1]"
731886,7508004,1158,0,"[0, 1]"
731886,7508004,1803,0,"[0, 1]"
731886,7508004,1425,0,"[0, 1]"
731886,7508004,1389,0,"[0, 1]"
731886,7508004,1598,0,"[0, 1]"
731886,7508004,1844,0,"[0, 1]"
731886,7508004,1218,0,"[0, 1]"
731886,7508004,1220,0,"[0, 1]"
731886,7508004,1443,0,"[0, 1]"
731886,7508004,1820,0,"[0, 1]"
731886,7508004,1583,0,"[0, 1]"
731886,7508004,1168,0,"[0, 1]"
731886,7508004,1726,0,"[0, 1]"
731886,7508004,1883,0,"[0, 1]"
731886,7508004,1482,0,"[0, 1]"
731886,7508004,2025,0,"[0, 1]"
731886,7508004,1027,0,"[0, 1]"
731886,7508004,3766,0,"[0, 1]"
731886,7508004,3576,0,"[0, 1]"
731886,7508004,2932,0,"[0, 1]"
731886,7508004,3466,0,"[0, 1]"
731886,7508004,2475,0,"[0, 1]"
731886,7508004,2184,0,"[0, 1]"
731886,7508004,3213,0,"[0, 1]"
731886,7508004,2780,0,"[0, 1]"
731886,7508004,3962,0,"[0, 1]"
731886,7508004,3629,0,"[0, 1]"
731886,7508004,4047,0,"[0, 1]"
731886,7508004,3649,0,"[0, 1]"
731886,7508004,2305,0,"[0, 1]"
731886,7508004,2573,0,"[0, 1]"
731886,7508004,2266,0,"[0, 1]"
731886,7508004,4053,0,"[0, 1]"
731886,7508004,2752,0,"[0, 1]"
731886,7508004,2771,0,"[0, 1]"
731886,7508004,2887,0,"[0, 1]"
731886,7508004,3622,0,"[0, 1]"
731886,7508004,3382,0,"[0, 1]"
731886,7508004,2808,0,"[0, 1]"
731886,7508004,7536295,1,"[0, 1]"
731886,7508004,4496,0,"[0, 1]"
731886,7508004,4600,0,"[0, 1]"
731886,7508004,7367968,1,"[0, 1]"
731886,7508004,4977,0,"[0, 1]"
731886,7508004,7684635,1,"[0, 1]"
731886,7508004,7287218,1,"[0, 1]"
731886,7508004,7673682,1,"[0, 1]"
731886,7508004,4860,0,"[0, 1]"
731886,7508004,5049881,1,"[0, 1]"
731886,7508004,7365386,1,"[0, 1]"
731886,7508004,7593612,1,"[0, 1]"
731886,7508004,7656047,1,"[0, 1]"
731886,7508004,7187564,1,"[0, 1]"
731886,7508004,4709,0,"[0, 1]"
731886,7508004,4483,0,"[0, 1]"
731886,7508004,7300170,1,"[0, 1]"
731886,7508004,7353377,1,"[0, 1]"
731886,7508004,2020524,1,"[0, 1]"
731886,7508004,7241873,1,"[0, 1]"
731886,7508004,7392290,1,"[0, 1]"
731886,7508004,4224737,1,"[0, 1]"
731886,7508004,1503954,1,"[0, 1]"
731886,7508004,7391872,1,"[0, 1]"
227968,7508101,7508101,1,"[1, 0]"
227968,7508101,4908,0,"[1, 0]"
227968,7508101,3890,0,"[1, 0]"
227968,7508101,1944,0,"[1, 0]"
227968,7508101,971,0,"[1, 0]"
227968,7508101,485,0,"[1, 0]"
227968,7508101,242,0,"[1, 0]"
227968,7508101,120,0,"[1, 0]"
227968,7508101,59,0,"[1, 0]"
227968,7508101,29,0,"[1, 0]"
227968,7508101,14,0,"[1, 0]"
227968,7508101,6,0,"[1, 0]"
227968,7508101,2,0,"[1, 0]"
227968,7508101,0,0,"[1, 0]"
227968,7508101,2,0,"[0, 1]"
227968,7508101,1,0,"[0, 1]"
227968,7508101,3,0,"[0, 1]"
227968,7508101,5,0,"[0, 1]"
227968,7508101,6,0,"[0, 1]"
227968,7508101,4,0,"[0, 1]"
227968,7508101,7,0,"[0, 1]"
227968,7508101,8,0,"[0, 1]"
227968,7508101,13,0,"[0, 1]"
227968,7508101,9,0,"[0, 1]"
227968,7508101,12,0,"[0, 1]"
227968,7508101,14,0,"[0, 1]"
227968,7508101,15,0,"[0, 1]"
227968,7508101,18,0,"[0, 1]"
227968,7508101,23,0,"[0, 1]"
227968,7508101,19,0,"[0, 1]"
227968,7508101,30,0,"[0, 1]"
227968,7508101,28,0,"[0, 1]"
227968,7508101,29,0,"[0, 1]"
227968,7508101,21,0,"[0, 1]"
227968,7508101,41,0,"[0, 1]"
227968,7508101,48,0,"[0, 1]"
227968,7508101,62,0,"[0, 1]"
227968,7508101,43,0,"[0, 1]"
227968,7508101,53,0,"[0, 1]"
227968,7508101,40,0,"[0, 1]"
227968,7508101,35,0,"[0, 1]"
227968,7508101,38,0,"[0, 1]"
227968,7508101,34,0,"[0, 1]"
227968,7508101,56,0,"[0, 1]"
227968,7508101,80,0,"[0, 1]"
227968,7508101,103,0,"[0, 1]"
227968,7508101,123,0,"[0, 1]"
227968,7508101,79,0,"[0, 1]"
227968,7508101,85,0,"[0, 1]"
227968,7508101,124,0,"[0, 1]"
227968,7508101,74,0,"[0, 1]"
227968,7508101,125,0,"[0, 1]"
227968,7508101,71,0,"[0, 1]"
227968,7508101,126,0,"[0, 1]"
227968,7508101,76,0,"[0, 1]"
227968,7508101,117,0,"[0, 1]"
227968,7508101,203,0,"[0, 1]"
227968,7508101,233,0,"[0, 1]"
227968,7508101,190,0,"[0, 1]"
227968,7508101,201,0,"[0, 1]"
227968,7508101,229,0,"[0, 1]"
227968,7508101,245,0,"[0, 1]"
227968,7508101,220,0,"[0, 1]"
227968,7508101,214,0,"[0, 1]"
227968,7508101,139,0,"[0, 1]"
227968,7508101,251,0,"[0, 1]"
227968,7508101,236,0,"[0, 1]"
227968,7508101,138,0,"[0, 1]"
227968,7508101,183,0,"[0, 1]"
227968,7508101,243,0,"[0, 1]"
227968,7508101,478,0,"[0, 1]"
227968,7508101,402,0,"[0, 1]"
227968,7508101,266,0,"[0, 1]"
227968,7508101,452,0,"[0, 1]"
227968,7508101,309,0,"[0, 1]"
227968,7508101,360,0,"[0, 1]"
227968,7508101,390,0,"[0, 1]"
227968,7508101,442,0,"[0, 1]"
227968,7508101,445,0,"[0, 1]"
227968,7508101,434,0,"[0, 1]"
227968,7508101,506,0,"[0, 1]"
227968,7508101,282,0,"[0, 1]"
227968,7508101,484,0,"[0, 1]"
227968,7508101,425,0,"[0, 1]"
227968,7508101,256,0,"[0, 1]"
227968,7508101,264,0,"[0, 1]"
227968,7508101,738,0,"[0, 1]"
227968,7508101,827,0,"[0, 1]"
227968,7508101,669,0,"[0, 1]"
227968,7508101,902,0,"[0, 1]"
227968,7508101,590,0,"[0, 1]"
227968,7508101,677,0,"[0, 1]"
227968,7508101,800,0,"[0, 1]"
227968,7508101,583,0,"[0, 1]"
227968,7508101,705,0,"[0, 1]"
227968,7508101,924,0,"[0, 1]"
227968,7508101,979,0,"[0, 1]"
227968,7508101,958,0,"[0, 1]"
227968,7508101,919,0,"[0, 1]"
227968,7508101,860,0,"[0, 1]"
227968,7508101,1014,0,"[0, 1]"
227968,7508101,1005,0,"[0, 1]"
227968,7508101,960,0,"[0, 1]"
227968,7508101,679,0,"[0, 1]"
227968,7508101,1663,0,"[0, 1]"
227968,7508101,1697,0,"[0, 1]"
227968,7508101,1954,0,"[0, 1]"
227968,7508101,1068,0,"[0, 1]"
227968,7508101,1676,0,"[0, 1]"
227968,7508101,1286,0,"[0, 1]"
227968,7508101,1148,0,"[0, 1]"
227968,7508101,1504,0,"[0, 1]"
227968,7508101,1681,0,"[0, 1]"
227968,7508101,1515,0,"[0, 1]"
227968,7508101,1683,0,"[0, 1]"
227968,7508101,1839,0,"[0, 1]"
227968,7508101,1602,0,"[0, 1]"
227968,7508101,1334,0,"[0, 1]"
227968,7508101,1454,0,"[0, 1]"
227968,7508101,1479,0,"[0, 1]"
227968,7508101,2002,0,"[0, 1]"
227968,7508101,1084,0,"[0, 1]"
227968,7508101,1756,0,"[0, 1]"
227968,7508101,1072,0,"[0, 1]"
227968,7508101,3272,0,"[0, 1]"
227968,7508101,2239,0,"[0, 1]"
227968,7508101,2217,0,"[0, 1]"
227968,7508101,2756,0,"[0, 1]"
227968,7508101,3892,0,"[0, 1]"
227968,7508101,2742,0,"[0, 1]"
227968,7508101,3985,0,"[0, 1]"
227968,7508101,2926,0,"[0, 1]"
227968,7508101,2697,0,"[0, 1]"
227968,7508101,3989,0,"[0, 1]"
227968,7508101,2104,0,"[0, 1]"
227968,7508101,2398,0,"[0, 1]"
227968,7508101,3433,0,"[0, 1]"
227968,7508101,2369,0,"[0, 1]"
227968,7508101,2452,0,"[0, 1]"
227968,7508101,3307,0,"[0, 1]"
227968,7508101,2700,0,"[0, 1]"
227968,7508101,2493,0,"[0, 1]"
227968,7508101,4093,0,"[0, 1]"
227968,7508101,3263,0,"[0, 1]"
227968,7508101,3647,0,"[0, 1]"
227968,7508101,4025,0,"[0, 1]"
227968,7508101,4962,0,"[0, 1]"
227968,7508101,7674790,1,"[0, 1]"
227968,7508101,7167801,1,"[0, 1]"
227968,7508101,4105,0,"[0, 1]"
227968,7508101,7117859,1,"[0, 1]"
227968,7508101,4956,0,"[0, 1]"
227968,7508101,4572,0,"[0, 1]"
227968,7508101,4671,0,"[0, 1]"
227968,7508101,7577720,1,"[0, 1]"
227968,7508101,7556122,1,"[0, 1]"
227968,7508101,2185666,1,"[0, 1]"
227968,7508101,7290412,1,"[0, 1]"
227968,7508101,5167800,1,"[0, 1]"
227968,7508101,7514867,1,"[0, 1]"
227968,7508101,7523450,1,"[0, 1]"
227968,7508101,262205,1,"[0, 1]"
227968,7508101,7243485,1,"[0, 1]"
227968,7508101,4918,0,"[0, 1]"
227968,7508101,7493194,1,"[0, 1]"
227968,7508101,7528851,1,"[0, 1]"
227968,7508101,7241222,1,"[0, 1]"
227968,7508101,7126756,1,"[0, 1]"
227968,7508101,7687394,1,"[0, 1]"
227968,7508101,7495096,1,"[0, 1]"
227968,7508101,7480664,1,"[0, 1]"
227968,7508101,7617835,1,"[0, 1]"
227968,7508101,7619127,1,"[0, 1]"
227968,7508101,7670435,1,"[0, 1]"
227968,7508101,7435549,1,"[0, 1]"
227968,7508101,7071277,1,"[0, 1]"
227968,7508101,3948109,1,"[0, 1]"
227968,7508101,7531802,1,"[0, 1]"
227968,7508101,7168155,1,"[0, 1]"
227968,7508101,7201783,1,"[0, 1]"
227968,7508101,7412519,1,"[0, 1]"
227968,7508101,7218005,1,"[0, 1]"
227968,7508101,7141783,1,"[0, 1]"
227968,7508101,7088053,1,"[0, 1]"
227968,7508101,7212767,1,"[0, 1]"
227968,7508101,7543210,1,"[0, 1]"
227968,7508101,7624643,1,"[0, 1]"
227968,7508101,7321887,1,"[0, 1]"
227968,7508101,7454863,1,"[0, 1]"
227968,7508101,7279808,1,"[0, 1]"
227968,7508101,7237580,1,"[0, 1]"
227968,7508101,6571087,1,"[0, 1]"
227968,7508101,1433239,1,"[0, 1]"
227968,7508101,767271,1,"[0, 1]"
227968,7508101,6815057,1,"[0, 1]"
227968,7508101,7455907,1,"[0, 1]"
405867,7508364,7508364,1,"[1, 0]"
405867,7508364,3928,0,"[1, 0]"
405867,7508364,1963,0,"[1, 0]"
405867,7508364,981,0,"[1, 0]"
405867,7508364,490,0,"[1, 0]"
405867,7508364,244,0,"[1, 0]"
405867,7508364,121,0,"[1, 0]"
405867,7508364,60,0,"[1, 0]"
405867,7508364,29,0,"[1, 0]"
405867,7508364,14,0,"[1, 0]"
405867,7508364,6,0,"[1, 0]"
405867,7508364,2,0,"[1, 0]"
405867,7508364,0,0,"[1, 0]"
405867,7508364,2,0,"[0, 1]"
405867,7508364,1,0,"[0, 1]"
405867,7508364,3,0,"[0, 1]"
405867,7508364,5,0,"[0, 1]"
405867,7508364,6,0,"[0, 1]"
405867,7508364,4,0,"[0, 1]"
405867,7508364,13,0,"[0, 1]"
405867,7508364,7,0,"[0, 1]"
405867,7508364,11,0,"[0, 1]"
405867,7508364,14,0,"[0, 1]"
405867,7508364,9,0,"[0, 1]"
405867,7508364,8,0,"[0, 1]"
405867,7508364,21,0,"[0, 1]"
405867,7508364,24,0,"[0, 1]"
405867,7508364,26,0,"[0, 1]"
405867,7508364,22,0,"[0, 1]"
405867,7508364,16,0,"[0, 1]"
405867,7508364,15,0,"[0, 1]"
405867,7508364,18,0,"[0, 1]"
405867,7508364,25,0,"[0, 1]"
405867,7508364,41,0,"[0, 1]"
405867,7508364,62,0,"[0, 1]"
405867,7508364,43,0,"[0, 1]"
405867,7508364,35,0,"[0, 1]"
405867,7508364,38,0,"[0, 1]"
405867,7508364,44,0,"[0, 1]"
405867,7508364,31,0,"[0, 1]"
405867,7508364,52,0,"[0, 1]"
405867,7508364,57,0,"[0, 1]"
405867,7508364,39,0,"[0, 1]"
405867,7508364,109,0,"[0, 1]"
405867,7508364,103,0,"[0, 1]"
405867,7508364,87,0,"[0, 1]"
405867,7508364,91,0,"[0, 1]"
405867,7508364,89,0,"[0, 1]"
405867,7508364,114,0,"[0, 1]"
405867,7508364,108,0,"[0, 1]"
405867,7508364,79,0,"[0, 1]"
405867,7508364,107,0,"[0, 1]"
405867,7508364,70,0,"[0, 1]"
405867,7508364,77,0,"[0, 1]"
405867,7508364,126,0,"[0, 1]"
405867,7508364,173,0,"[0, 1]"
405867,7508364,131,0,"[0, 1]"
405867,7508364,215,0,"[0, 1]"
405867,7508364,240,0,"[0, 1]"
405867,7508364,216,0,"[0, 1]"
405867,7508364,228,0,"[0, 1]"
405867,7508364,172,0,"[0, 1]"
405867,7508364,209,0,"[0, 1]"
405867,7508364,150,0,"[0, 1]"
405867,7508364,211,0,"[0, 1]"
405867,7508364,229,0,"[0, 1]"
405867,7508364,162,0,"[0, 1]"
405867,7508364,197,0,"[0, 1]"
405867,7508364,167,0,"[0, 1]"
405867,7508364,440,0,"[0, 1]"
405867,7508364,417,0,"[0, 1]"
405867,7508364,274,0,"[0, 1]"
405867,7508364,364,0,"[0, 1]"
405867,7508364,362,0,"[0, 1]"
405867,7508364,357,0,"[0, 1]"
405867,7508364,376,0,"[0, 1]"
405867,7508364,276,0,"[0, 1]"
405867,7508364,369,0,"[0, 1]"
405867,7508364,407,0,"[0, 1]"
405867,7508364,373,0,"[0, 1]"
405867,7508364,310,0,"[0, 1]"
405867,7508364,302,0,"[0, 1]"
405867,7508364,388,0,"[0, 1]"
405867,7508364,508,0,"[0, 1]"
405867,7508364,313,0,"[0, 1]"
405867,7508364,748,0,"[0, 1]"
405867,7508364,665,0,"[0, 1]"
405867,7508364,935,0,"[0, 1]"
405867,7508364,987,0,"[0, 1]"
405867,7508364,806,0,"[0, 1]"
405867,7508364,683,0,"[0, 1]"
405867,7508364,1017,0,"[0, 1]"
405867,7508364,744,0,"[0, 1]"
405867,7508364,918,0,"[0, 1]"
405867,7508364,767,0,"[0, 1]"
405867,7508364,666,0,"[0, 1]"
405867,7508364,972,0,"[0, 1]"
405867,7508364,981,0,"[0, 1]"
405867,7508364,888,0,"[0, 1]"
405867,7508364,765,0,"[0, 1]"
405867,7508364,933,0,"[0, 1]"
405867,7508364,855,0,"[0, 1]"
405867,7508364,911,0,"[0, 1]"
405867,7508364,1790,0,"[0, 1]"
405867,7508364,1752,0,"[0, 1]"
405867,7508364,1797,0,"[0, 1]"
405867,7508364,2044,0,"[0, 1]"
405867,7508364,1495,0,"[0, 1]"
405867,7508364,1535,0,"[0, 1]"
405867,7508364,1960,0,"[0, 1]"
405867,7508364,1317,0,"[0, 1]"
405867,7508364,1835,0,"[0, 1]"
405867,7508364,1046,0,"[0, 1]"
405867,7508364,1477,0,"[0, 1]"
405867,7508364,1439,0,"[0, 1]"
405867,7508364,1494,0,"[0, 1]"
405867,7508364,1744,0,"[0, 1]"
405867,7508364,1585,0,"[0, 1]"
405867,7508364,1704,0,"[0, 1]"
405867,7508364,1345,0,"[0, 1]"
405867,7508364,1903,0,"[0, 1]"
405867,7508364,1090,0,"[0, 1]"
405867,7508364,1298,0,"[0, 1]"
405867,7508364,3258,0,"[0, 1]"
405867,7508364,2910,0,"[0, 1]"
405867,7508364,3317,0,"[0, 1]"
405867,7508364,2596,0,"[0, 1]"
405867,7508364,3715,0,"[0, 1]"
405867,7508364,2123,0,"[0, 1]"
405867,7508364,2281,0,"[0, 1]"
405867,7508364,4001,0,"[0, 1]"
405867,7508364,2081,0,"[0, 1]"
405867,7508364,2900,0,"[0, 1]"
405867,7508364,2557,0,"[0, 1]"
405867,7508364,3821,0,"[0, 1]"
405867,7508364,2239,0,"[0, 1]"
405867,7508364,3434,0,"[0, 1]"
405867,7508364,2340,0,"[0, 1]"
405867,7508364,3084,0,"[0, 1]"
405867,7508364,2230,0,"[0, 1]"
405867,7508364,2100,0,"[0, 1]"
405867,7508364,3373,0,"[0, 1]"
405867,7508364,3310,0,"[0, 1]"
405867,7508364,2874,0,"[0, 1]"
405867,7508364,3245,0,"[0, 1]"
405867,7508364,4908,0,"[0, 1]"
405867,7508364,4606,0,"[0, 1]"
405867,7508364,7168511,1,"[0, 1]"
405867,7508364,4188,0,"[0, 1]"
405867,7508364,4893,0,"[0, 1]"
405867,7508364,7457798,1,"[0, 1]"
405867,7508364,7597478,1,"[0, 1]"
405867,7508364,7436289,1,"[0, 1]"
405867,7508364,7495322,1,"[0, 1]"
405867,7508364,7411535,1,"[0, 1]"
405867,7508364,7541256,1,"[0, 1]"
405867,7508364,7118226,1,"[0, 1]"
405867,7508364,7529540,1,"[0, 1]"
405867,7508364,7202098,1,"[0, 1]"
405867,7508364,7513338,1,"[0, 1]"
405867,7508364,7083545,1,"[0, 1]"
405867,7508364,7642571,1,"[0, 1]"
405867,7508364,7150401,1,"[0, 1]"
405867,7508364,4879,0,"[0, 1]"
405867,7508364,7264253,1,"[0, 1]"
405867,7508364,7240637,1,"[0, 1]"
405867,7508364,100163,1,"[0, 1]"
405867,7508364,4810,0,"[0, 1]"
405867,7508364,2297633,1,"[0, 1]"
1096376,7508397,7508397,1,"[1, 0]"
1096376,7508397,2182,0,"[1, 0]"
1096376,7508397,1090,0,"[1, 0]"
1096376,7508397,544,0,"[1, 0]"
1096376,7508397,271,0,"[1, 0]"
1096376,7508397,135,0,"[1, 0]"
1096376,7508397,67,0,"[1, 0]"
1096376,7508397,33,0,"[1, 0]"
1096376,7508397,16,0,"[1, 0]"
1096376,7508397,7,0,"[1, 0]"
1096376,7508397,3,0,"[1, 0]"
1096376,7508397,1,0,"[1, 0]"
1096376,7508397,0,0,"[1, 0]"
1096376,7508397,2,0,"[0, 1]"
1096376,7508397,1,0,"[0, 1]"
1096376,7508397,3,0,"[0, 1]"
1096376,7508397,4,0,"[0, 1]"
1096376,7508397,6,0,"[0, 1]"
1096376,7508397,5,0,"[0, 1]"
1096376,7508397,7,0,"[0, 1]"
1096376,7508397,11,0,"[0, 1]"
1096376,7508397,13,0,"[0, 1]"
1096376,7508397,14,0,"[0, 1]"
1096376,7508397,8,0,"[0, 1]"
1096376,7508397,12,0,"[0, 1]"
1096376,7508397,23,0,"[0, 1]"
1096376,7508397,17,0,"[0, 1]"
1096376,7508397,22,0,"[0, 1]"
1096376,7508397,20,0,"[0, 1]"
1096376,7508397,26,0,"[0, 1]"
1096376,7508397,19,0,"[0, 1]"
1096376,7508397,27,0,"[0, 1]"
1096376,7508397,29,0,"[0, 1]"
1096376,7508397,53,0,"[0, 1]"
1096376,7508397,50,0,"[0, 1]"
1096376,7508397,55,0,"[0, 1]"
1096376,7508397,33,0,"[0, 1]"
1096376,7508397,38,0,"[0, 1]"
1096376,7508397,59,0,"[0, 1]"
1096376,7508397,48,0,"[0, 1]"
1096376,7508397,49,0,"[0, 1]"
1096376,7508397,62,0,"[0, 1]"
1096376,7508397,36,0,"[0, 1]"
1096376,7508397,74,0,"[0, 1]"
1096376,7508397,75,0,"[0, 1]"
1096376,7508397,123,0,"[0, 1]"
1096376,7508397,64,0,"[0, 1]"
1096376,7508397,78,0,"[0, 1]"
1096376,7508397,117,0,"[0, 1]"
1096376,7508397,83,0,"[0, 1]"
1096376,7508397,79,0,"[0, 1]"
1096376,7508397,122,0,"[0, 1]"
1096376,7508397,102,0,"[0, 1]"
1096376,7508397,76,0,"[0, 1]"
1096376,7508397,88,0,"[0, 1]"
1096376,7508397,165,0,"[0, 1]"
1096376,7508397,214,0,"[0, 1]"
1096376,7508397,217,0,"[0, 1]"
1096376,7508397,234,0,"[0, 1]"
1096376,7508397,194,0,"[0, 1]"
1096376,7508397,209,0,"[0, 1]"
1096376,7508397,177,0,"[0, 1]"
1096376,7508397,162,0,"[0, 1]"
1096376,7508397,140,0,"[0, 1]"
1096376,7508397,139,0,"[0, 1]"
1096376,7508397,153,0,"[0, 1]"
1096376,7508397,239,0,"[0, 1]"
1096376,7508397,179,0,"[0, 1]"
1096376,7508397,215,0,"[0, 1]"
1096376,7508397,464,0,"[0, 1]"
1096376,7508397,316,0,"[0, 1]"
1096376,7508397,340,0,"[0, 1]"
1096376,7508397,396,0,"[0, 1]"
1096376,7508397,409,0,"[0, 1]"
1096376,7508397,339,0,"[0, 1]"
1096376,7508397,450,0,"[0, 1]"
1096376,7508397,468,0,"[0, 1]"
1096376,7508397,488,0,"[0, 1]"
1096376,7508397,328,0,"[0, 1]"
1096376,7508397,324,0,"[0, 1]"
1096376,7508397,408,0,"[0, 1]"
1096376,7508397,351,0,"[0, 1]"
1096376,7508397,311,0,"[0, 1]"
1096376,7508397,305,0,"[0, 1]"
1096376,7508397,421,0,"[0, 1]"
1096376,7508397,850,0,"[0, 1]"
1096376,7508397,706,0,"[0, 1]"
1096376,7508397,542,0,"[0, 1]"
1096376,7508397,824,0,"[0, 1]"
1096376,7508397,967,0,"[0, 1]"
1096376,7508397,1022,0,"[0, 1]"
1096376,7508397,942,0,"[0, 1]"
1096376,7508397,838,0,"[0, 1]"
1096376,7508397,568,0,"[0, 1]"
1096376,7508397,1015,0,"[0, 1]"
1096376,7508397,753,0,"[0, 1]"
1096376,7508397,679,0,"[0, 1]"
1096376,7508397,999,0,"[0, 1]"
1096376,7508397,808,0,"[0, 1]"
1096376,7508397,759,0,"[0, 1]"
1096376,7508397,518,0,"[0, 1]"
1096376,7508397,843,0,"[0, 1]"
1096376,7508397,650,0,"[0, 1]"
1096376,7508397,1253,0,"[0, 1]"
1096376,7508397,1805,0,"[0, 1]"
1096376,7508397,1583,0,"[0, 1]"
1096376,7508397,1309,0,"[0, 1]"
1096376,7508397,1780,0,"[0, 1]"
1096376,7508397,1490,0,"[0, 1]"
1096376,7508397,1606,0,"[0, 1]"
1096376,7508397,1357,0,"[0, 1]"
1096376,7508397,1413,0,"[0, 1]"
1096376,7508397,1060,0,"[0, 1]"
1096376,7508397,1185,0,"[0, 1]"
1096376,7508397,1353,0,"[0, 1]"
1096376,7508397,1641,0,"[0, 1]"
1096376,7508397,1166,0,"[0, 1]"
1096376,7508397,1067,0,"[0, 1]"
1096376,7508397,1917,0,"[0, 1]"
1096376,7508397,1923,0,"[0, 1]"
1096376,7508397,1299,0,"[0, 1]"
1096376,7508397,1255,0,"[0, 1]"
1096376,7508397,1213,0,"[0, 1]"
1096376,7508397,3486,0,"[0, 1]"
1096376,7508397,2320,0,"[0, 1]"
1096376,7508397,2055,0,"[0, 1]"
1096376,7508397,3189,0,"[0, 1]"
1096376,7508397,2383,0,"[0, 1]"
1096376,7508397,3150,0,"[0, 1]"
1096376,7508397,3082,0,"[0, 1]"
1096376,7508397,2154,0,"[0, 1]"
1096376,7508397,2176,0,"[0, 1]"
1096376,7508397,3195,0,"[0, 1]"
1096376,7508397,2983,0,"[0, 1]"
1096376,7508397,2557,0,"[0, 1]"
1096376,7508397,3427,0,"[0, 1]"
1096376,7508397,2581,0,"[0, 1]"
1096376,7508397,2735,0,"[0, 1]"
1096376,7508397,2177,0,"[0, 1]"
1096376,7508397,3485,0,"[0, 1]"
1096376,7508397,2389,0,"[0, 1]"
1096376,7508397,2928,0,"[0, 1]"
1096376,7508397,3743,0,"[0, 1]"
1096376,7508397,3899,0,"[0, 1]"
1096376,7508397,4071,0,"[0, 1]"
1096376,7508397,4383,0,"[0, 1]"
1096376,7508397,7324982,1,"[0, 1]"
1096376,7508397,7349282,1,"[0, 1]"
1096376,7508397,4527,0,"[0, 1]"
1096376,7508397,7428853,1,"[0, 1]"
1096376,7508397,7600584,1,"[0, 1]"
1096376,7508397,7128776,1,"[0, 1]"
1096376,7508397,4834,0,"[0, 1]"
1096376,7508397,110805,1,"[0, 1]"
1096376,7508397,7568821,1,"[0, 1]"
1096376,7508397,7257177,1,"[0, 1]"
1096376,7508397,4846315,1,"[0, 1]"
1096376,7508397,7261579,1,"[0, 1]"
1096376,7508397,2581858,1,"[0, 1]"
1096376,7508397,7089760,1,"[0, 1]"
1096376,7508397,7549686,1,"[0, 1]"
1096376,7508397,7553481,1,"[0, 1]"
1096376,7508397,7398606,1,"[0, 1]"
1096376,7508397,4580,0,"[0, 1]"
1096376,7508397,7302077,1,"[0, 1]"
1096376,7508397,7280608,1,"[0, 1]"
1096376,7508397,7512955,1,"[0, 1]"
1096376,7508397,7507248,1,"[0, 1]"
1096376,7508397,7463236,1,"[0, 1]"
1096375,7508495,7508495,1,"[1, 0]"
1096375,7508495,4448,0,"[1, 0]"
1096375,7508495,2849,0,"[1, 0]"
1096375,7508495,1424,0,"[1, 0]"
1096375,7508495,711,0,"[1, 0]"
1096375,7508495,355,0,"[1, 0]"
1096375,7508495,177,0,"[1, 0]"
1096375,7508495,88,0,"[1, 0]"
1096375,7508495,43,0,"[1, 0]"
1096375,7508495,21,0,"[1, 0]"
1096375,7508495,10,0,"[1, 0]"
1096375,7508495,4,0,"[1, 0]"
1096375,7508495,1,0,"[1, 0]"
1096375,7508495,0,0,"[1, 0]"
1096375,7508495,2,0,"[0, 1]"
1096375,7508495,1,0,"[0, 1]"
1096375,7508495,3,0,"[0, 1]"
1096375,7508495,6,0,"[0, 1]"
1096375,7508495,5,0,"[0, 1]"
1096375,7508495,4,0,"[0, 1]"
1096375,7508495,14,0,"[0, 1]"
1096375,7508495,12,0,"[0, 1]"
1096375,7508495,13,0,"[0, 1]"
1096375,7508495,11,0,"[0, 1]"
1096375,7508495,8,0,"[0, 1]"
1096375,7508495,9,0,"[0, 1]"
1096375,7508495,16,0,"[0, 1]"
1096375,7508495,22,0,"[0, 1]"
1096375,7508495,29,0,"[0, 1]"
1096375,7508495,20,0,"[0, 1]"
1096375,7508495,21,0,"[0, 1]"
1096375,7508495,28,0,"[0, 1]"
1096375,7508495,27,0,"[0, 1]"
1096375,7508495,19,0,"[0, 1]"
1096375,7508495,55,0,"[0, 1]"
1096375,7508495,53,0,"[0, 1]"
1096375,7508495,51,0,"[0, 1]"
1096375,7508495,62,0,"[0, 1]"
1096375,7508495,54,0,"[0, 1]"
1096375,7508495,58,0,"[0, 1]"
1096375,7508495,61,0,"[0, 1]"
1096375,7508495,57,0,"[0, 1]"
1096375,7508495,45,0,"[0, 1]"
1096375,7508495,50,0,"[0, 1]"
1096375,7508495,102,0,"[0, 1]"
1096375,7508495,76,0,"[0, 1]"
1096375,7508495,82,0,"[0, 1]"
1096375,7508495,122,0,"[0, 1]"
1096375,7508495,101,0,"[0, 1]"
1096375,7508495,106,0,"[0, 1]"
1096375,7508495,87,0,"[0, 1]"
1096375,7508495,92,0,"[0, 1]"
1096375,7508495,124,0,"[0, 1]"
1096375,7508495,74,0,"[0, 1]"
1096375,7508495,86,0,"[0, 1]"
1096375,7508495,120,0,"[0, 1]"
1096375,7508495,205,0,"[0, 1]"
1096375,7508495,217,0,"[0, 1]"
1096375,7508495,147,0,"[0, 1]"
1096375,7508495,187,0,"[0, 1]"
1096375,7508495,146,0,"[0, 1]"
1096375,7508495,143,0,"[0, 1]"
1096375,7508495,254,0,"[0, 1]"
1096375,7508495,168,0,"[0, 1]"
1096375,7508495,246,0,"[0, 1]"
1096375,7508495,190,0,"[0, 1]"
1096375,7508495,242,0,"[0, 1]"
1096375,7508495,208,0,"[0, 1]"
1096375,7508495,209,0,"[0, 1]"
1096375,7508495,169,0,"[0, 1]"
1096375,7508495,345,0,"[0, 1]"
1096375,7508495,308,0,"[0, 1]"
1096375,7508495,293,0,"[0, 1]"
1096375,7508495,368,0,"[0, 1]"
1096375,7508495,256,0,"[0, 1]"
1096375,7508495,365,0,"[0, 1]"
1096375,7508495,468,0,"[0, 1]"
1096375,7508495,480,0,"[0, 1]"
1096375,7508495,456,0,"[0, 1]"
1096375,7508495,356,0,"[0, 1]"
1096375,7508495,387,0,"[0, 1]"
1096375,7508495,361,0,"[0, 1]"
1096375,7508495,474,0,"[0, 1]"
1096375,7508495,352,0,"[0, 1]"
1096375,7508495,410,0,"[0, 1]"
1096375,7508495,336,0,"[0, 1]"
1096375,7508495,984,0,"[0, 1]"
1096375,7508495,977,0,"[0, 1]"
1096375,7508495,525,0,"[0, 1]"
1096375,7508495,807,0,"[0, 1]"
1096375,7508495,773,0,"[0, 1]"
1096375,7508495,620,0,"[0, 1]"
1096375,7508495,687,0,"[0, 1]"
1096375,7508495,683,0,"[0, 1]"
1096375,7508495,616,0,"[0, 1]"
1096375,7508495,724,0,"[0, 1]"
1096375,7508495,523,0,"[0, 1]"
1096375,7508495,584,0,"[0, 1]"
1096375,7508495,1010,0,"[0, 1]"
1096375,7508495,954,0,"[0, 1]"
1096375,7508495,608,0,"[0, 1]"
1096375,7508495,956,0,"[0, 1]"
1096375,7508495,514,0,"[0, 1]"
1096375,7508495,576,0,"[0, 1]"
1096375,7508495,1042,0,"[0, 1]"
1096375,7508495,1109,0,"[0, 1]"
1096375,7508495,1682,0,"[0, 1]"
1096375,7508495,1571,0,"[0, 1]"
1096375,7508495,1201,0,"[0, 1]"
1096375,7508495,1316,0,"[0, 1]"
1096375,7508495,1630,0,"[0, 1]"
1096375,7508495,1088,0,"[0, 1]"
1096375,7508495,1253,0,"[0, 1]"
1096375,7508495,2036,0,"[0, 1]"
1096375,7508495,1218,0,"[0, 1]"
1096375,7508495,1646,0,"[0, 1]"
1096375,7508495,1258,0,"[0, 1]"
1096375,7508495,1871,0,"[0, 1]"
1096375,7508495,1099,0,"[0, 1]"
1096375,7508495,1975,0,"[0, 1]"
1096375,7508495,1668,0,"[0, 1]"
1096375,7508495,1838,0,"[0, 1]"
1096375,7508495,1068,0,"[0, 1]"
1096375,7508495,1115,0,"[0, 1]"
1096375,7508495,3659,0,"[0, 1]"
1096375,7508495,3222,0,"[0, 1]"
1096375,7508495,2439,0,"[0, 1]"
1096375,7508495,2940,0,"[0, 1]"
1096375,7508495,2570,0,"[0, 1]"
1096375,7508495,2303,0,"[0, 1]"
1096375,7508495,2197,0,"[0, 1]"
1096375,7508495,3014,0,"[0, 1]"
1096375,7508495,2646,0,"[0, 1]"
1096375,7508495,3457,0,"[0, 1]"
1096375,7508495,3513,0,"[0, 1]"
1096375,7508495,2434,0,"[0, 1]"
1096375,7508495,2582,0,"[0, 1]"
1096375,7508495,2484,0,"[0, 1]"
1096375,7508495,2609,0,"[0, 1]"
1096375,7508495,2598,0,"[0, 1]"
1096375,7508495,3549,0,"[0, 1]"
1096375,7508495,2130,0,"[0, 1]"
1096375,7508495,3387,0,"[0, 1]"
1096375,7508495,2870,0,"[0, 1]"
1096375,7508495,3219,0,"[0, 1]"
1096375,7508495,2786,0,"[0, 1]"
1096375,7508495,7192781,1,"[0, 1]"
1096375,7508495,562230,1,"[0, 1]"
1096375,7508495,7545903,1,"[0, 1]"
1096375,7508495,2524631,1,"[0, 1]"
1096375,7508495,4946,0,"[0, 1]"
1096375,7508495,7443091,1,"[0, 1]"
1096375,7508495,7111812,1,"[0, 1]"
1096375,7508495,7551337,1,"[0, 1]"
1096375,7508495,7210550,1,"[0, 1]"
1096375,7508495,7287899,1,"[0, 1]"
1096375,7508495,4432,0,"[0, 1]"
1096375,7508495,7448417,1,"[0, 1]"
1096375,7508495,4187,0,"[0, 1]"
1096375,7508495,4122,0,"[0, 1]"
1096375,7508495,7296810,1,"[0, 1]"
1096375,7508495,7423398,1,"[0, 1]"
1096375,7508495,4312,0,"[0, 1]"
1096375,7508495,7472524,1,"[0, 1]"
1096375,7508495,4824,0,"[0, 1]"
1096375,7508495,7146502,1,"[0, 1]"
1096375,7508495,7155493,1,"[0, 1]"
1096375,7508495,7111499,1,"[0, 1]"
1096375,7508495,4399,0,"[0, 1]"
1096375,7508495,7211181,1,"[0, 1]"
1096375,7508495,7576731,1,"[0, 1]"
1096375,7508495,7539979,1,"[0, 1]"
1096375,7508495,7160664,1,"[0, 1]"
1096375,7508495,7278820,1,"[0, 1]"
1096375,7508495,7637310,1,"[0, 1]"
1096375,7508495,7285993,1,"[0, 1]"
1096375,7508495,7214524,1,"[0, 1]"
1096375,7508495,7398113,1,"[0, 1]"
1096375,7508495,7586577,1,"[0, 1]"
1096375,7508495,7648865,1,"[0, 1]"
1096375,7508495,7635318,1,"[0, 1]"
1096375,7508495,7416571,1,"[0, 1]"
1096375,7508495,2980693,1,"[0, 1]"
1096375,7508495,7674426,1,"[0, 1]"
1096375,7508495,7654462,1,"[0, 1]"
1096375,7508495,7139054,1,"[0, 1]"
1096375,7508495,7087671,1,"[0, 1]"
1096375,7508495,7303645,1,"[0, 1]"
1096375,7508495,7427403,1,"[0, 1]"
1096375,7508495,7368360,1,"[0, 1]"
1096375,7508495,1491391,1,"[0, 1]"
1096375,7508495,7583254,1,"[0, 1]"
1096375,7508495,3194503,1,"[0, 1]"
1096375,7508495,7486211,1,"[0, 1]"
1096375,7508495,7451184,1,"[0, 1]"
1096375,7508495,7224789,1,"[0, 1]"
406205,7508547,7508547,1,"[1, 0]"
406205,7508547,3600,0,"[1, 0]"
406205,7508547,1799,0,"[1, 0]"
406205,7508547,899,0,"[1, 0]"
406205,7508547,449,0,"[1, 0]"
406205,7508547,224,0,"[1, 0]"
406205,7508547,111,0,"[1, 0]"
406205,7508547,55,0,"[1, 0]"
406205,7508547,27,0,"[1, 0]"
406205,7508547,13,0,"[1, 0]"
406205,7508547,6,0,"[1, 0]"
406205,7508547,2,0,"[1, 0]"
406205,7508547,0,0,"[1, 0]"
406205,7508547,1,0,"[0, 1]"
406205,7508547,2,0,"[0, 1]"
406205,7508547,5,0,"[0, 1]"
406205,7508547,3,0,"[0, 1]"
406205,7508547,6,0,"[0, 1]"
406205,7508547,4,0,"[0, 1]"
406205,7508547,9,0,"[0, 1]"
406205,7508547,13,0,"[0, 1]"
406205,7508547,11,0,"[0, 1]"
406205,7508547,14,0,"[0, 1]"
406205,7508547,12,0,"[0, 1]"
406205,7508547,8,0,"[0, 1]"
406205,7508547,23,0,"[0, 1]"
406205,7508547,26,0,"[0, 1]"
406205,7508547,30,0,"[0, 1]"
406205,7508547,20,0,"[0, 1]"
406205,7508547,19,0,"[0, 1]"
406205,7508547,29,0,"[0, 1]"
406205,7508547,21,0,"[0, 1]"
406205,7508547,24,0,"[0, 1]"
406205,7508547,32,0,"[0, 1]"
406205,7508547,51,0,"[0, 1]"
406205,7508547,40,0,"[0, 1]"
406205,7508547,53,0,"[0, 1]"
406205,7508547,34,0,"[0, 1]"
406205,7508547,50,0,"[0, 1]"
406205,7508547,49,0,"[0, 1]"
406205,7508547,48,0,"[0, 1]"
406205,7508547,54,0,"[0, 1]"
406205,7508547,33,0,"[0, 1]"
406205,7508547,87,0,"[0, 1]"
406205,7508547,90,0,"[0, 1]"
406205,7508547,107,0,"[0, 1]"
406205,7508547,118,0,"[0, 1]"
406205,7508547,68,0,"[0, 1]"
406205,7508547,67,0,"[0, 1]"
406205,7508547,100,0,"[0, 1]"
406205,7508547,96,0,"[0, 1]"
406205,7508547,70,0,"[0, 1]"
406205,7508547,97,0,"[0, 1]"
406205,7508547,98,0,"[0, 1]"
406205,7508547,73,0,"[0, 1]"
406205,7508547,149,0,"[0, 1]"
406205,7508547,227,0,"[0, 1]"
406205,7508547,201,0,"[0, 1]"
406205,7508547,160,0,"[0, 1]"
406205,7508547,150,0,"[0, 1]"
406205,7508547,166,0,"[0, 1]"
406205,7508547,186,0,"[0, 1]"
406205,7508547,130,0,"[0, 1]"
406205,7508547,174,0,"[0, 1]"
406205,7508547,154,0,"[0, 1]"
406205,7508547,175,0,"[0, 1]"
406205,7508547,203,0,"[0, 1]"
406205,7508547,152,0,"[0, 1]"
406205,7508547,181,0,"[0, 1]"
406205,7508547,446,0,"[0, 1]"
406205,7508547,294,0,"[0, 1]"
406205,7508547,383,0,"[0, 1]"
406205,7508547,460,0,"[0, 1]"
406205,7508547,307,0,"[0, 1]"
406205,7508547,317,0,"[0, 1]"
406205,7508547,329,0,"[0, 1]"
406205,7508547,424,0,"[0, 1]"
406205,7508547,335,0,"[0, 1]"
406205,7508547,394,0,"[0, 1]"
406205,7508547,466,0,"[0, 1]"
406205,7508547,290,0,"[0, 1]"
406205,7508547,400,0,"[0, 1]"
406205,7508547,288,0,"[0, 1]"
406205,7508547,445,0,"[0, 1]"
406205,7508547,450,0,"[0, 1]"
406205,7508547,715,0,"[0, 1]"
406205,7508547,646,0,"[0, 1]"
406205,7508547,971,0,"[0, 1]"
406205,7508547,545,0,"[0, 1]"
406205,7508547,890,0,"[0, 1]"
406205,7508547,564,0,"[0, 1]"
406205,7508547,794,0,"[0, 1]"
406205,7508547,712,0,"[0, 1]"
406205,7508547,567,0,"[0, 1]"
406205,7508547,835,0,"[0, 1]"
406205,7508547,584,0,"[0, 1]"
406205,7508547,865,0,"[0, 1]"
406205,7508547,675,0,"[0, 1]"
406205,7508547,951,0,"[0, 1]"
406205,7508547,863,0,"[0, 1]"
406205,7508547,719,0,"[0, 1]"
406205,7508547,645,0,"[0, 1]"
406205,7508547,958,0,"[0, 1]"
406205,7508547,1985,0,"[0, 1]"
406205,7508547,1548,0,"[0, 1]"
406205,7508547,2019,0,"[0, 1]"
406205,7508547,1684,0,"[0, 1]"
406205,7508547,1416,0,"[0, 1]"
406205,7508547,1285,0,"[0, 1]"
406205,7508547,1674,0,"[0, 1]"
406205,7508547,1229,0,"[0, 1]"
406205,7508547,1720,0,"[0, 1]"
406205,7508547,1074,0,"[0, 1]"
406205,7508547,1446,0,"[0, 1]"
406205,7508547,1174,0,"[0, 1]"
406205,7508547,1123,0,"[0, 1]"
406205,7508547,1714,0,"[0, 1]"
406205,7508547,1912,0,"[0, 1]"
406205,7508547,1558,0,"[0, 1]"
406205,7508547,1160,0,"[0, 1]"
406205,7508547,1378,0,"[0, 1]"
406205,7508547,1110,0,"[0, 1]"
406205,7508547,1426,0,"[0, 1]"
406205,7508547,3676,0,"[0, 1]"
406205,7508547,2430,0,"[0, 1]"
406205,7508547,2915,0,"[0, 1]"
406205,7508547,4060,0,"[0, 1]"
406205,7508547,2059,0,"[0, 1]"
406205,7508547,2831,0,"[0, 1]"
406205,7508547,2309,0,"[0, 1]"
406205,7508547,3905,0,"[0, 1]"
406205,7508547,3747,0,"[0, 1]"
406205,7508547,2099,0,"[0, 1]"
406205,7508547,2057,0,"[0, 1]"
406205,7508547,3416,0,"[0, 1]"
406205,7508547,3146,0,"[0, 1]"
406205,7508547,2869,0,"[0, 1]"
406205,7508547,3659,0,"[0, 1]"
406205,7508547,2996,0,"[0, 1]"
406205,7508547,2558,0,"[0, 1]"
406205,7508547,3196,0,"[0, 1]"
406205,7508547,2250,0,"[0, 1]"
406205,7508547,2648,0,"[0, 1]"
406205,7508547,2312,0,"[0, 1]"
406205,7508547,2865,0,"[0, 1]"
406205,7508547,7654456,1,"[0, 1]"
406205,7508547,7676295,1,"[0, 1]"
406205,7508547,7114492,1,"[0, 1]"
406205,7508547,7151920,1,"[0, 1]"
406205,7508547,7116744,1,"[0, 1]"
406205,7508547,4454,0,"[0, 1]"
406205,7508547,2185666,1,"[0, 1]"
406205,7508547,7299671,1,"[0, 1]"
406205,7508547,7105252,1,"[0, 1]"
406205,7508547,7262574,1,"[0, 1]"
406205,7508547,4878,0,"[0, 1]"
406205,7508547,7235182,1,"[0, 1]"
406205,7508547,7685957,1,"[0, 1]"
406205,7508547,7656262,1,"[0, 1]"
406205,7508547,4645,0,"[0, 1]"
406205,7508547,7110606,1,"[0, 1]"
406205,7508547,4269,0,"[0, 1]"
406205,7508547,7592945,1,"[0, 1]"
406205,7508547,4883,0,"[0, 1]"
406205,7508547,7104007,1,"[0, 1]"
406205,7508547,7142571,1,"[0, 1]"
406205,7508547,4205,0,"[0, 1]"
406205,7508547,7502851,1,"[0, 1]"
406205,7508547,7291556,1,"[0, 1]"
507086,7508730,7508730,1,"[1, 0]"
507086,7508730,4887,0,"[1, 0]"
507086,7508730,3844,0,"[1, 0]"
507086,7508730,1921,0,"[1, 0]"
507086,7508730,960,0,"[1, 0]"
507086,7508730,479,0,"[1, 0]"
507086,7508730,239,0,"[1, 0]"
507086,7508730,119,0,"[1, 0]"
507086,7508730,59,0,"[1, 0]"
507086,7508730,29,0,"[1, 0]"
507086,7508730,14,0,"[1, 0]"
507086,7508730,6,0,"[1, 0]"
507086,7508730,2,0,"[1, 0]"
507086,7508730,0,0,"[1, 0]"
507086,7508730,1,0,"[0, 1]"
507086,7508730,2,0,"[0, 1]"
507086,7508730,3,0,"[0, 1]"
507086,7508730,5,0,"[0, 1]"
507086,7508730,4,0,"[0, 1]"
507086,7508730,6,0,"[0, 1]"
507086,7508730,14,0,"[0, 1]"
507086,7508730,10,0,"[0, 1]"
507086,7508730,9,0,"[0, 1]"
507086,7508730,12,0,"[0, 1]"
507086,7508730,8,0,"[0, 1]"
507086,7508730,11,0,"[0, 1]"
507086,7508730,21,0,"[0, 1]"
507086,7508730,15,0,"[0, 1]"
507086,7508730,17,0,"[0, 1]"
507086,7508730,27,0,"[0, 1]"
507086,7508730,19,0,"[0, 1]"
507086,7508730,28,0,"[0, 1]"
507086,7508730,30,0,"[0, 1]"
507086,7508730,22,0,"[0, 1]"
507086,7508730,61,0,"[0, 1]"
507086,7508730,37,0,"[0, 1]"
507086,7508730,32,0,"[0, 1]"
507086,7508730,46,0,"[0, 1]"
507086,7508730,36,0,"[0, 1]"
507086,7508730,52,0,"[0, 1]"
507086,7508730,39,0,"[0, 1]"
507086,7508730,33,0,"[0, 1]"
507086,7508730,48,0,"[0, 1]"
507086,7508730,44,0,"[0, 1]"
507086,7508730,102,0,"[0, 1]"
507086,7508730,68,0,"[0, 1]"
507086,7508730,79,0,"[0, 1]"
507086,7508730,82,0,"[0, 1]"
507086,7508730,108,0,"[0, 1]"
507086,7508730,106,0,"[0, 1]"
507086,7508730,124,0,"[0, 1]"
507086,7508730,126,0,"[0, 1]"
507086,7508730,69,0,"[0, 1]"
507086,7508730,72,0,"[0, 1]"
507086,7508730,125,0,"[0, 1]"
507086,7508730,71,0,"[0, 1]"
507086,7508730,236,0,"[0, 1]"
507086,7508730,241,0,"[0, 1]"
507086,7508730,146,0,"[0, 1]"
507086,7508730,231,0,"[0, 1]"
507086,7508730,137,0,"[0, 1]"
507086,7508730,234,0,"[0, 1]"
507086,7508730,205,0,"[0, 1]"
507086,7508730,220,0,"[0, 1]"
507086,7508730,238,0,"[0, 1]"
507086,7508730,195,0,"[0, 1]"
507086,7508730,160,0,"[0, 1]"
507086,7508730,169,0,"[0, 1]"
507086,7508730,246,0,"[0, 1]"
507086,7508730,186,0,"[0, 1]"
507086,7508730,382,0,"[0, 1]"
507086,7508730,489,0,"[0, 1]"
507086,7508730,473,0,"[0, 1]"
507086,7508730,291,0,"[0, 1]"
507086,7508730,393,0,"[0, 1]"
507086,7508730,359,0,"[0, 1]"
507086,7508730,471,0,"[0, 1]"
507086,7508730,402,0,"[0, 1]"
507086,7508730,417,0,"[0, 1]"
507086,7508730,403,0,"[0, 1]"
507086,7508730,257,0,"[0, 1]"
507086,7508730,286,0,"[0, 1]"
507086,7508730,378,0,"[0, 1]"
507086,7508730,275,0,"[0, 1]"
507086,7508730,367,0,"[0, 1]"
507086,7508730,256,0,"[0, 1]"
507086,7508730,660,0,"[0, 1]"
507086,7508730,904,0,"[0, 1]"
507086,7508730,766,0,"[0, 1]"
507086,7508730,680,0,"[0, 1]"
507086,7508730,829,0,"[0, 1]"
507086,7508730,618,0,"[0, 1]"
507086,7508730,909,0,"[0, 1]"
507086,7508730,926,0,"[0, 1]"
507086,7508730,1021,0,"[0, 1]"
507086,7508730,956,0,"[0, 1]"
507086,7508730,877,0,"[0, 1]"
507086,7508730,539,0,"[0, 1]"
507086,7508730,996,0,"[0, 1]"
507086,7508730,911,0,"[0, 1]"
507086,7508730,735,0,"[0, 1]"
507086,7508730,754,0,"[0, 1]"
507086,7508730,1003,0,"[0, 1]"
507086,7508730,516,0,"[0, 1]"
507086,7508730,1578,0,"[0, 1]"
507086,7508730,1256,0,"[0, 1]"
507086,7508730,1046,0,"[0, 1]"
507086,7508730,1161,0,"[0, 1]"
507086,7508730,1910,0,"[0, 1]"
507086,7508730,1279,0,"[0, 1]"
507086,7508730,1886,0,"[0, 1]"
507086,7508730,1539,0,"[0, 1]"
507086,7508730,1231,0,"[0, 1]"
507086,7508730,1044,0,"[0, 1]"
507086,7508730,1354,0,"[0, 1]"
507086,7508730,1931,0,"[0, 1]"
507086,7508730,1983,0,"[0, 1]"
507086,7508730,1222,0,"[0, 1]"
507086,7508730,1825,0,"[0, 1]"
507086,7508730,1839,0,"[0, 1]"
507086,7508730,1959,0,"[0, 1]"
507086,7508730,1159,0,"[0, 1]"
507086,7508730,1401,0,"[0, 1]"
507086,7508730,1617,0,"[0, 1]"
507086,7508730,3955,0,"[0, 1]"
507086,7508730,3256,0,"[0, 1]"
507086,7508730,3020,0,"[0, 1]"
507086,7508730,2262,0,"[0, 1]"
507086,7508730,3440,0,"[0, 1]"
507086,7508730,2145,0,"[0, 1]"
507086,7508730,2603,0,"[0, 1]"
507086,7508730,3582,0,"[0, 1]"
507086,7508730,3726,0,"[0, 1]"
507086,7508730,3773,0,"[0, 1]"
507086,7508730,3412,0,"[0, 1]"
507086,7508730,2692,0,"[0, 1]"
507086,7508730,3964,0,"[0, 1]"
507086,7508730,3719,0,"[0, 1]"
507086,7508730,4010,0,"[0, 1]"
507086,7508730,3232,0,"[0, 1]"
507086,7508730,2924,0,"[0, 1]"
507086,7508730,3754,0,"[0, 1]"
507086,7508730,2138,0,"[0, 1]"
507086,7508730,2822,0,"[0, 1]"
507086,7508730,3919,0,"[0, 1]"
507086,7508730,3688,0,"[0, 1]"
507086,7508730,4268,0,"[0, 1]"
507086,7508730,4244,0,"[0, 1]"
507086,7508730,7230408,1,"[0, 1]"
507086,7508730,7176742,1,"[0, 1]"
507086,7508730,7425697,1,"[0, 1]"
507086,7508730,7184530,1,"[0, 1]"
507086,7508730,537325,1,"[0, 1]"
507086,7508730,7627391,1,"[0, 1]"
507086,7508730,4386,0,"[0, 1]"
507086,7508730,7583985,1,"[0, 1]"
507086,7508730,7509051,1,"[0, 1]"
507086,7508730,7143318,1,"[0, 1]"
507086,7508730,7194533,1,"[0, 1]"
507086,7508730,7197007,1,"[0, 1]"
507086,7508730,7655718,1,"[0, 1]"
507086,7508730,7640235,1,"[0, 1]"
507086,7508730,7623736,1,"[0, 1]"
507086,7508730,5786828,1,"[0, 1]"
507086,7508730,7635938,1,"[0, 1]"
507086,7508730,7109416,1,"[0, 1]"
507086,7508730,7572293,1,"[0, 1]"
507086,7508730,4744,0,"[0, 1]"
507086,7508730,7286487,1,"[0, 1]"
507086,7508730,7532930,1,"[0, 1]"
507086,7508730,7199838,1,"[0, 1]"
507086,7508730,7281400,1,"[0, 1]"
507086,7508730,7377860,1,"[0, 1]"
507086,7508730,7475952,1,"[0, 1]"
507086,7508730,7507566,1,"[0, 1]"
507086,7508730,7452695,1,"[0, 1]"
507086,7508730,7305462,1,"[0, 1]"
507086,7508730,7566269,1,"[0, 1]"
507086,7508730,7099129,1,"[0, 1]"
507086,7508730,7119910,1,"[0, 1]"
507086,7508730,2102572,1,"[0, 1]"
507086,7508730,7351963,1,"[0, 1]"
507086,7508730,767271,1,"[0, 1]"
507086,7508730,7684917,1,"[0, 1]"
507086,7508730,7217129,1,"[0, 1]"
507086,7508730,7103214,1,"[0, 1]"
507086,7508730,7148073,1,"[0, 1]"
507086,7508730,7183229,1,"[0, 1]"
507086,7508730,7682806,1,"[0, 1]"
507086,7508730,7325668,1,"[0, 1]"
507086,7508730,7195711,1,"[0, 1]"
507086,7508730,7136893,1,"[0, 1]"
507086,7508730,7637307,1,"[0, 1]"
507086,7508730,7363961,1,"[0, 1]"
507086,7508730,1374917,1,"[0, 1]"
507086,7508730,146220,1,"[0, 1]"
97766,7508786,7508786,1,"[1, 0]"
97766,7508786,4233,0,"[1, 0]"
97766,7508786,2360,0,"[1, 0]"
97766,7508786,1179,0,"[1, 0]"
97766,7508786,589,0,"[1, 0]"
97766,7508786,294,0,"[1, 0]"
97766,7508786,146,0,"[1, 0]"
97766,7508786,72,0,"[1, 0]"
97766,7508786,35,0,"[1, 0]"
97766,7508786,17,0,"[1, 0]"
97766,7508786,8,0,"[1, 0]"
97766,7508786,3,0,"[1, 0]"
97766,7508786,1,0,"[1, 0]"
97766,7508786,0,0,"[1, 0]"
97766,7508786,2,0,"[0, 1]"
97766,7508786,1,0,"[0, 1]"
97766,7508786,6,0,"[0, 1]"
97766,7508786,4,0,"[0, 1]"
97766,7508786,3,0,"[0, 1]"
97766,7508786,5,0,"[0, 1]"
97766,7508786,12,0,"[0, 1]"
97766,7508786,13,0,"[0, 1]"
97766,7508786,9,0,"[0, 1]"
97766,7508786,11,0,"[0, 1]"
97766,7508786,7,0,"[0, 1]"
97766,7508786,14,0,"[0, 1]"
97766,7508786,29,0,"[0, 1]"
97766,7508786,19,0,"[0, 1]"
97766,7508786,18,0,"[0, 1]"
97766,7508786,24,0,"[0, 1]"
97766,7508786,20,0,"[0, 1]"
97766,7508786,16,0,"[0, 1]"
97766,7508786,30,0,"[0, 1]"
97766,7508786,28,0,"[0, 1]"
97766,7508786,45,0,"[0, 1]"
97766,7508786,46,0,"[0, 1]"
97766,7508786,40,0,"[0, 1]"
97766,7508786,51,0,"[0, 1]"
97766,7508786,50,0,"[0, 1]"
97766,7508786,43,0,"[0, 1]"
97766,7508786,61,0,"[0, 1]"
97766,7508786,53,0,"[0, 1]"
97766,7508786,49,0,"[0, 1]"
97766,7508786,48,0,"[0, 1]"
97766,7508786,115,0,"[0, 1]"
97766,7508786,68,0,"[0, 1]"
97766,7508786,64,0,"[0, 1]"
97766,7508786,111,0,"[0, 1]"
97766,7508786,122,0,"[0, 1]"
97766,7508786,112,0,"[0, 1]"
97766,7508786,113,0,"[0, 1]"
97766,7508786,103,0,"[0, 1]"
97766,7508786,88,0,"[0, 1]"
97766,7508786,78,0,"[0, 1]"
97766,7508786,81,0,"[0, 1]"
97766,7508786,75,0,"[0, 1]"
97766,7508786,142,0,"[0, 1]"
97766,7508786,204,0,"[0, 1]"
97766,7508786,248,0,"[0, 1]"
97766,7508786,145,0,"[0, 1]"
97766,7508786,139,0,"[0, 1]"
97766,7508786,218,0,"[0, 1]"
97766,7508786,253,0,"[0, 1]"
97766,7508786,152,0,"[0, 1]"
97766,7508786,170,0,"[0, 1]"
97766,7508786,183,0,"[0, 1]"
97766,7508786,221,0,"[0, 1]"
97766,7508786,150,0,"[0, 1]"
97766,7508786,196,0,"[0, 1]"
97766,7508786,227,0,"[0, 1]"
97766,7508786,299,0,"[0, 1]"
97766,7508786,320,0,"[0, 1]"
97766,7508786,510,0,"[0, 1]"
97766,7508786,454,0,"[0, 1]"
97766,7508786,381,0,"[0, 1]"
97766,7508786,327,0,"[0, 1]"
97766,7508786,353,0,"[0, 1]"
97766,7508786,328,0,"[0, 1]"
97766,7508786,283,0,"[0, 1]"
97766,7508786,275,0,"[0, 1]"
97766,7508786,466,0,"[0, 1]"
97766,7508786,485,0,"[0, 1]"
97766,7508786,311,0,"[0, 1]"
97766,7508786,436,0,"[0, 1]"
97766,7508786,318,0,"[0, 1]"
97766,7508786,355,0,"[0, 1]"
97766,7508786,911,0,"[0, 1]"
97766,7508786,591,0,"[0, 1]"
97766,7508786,895,0,"[0, 1]"
97766,7508786,646,0,"[0, 1]"
97766,7508786,885,0,"[0, 1]"
97766,7508786,662,0,"[0, 1]"
97766,7508786,916,0,"[0, 1]"
97766,7508786,914,0,"[0, 1]"
97766,7508786,835,0,"[0, 1]"
97766,7508786,511,0,"[0, 1]"
97766,7508786,556,0,"[0, 1]"
97766,7508786,651,0,"[0, 1]"
97766,7508786,834,0,"[0, 1]"
97766,7508786,631,0,"[0, 1]"
97766,7508786,572,0,"[0, 1]"
97766,7508786,632,0,"[0, 1]"
97766,7508786,583,0,"[0, 1]"
97766,7508786,610,0,"[0, 1]"
97766,7508786,1902,0,"[0, 1]"
97766,7508786,1448,0,"[0, 1]"
97766,7508786,1885,0,"[0, 1]"
97766,7508786,2014,0,"[0, 1]"
97766,7508786,1523,0,"[0, 1]"
97766,7508786,1716,0,"[0, 1]"
97766,7508786,1313,0,"[0, 1]"
97766,7508786,1319,0,"[0, 1]"
97766,7508786,1748,0,"[0, 1]"
97766,7508786,1974,0,"[0, 1]"
97766,7508786,1942,0,"[0, 1]"
97766,7508786,1789,0,"[0, 1]"
97766,7508786,1780,0,"[0, 1]"
97766,7508786,1125,0,"[0, 1]"
97766,7508786,1535,0,"[0, 1]"
97766,7508786,1126,0,"[0, 1]"
97766,7508786,1644,0,"[0, 1]"
97766,7508786,1224,0,"[0, 1]"
97766,7508786,1043,0,"[0, 1]"
97766,7508786,1823,0,"[0, 1]"
97766,7508786,3449,0,"[0, 1]"
97766,7508786,3503,0,"[0, 1]"
97766,7508786,2425,0,"[0, 1]"
97766,7508786,3629,0,"[0, 1]"
97766,7508786,3788,0,"[0, 1]"
97766,7508786,2998,0,"[0, 1]"
97766,7508786,3968,0,"[0, 1]"
97766,7508786,2122,0,"[0, 1]"
97766,7508786,2309,0,"[0, 1]"
97766,7508786,2797,0,"[0, 1]"
97766,7508786,2481,0,"[0, 1]"
97766,7508786,3969,0,"[0, 1]"
97766,7508786,2248,0,"[0, 1]"
97766,7508786,3648,0,"[0, 1]"
97766,7508786,2413,0,"[0, 1]"
97766,7508786,3649,0,"[0, 1]"
97766,7508786,3290,0,"[0, 1]"
97766,7508786,3297,0,"[0, 1]"
97766,7508786,3600,0,"[0, 1]"
97766,7508786,2193,0,"[0, 1]"
97766,7508786,2338,0,"[0, 1]"
97766,7508786,3445,0,"[0, 1]"
97766,7508786,4822,0,"[0, 1]"
97766,7508786,7393316,1,"[0, 1]"
97766,7508786,7296437,1,"[0, 1]"
97766,7508786,7150401,1,"[0, 1]"
97766,7508786,4813,0,"[0, 1]"
97766,7508786,7208297,1,"[0, 1]"
97766,7508786,7371853,1,"[0, 1]"
97766,7508786,7414926,1,"[0, 1]"
97766,7508786,4724,0,"[0, 1]"
97766,7508786,7294736,1,"[0, 1]"
97766,7508786,7453305,1,"[0, 1]"
97766,7508786,7686458,1,"[0, 1]"
97766,7508786,7095568,1,"[0, 1]"
97766,7508786,7174859,1,"[0, 1]"
97766,7508786,7280593,1,"[0, 1]"
97766,7508786,7170192,1,"[0, 1]"
97766,7508786,7670356,1,"[0, 1]"
97766,7508786,7243610,1,"[0, 1]"
97766,7508786,7648151,1,"[0, 1]"
97766,7508786,4141,0,"[0, 1]"
97766,7508786,1317213,1,"[0, 1]"
97766,7508786,7163878,1,"[0, 1]"
97766,7508786,3471973,1,"[0, 1]"
97766,7508786,7277958,1,"[0, 1]"
97766,7508786,7686120,1,"[0, 1]"
97766,7508786,7209824,1,"[0, 1]"
97766,7508786,7294645,1,"[0, 1]"
97766,7508786,7236940,1,"[0, 1]"
97766,7508786,7257909,1,"[0, 1]"
97766,7508786,658625,1,"[0, 1]"
97766,7508786,146220,1,"[0, 1]"
97766,7508786,5081578,1,"[0, 1]"
97766,7508786,7545518,1,"[0, 1]"
97766,7508786,7503601,1,"[0, 1]"
97766,7508786,1050990,1,"[0, 1]"
97766,7508786,7478788,1,"[0, 1]"
97766,7508786,7273990,1,"[0, 1]"
97766,7508786,7136842,1,"[0, 1]"
97766,7508786,7363145,1,"[0, 1]"
97766,7508786,2548558,1,"[0, 1]"
97766,7508786,7534196,1,"[0, 1]"
97766,7508786,7596038,1,"[0, 1]"
97766,7508786,7105008,1,"[0, 1]"
97766,7508786,7496708,1,"[0, 1]"
97766,7508786,7470598,1,"[0, 1]"
97766,7508786,7212848,1,"[0, 1]"
97766,7508786,7573762,1,"[0, 1]"
97766,7508786,7684421,1,"[0, 1]"
97766,7508786,787613,1,"[0, 1]"
97766,7508786,7086809,1,"[0, 1]"
1096371,7508908,7508908,1,"[1, 0]"
1096371,7508908,4404,0,"[1, 0]"
1096371,7508908,2748,0,"[1, 0]"
1096371,7508908,1373,0,"[1, 0]"
1096371,7508908,686,0,"[1, 0]"
1096371,7508908,342,0,"[1, 0]"
1096371,7508908,170,0,"[1, 0]"
1096371,7508908,84,0,"[1, 0]"
1096371,7508908,41,0,"[1, 0]"
1096371,7508908,20,0,"[1, 0]"
1096371,7508908,9,0,"[1, 0]"
1096371,7508908,4,0,"[1, 0]"
1096371,7508908,1,0,"[1, 0]"
1096371,7508908,0,0,"[1, 0]"
1096371,7508908,1,0,"[0, 1]"
1096371,7508908,2,0,"[0, 1]"
1096371,7508908,4,0,"[0, 1]"
1096371,7508908,3,0,"[0, 1]"
1096371,7508908,5,0,"[0, 1]"
1096371,7508908,6,0,"[0, 1]"
1096371,7508908,8,0,"[0, 1]"
1096371,7508908,13,0,"[0, 1]"
1096371,7508908,11,0,"[0, 1]"
1096371,7508908,7,0,"[0, 1]"
1096371,7508908,10,0,"[0, 1]"
1096371,7508908,9,0,"[0, 1]"
1096371,7508908,18,0,"[0, 1]"
1096371,7508908,26,0,"[0, 1]"
1096371,7508908,25,0,"[0, 1]"
1096371,7508908,24,0,"[0, 1]"
1096371,7508908,22,0,"[0, 1]"
1096371,7508908,20,0,"[0, 1]"
1096371,7508908,19,0,"[0, 1]"
1096371,7508908,15,0,"[0, 1]"
1096371,7508908,39,0,"[0, 1]"
1096371,7508908,36,0,"[0, 1]"
1096371,7508908,58,0,"[0, 1]"
1096371,7508908,41,0,"[0, 1]"
1096371,7508908,34,0,"[0, 1]"
1096371,7508908,31,0,"[0, 1]"
1096371,7508908,52,0,"[0, 1]"
1096371,7508908,59,0,"[0, 1]"
1096371,7508908,47,0,"[0, 1]"
1096371,7508908,45,0,"[0, 1]"
1096371,7508908,121,0,"[0, 1]"
1096371,7508908,68,0,"[0, 1]"
1096371,7508908,80,0,"[0, 1]"
1096371,7508908,106,0,"[0, 1]"
1096371,7508908,108,0,"[0, 1]"
1096371,7508908,88,0,"[0, 1]"
1096371,7508908,63,0,"[0, 1]"
1096371,7508908,97,0,"[0, 1]"
1096371,7508908,70,0,"[0, 1]"
1096371,7508908,99,0,"[0, 1]"
1096371,7508908,77,0,"[0, 1]"
1096371,7508908,96,0,"[0, 1]"
1096371,7508908,243,0,"[0, 1]"
1096371,7508908,204,0,"[0, 1]"
1096371,7508908,208,0,"[0, 1]"
1096371,7508908,206,0,"[0, 1]"
1096371,7508908,226,0,"[0, 1]"
1096371,7508908,178,0,"[0, 1]"
1096371,7508908,207,0,"[0, 1]"
1096371,7508908,228,0,"[0, 1]"
1096371,7508908,155,0,"[0, 1]"
1096371,7508908,190,0,"[0, 1]"
1096371,7508908,234,0,"[0, 1]"
1096371,7508908,130,0,"[0, 1]"
1096371,7508908,232,0,"[0, 1]"
1096371,7508908,137,0,"[0, 1]"
1096371,7508908,388,0,"[0, 1]"
1096371,7508908,446,0,"[0, 1]"
1096371,7508908,406,0,"[0, 1]"
1096371,7508908,293,0,"[0, 1]"
1096371,7508908,416,0,"[0, 1]"
1096371,7508908,362,0,"[0, 1]"
1096371,7508908,391,0,"[0, 1]"
1096371,7508908,380,0,"[0, 1]"
1096371,7508908,298,0,"[0, 1]"
1096371,7508908,257,0,"[0, 1]"
1096371,7508908,292,0,"[0, 1]"
1096371,7508908,484,0,"[0, 1]"
1096371,7508908,260,0,"[0, 1]"
1096371,7508908,276,0,"[0, 1]"
1096371,7508908,310,0,"[0, 1]"
1096371,7508908,433,0,"[0, 1]"
1096371,7508908,730,0,"[0, 1]"
1096371,7508908,829,0,"[0, 1]"
1096371,7508908,828,0,"[0, 1]"
1096371,7508908,699,0,"[0, 1]"
1096371,7508908,534,0,"[0, 1]"
1096371,7508908,712,0,"[0, 1]"
1096371,7508908,863,0,"[0, 1]"
1096371,7508908,538,0,"[0, 1]"
1096371,7508908,834,0,"[0, 1]"
1096371,7508908,713,0,"[0, 1]"
1096371,7508908,806,0,"[0, 1]"
1096371,7508908,767,0,"[0, 1]"
1096371,7508908,721,0,"[0, 1]"
1096371,7508908,706,0,"[0, 1]"
1096371,7508908,895,0,"[0, 1]"
1096371,7508908,560,0,"[0, 1]"
1096371,7508908,617,0,"[0, 1]"
1096371,7508908,594,0,"[0, 1]"
1096371,7508908,1624,0,"[0, 1]"
1096371,7508908,1567,0,"[0, 1]"
1096371,7508908,1563,0,"[0, 1]"
1096371,7508908,1700,0,"[0, 1]"
1096371,7508908,1572,0,"[0, 1]"
1096371,7508908,1949,0,"[0, 1]"
1096371,7508908,1706,0,"[0, 1]"
1096371,7508908,1108,0,"[0, 1]"
1096371,7508908,1997,0,"[0, 1]"
1096371,7508908,1820,0,"[0, 1]"
1096371,7508908,1787,0,"[0, 1]"
1096371,7508908,1790,0,"[0, 1]"
1096371,7508908,1488,0,"[0, 1]"
1096371,7508908,1591,0,"[0, 1]"
1096371,7508908,1037,0,"[0, 1]"
1096371,7508908,1492,0,"[0, 1]"
1096371,7508908,1717,0,"[0, 1]"
1096371,7508908,1605,0,"[0, 1]"
1096371,7508908,1733,0,"[0, 1]"
1096371,7508908,1082,0,"[0, 1]"
1096371,7508908,2863,0,"[0, 1]"
1096371,7508908,3069,0,"[0, 1]"
1096371,7508908,2813,0,"[0, 1]"
1096371,7508908,3319,0,"[0, 1]"
1096371,7508908,3039,0,"[0, 1]"
1096371,7508908,2425,0,"[0, 1]"
1096371,7508908,3043,0,"[0, 1]"
1096371,7508908,2748,0,"[0, 1]"
1096371,7508908,2314,0,"[0, 1]"
1096371,7508908,2617,0,"[0, 1]"
1096371,7508908,2130,0,"[0, 1]"
1096371,7508908,3161,0,"[0, 1]"
1096371,7508908,3741,0,"[0, 1]"
1096371,7508908,3207,0,"[0, 1]"
1096371,7508908,3509,0,"[0, 1]"
1096371,7508908,3283,0,"[0, 1]"
1096371,7508908,2887,0,"[0, 1]"
1096371,7508908,2976,0,"[0, 1]"
1096371,7508908,2255,0,"[0, 1]"
1096371,7508908,3640,0,"[0, 1]"
1096371,7508908,2127,0,"[0, 1]"
1096371,7508908,2937,0,"[0, 1]"
1096371,7508908,4539,0,"[0, 1]"
1096371,7508908,4673,0,"[0, 1]"
1096371,7508908,4693173,1,"[0, 1]"
1096371,7508908,7166524,1,"[0, 1]"
1096371,7508908,7551418,1,"[0, 1]"
1096371,7508908,7512955,1,"[0, 1]"
1096371,7508908,7469042,1,"[0, 1]"
1096371,7508908,7212499,1,"[0, 1]"
1096371,7508908,7376630,1,"[0, 1]"
1096371,7508908,4561,0,"[0, 1]"
1096371,7508908,7121349,1,"[0, 1]"
1096371,7508908,7127554,1,"[0, 1]"
1096371,7508908,4521109,1,"[0, 1]"
1096371,7508908,4181,0,"[0, 1]"
1096371,7508908,7412199,1,"[0, 1]"
1096371,7508908,7206717,1,"[0, 1]"
1096371,7508908,7523778,1,"[0, 1]"
1096371,7508908,7293395,1,"[0, 1]"
1096371,7508908,7227422,1,"[0, 1]"
1096371,7508908,4483,0,"[0, 1]"
1096371,7508908,2056798,1,"[0, 1]"
1096371,7508908,7106746,1,"[0, 1]"
1096371,7508908,4793,0,"[0, 1]"
1096371,7508908,7243111,1,"[0, 1]"
1096371,7508908,76335,1,"[0, 1]"
1096371,7508908,7146386,1,"[0, 1]"
1096371,7508908,7460005,1,"[0, 1]"
1096371,7508908,7103410,1,"[0, 1]"
1096371,7508908,7609909,1,"[0, 1]"
1096371,7508908,7378993,1,"[0, 1]"
1096371,7508908,7675199,1,"[0, 1]"
1096371,7508908,7497025,1,"[0, 1]"
1096371,7508908,7369547,1,"[0, 1]"
1096371,7508908,7130537,1,"[0, 1]"
1096371,7508908,7400667,1,"[0, 1]"
1096371,7508908,7541530,1,"[0, 1]"
1096371,7508908,7534408,1,"[0, 1]"
1096371,7508908,7204742,1,"[0, 1]"
1096371,7508908,7321478,1,"[0, 1]"
1096371,7508908,7686549,1,"[0, 1]"
1096371,7508908,7538938,1,"[0, 1]"
1096371,7508908,7535295,1,"[0, 1]"
1096371,7508908,7551052,1,"[0, 1]"
1096371,7508908,7399769,1,"[0, 1]"
1096371,7508908,7581263,1,"[0, 1]"
1096371,7508908,7539205,1,"[0, 1]"
1096371,7508908,7266164,1,"[0, 1]"
1096371,7508908,7187845,1,"[0, 1]"
1096371,7508908,7136842,1,"[0, 1]"
1096371,7508908,7159660,1,"[0, 1]"
682425,7508948,7508948,1,"[1, 0]"
682425,7508948,4014,0,"[1, 0]"
682425,7508948,2006,0,"[1, 0]"
682425,7508948,1002,0,"[1, 0]"
682425,7508948,500,0,"[1, 0]"
682425,7508948,249,0,"[1, 0]"
682425,7508948,124,0,"[1, 0]"
682425,7508948,61,0,"[1, 0]"
682425,7508948,30,0,"[1, 0]"
682425,7508948,14,0,"[1, 0]"
682425,7508948,6,0,"[1, 0]"
682425,7508948,2,0,"[1, 0]"
682425,7508948,0,0,"[1, 0]"
682425,7508948,2,0,"[0, 1]"
682425,7508948,1,0,"[0, 1]"
682425,7508948,3,0,"[0, 1]"
682425,7508948,6,0,"[0, 1]"
682425,7508948,5,0,"[0, 1]"
682425,7508948,4,0,"[0, 1]"
682425,7508948,13,0,"[0, 1]"
682425,7508948,10,0,"[0, 1]"
682425,7508948,7,0,"[0, 1]"
682425,7508948,8,0,"[0, 1]"
682425,7508948,9,0,"[0, 1]"
682425,7508948,11,0,"[0, 1]"
682425,7508948,15,0,"[0, 1]"
682425,7508948,26,0,"[0, 1]"
682425,7508948,21,0,"[0, 1]"
682425,7508948,16,0,"[0, 1]"
682425,7508948,27,0,"[0, 1]"
682425,7508948,30,0,"[0, 1]"
682425,7508948,23,0,"[0, 1]"
682425,7508948,24,0,"[0, 1]"
682425,7508948,58,0,"[0, 1]"
682425,7508948,51,0,"[0, 1]"
682425,7508948,47,0,"[0, 1]"
682425,7508948,40,0,"[0, 1]"
682425,7508948,39,0,"[0, 1]"
682425,7508948,44,0,"[0, 1]"
682425,7508948,59,0,"[0, 1]"
682425,7508948,62,0,"[0, 1]"
682425,7508948,45,0,"[0, 1]"
682425,7508948,36,0,"[0, 1]"
682425,7508948,113,0,"[0, 1]"
682425,7508948,114,0,"[0, 1]"
682425,7508948,93,0,"[0, 1]"
682425,7508948,80,0,"[0, 1]"
682425,7508948,121,0,"[0, 1]"
682425,7508948,72,0,"[0, 1]"
682425,7508948,66,0,"[0, 1]"
682425,7508948,65,0,"[0, 1]"
682425,7508948,115,0,"[0, 1]"
682425,7508948,111,0,"[0, 1]"
682425,7508948,98,0,"[0, 1]"
682425,7508948,110,0,"[0, 1]"
682425,7508948,208,0,"[0, 1]"
682425,7508948,240,0,"[0, 1]"
682425,7508948,238,0,"[0, 1]"
682425,7508948,226,0,"[0, 1]"
682425,7508948,143,0,"[0, 1]"
682425,7508948,243,0,"[0, 1]"
682425,7508948,237,0,"[0, 1]"
682425,7508948,218,0,"[0, 1]"
682425,7508948,184,0,"[0, 1]"
682425,7508948,242,0,"[0, 1]"
682425,7508948,225,0,"[0, 1]"
682425,7508948,165,0,"[0, 1]"
682425,7508948,252,0,"[0, 1]"
682425,7508948,134,0,"[0, 1]"
682425,7508948,300,0,"[0, 1]"
682425,7508948,392,0,"[0, 1]"
682425,7508948,347,0,"[0, 1]"
682425,7508948,442,0,"[0, 1]"
682425,7508948,494,0,"[0, 1]"
682425,7508948,345,0,"[0, 1]"
682425,7508948,454,0,"[0, 1]"
682425,7508948,285,0,"[0, 1]"
682425,7508948,413,0,"[0, 1]"
682425,7508948,429,0,"[0, 1]"
682425,7508948,426,0,"[0, 1]"
682425,7508948,270,0,"[0, 1]"
682425,7508948,404,0,"[0, 1]"
682425,7508948,403,0,"[0, 1]"
682425,7508948,386,0,"[0, 1]"
682425,7508948,407,0,"[0, 1]"
682425,7508948,951,0,"[0, 1]"
682425,7508948,870,0,"[0, 1]"
682425,7508948,988,0,"[0, 1]"
682425,7508948,736,0,"[0, 1]"
682425,7508948,828,0,"[0, 1]"
682425,7508948,668,0,"[0, 1]"
682425,7508948,784,0,"[0, 1]"
682425,7508948,970,0,"[0, 1]"
682425,7508948,904,0,"[0, 1]"
682425,7508948,735,0,"[0, 1]"
682425,7508948,879,0,"[0, 1]"
682425,7508948,515,0,"[0, 1]"
682425,7508948,701,0,"[0, 1]"
682425,7508948,845,0,"[0, 1]"
682425,7508948,831,0,"[0, 1]"
682425,7508948,694,0,"[0, 1]"
682425,7508948,693,0,"[0, 1]"
682425,7508948,544,0,"[0, 1]"
682425,7508948,1833,0,"[0, 1]"
682425,7508948,1811,0,"[0, 1]"
682425,7508948,1895,0,"[0, 1]"
682425,7508948,1205,0,"[0, 1]"
682425,7508948,1538,0,"[0, 1]"
682425,7508948,1221,0,"[0, 1]"
682425,7508948,1507,0,"[0, 1]"
682425,7508948,1796,0,"[0, 1]"
682425,7508948,1606,0,"[0, 1]"
682425,7508948,1140,0,"[0, 1]"
682425,7508948,1738,0,"[0, 1]"
682425,7508948,1730,0,"[0, 1]"
682425,7508948,1036,0,"[0, 1]"
682425,7508948,1988,0,"[0, 1]"
682425,7508948,1872,0,"[0, 1]"
682425,7508948,1251,0,"[0, 1]"
682425,7508948,1345,0,"[0, 1]"
682425,7508948,1830,0,"[0, 1]"
682425,7508948,1344,0,"[0, 1]"
682425,7508948,1824,0,"[0, 1]"
682425,7508948,3178,0,"[0, 1]"
682425,7508948,2190,0,"[0, 1]"
682425,7508948,2236,0,"[0, 1]"
682425,7508948,2196,0,"[0, 1]"
682425,7508948,2199,0,"[0, 1]"
682425,7508948,3143,0,"[0, 1]"
682425,7508948,2696,0,"[0, 1]"
682425,7508948,3462,0,"[0, 1]"
682425,7508948,2798,0,"[0, 1]"
682425,7508948,2386,0,"[0, 1]"
682425,7508948,3630,0,"[0, 1]"
682425,7508948,3604,0,"[0, 1]"
682425,7508948,2747,0,"[0, 1]"
682425,7508948,3769,0,"[0, 1]"
682425,7508948,2373,0,"[0, 1]"
682425,7508948,3339,0,"[0, 1]"
682425,7508948,3258,0,"[0, 1]"
682425,7508948,3959,0,"[0, 1]"
682425,7508948,3379,0,"[0, 1]"
682425,7508948,3014,0,"[0, 1]"
682425,7508948,3060,0,"[0, 1]"
682425,7508948,2105,0,"[0, 1]"
682425,7508948,7076927,1,"[0, 1]"
682425,7508948,4235,0,"[0, 1]"
682425,7508948,7674638,1,"[0, 1]"
682425,7508948,7289144,1,"[0, 1]"
682425,7508948,4419,0,"[0, 1]"
682425,7508948,7233819,1,"[0, 1]"
682425,7508948,7640856,1,"[0, 1]"
682425,7508948,7269235,1,"[0, 1]"
682425,7508948,7355451,1,"[0, 1]"
682425,7508948,7416980,1,"[0, 1]"
682425,7508948,4995,0,"[0, 1]"
682425,7508948,4165,0,"[0, 1]"
682425,7508948,4711,0,"[0, 1]"
682425,7508948,7549100,1,"[0, 1]"
682425,7508948,4733,0,"[0, 1]"
682425,7508948,7682902,1,"[0, 1]"
682425,7508948,7597051,1,"[0, 1]"
682425,7508948,7634139,1,"[0, 1]"
682425,7508948,7171905,1,"[0, 1]"
682425,7508948,6315263,1,"[0, 1]"
682425,7508948,4231,0,"[0, 1]"
682425,7508948,7166417,1,"[0, 1]"
682425,7508948,7641623,1,"[0, 1]"
682425,7508948,543240,1,"[0, 1]"
539278,7509051,7509051,1,"[1, 0]"
539278,7509051,2354,0,"[1, 0]"
539278,7509051,1176,0,"[1, 0]"
539278,7509051,587,0,"[1, 0]"
539278,7509051,293,0,"[1, 0]"
539278,7509051,146,0,"[1, 0]"
539278,7509051,72,0,"[1, 0]"
539278,7509051,35,0,"[1, 0]"
539278,7509051,17,0,"[1, 0]"
539278,7509051,8,0,"[1, 0]"
539278,7509051,3,0,"[1, 0]"
539278,7509051,1,0,"[1, 0]"
539278,7509051,0,0,"[1, 0]"
539278,7509051,2,0,"[0, 1]"
539278,7509051,1,0,"[0, 1]"
539278,7509051,5,0,"[0, 1]"
539278,7509051,6,0,"[0, 1]"
539278,7509051,4,0,"[0, 1]"
539278,7509051,3,0,"[0, 1]"
539278,7509051,14,0,"[0, 1]"
539278,7509051,11,0,"[0, 1]"
539278,7509051,7,0,"[0, 1]"
539278,7509051,13,0,"[0, 1]"
539278,7509051,9,0,"[0, 1]"
539278,7509051,12,0,"[0, 1]"
539278,7509051,27,0,"[0, 1]"
539278,7509051,16,0,"[0, 1]"
539278,7509051,18,0,"[0, 1]"
539278,7509051,23,0,"[0, 1]"
539278,7509051,19,0,"[0, 1]"
539278,7509051,22,0,"[0, 1]"
539278,7509051,21,0,"[0, 1]"
539278,7509051,15,0,"[0, 1]"
539278,7509051,48,0,"[0, 1]"
539278,7509051,53,0,"[0, 1]"
539278,7509051,50,0,"[0, 1]"
539278,7509051,40,0,"[0, 1]"
539278,7509051,61,0,"[0, 1]"
539278,7509051,34,0,"[0, 1]"
539278,7509051,57,0,"[0, 1]"
539278,7509051,37,0,"[0, 1]"
539278,7509051,49,0,"[0, 1]"
539278,7509051,32,0,"[0, 1]"
539278,7509051,99,0,"[0, 1]"
539278,7509051,95,0,"[0, 1]"
539278,7509051,72,0,"[0, 1]"
539278,7509051,114,0,"[0, 1]"
539278,7509051,81,0,"[0, 1]"
539278,7509051,119,0,"[0, 1]"
539278,7509051,106,0,"[0, 1]"
539278,7509051,75,0,"[0, 1]"
539278,7509051,105,0,"[0, 1]"
539278,7509051,115,0,"[0, 1]"
539278,7509051,70,0,"[0, 1]"
539278,7509051,121,0,"[0, 1]"
539278,7509051,205,0,"[0, 1]"
539278,7509051,179,0,"[0, 1]"
539278,7509051,162,0,"[0, 1]"
539278,7509051,226,0,"[0, 1]"
539278,7509051,209,0,"[0, 1]"
539278,7509051,151,0,"[0, 1]"
539278,7509051,146,0,"[0, 1]"
539278,7509051,208,0,"[0, 1]"
539278,7509051,243,0,"[0, 1]"
539278,7509051,180,0,"[0, 1]"
539278,7509051,128,0,"[0, 1]"
539278,7509051,233,0,"[0, 1]"
539278,7509051,239,0,"[0, 1]"
539278,7509051,171,0,"[0, 1]"
539278,7509051,422,0,"[0, 1]"
539278,7509051,452,0,"[0, 1]"
539278,7509051,447,0,"[0, 1]"
539278,7509051,473,0,"[0, 1]"
539278,7509051,331,0,"[0, 1]"
539278,7509051,342,0,"[0, 1]"
539278,7509051,265,0,"[0, 1]"
539278,7509051,489,0,"[0, 1]"
539278,7509051,312,0,"[0, 1]"
539278,7509051,278,0,"[0, 1]"
539278,7509051,344,0,"[0, 1]"
539278,7509051,292,0,"[0, 1]"
539278,7509051,466,0,"[0, 1]"
539278,7509051,490,0,"[0, 1]"
539278,7509051,410,0,"[0, 1]"
539278,7509051,389,0,"[0, 1]"
539278,7509051,884,0,"[0, 1]"
539278,7509051,985,0,"[0, 1]"
539278,7509051,895,0,"[0, 1]"
539278,7509051,726,0,"[0, 1]"
539278,7509051,558,0,"[0, 1]"
539278,7509051,736,0,"[0, 1]"
539278,7509051,603,0,"[0, 1]"
539278,7509051,965,0,"[0, 1]"
539278,7509051,718,0,"[0, 1]"
539278,7509051,620,0,"[0, 1]"
539278,7509051,646,0,"[0, 1]"
539278,7509051,756,0,"[0, 1]"
539278,7509051,544,0,"[0, 1]"
539278,7509051,690,0,"[0, 1]"
539278,7509051,672,0,"[0, 1]"
539278,7509051,789,0,"[0, 1]"
539278,7509051,597,0,"[0, 1]"
539278,7509051,609,0,"[0, 1]"
539278,7509051,1813,0,"[0, 1]"
539278,7509051,1251,0,"[0, 1]"
539278,7509051,1572,0,"[0, 1]"
539278,7509051,1583,0,"[0, 1]"
539278,7509051,1224,0,"[0, 1]"
539278,7509051,1316,0,"[0, 1]"
539278,7509051,1402,0,"[0, 1]"
539278,7509051,1694,0,"[0, 1]"
539278,7509051,1431,0,"[0, 1]"
539278,7509051,1144,0,"[0, 1]"
539278,7509051,1411,0,"[0, 1]"
539278,7509051,1677,0,"[0, 1]"
539278,7509051,1799,0,"[0, 1]"
539278,7509051,1365,0,"[0, 1]"
539278,7509051,1909,0,"[0, 1]"
539278,7509051,1062,0,"[0, 1]"
539278,7509051,1873,0,"[0, 1]"
539278,7509051,1700,0,"[0, 1]"
539278,7509051,1918,0,"[0, 1]"
539278,7509051,1644,0,"[0, 1]"
539278,7509051,3968,0,"[0, 1]"
539278,7509051,3368,0,"[0, 1]"
539278,7509051,2573,0,"[0, 1]"
539278,7509051,2330,0,"[0, 1]"
539278,7509051,3555,0,"[0, 1]"
539278,7509051,2197,0,"[0, 1]"
539278,7509051,3677,0,"[0, 1]"
539278,7509051,2306,0,"[0, 1]"
539278,7509051,2297,0,"[0, 1]"
539278,7509051,3696,0,"[0, 1]"
539278,7509051,3685,0,"[0, 1]"
539278,7509051,3506,0,"[0, 1]"
539278,7509051,3827,0,"[0, 1]"
539278,7509051,3899,0,"[0, 1]"
539278,7509051,2844,0,"[0, 1]"
539278,7509051,2706,0,"[0, 1]"
539278,7509051,3798,0,"[0, 1]"
539278,7509051,3801,0,"[0, 1]"
539278,7509051,2058,0,"[0, 1]"
539278,7509051,3367,0,"[0, 1]"
539278,7509051,2124,0,"[0, 1]"
539278,7509051,3658,0,"[0, 1]"
539278,7509051,4401,0,"[0, 1]"
539278,7509051,7509051,1,"[0, 1]"
539278,7509051,4178,0,"[0, 1]"
539278,7509051,7137181,1,"[0, 1]"
539278,7509051,7188494,1,"[0, 1]"
539278,7509051,7067274,1,"[0, 1]"
539278,7509051,7617757,1,"[0, 1]"
539278,7509051,7349855,1,"[0, 1]"
539278,7509051,7327314,1,"[0, 1]"
539278,7509051,4143,0,"[0, 1]"
539278,7509051,7676295,1,"[0, 1]"
539278,7509051,7268439,1,"[0, 1]"
539278,7509051,1059216,1,"[0, 1]"
539278,7509051,7269275,1,"[0, 1]"
539278,7509051,4320,0,"[0, 1]"
539278,7509051,4280,0,"[0, 1]"
539278,7509051,2091170,1,"[0, 1]"
539278,7509051,4881,0,"[0, 1]"
539278,7509051,7126557,1,"[0, 1]"
539278,7509051,7359988,1,"[0, 1]"
539278,7509051,187767,1,"[0, 1]"
539278,7509051,7214316,1,"[0, 1]"
539278,7509051,4715,0,"[0, 1]"
539278,7509051,7208363,1,"[0, 1]"
511367,1781843,1781843,1,"[1, 0]"
511367,1781843,2668,0,"[1, 0]"
511367,1781843,1333,0,"[1, 0]"
511367,1781843,666,0,"[1, 0]"
511367,1781843,332,0,"[1, 0]"
511367,1781843,165,0,"[1, 0]"
511367,1781843,82,0,"[1, 0]"
511367,1781843,40,0,"[1, 0]"
511367,1781843,19,0,"[1, 0]"
511367,1781843,9,0,"[1, 0]"
511367,1781843,4,0,"[1, 0]"
511367,1781843,1,0,"[1, 0]"
511367,1781843,0,0,"[1, 0]"
511367,1781843,2,0,"[0, 1]"
511367,1781843,1,0,"[0, 1]"
511367,1781843,4,0,"[0, 1]"
511367,1781843,5,0,"[0, 1]"
511367,1781843,3,0,"[0, 1]"
511367,1781843,6,0,"[0, 1]"
511367,1781843,7,0,"[0, 1]"
511367,1781843,12,0,"[0, 1]"
511367,1781843,13,0,"[0, 1]"
511367,1781843,11,0,"[0, 1]"
511367,1781843,14,0,"[0, 1]"
511367,1781843,9,0,"[0, 1]"
511367,1781843,20,0,"[0, 1]"
511367,1781843,30,0,"[0, 1]"
511367,1781843,21,0,"[0, 1]"
511367,1781843,18,0,"[0, 1]"
511367,1781843,23,0,"[0, 1]"
511367,1781843,15,0,"[0, 1]"
511367,1781843,25,0,"[0, 1]"
511367,1781843,19,0,"[0, 1]"
511367,1781843,38,0,"[0, 1]"
511367,1781843,42,0,"[0, 1]"
511367,1781843,37,0,"[0, 1]"
511367,1781843,57,0,"[0, 1]"
511367,1781843,51,0,"[0, 1]"
511367,1781843,33,0,"[0, 1]"
511367,1781843,47,0,"[0, 1]"
511367,1781843,60,0,"[0, 1]"
511367,1781843,35,0,"[0, 1]"
511367,1781843,58,0,"[0, 1]"
511367,1781843,111,0,"[0, 1]"
511367,1781843,112,0,"[0, 1]"
511367,1781843,109,0,"[0, 1]"
511367,1781843,102,0,"[0, 1]"
511367,1781843,73,0,"[0, 1]"
511367,1781843,101,0,"[0, 1]"
511367,1781843,123,0,"[0, 1]"
511367,1781843,84,0,"[0, 1]"
511367,1781843,120,0,"[0, 1]"
511367,1781843,68,0,"[0, 1]"
511367,1781843,96,0,"[0, 1]"
511367,1781843,110,0,"[0, 1]"
511367,1781843,202,0,"[0, 1]"
511367,1781843,167,0,"[0, 1]"
511367,1781843,189,0,"[0, 1]"
511367,1781843,251,0,"[0, 1]"
511367,1781843,198,0,"[0, 1]"
511367,1781843,158,0,"[0, 1]"
511367,1781843,145,0,"[0, 1]"
511367,1781843,153,0,"[0, 1]"
511367,1781843,170,0,"[0, 1]"
511367,1781843,221,0,"[0, 1]"
511367,1781843,222,0,"[0, 1]"
511367,1781843,166,0,"[0, 1]"
511367,1781843,180,0,"[0, 1]"
511367,1781843,218,0,"[0, 1]"
511367,1781843,373,0,"[0, 1]"
511367,1781843,454,0,"[0, 1]"
511367,1781843,267,0,"[0, 1]"
511367,1781843,464,0,"[0, 1]"
511367,1781843,394,0,"[0, 1]"
511367,1781843,367,0,"[0, 1]"
511367,1781843,316,0,"[0, 1]"
511367,1781843,419,0,"[0, 1]"
511367,1781843,403,0,"[0, 1]"
511367,1781843,272,0,"[0, 1]"
511367,1781843,277,0,"[0, 1]"
511367,1781843,498,0,"[0, 1]"
511367,1781843,297,0,"[0, 1]"
511367,1781843,500,0,"[0, 1]"
511367,1781843,429,0,"[0, 1]"
511367,1781843,317,0,"[0, 1]"
511367,1781843,952,0,"[0, 1]"
511367,1781843,698,0,"[0, 1]"
511367,1781843,633,0,"[0, 1]"
511367,1781843,663,0,"[0, 1]"
511367,1781843,771,0,"[0, 1]"
511367,1781843,557,0,"[0, 1]"
511367,1781843,667,0,"[0, 1]"
511367,1781843,579,0,"[0, 1]"
511367,1781843,920,0,"[0, 1]"
511367,1781843,528,0,"[0, 1]"
511367,1781843,707,0,"[0, 1]"
511367,1781843,699,0,"[0, 1]"
511367,1781843,744,0,"[0, 1]"
511367,1781843,694,0,"[0, 1]"
511367,1781843,953,0,"[0, 1]"
511367,1781843,561,0,"[0, 1]"
511367,1781843,899,0,"[0, 1]"
511367,1781843,538,0,"[0, 1]"
511367,1781843,1186,0,"[0, 1]"
511367,1781843,1184,0,"[0, 1]"
511367,1781843,1063,0,"[0, 1]"
511367,1781843,1817,0,"[0, 1]"
511367,1781843,1771,0,"[0, 1]"
511367,1781843,1607,0,"[0, 1]"
511367,1781843,1322,0,"[0, 1]"
511367,1781843,1538,0,"[0, 1]"
511367,1781843,1036,0,"[0, 1]"
511367,1781843,1044,0,"[0, 1]"
511367,1781843,1529,0,"[0, 1]"
511367,1781843,1959,0,"[0, 1]"
511367,1781843,1089,0,"[0, 1]"
511367,1781843,1458,0,"[0, 1]"
511367,1781843,1284,0,"[0, 1]"
511367,1781843,2044,0,"[0, 1]"
511367,1781843,1395,0,"[0, 1]"
511367,1781843,1379,0,"[0, 1]"
511367,1781843,1736,0,"[0, 1]"
511367,1781843,1197,0,"[0, 1]"
511367,1781843,3645,0,"[0, 1]"
511367,1781843,3810,0,"[0, 1]"
511367,1781843,2890,0,"[0, 1]"
511367,1781843,2896,0,"[0, 1]"
511367,1781843,4030,0,"[0, 1]"
511367,1781843,3017,0,"[0, 1]"
511367,1781843,3818,0,"[0, 1]"
511367,1781843,3815,0,"[0, 1]"
511367,1781843,3987,0,"[0, 1]"
511367,1781843,2293,0,"[0, 1]"
511367,1781843,2751,0,"[0, 1]"
511367,1781843,3474,0,"[0, 1]"
511367,1781843,2217,0,"[0, 1]"
511367,1781843,3499,0,"[0, 1]"
511367,1781843,2319,0,"[0, 1]"
511367,1781843,3044,0,"[0, 1]"
511367,1781843,3137,0,"[0, 1]"
511367,1781843,2422,0,"[0, 1]"
511367,1781843,3024,0,"[0, 1]"
511367,1781843,3539,0,"[0, 1]"
511367,1781843,2303,0,"[0, 1]"
511367,1781843,4008,0,"[0, 1]"
511367,1781843,7269235,1,"[0, 1]"
511367,1781843,7273248,1,"[0, 1]"
511367,1781843,4978,0,"[0, 1]"
511367,1781843,3743664,1,"[0, 1]"
511367,1781843,7304676,1,"[0, 1]"
511367,1781843,502713,1,"[0, 1]"
511367,1781843,4957,0,"[0, 1]"
511367,1781843,4571,0,"[0, 1]"
511367,1781843,4616,0,"[0, 1]"
511367,1781843,7618413,1,"[0, 1]"
511367,1781843,7205200,1,"[0, 1]"
511367,1781843,7327127,1,"[0, 1]"
511367,1781843,3583169,1,"[0, 1]"
511367,1781843,7175599,1,"[0, 1]"
511367,1781843,7323779,1,"[0, 1]"
511367,1781843,7270780,1,"[0, 1]"
511367,1781843,4507,0,"[0, 1]"
511367,1781843,7578573,1,"[0, 1]"
511367,1781843,4256,0,"[0, 1]"
511367,1781843,7417821,1,"[0, 1]"
511367,1781843,7632334,1,"[0, 1]"
511367,1781843,7327861,1,"[0, 1]"
511367,1781843,7144521,1,"[0, 1]"
511367,1781843,7373639,1,"[0, 1]"
1096368,7509184,7509184,1,"[1, 0]"
1096368,7509184,2856,0,"[1, 0]"
1096368,7509184,1427,0,"[1, 0]"
1096368,7509184,713,0,"[1, 0]"
1096368,7509184,356,0,"[1, 0]"
1096368,7509184,177,0,"[1, 0]"
1096368,7509184,88,0,"[1, 0]"
1096368,7509184,43,0,"[1, 0]"
1096368,7509184,21,0,"[1, 0]"
1096368,7509184,10,0,"[1, 0]"
1096368,7509184,4,0,"[1, 0]"
1096368,7509184,1,0,"[1, 0]"
1096368,7509184,0,0,"[1, 0]"
1096368,7509184,2,0,"[0, 1]"
1096368,7509184,1,0,"[0, 1]"
1096368,7509184,5,0,"[0, 1]"
1096368,7509184,6,0,"[0, 1]"
1096368,7509184,3,0,"[0, 1]"
1096368,7509184,4,0,"[0, 1]"
1096368,7509184,13,0,"[0, 1]"
1096368,7509184,12,0,"[0, 1]"
1096368,7509184,10,0,"[0, 1]"
1096368,7509184,7,0,"[0, 1]"
1096368,7509184,11,0,"[0, 1]"
1096368,7509184,8,0,"[0, 1]"
1096368,7509184,24,0,"[0, 1]"
1096368,7509184,23,0,"[0, 1]"
1096368,7509184,27,0,"[0, 1]"
1096368,7509184,19,0,"[0, 1]"
1096368,7509184,25,0,"[0, 1]"
1096368,7509184,18,0,"[0, 1]"
1096368,7509184,15,0,"[0, 1]"
1096368,7509184,21,0,"[0, 1]"
1096368,7509184,31,0,"[0, 1]"
1096368,7509184,49,0,"[0, 1]"
1096368,7509184,33,0,"[0, 1]"
1096368,7509184,59,0,"[0, 1]"
1096368,7509184,40,0,"[0, 1]"
1096368,7509184,45,0,"[0, 1]"
1096368,7509184,60,0,"[0, 1]"
1096368,7509184,62,0,"[0, 1]"
1096368,7509184,54,0,"[0, 1]"
1096368,7509184,53,0,"[0, 1]"
1096368,7509184,98,0,"[0, 1]"
1096368,7509184,101,0,"[0, 1]"
1096368,7509184,121,0,"[0, 1]"
1096368,7509184,106,0,"[0, 1]"
1096368,7509184,90,0,"[0, 1]"
1096368,7509184,122,0,"[0, 1]"
1096368,7509184,105,0,"[0, 1]"
1096368,7509184,84,0,"[0, 1]"
1096368,7509184,97,0,"[0, 1]"
1096368,7509184,77,0,"[0, 1]"
1096368,7509184,115,0,"[0, 1]"
1096368,7509184,117,0,"[0, 1]"
1096368,7509184,157,0,"[0, 1]"
1096368,7509184,162,0,"[0, 1]"
1096368,7509184,132,0,"[0, 1]"
1096368,7509184,130,0,"[0, 1]"
1096368,7509184,183,0,"[0, 1]"
1096368,7509184,195,0,"[0, 1]"
1096368,7509184,153,0,"[0, 1]"
1096368,7509184,230,0,"[0, 1]"
1096368,7509184,253,0,"[0, 1]"
1096368,7509184,168,0,"[0, 1]"
1096368,7509184,131,0,"[0, 1]"
1096368,7509184,136,0,"[0, 1]"
1096368,7509184,227,0,"[0, 1]"
1096368,7509184,166,0,"[0, 1]"
1096368,7509184,287,0,"[0, 1]"
1096368,7509184,407,0,"[0, 1]"
1096368,7509184,360,0,"[0, 1]"
1096368,7509184,396,0,"[0, 1]"
1096368,7509184,392,0,"[0, 1]"
1096368,7509184,416,0,"[0, 1]"
1096368,7509184,362,0,"[0, 1]"
1096368,7509184,289,0,"[0, 1]"
1096368,7509184,310,0,"[0, 1]"
1096368,7509184,410,0,"[0, 1]"
1096368,7509184,453,0,"[0, 1]"
1096368,7509184,438,0,"[0, 1]"
1096368,7509184,315,0,"[0, 1]"
1096368,7509184,474,0,"[0, 1]"
1096368,7509184,389,0,"[0, 1]"
1096368,7509184,318,0,"[0, 1]"
1096368,7509184,532,0,"[0, 1]"
1096368,7509184,915,0,"[0, 1]"
1096368,7509184,787,0,"[0, 1]"
1096368,7509184,572,0,"[0, 1]"
1096368,7509184,752,0,"[0, 1]"
1096368,7509184,593,0,"[0, 1]"
1096368,7509184,596,0,"[0, 1]"
1096368,7509184,998,0,"[0, 1]"
1096368,7509184,701,0,"[0, 1]"
1096368,7509184,522,0,"[0, 1]"
1096368,7509184,677,0,"[0, 1]"
1096368,7509184,735,0,"[0, 1]"
1096368,7509184,542,0,"[0, 1]"
1096368,7509184,886,0,"[0, 1]"
1096368,7509184,815,0,"[0, 1]"
1096368,7509184,943,0,"[0, 1]"
1096368,7509184,781,0,"[0, 1]"
1096368,7509184,568,0,"[0, 1]"
1096368,7509184,1968,0,"[0, 1]"
1096368,7509184,1231,0,"[0, 1]"
1096368,7509184,1097,0,"[0, 1]"
1096368,7509184,2046,0,"[0, 1]"
1096368,7509184,1491,0,"[0, 1]"
1096368,7509184,1033,0,"[0, 1]"
1096368,7509184,1290,0,"[0, 1]"
1096368,7509184,1352,0,"[0, 1]"
1096368,7509184,1354,0,"[0, 1]"
1096368,7509184,1144,0,"[0, 1]"
1096368,7509184,1061,0,"[0, 1]"
1096368,7509184,1497,0,"[0, 1]"
1096368,7509184,1475,0,"[0, 1]"
1096368,7509184,1938,0,"[0, 1]"
1096368,7509184,1841,0,"[0, 1]"
1096368,7509184,1487,0,"[0, 1]"
1096368,7509184,1765,0,"[0, 1]"
1096368,7509184,1926,0,"[0, 1]"
1096368,7509184,1739,0,"[0, 1]"
1096368,7509184,1990,0,"[0, 1]"
1096368,7509184,3912,0,"[0, 1]"
1096368,7509184,2463,0,"[0, 1]"
1096368,7509184,3927,0,"[0, 1]"
1096368,7509184,3632,0,"[0, 1]"
1096368,7509184,2673,0,"[0, 1]"
1096368,7509184,2141,0,"[0, 1]"
1096368,7509184,3910,0,"[0, 1]"
1096368,7509184,3902,0,"[0, 1]"
1096368,7509184,3650,0,"[0, 1]"
1096368,7509184,2977,0,"[0, 1]"
1096368,7509184,2908,0,"[0, 1]"
1096368,7509184,2619,0,"[0, 1]"
1096368,7509184,3143,0,"[0, 1]"
1096368,7509184,2796,0,"[0, 1]"
1096368,7509184,3412,0,"[0, 1]"
1096368,7509184,2820,0,"[0, 1]"
1096368,7509184,3974,0,"[0, 1]"
1096368,7509184,2100,0,"[0, 1]"
1096368,7509184,2768,0,"[0, 1]"
1096368,7509184,3831,0,"[0, 1]"
1096368,7509184,2496,0,"[0, 1]"
1096368,7509184,4059,0,"[0, 1]"
1096368,7509184,7123013,1,"[0, 1]"
1096368,7509184,4778,0,"[0, 1]"
1096368,7509184,7140336,1,"[0, 1]"
1096368,7509184,4230,0,"[0, 1]"
1096368,7509184,7575848,1,"[0, 1]"
1096368,7509184,7633985,1,"[0, 1]"
1096368,7509184,7640068,1,"[0, 1]"
1096368,7509184,7226373,1,"[0, 1]"
1096368,7509184,7649287,1,"[0, 1]"
1096368,7509184,7578450,1,"[0, 1]"
1096368,7509184,4771,0,"[0, 1]"
1096368,7509184,7507883,1,"[0, 1]"
1096368,7509184,6419354,1,"[0, 1]"
1096368,7509184,7627419,1,"[0, 1]"
1096368,7509184,7173446,1,"[0, 1]"
1096368,7509184,7553018,1,"[0, 1]"
1096368,7509184,7436505,1,"[0, 1]"
1096368,7509184,860900,1,"[0, 1]"
1096368,7509184,7513792,1,"[0, 1]"
1096368,7509184,7176742,1,"[0, 1]"
1096368,7509184,4790,0,"[0, 1]"
1096368,7509184,7453317,1,"[0, 1]"
1096368,7509184,7123943,1,"[0, 1]"
1096368,7509184,7667884,1,"[0, 1]"
490505,7509756,7509756,1,"[1, 0]"
490505,7509756,4371,0,"[1, 0]"
490505,7509756,2675,0,"[1, 0]"
490505,7509756,1337,0,"[1, 0]"
490505,7509756,668,0,"[1, 0]"
490505,7509756,333,0,"[1, 0]"
490505,7509756,166,0,"[1, 0]"
490505,7509756,82,0,"[1, 0]"
490505,7509756,40,0,"[1, 0]"
490505,7509756,19,0,"[1, 0]"
490505,7509756,9,0,"[1, 0]"
490505,7509756,4,0,"[1, 0]"
490505,7509756,1,0,"[1, 0]"
490505,7509756,0,0,"[1, 0]"
490505,7509756,1,0,"[0, 1]"
490505,7509756,2,0,"[0, 1]"
490505,7509756,5,0,"[0, 1]"
490505,7509756,4,0,"[0, 1]"
490505,7509756,3,0,"[0, 1]"
490505,7509756,6,0,"[0, 1]"
490505,7509756,9,0,"[0, 1]"
490505,7509756,7,0,"[0, 1]"
490505,7509756,14,0,"[0, 1]"
490505,7509756,8,0,"[0, 1]"
490505,7509756,11,0,"[0, 1]"
490505,7509756,13,0,"[0, 1]"
490505,7509756,20,0,"[0, 1]"
490505,7509756,17,0,"[0, 1]"
490505,7509756,24,0,"[0, 1]"
490505,7509756,18,0,"[0, 1]"
490505,7509756,26,0,"[0, 1]"
490505,7509756,30,0,"[0, 1]"
490505,7509756,22,0,"[0, 1]"
490505,7509756,15,0,"[0, 1]"
490505,7509756,53,0,"[0, 1]"
490505,7509756,34,0,"[0, 1]"
490505,7509756,58,0,"[0, 1]"
490505,7509756,35,0,"[0, 1]"
490505,7509756,49,0,"[0, 1]"
490505,7509756,46,0,"[0, 1]"
490505,7509756,50,0,"[0, 1]"
490505,7509756,51,0,"[0, 1]"
490505,7509756,31,0,"[0, 1]"
490505,7509756,61,0,"[0, 1]"
490505,7509756,119,0,"[0, 1]"
490505,7509756,64,0,"[0, 1]"
490505,7509756,78,0,"[0, 1]"
490505,7509756,99,0,"[0, 1]"
490505,7509756,68,0,"[0, 1]"
490505,7509756,90,0,"[0, 1]"
490505,7509756,80,0,"[0, 1]"
490505,7509756,103,0,"[0, 1]"
490505,7509756,117,0,"[0, 1]"
490505,7509756,89,0,"[0, 1]"
490505,7509756,70,0,"[0, 1]"
490505,7509756,77,0,"[0, 1]"
490505,7509756,185,0,"[0, 1]"
490505,7509756,165,0,"[0, 1]"
490505,7509756,216,0,"[0, 1]"
490505,7509756,221,0,"[0, 1]"
490505,7509756,236,0,"[0, 1]"
490505,7509756,203,0,"[0, 1]"
490505,7509756,213,0,"[0, 1]"
490505,7509756,172,0,"[0, 1]"
490505,7509756,160,0,"[0, 1]"
490505,7509756,212,0,"[0, 1]"
490505,7509756,177,0,"[0, 1]"
490505,7509756,195,0,"[0, 1]"
490505,7509756,183,0,"[0, 1]"
490505,7509756,173,0,"[0, 1]"
490505,7509756,367,0,"[0, 1]"
490505,7509756,443,0,"[0, 1]"
490505,7509756,362,0,"[0, 1]"
490505,7509756,479,0,"[0, 1]"
490505,7509756,330,0,"[0, 1]"
490505,7509756,422,0,"[0, 1]"
490505,7509756,414,0,"[0, 1]"
490505,7509756,371,0,"[0, 1]"
490505,7509756,278,0,"[0, 1]"
490505,7509756,456,0,"[0, 1]"
490505,7509756,411,0,"[0, 1]"
490505,7509756,485,0,"[0, 1]"
490505,7509756,347,0,"[0, 1]"
490505,7509756,319,0,"[0, 1]"
490505,7509756,431,0,"[0, 1]"
490505,7509756,440,0,"[0, 1]"
490505,7509756,804,0,"[0, 1]"
490505,7509756,632,0,"[0, 1]"
490505,7509756,608,0,"[0, 1]"
490505,7509756,698,0,"[0, 1]"
490505,7509756,930,0,"[0, 1]"
490505,7509756,765,0,"[0, 1]"
490505,7509756,807,0,"[0, 1]"
490505,7509756,780,0,"[0, 1]"
490505,7509756,800,0,"[0, 1]"
490505,7509756,945,0,"[0, 1]"
490505,7509756,522,0,"[0, 1]"
490505,7509756,530,0,"[0, 1]"
490505,7509756,600,0,"[0, 1]"
490505,7509756,514,0,"[0, 1]"
490505,7509756,549,0,"[0, 1]"
490505,7509756,772,0,"[0, 1]"
490505,7509756,869,0,"[0, 1]"
490505,7509756,528,0,"[0, 1]"
490505,7509756,1819,0,"[0, 1]"
490505,7509756,1048,0,"[0, 1]"
490505,7509756,1398,0,"[0, 1]"
490505,7509756,1505,0,"[0, 1]"
490505,7509756,1099,0,"[0, 1]"
490505,7509756,1068,0,"[0, 1]"
490505,7509756,1311,0,"[0, 1]"
490505,7509756,1357,0,"[0, 1]"
490505,7509756,1049,0,"[0, 1]"
490505,7509756,1361,0,"[0, 1]"
490505,7509756,1072,0,"[0, 1]"
490505,7509756,1550,0,"[0, 1]"
490505,7509756,1502,0,"[0, 1]"
490505,7509756,1904,0,"[0, 1]"
490505,7509756,1242,0,"[0, 1]"
490505,7509756,1670,0,"[0, 1]"
490505,7509756,1552,0,"[0, 1]"
490505,7509756,1092,0,"[0, 1]"
490505,7509756,1385,0,"[0, 1]"
490505,7509756,1280,0,"[0, 1]"
490505,7509756,2199,0,"[0, 1]"
490505,7509756,3128,0,"[0, 1]"
490505,7509756,2850,0,"[0, 1]"
490505,7509756,3107,0,"[0, 1]"
490505,7509756,3913,0,"[0, 1]"
490505,7509756,3043,0,"[0, 1]"
490505,7509756,3377,0,"[0, 1]"
490505,7509756,3681,0,"[0, 1]"
490505,7509756,2917,0,"[0, 1]"
490505,7509756,3867,0,"[0, 1]"
490505,7509756,3532,0,"[0, 1]"
490505,7509756,3632,0,"[0, 1]"
490505,7509756,3713,0,"[0, 1]"
490505,7509756,2859,0,"[0, 1]"
490505,7509756,3323,0,"[0, 1]"
490505,7509756,2362,0,"[0, 1]"
490505,7509756,3258,0,"[0, 1]"
490505,7509756,4069,0,"[0, 1]"
490505,7509756,3567,0,"[0, 1]"
490505,7509756,2652,0,"[0, 1]"
490505,7509756,3991,0,"[0, 1]"
490505,7509756,3133,0,"[0, 1]"
490505,7509756,4702,0,"[0, 1]"
490505,7509756,4182082,1,"[0, 1]"
490505,7509756,7455679,1,"[0, 1]"
490505,7509756,7268978,1,"[0, 1]"
490505,7509756,4618,0,"[0, 1]"
490505,7509756,7318277,1,"[0, 1]"
490505,7509756,7510540,1,"[0, 1]"
490505,7509756,7068907,1,"[0, 1]"
490505,7509756,7240024,1,"[0, 1]"
490505,7509756,7376469,1,"[0, 1]"
490505,7509756,7425697,1,"[0, 1]"
490505,7509756,4747,0,"[0, 1]"
490505,7509756,4592,0,"[0, 1]"
490505,7509756,7192456,1,"[0, 1]"
490505,7509756,7201036,1,"[0, 1]"
490505,7509756,4730,0,"[0, 1]"
490505,7509756,4609,0,"[0, 1]"
490505,7509756,7647986,1,"[0, 1]"
490505,7509756,4410,0,"[0, 1]"
490505,7509756,7094524,1,"[0, 1]"
490505,7509756,7645500,1,"[0, 1]"
490505,7509756,6419354,1,"[0, 1]"
490505,7509756,7643455,1,"[0, 1]"
490505,7509756,7276254,1,"[0, 1]"
490505,7509756,7073272,1,"[0, 1]"
490505,7509756,7613438,1,"[0, 1]"
490505,7509756,7523679,1,"[0, 1]"
490505,7509756,7460005,1,"[0, 1]"
490505,7509756,2274875,1,"[0, 1]"
490505,7509756,7241958,1,"[0, 1]"
490505,7509756,1468542,1,"[0, 1]"
490505,7509756,7240158,1,"[0, 1]"
490505,7509756,2980693,1,"[0, 1]"
490505,7509756,7582982,1,"[0, 1]"
490505,7509756,7544458,1,"[0, 1]"
490505,7509756,7532380,1,"[0, 1]"
490505,7509756,7279289,1,"[0, 1]"
490505,7509756,7149789,1,"[0, 1]"
490505,7509756,7095660,1,"[0, 1]"
490505,7509756,7391949,1,"[0, 1]"
490505,7509756,7237580,1,"[0, 1]"
490505,7509756,7253087,1,"[0, 1]"
490505,7509756,7550141,1,"[0, 1]"
490505,7509756,4885390,1,"[0, 1]"
490505,7509756,7664456,1,"[0, 1]"
490505,7509756,7430556,1,"[0, 1]"
490505,7509756,7348626,1,"[0, 1]"
490505,7509756,7495348,1,"[0, 1]"
490505,7509756,7366186,1,"[0, 1]"
490505,7509756,1781880,1,"[0, 1]"
458885,7509847,7509847,1,"[1, 0]"
458885,7509847,4146,0,"[1, 0]"
458885,7509847,2162,0,"[1, 0]"
458885,7509847,1080,0,"[1, 0]"
458885,7509847,539,0,"[1, 0]"
458885,7509847,269,0,"[1, 0]"
458885,7509847,134,0,"[1, 0]"
458885,7509847,66,0,"[1, 0]"
458885,7509847,32,0,"[1, 0]"
458885,7509847,15,0,"[1, 0]"
458885,7509847,7,0,"[1, 0]"
458885,7509847,3,0,"[1, 0]"
458885,7509847,1,0,"[1, 0]"
458885,7509847,0,0,"[1, 0]"
458885,7509847,2,0,"[0, 1]"
458885,7509847,1,0,"[0, 1]"
458885,7509847,4,0,"[0, 1]"
458885,7509847,6,0,"[0, 1]"
458885,7509847,3,0,"[0, 1]"
458885,7509847,5,0,"[0, 1]"
458885,7509847,9,0,"[0, 1]"
458885,7509847,12,0,"[0, 1]"
458885,7509847,13,0,"[0, 1]"
458885,7509847,10,0,"[0, 1]"
458885,7509847,11,0,"[0, 1]"
458885,7509847,7,0,"[0, 1]"
458885,7509847,27,0,"[0, 1]"
458885,7509847,20,0,"[0, 1]"
458885,7509847,30,0,"[0, 1]"
458885,7509847,25,0,"[0, 1]"
458885,7509847,16,0,"[0, 1]"
458885,7509847,21,0,"[0, 1]"
458885,7509847,19,0,"[0, 1]"
458885,7509847,15,0,"[0, 1]"
458885,7509847,36,0,"[0, 1]"
458885,7509847,61,0,"[0, 1]"
458885,7509847,59,0,"[0, 1]"
458885,7509847,42,0,"[0, 1]"
458885,7509847,51,0,"[0, 1]"
458885,7509847,41,0,"[0, 1]"
458885,7509847,33,0,"[0, 1]"
458885,7509847,32,0,"[0, 1]"
458885,7509847,47,0,"[0, 1]"
458885,7509847,62,0,"[0, 1]"
458885,7509847,89,0,"[0, 1]"
458885,7509847,86,0,"[0, 1]"
458885,7509847,122,0,"[0, 1]"
458885,7509847,83,0,"[0, 1]"
458885,7509847,87,0,"[0, 1]"
458885,7509847,69,0,"[0, 1]"
458885,7509847,102,0,"[0, 1]"
458885,7509847,85,0,"[0, 1]"
458885,7509847,95,0,"[0, 1]"
458885,7509847,118,0,"[0, 1]"
458885,7509847,96,0,"[0, 1]"
458885,7509847,116,0,"[0, 1]"
458885,7509847,201,0,"[0, 1]"
458885,7509847,234,0,"[0, 1]"
458885,7509847,144,0,"[0, 1]"
458885,7509847,150,0,"[0, 1]"
458885,7509847,135,0,"[0, 1]"
458885,7509847,232,0,"[0, 1]"
458885,7509847,173,0,"[0, 1]"
458885,7509847,128,0,"[0, 1]"
458885,7509847,170,0,"[0, 1]"
458885,7509847,240,0,"[0, 1]"
458885,7509847,208,0,"[0, 1]"
458885,7509847,154,0,"[0, 1]"
458885,7509847,160,0,"[0, 1]"
458885,7509847,134,0,"[0, 1]"
458885,7509847,483,0,"[0, 1]"
458885,7509847,398,0,"[0, 1]"
458885,7509847,431,0,"[0, 1]"
458885,7509847,486,0,"[0, 1]"
458885,7509847,331,0,"[0, 1]"
458885,7509847,422,0,"[0, 1]"
458885,7509847,301,0,"[0, 1]"
458885,7509847,404,0,"[0, 1]"
458885,7509847,496,0,"[0, 1]"
458885,7509847,278,0,"[0, 1]"
458885,7509847,425,0,"[0, 1]"
458885,7509847,432,0,"[0, 1]"
458885,7509847,368,0,"[0, 1]"
458885,7509847,328,0,"[0, 1]"
458885,7509847,509,0,"[0, 1]"
458885,7509847,388,0,"[0, 1]"
458885,7509847,643,0,"[0, 1]"
458885,7509847,511,0,"[0, 1]"
458885,7509847,793,0,"[0, 1]"
458885,7509847,777,0,"[0, 1]"
458885,7509847,654,0,"[0, 1]"
458885,7509847,1016,0,"[0, 1]"
458885,7509847,811,0,"[0, 1]"
458885,7509847,567,0,"[0, 1]"
458885,7509847,642,0,"[0, 1]"
458885,7509847,689,0,"[0, 1]"
458885,7509847,721,0,"[0, 1]"
458885,7509847,816,0,"[0, 1]"
458885,7509847,891,0,"[0, 1]"
458885,7509847,606,0,"[0, 1]"
458885,7509847,632,0,"[0, 1]"
458885,7509847,712,0,"[0, 1]"
458885,7509847,709,0,"[0, 1]"
458885,7509847,646,0,"[0, 1]"
458885,7509847,1313,0,"[0, 1]"
458885,7509847,1992,0,"[0, 1]"
458885,7509847,1229,0,"[0, 1]"
458885,7509847,1333,0,"[0, 1]"
458885,7509847,1124,0,"[0, 1]"
458885,7509847,1295,0,"[0, 1]"
458885,7509847,1253,0,"[0, 1]"
458885,7509847,1242,0,"[0, 1]"
458885,7509847,1499,0,"[0, 1]"
458885,7509847,1439,0,"[0, 1]"
458885,7509847,1165,0,"[0, 1]"
458885,7509847,1162,0,"[0, 1]"
458885,7509847,1488,0,"[0, 1]"
458885,7509847,1392,0,"[0, 1]"
458885,7509847,1360,0,"[0, 1]"
458885,7509847,1341,0,"[0, 1]"
458885,7509847,1948,0,"[0, 1]"
458885,7509847,1960,0,"[0, 1]"
458885,7509847,1604,0,"[0, 1]"
458885,7509847,1442,0,"[0, 1]"
458885,7509847,2146,0,"[0, 1]"
458885,7509847,4071,0,"[0, 1]"
458885,7509847,3270,0,"[0, 1]"
458885,7509847,3792,0,"[0, 1]"
458885,7509847,3411,0,"[0, 1]"
458885,7509847,2197,0,"[0, 1]"
458885,7509847,3589,0,"[0, 1]"
458885,7509847,3412,0,"[0, 1]"
458885,7509847,2226,0,"[0, 1]"
458885,7509847,2068,0,"[0, 1]"
458885,7509847,3096,0,"[0, 1]"
458885,7509847,2599,0,"[0, 1]"
458885,7509847,2851,0,"[0, 1]"
458885,7509847,3470,0,"[0, 1]"
458885,7509847,4048,0,"[0, 1]"
458885,7509847,2259,0,"[0, 1]"
458885,7509847,2964,0,"[0, 1]"
458885,7509847,2739,0,"[0, 1]"
458885,7509847,4000,0,"[0, 1]"
458885,7509847,3969,0,"[0, 1]"
458885,7509847,3654,0,"[0, 1]"
458885,7509847,3966,0,"[0, 1]"
458885,7509847,7081127,1,"[0, 1]"
458885,7509847,4137,0,"[0, 1]"
458885,7509847,7291531,1,"[0, 1]"
458885,7509847,7610240,1,"[0, 1]"
458885,7509847,7322168,1,"[0, 1]"
458885,7509847,7670407,1,"[0, 1]"
458885,7509847,7242969,1,"[0, 1]"
458885,7509847,7203363,1,"[0, 1]"
458885,7509847,6147967,1,"[0, 1]"
458885,7509847,4337,0,"[0, 1]"
458885,7509847,4795,0,"[0, 1]"
458885,7509847,494823,1,"[0, 1]"
458885,7509847,4482428,1,"[0, 1]"
458885,7509847,7164384,1,"[0, 1]"
458885,7509847,4937,0,"[0, 1]"
458885,7509847,4883,0,"[0, 1]"
458885,7509847,7423831,1,"[0, 1]"
458885,7509847,7210452,1,"[0, 1]"
458885,7509847,7655766,1,"[0, 1]"
458885,7509847,4179,0,"[0, 1]"
458885,7509847,7453317,1,"[0, 1]"
458885,7509847,7117859,1,"[0, 1]"
458885,7509847,4249,0,"[0, 1]"
458885,7509847,4204,0,"[0, 1]"
458885,7509847,7673699,1,"[0, 1]"
458885,7509847,7212848,1,"[0, 1]"
458885,7509847,7538092,1,"[0, 1]"
458885,7509847,7403592,1,"[0, 1]"
458885,7509847,7587963,1,"[0, 1]"
458885,7509847,7080466,1,"[0, 1]"
458885,7509847,7490252,1,"[0, 1]"
458885,7509847,7329844,1,"[0, 1]"
458885,7509847,7078842,1,"[0, 1]"
458885,7509847,7147522,1,"[0, 1]"
458885,7509847,7170462,1,"[0, 1]"
458885,7509847,7586302,1,"[0, 1]"
458885,7509847,7075540,1,"[0, 1]"
458885,7509847,7178272,1,"[0, 1]"
458885,7509847,7590320,1,"[0, 1]"
458885,7509847,329164,1,"[0, 1]"
458885,7509847,7341207,1,"[0, 1]"
458885,7509847,760500,1,"[0, 1]"
458885,7509847,7482175,1,"[0, 1]"
458885,7509847,7476485,1,"[0, 1]"
458885,7509847,7566944,1,"[0, 1]"
458885,7509847,7384185,1,"[0, 1]"
458885,7509847,85696,1,"[0, 1]"
458885,7509847,7123628,1,"[0, 1]"
458885,7509847,7231423,1,"[0, 1]"
458885,7509847,7395566,1,"[0, 1]"
1096360,7510002,7510002,1,"[1, 0]"
1096360,7510002,4253,0,"[1, 0]"
1096360,7510002,2407,0,"[1, 0]"
1096360,7510002,1203,0,"[1, 0]"
1096360,7510002,601,0,"[1, 0]"
1096360,7510002,300,0,"[1, 0]"
1096360,7510002,149,0,"[1, 0]"
1096360,7510002,74,0,"[1, 0]"
1096360,7510002,36,0,"[1, 0]"
1096360,7510002,17,0,"[1, 0]"
1096360,7510002,8,0,"[1, 0]"
1096360,7510002,3,0,"[1, 0]"
1096360,7510002,1,0,"[1, 0]"
1096360,7510002,0,0,"[1, 0]"
1096360,7510002,1,0,"[0, 1]"
1096360,7510002,2,0,"[0, 1]"
1096360,7510002,5,0,"[0, 1]"
1096360,7510002,4,0,"[0, 1]"
1096360,7510002,6,0,"[0, 1]"
1096360,7510002,3,0,"[0, 1]"
1096360,7510002,12,0,"[0, 1]"
1096360,7510002,8,0,"[0, 1]"
1096360,7510002,13,0,"[0, 1]"
1096360,7510002,9,0,"[0, 1]"
1096360,7510002,7,0,"[0, 1]"
1096360,7510002,14,0,"[0, 1]"
1096360,7510002,25,0,"[0, 1]"
1096360,7510002,15,0,"[0, 1]"
1096360,7510002,22,0,"[0, 1]"
1096360,7510002,30,0,"[0, 1]"
1096360,7510002,16,0,"[0, 1]"
1096360,7510002,28,0,"[0, 1]"
1096360,7510002,19,0,"[0, 1]"
1096360,7510002,20,0,"[0, 1]"
1096360,7510002,50,0,"[0, 1]"
1096360,7510002,49,0,"[0, 1]"
1096360,7510002,46,0,"[0, 1]"
1096360,7510002,44,0,"[0, 1]"
1096360,7510002,39,0,"[0, 1]"
1096360,7510002,55,0,"[0, 1]"
1096360,7510002,58,0,"[0, 1]"
1096360,7510002,53,0,"[0, 1]"
1096360,7510002,42,0,"[0, 1]"
1096360,7510002,36,0,"[0, 1]"
1096360,7510002,93,0,"[0, 1]"
1096360,7510002,74,0,"[0, 1]"
1096360,7510002,75,0,"[0, 1]"
1096360,7510002,120,0,"[0, 1]"
1096360,7510002,96,0,"[0, 1]"
1096360,7510002,116,0,"[0, 1]"
1096360,7510002,114,0,"[0, 1]"
1096360,7510002,118,0,"[0, 1]"
1096360,7510002,121,0,"[0, 1]"
1096360,7510002,85,0,"[0, 1]"
1096360,7510002,90,0,"[0, 1]"
1096360,7510002,87,0,"[0, 1]"
1096360,7510002,205,0,"[0, 1]"
1096360,7510002,220,0,"[0, 1]"
1096360,7510002,238,0,"[0, 1]"
1096360,7510002,196,0,"[0, 1]"
1096360,7510002,156,0,"[0, 1]"
1096360,7510002,138,0,"[0, 1]"
1096360,7510002,162,0,"[0, 1]"
1096360,7510002,203,0,"[0, 1]"
1096360,7510002,153,0,"[0, 1]"
1096360,7510002,177,0,"[0, 1]"
1096360,7510002,212,0,"[0, 1]"
1096360,7510002,141,0,"[0, 1]"
1096360,7510002,246,0,"[0, 1]"
1096360,7510002,146,0,"[0, 1]"
1096360,7510002,388,0,"[0, 1]"
1096360,7510002,368,0,"[0, 1]"
1096360,7510002,498,0,"[0, 1]"
1096360,7510002,474,0,"[0, 1]"
1096360,7510002,336,0,"[0, 1]"
1096360,7510002,317,0,"[0, 1]"
1096360,7510002,434,0,"[0, 1]"
1096360,7510002,503,0,"[0, 1]"
1096360,7510002,414,0,"[0, 1]"
1096360,7510002,325,0,"[0, 1]"
1096360,7510002,259,0,"[0, 1]"
1096360,7510002,424,0,"[0, 1]"
1096360,7510002,364,0,"[0, 1]"
1096360,7510002,334,0,"[0, 1]"
1096360,7510002,354,0,"[0, 1]"
1096360,7510002,356,0,"[0, 1]"
1096360,7510002,904,0,"[0, 1]"
1096360,7510002,713,0,"[0, 1]"
1096360,7510002,950,0,"[0, 1]"
1096360,7510002,763,0,"[0, 1]"
1096360,7510002,544,0,"[0, 1]"
1096360,7510002,610,0,"[0, 1]"
1096360,7510002,633,0,"[0, 1]"
1096360,7510002,880,0,"[0, 1]"
1096360,7510002,990,0,"[0, 1]"
1096360,7510002,750,0,"[0, 1]"
1096360,7510002,683,0,"[0, 1]"
1096360,7510002,869,0,"[0, 1]"
1096360,7510002,609,0,"[0, 1]"
1096360,7510002,647,0,"[0, 1]"
1096360,7510002,779,0,"[0, 1]"
1096360,7510002,806,0,"[0, 1]"
1096360,7510002,516,0,"[0, 1]"
1096360,7510002,782,0,"[0, 1]"
1096360,7510002,1584,0,"[0, 1]"
1096360,7510002,1471,0,"[0, 1]"
1096360,7510002,1079,0,"[0, 1]"
1096360,7510002,1501,0,"[0, 1]"
1096360,7510002,1046,0,"[0, 1]"
1096360,7510002,1707,0,"[0, 1]"
1096360,7510002,1374,0,"[0, 1]"
1096360,7510002,1773,0,"[0, 1]"
1096360,7510002,1797,0,"[0, 1]"
1096360,7510002,1199,0,"[0, 1]"
1096360,7510002,1533,0,"[0, 1]"
1096360,7510002,2023,0,"[0, 1]"
1096360,7510002,1549,0,"[0, 1]"
1096360,7510002,1092,0,"[0, 1]"
1096360,7510002,1674,0,"[0, 1]"
1096360,7510002,1588,0,"[0, 1]"
1096360,7510002,1903,0,"[0, 1]"
1096360,7510002,1795,0,"[0, 1]"
1096360,7510002,2025,0,"[0, 1]"
1096360,7510002,1962,0,"[0, 1]"
1096360,7510002,2486,0,"[0, 1]"
1096360,7510002,3010,0,"[0, 1]"
1096360,7510002,3232,0,"[0, 1]"
1096360,7510002,3839,0,"[0, 1]"
1096360,7510002,2066,0,"[0, 1]"
1096360,7510002,3108,0,"[0, 1]"
1096360,7510002,2704,0,"[0, 1]"
1096360,7510002,3424,0,"[0, 1]"
1096360,7510002,2730,0,"[0, 1]"
1096360,7510002,3227,0,"[0, 1]"
1096360,7510002,2839,0,"[0, 1]"
1096360,7510002,2509,0,"[0, 1]"
1096360,7510002,3253,0,"[0, 1]"
1096360,7510002,3967,0,"[0, 1]"
1096360,7510002,2928,0,"[0, 1]"
1096360,7510002,3677,0,"[0, 1]"
1096360,7510002,3034,0,"[0, 1]"
1096360,7510002,2982,0,"[0, 1]"
1096360,7510002,2599,0,"[0, 1]"
1096360,7510002,2939,0,"[0, 1]"
1096360,7510002,3814,0,"[0, 1]"
1096360,7510002,3414,0,"[0, 1]"
1096360,7510002,7192790,1,"[0, 1]"
1096360,7510002,7600671,1,"[0, 1]"
1096360,7510002,1270948,1,"[0, 1]"
1096360,7510002,7294846,1,"[0, 1]"
1096360,7510002,7609417,1,"[0, 1]"
1096360,7510002,7136911,1,"[0, 1]"
1096360,7510002,7290474,1,"[0, 1]"
1096360,7510002,4179,0,"[0, 1]"
1096360,7510002,7613233,1,"[0, 1]"
1096360,7510002,7301549,1,"[0, 1]"
1096360,7510002,4588,0,"[0, 1]"
1096360,7510002,7299104,1,"[0, 1]"
1096360,7510002,4631,0,"[0, 1]"
1096360,7510002,7505469,1,"[0, 1]"
1096360,7510002,7245227,1,"[0, 1]"
1096360,7510002,7182394,1,"[0, 1]"
1096360,7510002,4153,0,"[0, 1]"
1096360,7510002,7604003,1,"[0, 1]"
1096360,7510002,7273248,1,"[0, 1]"
1096360,7510002,6954472,1,"[0, 1]"
1096360,7510002,7082390,1,"[0, 1]"
1096360,7510002,7232730,1,"[0, 1]"
1096360,7510002,4983,0,"[0, 1]"
1096360,7510002,7430645,1,"[0, 1]"
1096360,7510002,7193473,1,"[0, 1]"
1096360,7510002,7426998,1,"[0, 1]"
1096360,7510002,5235433,1,"[0, 1]"
1096360,7510002,7577019,1,"[0, 1]"
1096360,7510002,7257766,1,"[0, 1]"
1096360,7510002,7682806,1,"[0, 1]"
1096360,7510002,7305780,1,"[0, 1]"
1096360,7510002,369396,1,"[0, 1]"
1096360,7510002,7081741,1,"[0, 1]"
1096360,7510002,7067032,1,"[0, 1]"
1096360,7510002,7654462,1,"[0, 1]"
1096360,7510002,7625308,1,"[0, 1]"
1096360,7510002,7632217,1,"[0, 1]"
1096360,7510002,7601337,1,"[0, 1]"
1096360,7510002,7378994,1,"[0, 1]"
1096360,7510002,7424055,1,"[0, 1]"
1096360,7510002,7075317,1,"[0, 1]"
1096360,7510002,7486427,1,"[0, 1]"
1096360,7510002,7624226,1,"[0, 1]"
1096360,7510002,7496708,1,"[0, 1]"
1096360,7510002,7653942,1,"[0, 1]"
1096360,7510002,7649010,1,"[0, 1]"
1096360,7510002,7218005,1,"[0, 1]"
1096360,7510002,7598917,1,"[0, 1]"
1096360,7510002,3025548,1,"[0, 1]"
1096360,7510002,7132766,1,"[0, 1]"
273014,7510125,7510125,1,"[1, 0]"
273014,7510125,3036,0,"[1, 0]"
273014,7510125,1517,0,"[1, 0]"
273014,7510125,758,0,"[1, 0]"
273014,7510125,378,0,"[1, 0]"
273014,7510125,188,0,"[1, 0]"
273014,7510125,93,0,"[1, 0]"
273014,7510125,46,0,"[1, 0]"
273014,7510125,22,0,"[1, 0]"
273014,7510125,10,0,"[1, 0]"
273014,7510125,4,0,"[1, 0]"
273014,7510125,1,0,"[1, 0]"
273014,7510125,0,0,"[1, 0]"
273014,7510125,2,0,"[0, 1]"
273014,7510125,1,0,"[0, 1]"
273014,7510125,6,0,"[0, 1]"
273014,7510125,3,0,"[0, 1]"
273014,7510125,4,0,"[0, 1]"
273014,7510125,5,0,"[0, 1]"
273014,7510125,7,0,"[0, 1]"
273014,7510125,9,0,"[0, 1]"
273014,7510125,10,0,"[0, 1]"
273014,7510125,13,0,"[0, 1]"
273014,7510125,8,0,"[0, 1]"
273014,7510125,11,0,"[0, 1]"
273014,7510125,22,0,"[0, 1]"
273014,7510125,24,0,"[0, 1]"
273014,7510125,20,0,"[0, 1]"
273014,7510125,19,0,"[0, 1]"
273014,7510125,26,0,"[0, 1]"
273014,7510125,15,0,"[0, 1]"
273014,7510125,30,0,"[0, 1]"
273014,7510125,17,0,"[0, 1]"
273014,7510125,48,0,"[0, 1]"
273014,7510125,61,0,"[0, 1]"
273014,7510125,33,0,"[0, 1]"
273014,7510125,45,0,"[0, 1]"
273014,7510125,47,0,"[0, 1]"
273014,7510125,59,0,"[0, 1]"
273014,7510125,36,0,"[0, 1]"
273014,7510125,38,0,"[0, 1]"
273014,7510125,49,0,"[0, 1]"
273014,7510125,32,0,"[0, 1]"
273014,7510125,73,0,"[0, 1]"
273014,7510125,99,0,"[0, 1]"
273014,7510125,85,0,"[0, 1]"
273014,7510125,78,0,"[0, 1]"
273014,7510125,113,0,"[0, 1]"
273014,7510125,87,0,"[0, 1]"
273014,7510125,97,0,"[0, 1]"
273014,7510125,71,0,"[0, 1]"
273014,7510125,103,0,"[0, 1]"
273014,7510125,106,0,"[0, 1]"
273014,7510125,100,0,"[0, 1]"
273014,7510125,80,0,"[0, 1]"
273014,7510125,214,0,"[0, 1]"
273014,7510125,236,0,"[0, 1]"
273014,7510125,253,0,"[0, 1]"
273014,7510125,146,0,"[0, 1]"
273014,7510125,252,0,"[0, 1]"
273014,7510125,137,0,"[0, 1]"
273014,7510125,219,0,"[0, 1]"
273014,7510125,222,0,"[0, 1]"
273014,7510125,213,0,"[0, 1]"
273014,7510125,224,0,"[0, 1]"
273014,7510125,225,0,"[0, 1]"
273014,7510125,188,0,"[0, 1]"
273014,7510125,241,0,"[0, 1]"
273014,7510125,238,0,"[0, 1]"
273014,7510125,318,0,"[0, 1]"
273014,7510125,505,0,"[0, 1]"
273014,7510125,478,0,"[0, 1]"
273014,7510125,335,0,"[0, 1]"
273014,7510125,417,0,"[0, 1]"
273014,7510125,329,0,"[0, 1]"
273014,7510125,310,0,"[0, 1]"
273014,7510125,269,0,"[0, 1]"
273014,7510125,393,0,"[0, 1]"
273014,7510125,504,0,"[0, 1]"
273014,7510125,283,0,"[0, 1]"
273014,7510125,489,0,"[0, 1]"
273014,7510125,391,0,"[0, 1]"
273014,7510125,347,0,"[0, 1]"
273014,7510125,396,0,"[0, 1]"
273014,7510125,279,0,"[0, 1]"
273014,7510125,617,0,"[0, 1]"
273014,7510125,1004,0,"[0, 1]"
273014,7510125,935,0,"[0, 1]"
273014,7510125,786,0,"[0, 1]"
273014,7510125,953,0,"[0, 1]"
273014,7510125,602,0,"[0, 1]"
273014,7510125,727,0,"[0, 1]"
273014,7510125,896,0,"[0, 1]"
273014,7510125,535,0,"[0, 1]"
273014,7510125,785,0,"[0, 1]"
273014,7510125,592,0,"[0, 1]"
273014,7510125,701,0,"[0, 1]"
273014,7510125,950,0,"[0, 1]"
273014,7510125,760,0,"[0, 1]"
273014,7510125,646,0,"[0, 1]"
273014,7510125,585,0,"[0, 1]"
273014,7510125,991,0,"[0, 1]"
273014,7510125,575,0,"[0, 1]"
273014,7510125,1521,0,"[0, 1]"
273014,7510125,1837,0,"[0, 1]"
273014,7510125,1895,0,"[0, 1]"
273014,7510125,1898,0,"[0, 1]"
273014,7510125,1249,0,"[0, 1]"
273014,7510125,1054,0,"[0, 1]"
273014,7510125,1713,0,"[0, 1]"
273014,7510125,1385,0,"[0, 1]"
273014,7510125,1958,0,"[0, 1]"
273014,7510125,1653,0,"[0, 1]"
273014,7510125,1784,0,"[0, 1]"
273014,7510125,1752,0,"[0, 1]"
273014,7510125,1867,0,"[0, 1]"
273014,7510125,1610,0,"[0, 1]"
273014,7510125,1369,0,"[0, 1]"
273014,7510125,1384,0,"[0, 1]"
273014,7510125,1935,0,"[0, 1]"
273014,7510125,1585,0,"[0, 1]"
273014,7510125,1748,0,"[0, 1]"
273014,7510125,1631,0,"[0, 1]"
273014,7510125,2254,0,"[0, 1]"
273014,7510125,3066,0,"[0, 1]"
273014,7510125,3589,0,"[0, 1]"
273014,7510125,2346,0,"[0, 1]"
273014,7510125,3414,0,"[0, 1]"
273014,7510125,3509,0,"[0, 1]"
273014,7510125,4009,0,"[0, 1]"
273014,7510125,3137,0,"[0, 1]"
273014,7510125,3079,0,"[0, 1]"
273014,7510125,2320,0,"[0, 1]"
273014,7510125,2316,0,"[0, 1]"
273014,7510125,3676,0,"[0, 1]"
273014,7510125,3212,0,"[0, 1]"
273014,7510125,3727,0,"[0, 1]"
273014,7510125,2354,0,"[0, 1]"
273014,7510125,2138,0,"[0, 1]"
273014,7510125,2653,0,"[0, 1]"
273014,7510125,3438,0,"[0, 1]"
273014,7510125,2740,0,"[0, 1]"
273014,7510125,3839,0,"[0, 1]"
273014,7510125,3600,0,"[0, 1]"
273014,7510125,2302,0,"[0, 1]"
273014,7510125,7169564,1,"[0, 1]"
273014,7510125,7247196,1,"[0, 1]"
273014,7510125,4138,0,"[0, 1]"
273014,7510125,4426686,1,"[0, 1]"
273014,7510125,7261844,1,"[0, 1]"
273014,7510125,7409861,1,"[0, 1]"
273014,7510125,4933,0,"[0, 1]"
273014,7510125,4640,0,"[0, 1]"
273014,7510125,7268725,1,"[0, 1]"
273014,7510125,7265145,1,"[0, 1]"
273014,7510125,4814,0,"[0, 1]"
273014,7510125,7585569,1,"[0, 1]"
273014,7510125,7476021,1,"[0, 1]"
273014,7510125,7261226,1,"[0, 1]"
273014,7510125,7529087,1,"[0, 1]"
273014,7510125,7673655,1,"[0, 1]"
273014,7510125,7189248,1,"[0, 1]"
273014,7510125,7430567,1,"[0, 1]"
273014,7510125,7474705,1,"[0, 1]"
273014,7510125,7518300,1,"[0, 1]"
273014,7510125,7242268,1,"[0, 1]"
273014,7510125,4866,0,"[0, 1]"
273014,7510125,7234511,1,"[0, 1]"
273014,7510125,7290481,1,"[0, 1]"
482412,7510137,7510137,1,"[1, 0]"
482412,7510137,4083,0,"[1, 0]"
482412,7510137,2041,0,"[1, 0]"
482412,7510137,1020,0,"[1, 0]"
482412,7510137,509,0,"[1, 0]"
482412,7510137,254,0,"[1, 0]"
482412,7510137,126,0,"[1, 0]"
482412,7510137,62,0,"[1, 0]"
482412,7510137,30,0,"[1, 0]"
482412,7510137,14,0,"[1, 0]"
482412,7510137,6,0,"[1, 0]"
482412,7510137,2,0,"[1, 0]"
482412,7510137,0,0,"[1, 0]"
482412,7510137,1,0,"[0, 1]"
482412,7510137,2,0,"[0, 1]"
482412,7510137,4,0,"[0, 1]"
482412,7510137,3,0,"[0, 1]"
482412,7510137,5,0,"[0, 1]"
482412,7510137,6,0,"[0, 1]"
482412,7510137,7,0,"[0, 1]"
482412,7510137,11,0,"[0, 1]"
482412,7510137,14,0,"[0, 1]"
482412,7510137,8,0,"[0, 1]"
482412,7510137,10,0,"[0, 1]"
482412,7510137,13,0,"[0, 1]"
482412,7510137,30,0,"[0, 1]"
482412,7510137,24,0,"[0, 1]"
482412,7510137,15,0,"[0, 1]"
482412,7510137,23,0,"[0, 1]"
482412,7510137,21,0,"[0, 1]"
482412,7510137,27,0,"[0, 1]"
482412,7510137,19,0,"[0, 1]"
482412,7510137,20,0,"[0, 1]"
482412,7510137,46,0,"[0, 1]"
482412,7510137,37,0,"[0, 1]"
482412,7510137,51,0,"[0, 1]"
482412,7510137,59,0,"[0, 1]"
482412,7510137,42,0,"[0, 1]"
482412,7510137,44,0,"[0, 1]"
482412,7510137,31,0,"[0, 1]"
482412,7510137,48,0,"[0, 1]"
482412,7510137,32,0,"[0, 1]"
482412,7510137,36,0,"[0, 1]"
482412,7510137,119,0,"[0, 1]"
482412,7510137,75,0,"[0, 1]"
482412,7510137,94,0,"[0, 1]"
482412,7510137,65,0,"[0, 1]"
482412,7510137,103,0,"[0, 1]"
482412,7510137,73,0,"[0, 1]"
482412,7510137,126,0,"[0, 1]"
482412,7510137,100,0,"[0, 1]"
482412,7510137,72,0,"[0, 1]"
482412,7510137,92,0,"[0, 1]"
482412,7510137,98,0,"[0, 1]"
482412,7510137,117,0,"[0, 1]"
482412,7510137,156,0,"[0, 1]"
482412,7510137,180,0,"[0, 1]"
482412,7510137,224,0,"[0, 1]"
482412,7510137,230,0,"[0, 1]"
482412,7510137,201,0,"[0, 1]"
482412,7510137,208,0,"[0, 1]"
482412,7510137,228,0,"[0, 1]"
482412,7510137,210,0,"[0, 1]"
482412,7510137,129,0,"[0, 1]"
482412,7510137,164,0,"[0, 1]"
482412,7510137,168,0,"[0, 1]"
482412,7510137,184,0,"[0, 1]"
482412,7510137,174,0,"[0, 1]"
482412,7510137,138,0,"[0, 1]"
482412,7510137,373,0,"[0, 1]"
482412,7510137,461,0,"[0, 1]"
482412,7510137,508,0,"[0, 1]"
482412,7510137,430,0,"[0, 1]"
482412,7510137,466,0,"[0, 1]"
482412,7510137,298,0,"[0, 1]"
482412,7510137,412,0,"[0, 1]"
482412,7510137,427,0,"[0, 1]"
482412,7510137,327,0,"[0, 1]"
482412,7510137,270,0,"[0, 1]"
482412,7510137,376,0,"[0, 1]"
482412,7510137,313,0,"[0, 1]"
482412,7510137,472,0,"[0, 1]"
482412,7510137,278,0,"[0, 1]"
482412,7510137,257,0,"[0, 1]"
482412,7510137,336,0,"[0, 1]"
482412,7510137,626,0,"[0, 1]"
482412,7510137,645,0,"[0, 1]"
482412,7510137,810,0,"[0, 1]"
482412,7510137,793,0,"[0, 1]"
482412,7510137,850,0,"[0, 1]"
482412,7510137,585,0,"[0, 1]"
482412,7510137,524,0,"[0, 1]"
482412,7510137,871,0,"[0, 1]"
482412,7510137,546,0,"[0, 1]"
482412,7510137,937,0,"[0, 1]"
482412,7510137,889,0,"[0, 1]"
482412,7510137,841,0,"[0, 1]"
482412,7510137,692,0,"[0, 1]"
482412,7510137,539,0,"[0, 1]"
482412,7510137,704,0,"[0, 1]"
482412,7510137,885,0,"[0, 1]"
482412,7510137,826,0,"[0, 1]"
482412,7510137,648,0,"[0, 1]"
482412,7510137,1432,0,"[0, 1]"
482412,7510137,1455,0,"[0, 1]"
482412,7510137,1179,0,"[0, 1]"
482412,7510137,1752,0,"[0, 1]"
482412,7510137,1329,0,"[0, 1]"
482412,7510137,1398,0,"[0, 1]"
482412,7510137,1595,0,"[0, 1]"
482412,7510137,1547,0,"[0, 1]"
482412,7510137,1947,0,"[0, 1]"
482412,7510137,1686,0,"[0, 1]"
482412,7510137,1419,0,"[0, 1]"
482412,7510137,1539,0,"[0, 1]"
482412,7510137,1737,0,"[0, 1]"
482412,7510137,1139,0,"[0, 1]"
482412,7510137,1435,0,"[0, 1]"
482412,7510137,1974,0,"[0, 1]"
482412,7510137,1391,0,"[0, 1]"
482412,7510137,2023,0,"[0, 1]"
482412,7510137,1468,0,"[0, 1]"
482412,7510137,1606,0,"[0, 1]"
482412,7510137,3277,0,"[0, 1]"
482412,7510137,2512,0,"[0, 1]"
482412,7510137,2314,0,"[0, 1]"
482412,7510137,2294,0,"[0, 1]"
482412,7510137,2698,0,"[0, 1]"
482412,7510137,3229,0,"[0, 1]"
482412,7510137,3983,0,"[0, 1]"
482412,7510137,3515,0,"[0, 1]"
482412,7510137,2841,0,"[0, 1]"
482412,7510137,3996,0,"[0, 1]"
482412,7510137,3770,0,"[0, 1]"
482412,7510137,2892,0,"[0, 1]"
482412,7510137,2092,0,"[0, 1]"
482412,7510137,3453,0,"[0, 1]"
482412,7510137,3177,0,"[0, 1]"
482412,7510137,2734,0,"[0, 1]"
482412,7510137,3179,0,"[0, 1]"
482412,7510137,2656,0,"[0, 1]"
482412,7510137,2050,0,"[0, 1]"
482412,7510137,3815,0,"[0, 1]"
482412,7510137,3085,0,"[0, 1]"
482412,7510137,3670,0,"[0, 1]"
482412,7510137,7140692,1,"[0, 1]"
482412,7510137,7450365,1,"[0, 1]"
482412,7510137,7543689,1,"[0, 1]"
482412,7510137,4354,0,"[0, 1]"
482412,7510137,7100356,1,"[0, 1]"
482412,7510137,4144,0,"[0, 1]"
482412,7510137,7128560,1,"[0, 1]"
482412,7510137,7430667,1,"[0, 1]"
482412,7510137,2646831,1,"[0, 1]"
482412,7510137,7067274,1,"[0, 1]"
482412,7510137,7340517,1,"[0, 1]"
482412,7510137,7252114,1,"[0, 1]"
482412,7510137,7494365,1,"[0, 1]"
482412,7510137,7099584,1,"[0, 1]"
482412,7510137,7217875,1,"[0, 1]"
482412,7510137,3259271,1,"[0, 1]"
482412,7510137,7620979,1,"[0, 1]"
482412,7510137,7320812,1,"[0, 1]"
482412,7510137,7148217,1,"[0, 1]"
482412,7510137,7282339,1,"[0, 1]"
482412,7510137,7430567,1,"[0, 1]"
482412,7510137,7611386,1,"[0, 1]"
482412,7510137,670741,1,"[0, 1]"
482412,7510137,7269447,1,"[0, 1]"
1096357,2642160,2642160,1,"[1, 0]"
1096357,2642160,2718,0,"[1, 0]"
1096357,2642160,1358,0,"[1, 0]"
1096357,2642160,678,0,"[1, 0]"
1096357,2642160,338,0,"[1, 0]"
1096357,2642160,168,0,"[1, 0]"
1096357,2642160,83,0,"[1, 0]"
1096357,2642160,41,0,"[1, 0]"
1096357,2642160,20,0,"[1, 0]"
1096357,2642160,9,0,"[1, 0]"
1096357,2642160,4,0,"[1, 0]"
1096357,2642160,1,0,"[1, 0]"
1096357,2642160,0,0,"[1, 0]"
1096357,2642160,1,0,"[0, 1]"
1096357,2642160,2,0,"[0, 1]"
1096357,2642160,3,0,"[0, 1]"
1096357,2642160,4,0,"[0, 1]"
1096357,2642160,5,0,"[0, 1]"
1096357,2642160,6,0,"[0, 1]"
1096357,2642160,11,0,"[0, 1]"
1096357,2642160,14,0,"[0, 1]"
1096357,2642160,13,0,"[0, 1]"
1096357,2642160,7,0,"[0, 1]"
1096357,2642160,9,0,"[0, 1]"
1096357,2642160,10,0,"[0, 1]"
1096357,2642160,30,0,"[0, 1]"
1096357,2642160,28,0,"[0, 1]"
1096357,2642160,27,0,"[0, 1]"
1096357,2642160,19,0,"[0, 1]"
1096357,2642160,26,0,"[0, 1]"
1096357,2642160,21,0,"[0, 1]"
1096357,2642160,15,0,"[0, 1]"
1096357,2642160,29,0,"[0, 1]"
1096357,2642160,47,0,"[0, 1]"
1096357,2642160,43,0,"[0, 1]"
1096357,2642160,42,0,"[0, 1]"
1096357,2642160,54,0,"[0, 1]"
1096357,2642160,39,0,"[0, 1]"
1096357,2642160,35,0,"[0, 1]"
1096357,2642160,57,0,"[0, 1]"
1096357,2642160,44,0,"[0, 1]"
1096357,2642160,40,0,"[0, 1]"
1096357,2642160,52,0,"[0, 1]"
1096357,2642160,67,0,"[0, 1]"
1096357,2642160,90,0,"[0, 1]"
1096357,2642160,68,0,"[0, 1]"
1096357,2642160,112,0,"[0, 1]"
1096357,2642160,115,0,"[0, 1]"
1096357,2642160,80,0,"[0, 1]"
1096357,2642160,116,0,"[0, 1]"
1096357,2642160,107,0,"[0, 1]"
1096357,2642160,86,0,"[0, 1]"
1096357,2642160,120,0,"[0, 1]"
1096357,2642160,102,0,"[0, 1]"
1096357,2642160,95,0,"[0, 1]"
1096357,2642160,240,0,"[0, 1]"
1096357,2642160,241,0,"[0, 1]"
1096357,2642160,192,0,"[0, 1]"
1096357,2642160,133,0,"[0, 1]"
1096357,2642160,229,0,"[0, 1]"
1096357,2642160,145,0,"[0, 1]"
1096357,2642160,219,0,"[0, 1]"
1096357,2642160,193,0,"[0, 1]"
1096357,2642160,129,0,"[0, 1]"
1096357,2642160,207,0,"[0, 1]"
1096357,2642160,176,0,"[0, 1]"
1096357,2642160,137,0,"[0, 1]"
1096357,2642160,250,0,"[0, 1]"
1096357,2642160,180,0,"[0, 1]"
1096357,2642160,508,0,"[0, 1]"
1096357,2642160,300,0,"[0, 1]"
1096357,2642160,341,0,"[0, 1]"
1096357,2642160,414,0,"[0, 1]"
1096357,2642160,344,0,"[0, 1]"
1096357,2642160,359,0,"[0, 1]"
1096357,2642160,480,0,"[0, 1]"
1096357,2642160,304,0,"[0, 1]"
1096357,2642160,351,0,"[0, 1]"
1096357,2642160,329,0,"[0, 1]"
1096357,2642160,442,0,"[0, 1]"
1096357,2642160,274,0,"[0, 1]"
1096357,2642160,261,0,"[0, 1]"
1096357,2642160,510,0,"[0, 1]"
1096357,2642160,373,0,"[0, 1]"
1096357,2642160,354,0,"[0, 1]"
1096357,2642160,549,0,"[0, 1]"
1096357,2642160,846,0,"[0, 1]"
1096357,2642160,865,0,"[0, 1]"
1096357,2642160,1013,0,"[0, 1]"
1096357,2642160,997,0,"[0, 1]"
1096357,2642160,855,0,"[0, 1]"
1096357,2642160,777,0,"[0, 1]"
1096357,2642160,533,0,"[0, 1]"
1096357,2642160,833,0,"[0, 1]"
1096357,2642160,971,0,"[0, 1]"
1096357,2642160,527,0,"[0, 1]"
1096357,2642160,640,0,"[0, 1]"
1096357,2642160,583,0,"[0, 1]"
1096357,2642160,822,0,"[0, 1]"
1096357,2642160,726,0,"[0, 1]"
1096357,2642160,923,0,"[0, 1]"
1096357,2642160,570,0,"[0, 1]"
1096357,2642160,884,0,"[0, 1]"
1096357,2642160,1115,0,"[0, 1]"
1096357,2642160,1750,0,"[0, 1]"
1096357,2642160,1330,0,"[0, 1]"
1096357,2642160,1356,0,"[0, 1]"
1096357,2642160,1566,0,"[0, 1]"
1096357,2642160,1249,0,"[0, 1]"
1096357,2642160,1772,0,"[0, 1]"
1096357,2642160,1978,0,"[0, 1]"
1096357,2642160,1855,0,"[0, 1]"
1096357,2642160,1718,0,"[0, 1]"
1096357,2642160,1902,0,"[0, 1]"
1096357,2642160,1236,0,"[0, 1]"
1096357,2642160,1069,0,"[0, 1]"
1096357,2642160,1303,0,"[0, 1]"
1096357,2642160,1139,0,"[0, 1]"
1096357,2642160,1966,0,"[0, 1]"
1096357,2642160,1796,0,"[0, 1]"
1096357,2642160,1449,0,"[0, 1]"
1096357,2642160,1918,0,"[0, 1]"
1096357,2642160,1037,0,"[0, 1]"
1096357,2642160,4035,0,"[0, 1]"
1096357,2642160,3873,0,"[0, 1]"
1096357,2642160,3062,0,"[0, 1]"
1096357,2642160,2325,0,"[0, 1]"
1096357,2642160,4085,0,"[0, 1]"
1096357,2642160,2874,0,"[0, 1]"
1096357,2642160,3109,0,"[0, 1]"
1096357,2642160,3526,0,"[0, 1]"
1096357,2642160,2984,0,"[0, 1]"
1096357,2642160,2928,0,"[0, 1]"
1096357,2642160,2479,0,"[0, 1]"
1096357,2642160,3635,0,"[0, 1]"
1096357,2642160,2836,0,"[0, 1]"
1096357,2642160,3377,0,"[0, 1]"
1096357,2642160,2150,0,"[0, 1]"
1096357,2642160,3067,0,"[0, 1]"
1096357,2642160,3407,0,"[0, 1]"
1096357,2642160,2186,0,"[0, 1]"
1096357,2642160,3212,0,"[0, 1]"
1096357,2642160,3556,0,"[0, 1]"
1096357,2642160,2203,0,"[0, 1]"
1096357,2642160,3179,0,"[0, 1]"
1096357,2642160,4791,0,"[0, 1]"
1096357,2642160,7216766,1,"[0, 1]"
1096357,2642160,7660127,1,"[0, 1]"
1096357,2642160,7135949,1,"[0, 1]"
1096357,2642160,7434446,1,"[0, 1]"
1096357,2642160,7436153,1,"[0, 1]"
1096357,2642160,7144671,1,"[0, 1]"
1096357,2642160,7470508,1,"[0, 1]"
1096357,2642160,19009,1,"[0, 1]"
1096357,2642160,7523425,1,"[0, 1]"
1096357,2642160,7259552,1,"[0, 1]"
1096357,2642160,7166524,1,"[0, 1]"
1096357,2642160,7402425,1,"[0, 1]"
1096357,2642160,4676,0,"[0, 1]"
1096357,2642160,4467,0,"[0, 1]"
1096357,2642160,7149086,1,"[0, 1]"
1096357,2642160,7555276,1,"[0, 1]"
1096357,2642160,7380587,1,"[0, 1]"
1096357,2642160,4321,0,"[0, 1]"
1096357,2642160,1054505,1,"[0, 1]"
1096357,2642160,7119187,1,"[0, 1]"
1096357,2642160,7144521,1,"[0, 1]"
1096357,2642160,7540058,1,"[0, 1]"
1096357,2642160,7669641,1,"[0, 1]"
613694,7510407,7510407,1,"[1, 0]"
613694,7510407,2071,0,"[1, 0]"
613694,7510407,1035,0,"[1, 0]"
613694,7510407,517,0,"[1, 0]"
613694,7510407,258,0,"[1, 0]"
613694,7510407,128,0,"[1, 0]"
613694,7510407,63,0,"[1, 0]"
613694,7510407,31,0,"[1, 0]"
613694,7510407,15,0,"[1, 0]"
613694,7510407,7,0,"[1, 0]"
613694,7510407,3,0,"[1, 0]"
613694,7510407,1,0,"[1, 0]"
613694,7510407,0,0,"[1, 0]"
613694,7510407,2,0,"[0, 1]"
613694,7510407,1,0,"[0, 1]"
613694,7510407,5,0,"[0, 1]"
613694,7510407,4,0,"[0, 1]"
613694,7510407,6,0,"[0, 1]"
613694,7510407,3,0,"[0, 1]"
613694,7510407,13,0,"[0, 1]"
613694,7510407,14,0,"[0, 1]"
613694,7510407,11,0,"[0, 1]"
613694,7510407,10,0,"[0, 1]"
613694,7510407,7,0,"[0, 1]"
613694,7510407,8,0,"[0, 1]"
613694,7510407,21,0,"[0, 1]"
613694,7510407,15,0,"[0, 1]"
613694,7510407,24,0,"[0, 1]"
613694,7510407,18,0,"[0, 1]"
613694,7510407,20,0,"[0, 1]"
613694,7510407,30,0,"[0, 1]"
613694,7510407,28,0,"[0, 1]"
613694,7510407,25,0,"[0, 1]"
613694,7510407,35,0,"[0, 1]"
613694,7510407,46,0,"[0, 1]"
613694,7510407,55,0,"[0, 1]"
613694,7510407,43,0,"[0, 1]"
613694,7510407,32,0,"[0, 1]"
613694,7510407,58,0,"[0, 1]"
613694,7510407,56,0,"[0, 1]"
613694,7510407,50,0,"[0, 1]"
613694,7510407,47,0,"[0, 1]"
613694,7510407,51,0,"[0, 1]"
613694,7510407,120,0,"[0, 1]"
613694,7510407,111,0,"[0, 1]"
613694,7510407,66,0,"[0, 1]"
613694,7510407,82,0,"[0, 1]"
613694,7510407,77,0,"[0, 1]"
613694,7510407,89,0,"[0, 1]"
613694,7510407,112,0,"[0, 1]"
613694,7510407,113,0,"[0, 1]"
613694,7510407,122,0,"[0, 1]"
613694,7510407,80,0,"[0, 1]"
613694,7510407,73,0,"[0, 1]"
613694,7510407,63,0,"[0, 1]"
613694,7510407,134,0,"[0, 1]"
613694,7510407,208,0,"[0, 1]"
613694,7510407,180,0,"[0, 1]"
613694,7510407,135,0,"[0, 1]"
613694,7510407,219,0,"[0, 1]"
613694,7510407,252,0,"[0, 1]"
613694,7510407,149,0,"[0, 1]"
613694,7510407,209,0,"[0, 1]"
613694,7510407,148,0,"[0, 1]"
613694,7510407,194,0,"[0, 1]"
613694,7510407,241,0,"[0, 1]"
613694,7510407,127,0,"[0, 1]"
613694,7510407,217,0,"[0, 1]"
613694,7510407,141,0,"[0, 1]"
613694,7510407,258,0,"[0, 1]"
613694,7510407,466,0,"[0, 1]"
613694,7510407,355,0,"[0, 1]"
613694,7510407,311,0,"[0, 1]"
613694,7510407,435,0,"[0, 1]"
613694,7510407,370,0,"[0, 1]"
613694,7510407,471,0,"[0, 1]"
613694,7510407,294,0,"[0, 1]"
613694,7510407,450,0,"[0, 1]"
613694,7510407,459,0,"[0, 1]"
613694,7510407,497,0,"[0, 1]"
613694,7510407,426,0,"[0, 1]"
613694,7510407,421,0,"[0, 1]"
613694,7510407,402,0,"[0, 1]"
613694,7510407,413,0,"[0, 1]"
613694,7510407,464,0,"[0, 1]"
613694,7510407,608,0,"[0, 1]"
613694,7510407,959,0,"[0, 1]"
613694,7510407,888,0,"[0, 1]"
613694,7510407,743,0,"[0, 1]"
613694,7510407,676,0,"[0, 1]"
613694,7510407,549,0,"[0, 1]"
613694,7510407,817,0,"[0, 1]"
613694,7510407,836,0,"[0, 1]"
613694,7510407,969,0,"[0, 1]"
613694,7510407,730,0,"[0, 1]"
613694,7510407,539,0,"[0, 1]"
613694,7510407,1015,0,"[0, 1]"
613694,7510407,544,0,"[0, 1]"
613694,7510407,995,0,"[0, 1]"
613694,7510407,592,0,"[0, 1]"
613694,7510407,800,0,"[0, 1]"
613694,7510407,994,0,"[0, 1]"
613694,7510407,611,0,"[0, 1]"
613694,7510407,1629,0,"[0, 1]"
613694,7510407,1518,0,"[0, 1]"
613694,7510407,1738,0,"[0, 1]"
613694,7510407,1549,0,"[0, 1]"
613694,7510407,1093,0,"[0, 1]"
613694,7510407,1054,0,"[0, 1]"
613694,7510407,1159,0,"[0, 1]"
613694,7510407,1138,0,"[0, 1]"
613694,7510407,1114,0,"[0, 1]"
613694,7510407,1621,0,"[0, 1]"
613694,7510407,1079,0,"[0, 1]"
613694,7510407,1387,0,"[0, 1]"
613694,7510407,1599,0,"[0, 1]"
613694,7510407,1242,0,"[0, 1]"
613694,7510407,1946,0,"[0, 1]"
613694,7510407,1180,0,"[0, 1]"
613694,7510407,1787,0,"[0, 1]"
613694,7510407,1293,0,"[0, 1]"
613694,7510407,1133,0,"[0, 1]"
613694,7510407,1617,0,"[0, 1]"
613694,7510407,3950,0,"[0, 1]"
613694,7510407,2658,0,"[0, 1]"
613694,7510407,4086,0,"[0, 1]"
613694,7510407,3734,0,"[0, 1]"
613694,7510407,2239,0,"[0, 1]"
613694,7510407,2415,0,"[0, 1]"
613694,7510407,3522,0,"[0, 1]"
613694,7510407,3856,0,"[0, 1]"
613694,7510407,3041,0,"[0, 1]"
613694,7510407,3464,0,"[0, 1]"
613694,7510407,2575,0,"[0, 1]"
613694,7510407,2465,0,"[0, 1]"
613694,7510407,3718,0,"[0, 1]"
613694,7510407,2900,0,"[0, 1]"
613694,7510407,2357,0,"[0, 1]"
613694,7510407,3403,0,"[0, 1]"
613694,7510407,3037,0,"[0, 1]"
613694,7510407,2419,0,"[0, 1]"
613694,7510407,2671,0,"[0, 1]"
613694,7510407,3340,0,"[0, 1]"
613694,7510407,2332,0,"[0, 1]"
613694,7510407,3107,0,"[0, 1]"
613694,7510407,4345,0,"[0, 1]"
613694,7510407,7670407,1,"[0, 1]"
613694,7510407,7542942,1,"[0, 1]"
613694,7510407,7480056,1,"[0, 1]"
613694,7510407,7114288,1,"[0, 1]"
613694,7510407,7248372,1,"[0, 1]"
613694,7510407,7257383,1,"[0, 1]"
613694,7510407,7655718,1,"[0, 1]"
613694,7510407,7569773,1,"[0, 1]"
613694,7510407,7578573,1,"[0, 1]"
613694,7510407,7101044,1,"[0, 1]"
613694,7510407,7557966,1,"[0, 1]"
613694,7510407,4928,0,"[0, 1]"
613694,7510407,7552369,1,"[0, 1]"
613694,7510407,4783,0,"[0, 1]"
613694,7510407,7259552,1,"[0, 1]"
613694,7510407,7573435,1,"[0, 1]"
613694,7510407,4097,0,"[0, 1]"
613694,7510407,7136061,1,"[0, 1]"
613694,7510407,7317831,1,"[0, 1]"
613694,7510407,3266196,1,"[0, 1]"
613694,7510407,4294,0,"[0, 1]"
613694,7510407,7582911,1,"[0, 1]"
613694,7510407,7141450,1,"[0, 1]"
660999,7510466,7510466,1,"[1, 0]"
660999,7510466,4812,0,"[1, 0]"
660999,7510466,3673,0,"[1, 0]"
660999,7510466,1836,0,"[1, 0]"
660999,7510466,917,0,"[1, 0]"
660999,7510466,458,0,"[1, 0]"
660999,7510466,228,0,"[1, 0]"
660999,7510466,113,0,"[1, 0]"
660999,7510466,56,0,"[1, 0]"
660999,7510466,27,0,"[1, 0]"
660999,7510466,13,0,"[1, 0]"
660999,7510466,6,0,"[1, 0]"
660999,7510466,2,0,"[1, 0]"
660999,7510466,0,0,"[1, 0]"
660999,7510466,1,0,"[0, 1]"
660999,7510466,2,0,"[0, 1]"
660999,7510466,3,0,"[0, 1]"
660999,7510466,6,0,"[0, 1]"
660999,7510466,4,0,"[0, 1]"
660999,7510466,5,0,"[0, 1]"
660999,7510466,10,0,"[0, 1]"
660999,7510466,7,0,"[0, 1]"
660999,7510466,13,0,"[0, 1]"
660999,7510466,14,0,"[0, 1]"
660999,7510466,12,0,"[0, 1]"
660999,7510466,9,0,"[0, 1]"
660999,7510466,29,0,"[0, 1]"
660999,7510466,21,0,"[0, 1]"
660999,7510466,25,0,"[0, 1]"
660999,7510466,20,0,"[0, 1]"
660999,7510466,30,0,"[0, 1]"
660999,7510466,22,0,"[0, 1]"
660999,7510466,28,0,"[0, 1]"
660999,7510466,18,0,"[0, 1]"
660999,7510466,53,0,"[0, 1]"
660999,7510466,48,0,"[0, 1]"
660999,7510466,42,0,"[0, 1]"
660999,7510466,38,0,"[0, 1]"
660999,7510466,39,0,"[0, 1]"
660999,7510466,32,0,"[0, 1]"
660999,7510466,60,0,"[0, 1]"
660999,7510466,34,0,"[0, 1]"
660999,7510466,40,0,"[0, 1]"
660999,7510466,33,0,"[0, 1]"
660999,7510466,107,0,"[0, 1]"
660999,7510466,102,0,"[0, 1]"
660999,7510466,97,0,"[0, 1]"
660999,7510466,99,0,"[0, 1]"
660999,7510466,66,0,"[0, 1]"
660999,7510466,72,0,"[0, 1]"
660999,7510466,123,0,"[0, 1]"
660999,7510466,100,0,"[0, 1]"
660999,7510466,64,0,"[0, 1]"
660999,7510466,96,0,"[0, 1]"
660999,7510466,103,0,"[0, 1]"
660999,7510466,93,0,"[0, 1]"
660999,7510466,225,0,"[0, 1]"
660999,7510466,214,0,"[0, 1]"
660999,7510466,226,0,"[0, 1]"
660999,7510466,144,0,"[0, 1]"
660999,7510466,180,0,"[0, 1]"
660999,7510466,151,0,"[0, 1]"
660999,7510466,170,0,"[0, 1]"
660999,7510466,141,0,"[0, 1]"
660999,7510466,237,0,"[0, 1]"
660999,7510466,239,0,"[0, 1]"
660999,7510466,205,0,"[0, 1]"
660999,7510466,240,0,"[0, 1]"
660999,7510466,200,0,"[0, 1]"
660999,7510466,132,0,"[0, 1]"
660999,7510466,372,0,"[0, 1]"
660999,7510466,425,0,"[0, 1]"
660999,7510466,349,0,"[0, 1]"
660999,7510466,466,0,"[0, 1]"
660999,7510466,455,0,"[0, 1]"
660999,7510466,393,0,"[0, 1]"
660999,7510466,376,0,"[0, 1]"
660999,7510466,433,0,"[0, 1]"
660999,7510466,331,0,"[0, 1]"
660999,7510466,328,0,"[0, 1]"
660999,7510466,469,0,"[0, 1]"
660999,7510466,270,0,"[0, 1]"
660999,7510466,398,0,"[0, 1]"
660999,7510466,296,0,"[0, 1]"
660999,7510466,450,0,"[0, 1]"
660999,7510466,325,0,"[0, 1]"
660999,7510466,693,0,"[0, 1]"
660999,7510466,770,0,"[0, 1]"
660999,7510466,596,0,"[0, 1]"
660999,7510466,877,0,"[0, 1]"
660999,7510466,633,0,"[0, 1]"
660999,7510466,802,0,"[0, 1]"
660999,7510466,869,0,"[0, 1]"
660999,7510466,811,0,"[0, 1]"
660999,7510466,534,0,"[0, 1]"
660999,7510466,804,0,"[0, 1]"
660999,7510466,554,0,"[0, 1]"
660999,7510466,896,0,"[0, 1]"
660999,7510466,625,0,"[0, 1]"
660999,7510466,1006,0,"[0, 1]"
660999,7510466,713,0,"[0, 1]"
660999,7510466,930,0,"[0, 1]"
660999,7510466,585,0,"[0, 1]"
660999,7510466,682,0,"[0, 1]"
660999,7510466,1285,0,"[0, 1]"
660999,7510466,1812,0,"[0, 1]"
660999,7510466,1267,0,"[0, 1]"
660999,7510466,1921,0,"[0, 1]"
660999,7510466,1250,0,"[0, 1]"
660999,7510466,1549,0,"[0, 1]"
660999,7510466,1616,0,"[0, 1]"
660999,7510466,1663,0,"[0, 1]"
660999,7510466,1852,0,"[0, 1]"
660999,7510466,1997,0,"[0, 1]"
660999,7510466,1645,0,"[0, 1]"
660999,7510466,1507,0,"[0, 1]"
660999,7510466,1796,0,"[0, 1]"
660999,7510466,1194,0,"[0, 1]"
660999,7510466,1259,0,"[0, 1]"
660999,7510466,1283,0,"[0, 1]"
660999,7510466,1172,0,"[0, 1]"
660999,7510466,1909,0,"[0, 1]"
660999,7510466,1230,0,"[0, 1]"
660999,7510466,1854,0,"[0, 1]"
660999,7510466,3913,0,"[0, 1]"
660999,7510466,3853,0,"[0, 1]"
660999,7510466,3066,0,"[0, 1]"
660999,7510466,2317,0,"[0, 1]"
660999,7510466,3488,0,"[0, 1]"
660999,7510466,2714,0,"[0, 1]"
660999,7510466,2475,0,"[0, 1]"
660999,7510466,2075,0,"[0, 1]"
660999,7510466,3682,0,"[0, 1]"
660999,7510466,2509,0,"[0, 1]"
660999,7510466,2821,0,"[0, 1]"
660999,7510466,3147,0,"[0, 1]"
660999,7510466,3118,0,"[0, 1]"
660999,7510466,3240,0,"[0, 1]"
660999,7510466,3385,0,"[0, 1]"
660999,7510466,2065,0,"[0, 1]"
660999,7510466,3427,0,"[0, 1]"
660999,7510466,4059,0,"[0, 1]"
660999,7510466,2781,0,"[0, 1]"
660999,7510466,2513,0,"[0, 1]"
660999,7510466,2121,0,"[0, 1]"
660999,7510466,3736,0,"[0, 1]"
660999,7510466,4376,0,"[0, 1]"
660999,7510466,7101990,1,"[0, 1]"
660999,7510466,7076754,1,"[0, 1]"
660999,7510466,297647,1,"[0, 1]"
660999,7510466,3471973,1,"[0, 1]"
660999,7510466,7110954,1,"[0, 1]"
660999,7510466,3935093,1,"[0, 1]"
660999,7510466,4683,0,"[0, 1]"
660999,7510466,7487135,1,"[0, 1]"
660999,7510466,4474,0,"[0, 1]"
660999,7510466,7576526,1,"[0, 1]"
660999,7510466,7453883,1,"[0, 1]"
660999,7510466,7090228,1,"[0, 1]"
660999,7510466,5529138,1,"[0, 1]"
660999,7510466,7162062,1,"[0, 1]"
660999,7510466,4878,0,"[0, 1]"
660999,7510466,7196311,1,"[0, 1]"
660999,7510466,7600257,1,"[0, 1]"
660999,7510466,7465605,1,"[0, 1]"
660999,7510466,7173581,1,"[0, 1]"
660999,7510466,7168992,1,"[0, 1]"
660999,7510466,7472524,1,"[0, 1]"
660999,7510466,5403877,1,"[0, 1]"
660999,7510466,7608823,1,"[0, 1]"
660999,7510466,7407089,1,"[0, 1]"
660999,7510466,7201997,1,"[0, 1]"
660999,7510466,89161,1,"[0, 1]"
660999,7510466,7131995,1,"[0, 1]"
660999,7510466,7192489,1,"[0, 1]"
660999,7510466,7431953,1,"[0, 1]"
660999,7510466,7149211,1,"[0, 1]"
660999,7510466,7329657,1,"[0, 1]"
660999,7510466,7515976,1,"[0, 1]"
660999,7510466,296158,1,"[0, 1]"
660999,7510466,7671340,1,"[0, 1]"
660999,7510466,7095660,1,"[0, 1]"
660999,7510466,7171673,1,"[0, 1]"
660999,7510466,7081482,1,"[0, 1]"
660999,7510466,7253729,1,"[0, 1]"
660999,7510466,7222529,1,"[0, 1]"
660999,7510466,7525934,1,"[0, 1]"
660999,7510466,7484421,1,"[0, 1]"
660999,7510466,7120173,1,"[0, 1]"
660999,7510466,7480666,1,"[0, 1]"
660999,7510466,7299094,1,"[0, 1]"
660999,7510466,7593941,1,"[0, 1]"
660999,7510466,7264931,1,"[0, 1]"
660999,7510466,7543769,1,"[0, 1]"
660999,7510466,7619132,1,"[0, 1]"
660999,7510466,7163709,1,"[0, 1]"
660220,7510504,7510504,1,"[1, 0]"
660220,7510504,3998,0,"[1, 0]"
660220,7510504,1998,0,"[1, 0]"
660220,7510504,998,0,"[1, 0]"
660220,7510504,498,0,"[1, 0]"
660220,7510504,248,0,"[1, 0]"
660220,7510504,123,0,"[1, 0]"
660220,7510504,61,0,"[1, 0]"
660220,7510504,30,0,"[1, 0]"
660220,7510504,14,0,"[1, 0]"
660220,7510504,6,0,"[1, 0]"
660220,7510504,2,0,"[1, 0]"
660220,7510504,0,0,"[1, 0]"
660220,7510504,1,0,"[0, 1]"
660220,7510504,2,0,"[0, 1]"
660220,7510504,6,0,"[0, 1]"
660220,7510504,5,0,"[0, 1]"
660220,7510504,4,0,"[0, 1]"
660220,7510504,3,0,"[0, 1]"
660220,7510504,13,0,"[0, 1]"
660220,7510504,8,0,"[0, 1]"
660220,7510504,9,0,"[0, 1]"
660220,7510504,7,0,"[0, 1]"
660220,7510504,12,0,"[0, 1]"
660220,7510504,10,0,"[0, 1]"
660220,7510504,23,0,"[0, 1]"
660220,7510504,21,0,"[0, 1]"
660220,7510504,26,0,"[0, 1]"
660220,7510504,19,0,"[0, 1]"
660220,7510504,30,0,"[0, 1]"
660220,7510504,15,0,"[0, 1]"
660220,7510504,20,0,"[0, 1]"
660220,7510504,16,0,"[0, 1]"
660220,7510504,39,0,"[0, 1]"
660220,7510504,32,0,"[0, 1]"
660220,7510504,57,0,"[0, 1]"
660220,7510504,58,0,"[0, 1]"
660220,7510504,35,0,"[0, 1]"
660220,7510504,42,0,"[0, 1]"
660220,7510504,44,0,"[0, 1]"
660220,7510504,61,0,"[0, 1]"
660220,7510504,45,0,"[0, 1]"
660220,7510504,50,0,"[0, 1]"
660220,7510504,105,0,"[0, 1]"
660220,7510504,90,0,"[0, 1]"
660220,7510504,108,0,"[0, 1]"
660220,7510504,81,0,"[0, 1]"
660220,7510504,82,0,"[0, 1]"
660220,7510504,70,0,"[0, 1]"
660220,7510504,67,0,"[0, 1]"
660220,7510504,102,0,"[0, 1]"
660220,7510504,106,0,"[0, 1]"
660220,7510504,75,0,"[0, 1]"
660220,7510504,63,0,"[0, 1]"
660220,7510504,80,0,"[0, 1]"
660220,7510504,178,0,"[0, 1]"
660220,7510504,188,0,"[0, 1]"
660220,7510504,159,0,"[0, 1]"
660220,7510504,168,0,"[0, 1]"
660220,7510504,192,0,"[0, 1]"
660220,7510504,155,0,"[0, 1]"
660220,7510504,241,0,"[0, 1]"
660220,7510504,247,0,"[0, 1]"
660220,7510504,143,0,"[0, 1]"
660220,7510504,204,0,"[0, 1]"
660220,7510504,187,0,"[0, 1]"
660220,7510504,227,0,"[0, 1]"
660220,7510504,181,0,"[0, 1]"
660220,7510504,169,0,"[0, 1]"
660220,7510504,362,0,"[0, 1]"
660220,7510504,295,0,"[0, 1]"
660220,7510504,403,0,"[0, 1]"
660220,7510504,486,0,"[0, 1]"
660220,7510504,378,0,"[0, 1]"
660220,7510504,493,0,"[0, 1]"
660220,7510504,438,0,"[0, 1]"
660220,7510504,419,0,"[0, 1]"
660220,7510504,327,0,"[0, 1]"
660220,7510504,469,0,"[0, 1]"
660220,7510504,384,0,"[0, 1]"
660220,7510504,426,0,"[0, 1]"
660220,7510504,470,0,"[0, 1]"
660220,7510504,434,0,"[0, 1]"
660220,7510504,373,0,"[0, 1]"
660220,7510504,285,0,"[0, 1]"
660220,7510504,830,0,"[0, 1]"
660220,7510504,863,0,"[0, 1]"
660220,7510504,534,0,"[0, 1]"
660220,7510504,817,0,"[0, 1]"
660220,7510504,603,0,"[0, 1]"
660220,7510504,594,0,"[0, 1]"
660220,7510504,753,0,"[0, 1]"
660220,7510504,621,0,"[0, 1]"
660220,7510504,824,0,"[0, 1]"
660220,7510504,882,0,"[0, 1]"
660220,7510504,563,0,"[0, 1]"
660220,7510504,756,0,"[0, 1]"
660220,7510504,937,0,"[0, 1]"
660220,7510504,941,0,"[0, 1]"
660220,7510504,725,0,"[0, 1]"
660220,7510504,674,0,"[0, 1]"
660220,7510504,836,0,"[0, 1]"
660220,7510504,995,0,"[0, 1]"
660220,7510504,1231,0,"[0, 1]"
660220,7510504,1568,0,"[0, 1]"
660220,7510504,1518,0,"[0, 1]"
660220,7510504,1245,0,"[0, 1]"
660220,7510504,1866,0,"[0, 1]"
660220,7510504,1724,0,"[0, 1]"
660220,7510504,1536,0,"[0, 1]"
660220,7510504,1287,0,"[0, 1]"
660220,7510504,1375,0,"[0, 1]"
660220,7510504,1473,0,"[0, 1]"
660220,7510504,1994,0,"[0, 1]"
660220,7510504,1240,0,"[0, 1]"
660220,7510504,1144,0,"[0, 1]"
660220,7510504,1229,0,"[0, 1]"
660220,7510504,1335,0,"[0, 1]"
660220,7510504,1542,0,"[0, 1]"
660220,7510504,1590,0,"[0, 1]"
660220,7510504,1681,0,"[0, 1]"
660220,7510504,1876,0,"[0, 1]"
660220,7510504,1239,0,"[0, 1]"
660220,7510504,2399,0,"[0, 1]"
660220,7510504,2580,0,"[0, 1]"
660220,7510504,3892,0,"[0, 1]"
660220,7510504,2062,0,"[0, 1]"
660220,7510504,3350,0,"[0, 1]"
660220,7510504,3249,0,"[0, 1]"
660220,7510504,3837,0,"[0, 1]"
660220,7510504,2832,0,"[0, 1]"
660220,7510504,2570,0,"[0, 1]"
660220,7510504,3986,0,"[0, 1]"
660220,7510504,3910,0,"[0, 1]"
660220,7510504,3488,0,"[0, 1]"
660220,7510504,2644,0,"[0, 1]"
660220,7510504,2613,0,"[0, 1]"
660220,7510504,2753,0,"[0, 1]"
660220,7510504,3147,0,"[0, 1]"
660220,7510504,2853,0,"[0, 1]"
660220,7510504,2206,0,"[0, 1]"
660220,7510504,2543,0,"[0, 1]"
660220,7510504,2705,0,"[0, 1]"
660220,7510504,2988,0,"[0, 1]"
660220,7510504,3784,0,"[0, 1]"
660220,7510504,7230416,1,"[0, 1]"
660220,7510504,4961,0,"[0, 1]"
660220,7510504,7584172,1,"[0, 1]"
660220,7510504,7570591,1,"[0, 1]"
660220,7510504,7255880,1,"[0, 1]"
660220,7510504,4523,0,"[0, 1]"
660220,7510504,7186456,1,"[0, 1]"
660220,7510504,4392,0,"[0, 1]"
660220,7510504,7104895,1,"[0, 1]"
660220,7510504,7258744,1,"[0, 1]"
660220,7510504,4558,0,"[0, 1]"
660220,7510504,4465,0,"[0, 1]"
660220,7510504,7432309,1,"[0, 1]"
660220,7510504,7500732,1,"[0, 1]"
660220,7510504,7565927,1,"[0, 1]"
660220,7510504,7443688,1,"[0, 1]"
660220,7510504,7546744,1,"[0, 1]"
660220,7510504,7363701,1,"[0, 1]"
660220,7510504,7391225,1,"[0, 1]"
660220,7510504,4552,0,"[0, 1]"
660220,7510504,7067891,1,"[0, 1]"
660220,7510504,4723,0,"[0, 1]"
660220,7510504,4510,0,"[0, 1]"
660220,7510504,7563026,1,"[0, 1]"
342450,7510540,7510540,1,"[1, 0]"
342450,7510540,2688,0,"[1, 0]"
342450,7510540,1343,0,"[1, 0]"
342450,7510540,671,0,"[1, 0]"
342450,7510540,335,0,"[1, 0]"
342450,7510540,167,0,"[1, 0]"
342450,7510540,83,0,"[1, 0]"
342450,7510540,41,0,"[1, 0]"
342450,7510540,20,0,"[1, 0]"
342450,7510540,9,0,"[1, 0]"
342450,7510540,4,0,"[1, 0]"
342450,7510540,1,0,"[1, 0]"
342450,7510540,0,0,"[1, 0]"
342450,7510540,1,0,"[0, 1]"
342450,7510540,2,0,"[0, 1]"
342450,7510540,5,0,"[0, 1]"
342450,7510540,4,0,"[0, 1]"
342450,7510540,6,0,"[0, 1]"
342450,7510540,3,0,"[0, 1]"
342450,7510540,10,0,"[0, 1]"
342450,7510540,14,0,"[0, 1]"
342450,7510540,11,0,"[0, 1]"
342450,7510540,7,0,"[0, 1]"
342450,7510540,13,0,"[0, 1]"
342450,7510540,12,0,"[0, 1]"
342450,7510540,30,0,"[0, 1]"
342450,7510540,21,0,"[0, 1]"
342450,7510540,26,0,"[0, 1]"
342450,7510540,23,0,"[0, 1]"
342450,7510540,18,0,"[0, 1]"
342450,7510540,27,0,"[0, 1]"
342450,7510540,19,0,"[0, 1]"
342450,7510540,20,0,"[0, 1]"
342450,7510540,57,0,"[0, 1]"
342450,7510540,48,0,"[0, 1]"
342450,7510540,38,0,"[0, 1]"
342450,7510540,36,0,"[0, 1]"
342450,7510540,59,0,"[0, 1]"
342450,7510540,52,0,"[0, 1]"
342450,7510540,41,0,"[0, 1]"
342450,7510540,61,0,"[0, 1]"
342450,7510540,60,0,"[0, 1]"
342450,7510540,35,0,"[0, 1]"
342450,7510540,102,0,"[0, 1]"
342450,7510540,89,0,"[0, 1]"
342450,7510540,123,0,"[0, 1]"
342450,7510540,63,0,"[0, 1]"
342450,7510540,85,0,"[0, 1]"
342450,7510540,70,0,"[0, 1]"
342450,7510540,95,0,"[0, 1]"
342450,7510540,83,0,"[0, 1]"
342450,7510540,97,0,"[0, 1]"
342450,7510540,73,0,"[0, 1]"
342450,7510540,68,0,"[0, 1]"
342450,7510540,92,0,"[0, 1]"
342450,7510540,246,0,"[0, 1]"
342450,7510540,183,0,"[0, 1]"
342450,7510540,164,0,"[0, 1]"
342450,7510540,247,0,"[0, 1]"
342450,7510540,127,0,"[0, 1]"
342450,7510540,163,0,"[0, 1]"
342450,7510540,235,0,"[0, 1]"
342450,7510540,222,0,"[0, 1]"
342450,7510540,130,0,"[0, 1]"
342450,7510540,167,0,"[0, 1]"
342450,7510540,199,0,"[0, 1]"
342450,7510540,191,0,"[0, 1]"
342450,7510540,186,0,"[0, 1]"
342450,7510540,187,0,"[0, 1]"
342450,7510540,436,0,"[0, 1]"
342450,7510540,409,0,"[0, 1]"
342450,7510540,377,0,"[0, 1]"
342450,7510540,280,0,"[0, 1]"
342450,7510540,490,0,"[0, 1]"
342450,7510540,269,0,"[0, 1]"
342450,7510540,291,0,"[0, 1]"
342450,7510540,353,0,"[0, 1]"
342450,7510540,427,0,"[0, 1]"
342450,7510540,371,0,"[0, 1]"
342450,7510540,402,0,"[0, 1]"
342450,7510540,369,0,"[0, 1]"
342450,7510540,336,0,"[0, 1]"
342450,7510540,294,0,"[0, 1]"
342450,7510540,278,0,"[0, 1]"
342450,7510540,459,0,"[0, 1]"
342450,7510540,988,0,"[0, 1]"
342450,7510540,930,0,"[0, 1]"
342450,7510540,752,0,"[0, 1]"
342450,7510540,524,0,"[0, 1]"
342450,7510540,941,0,"[0, 1]"
342450,7510540,924,0,"[0, 1]"
342450,7510540,858,0,"[0, 1]"
342450,7510540,947,0,"[0, 1]"
342450,7510540,901,0,"[0, 1]"
342450,7510540,745,0,"[0, 1]"
342450,7510540,521,0,"[0, 1]"
342450,7510540,906,0,"[0, 1]"
342450,7510540,702,0,"[0, 1]"
342450,7510540,780,0,"[0, 1]"
342450,7510540,887,0,"[0, 1]"
342450,7510540,967,0,"[0, 1]"
342450,7510540,545,0,"[0, 1]"
342450,7510540,681,0,"[0, 1]"
342450,7510540,1641,0,"[0, 1]"
342450,7510540,1034,0,"[0, 1]"
342450,7510540,1311,0,"[0, 1]"
342450,7510540,1468,0,"[0, 1]"
342450,7510540,1805,0,"[0, 1]"
342450,7510540,1195,0,"[0, 1]"
342450,7510540,1192,0,"[0, 1]"
342450,7510540,1234,0,"[0, 1]"
342450,7510540,1687,0,"[0, 1]"
342450,7510540,1946,0,"[0, 1]"
342450,7510540,1344,0,"[0, 1]"
342450,7510540,1598,0,"[0, 1]"
342450,7510540,2016,0,"[0, 1]"
342450,7510540,1969,0,"[0, 1]"
342450,7510540,1626,0,"[0, 1]"
342450,7510540,1535,0,"[0, 1]"
342450,7510540,1132,0,"[0, 1]"
342450,7510540,1108,0,"[0, 1]"
342450,7510540,1268,0,"[0, 1]"
342450,7510540,1642,0,"[0, 1]"
342450,7510540,2153,0,"[0, 1]"
342450,7510540,2175,0,"[0, 1]"
342450,7510540,2978,0,"[0, 1]"
342450,7510540,3067,0,"[0, 1]"
342450,7510540,3921,0,"[0, 1]"
342450,7510540,3499,0,"[0, 1]"
342450,7510540,2656,0,"[0, 1]"
342450,7510540,2727,0,"[0, 1]"
342450,7510540,3845,0,"[0, 1]"
342450,7510540,2325,0,"[0, 1]"
342450,7510540,2362,0,"[0, 1]"
342450,7510540,3961,0,"[0, 1]"
342450,7510540,3268,0,"[0, 1]"
342450,7510540,3432,0,"[0, 1]"
342450,7510540,2570,0,"[0, 1]"
342450,7510540,2635,0,"[0, 1]"
342450,7510540,3986,0,"[0, 1]"
342450,7510540,2593,0,"[0, 1]"
342450,7510540,2287,0,"[0, 1]"
342450,7510540,2645,0,"[0, 1]"
342450,7510540,3689,0,"[0, 1]"
342450,7510540,3608,0,"[0, 1]"
342450,7510540,7571100,1,"[0, 1]"
342450,7510540,4294,0,"[0, 1]"
342450,7510540,7342150,1,"[0, 1]"
342450,7510540,7160065,1,"[0, 1]"
342450,7510540,7549100,1,"[0, 1]"
342450,7510540,7450500,1,"[0, 1]"
342450,7510540,7571290,1,"[0, 1]"
342450,7510540,6954472,1,"[0, 1]"
342450,7510540,7530174,1,"[0, 1]"
342450,7510540,7092301,1,"[0, 1]"
342450,7510540,7487135,1,"[0, 1]"
342450,7510540,4618,0,"[0, 1]"
342450,7510540,7126557,1,"[0, 1]"
342450,7510540,7430665,1,"[0, 1]"
342450,7510540,5034699,1,"[0, 1]"
342450,7510540,7172323,1,"[0, 1]"
342450,7510540,7597051,1,"[0, 1]"
342450,7510540,7263962,1,"[0, 1]"
342450,7510540,4560,0,"[0, 1]"
342450,7510540,7123013,1,"[0, 1]"
342450,7510540,7365157,1,"[0, 1]"
342450,7510540,4780,0,"[0, 1]"
342450,7510540,7144010,1,"[0, 1]"
342450,7510540,7110954,1,"[0, 1]"
413079,2102572,2102572,1,"[1, 0]"
413079,2102572,4848,0,"[1, 0]"
413079,2102572,3753,0,"[1, 0]"
413079,2102572,1876,0,"[1, 0]"
413079,2102572,937,0,"[1, 0]"
413079,2102572,468,0,"[1, 0]"
413079,2102572,233,0,"[1, 0]"
413079,2102572,116,0,"[1, 0]"
413079,2102572,57,0,"[1, 0]"
413079,2102572,28,0,"[1, 0]"
413079,2102572,13,0,"[1, 0]"
413079,2102572,6,0,"[1, 0]"
413079,2102572,2,0,"[1, 0]"
413079,2102572,0,0,"[1, 0]"
413079,2102572,1,0,"[0, 1]"
413079,2102572,2,0,"[0, 1]"
413079,2102572,6,0,"[0, 1]"
413079,2102572,4,0,"[0, 1]"
413079,2102572,3,0,"[0, 1]"
413079,2102572,5,0,"[0, 1]"
413079,2102572,12,0,"[0, 1]"
413079,2102572,10,0,"[0, 1]"
413079,2102572,11,0,"[0, 1]"
413079,2102572,14,0,"[0, 1]"
413079,2102572,9,0,"[0, 1]"
413079,2102572,8,0,"[0, 1]"
413079,2102572,30,0,"[0, 1]"
413079,2102572,26,0,"[0, 1]"
413079,2102572,19,0,"[0, 1]"
413079,2102572,16,0,"[0, 1]"
413079,2102572,27,0,"[0, 1]"
413079,2102572,21,0,"[0, 1]"
413079,2102572,18,0,"[0, 1]"
413079,2102572,15,0,"[0, 1]"
413079,2102572,31,0,"[0, 1]"
413079,2102572,45,0,"[0, 1]"
413079,2102572,53,0,"[0, 1]"
413079,2102572,37,0,"[0, 1]"
413079,2102572,62,0,"[0, 1]"
413079,2102572,51,0,"[0, 1]"
413079,2102572,39,0,"[0, 1]"
413079,2102572,47,0,"[0, 1]"
413079,2102572,46,0,"[0, 1]"
413079,2102572,35,0,"[0, 1]"
413079,2102572,124,0,"[0, 1]"
413079,2102572,90,0,"[0, 1]"
413079,2102572,76,0,"[0, 1]"
413079,2102572,77,0,"[0, 1]"
413079,2102572,97,0,"[0, 1]"
413079,2102572,105,0,"[0, 1]"
413079,2102572,106,0,"[0, 1]"
413079,2102572,67,0,"[0, 1]"
413079,2102572,81,0,"[0, 1]"
413079,2102572,111,0,"[0, 1]"
413079,2102572,98,0,"[0, 1]"
413079,2102572,80,0,"[0, 1]"
413079,2102572,251,0,"[0, 1]"
413079,2102572,194,0,"[0, 1]"
413079,2102572,167,0,"[0, 1]"
413079,2102572,191,0,"[0, 1]"
413079,2102572,190,0,"[0, 1]"
413079,2102572,204,0,"[0, 1]"
413079,2102572,146,0,"[0, 1]"
413079,2102572,228,0,"[0, 1]"
413079,2102572,236,0,"[0, 1]"
413079,2102572,215,0,"[0, 1]"
413079,2102572,173,0,"[0, 1]"
413079,2102572,235,0,"[0, 1]"
413079,2102572,180,0,"[0, 1]"
413079,2102572,200,0,"[0, 1]"
413079,2102572,334,0,"[0, 1]"
413079,2102572,340,0,"[0, 1]"
413079,2102572,437,0,"[0, 1]"
413079,2102572,342,0,"[0, 1]"
413079,2102572,256,0,"[0, 1]"
413079,2102572,499,0,"[0, 1]"
413079,2102572,274,0,"[0, 1]"
413079,2102572,285,0,"[0, 1]"
413079,2102572,457,0,"[0, 1]"
413079,2102572,458,0,"[0, 1]"
413079,2102572,469,0,"[0, 1]"
413079,2102572,424,0,"[0, 1]"
413079,2102572,460,0,"[0, 1]"
413079,2102572,473,0,"[0, 1]"
413079,2102572,439,0,"[0, 1]"
413079,2102572,275,0,"[0, 1]"
413079,2102572,519,0,"[0, 1]"
413079,2102572,777,0,"[0, 1]"
413079,2102572,869,0,"[0, 1]"
413079,2102572,875,0,"[0, 1]"
413079,2102572,759,0,"[0, 1]"
413079,2102572,823,0,"[0, 1]"
413079,2102572,733,0,"[0, 1]"
413079,2102572,653,0,"[0, 1]"
413079,2102572,595,0,"[0, 1]"
413079,2102572,944,0,"[0, 1]"
413079,2102572,592,0,"[0, 1]"
413079,2102572,879,0,"[0, 1]"
413079,2102572,831,0,"[0, 1]"
413079,2102572,851,0,"[0, 1]"
413079,2102572,819,0,"[0, 1]"
413079,2102572,937,0,"[0, 1]"
413079,2102572,547,0,"[0, 1]"
413079,2102572,785,0,"[0, 1]"
413079,2102572,1422,0,"[0, 1]"
413079,2102572,1579,0,"[0, 1]"
413079,2102572,1812,0,"[0, 1]"
413079,2102572,1483,0,"[0, 1]"
413079,2102572,1453,0,"[0, 1]"
413079,2102572,1272,0,"[0, 1]"
413079,2102572,1192,0,"[0, 1]"
413079,2102572,1772,0,"[0, 1]"
413079,2102572,1952,0,"[0, 1]"
413079,2102572,1282,0,"[0, 1]"
413079,2102572,1470,0,"[0, 1]"
413079,2102572,1664,0,"[0, 1]"
413079,2102572,1698,0,"[0, 1]"
413079,2102572,1407,0,"[0, 1]"
413079,2102572,1756,0,"[0, 1]"
413079,2102572,1069,0,"[0, 1]"
413079,2102572,2010,0,"[0, 1]"
413079,2102572,1495,0,"[0, 1]"
413079,2102572,1481,0,"[0, 1]"
413079,2102572,1491,0,"[0, 1]"
413079,2102572,2674,0,"[0, 1]"
413079,2102572,3042,0,"[0, 1]"
413079,2102572,2302,0,"[0, 1]"
413079,2102572,2616,0,"[0, 1]"
413079,2102572,3014,0,"[0, 1]"
413079,2102572,3027,0,"[0, 1]"
413079,2102572,2798,0,"[0, 1]"
413079,2102572,2245,0,"[0, 1]"
413079,2102572,3821,0,"[0, 1]"
413079,2102572,3199,0,"[0, 1]"
413079,2102572,2257,0,"[0, 1]"
413079,2102572,2982,0,"[0, 1]"
413079,2102572,3370,0,"[0, 1]"
413079,2102572,3489,0,"[0, 1]"
413079,2102572,4025,0,"[0, 1]"
413079,2102572,2946,0,"[0, 1]"
413079,2102572,2690,0,"[0, 1]"
413079,2102572,2123,0,"[0, 1]"
413079,2102572,4076,0,"[0, 1]"
413079,2102572,2693,0,"[0, 1]"
413079,2102572,3846,0,"[0, 1]"
413079,2102572,2188,0,"[0, 1]"
413079,2102572,7332373,1,"[0, 1]"
413079,2102572,7271508,1,"[0, 1]"
413079,2102572,4239,0,"[0, 1]"
413079,2102572,4807,0,"[0, 1]"
413079,2102572,7072691,1,"[0, 1]"
413079,2102572,7473472,1,"[0, 1]"
413079,2102572,4955,0,"[0, 1]"
413079,2102572,4979,0,"[0, 1]"
413079,2102572,7578450,1,"[0, 1]"
413079,2102572,7524398,1,"[0, 1]"
413079,2102572,7341001,1,"[0, 1]"
413079,2102572,7476021,1,"[0, 1]"
413079,2102572,7398774,1,"[0, 1]"
413079,2102572,7133523,1,"[0, 1]"
413079,2102572,7513961,1,"[0, 1]"
413079,2102572,7156780,1,"[0, 1]"
413079,2102572,7188594,1,"[0, 1]"
413079,2102572,7418012,1,"[0, 1]"
413079,2102572,7597457,1,"[0, 1]"
413079,2102572,4466,0,"[0, 1]"
413079,2102572,7124113,1,"[0, 1]"
413079,2102572,7681913,1,"[0, 1]"
413079,2102572,6412053,1,"[0, 1]"
413079,2102572,7302077,1,"[0, 1]"
413079,2102572,7610712,1,"[0, 1]"
413079,2102572,7108813,1,"[0, 1]"
413079,2102572,7229780,1,"[0, 1]"
413079,2102572,7215701,1,"[0, 1]"
413079,2102572,7681944,1,"[0, 1]"
413079,2102572,7245699,1,"[0, 1]"
413079,2102572,7253729,1,"[0, 1]"
413079,2102572,7473681,1,"[0, 1]"
413079,2102572,7595623,1,"[0, 1]"
413079,2102572,7508786,1,"[0, 1]"
413079,2102572,7187757,1,"[0, 1]"
413079,2102572,7517897,1,"[0, 1]"
413079,2102572,7167039,1,"[0, 1]"
413079,2102572,7626921,1,"[0, 1]"
413079,2102572,7149789,1,"[0, 1]"
413079,2102572,7588934,1,"[0, 1]"
413079,2102572,7162493,1,"[0, 1]"
413079,2102572,7208259,1,"[0, 1]"
413079,2102572,7403506,1,"[0, 1]"
413079,2102572,7352893,1,"[0, 1]"
413079,2102572,7405127,1,"[0, 1]"
413079,2102572,7266811,1,"[0, 1]"
413079,2102572,3161368,1,"[0, 1]"
413079,2102572,7658037,1,"[0, 1]"
413079,2102572,7200758,1,"[0, 1]"
413079,2102572,7655567,1,"[0, 1]"
342156,7511027,7511027,1,"[1, 0]"
342156,7511027,3066,0,"[1, 0]"
342156,7511027,1532,0,"[1, 0]"
342156,7511027,765,0,"[1, 0]"
342156,7511027,382,0,"[1, 0]"
342156,7511027,190,0,"[1, 0]"
342156,7511027,94,0,"[1, 0]"
342156,7511027,46,0,"[1, 0]"
342156,7511027,22,0,"[1, 0]"
342156,7511027,10,0,"[1, 0]"
342156,7511027,4,0,"[1, 0]"
342156,7511027,1,0,"[1, 0]"
342156,7511027,0,0,"[1, 0]"
342156,7511027,1,0,"[0, 1]"
342156,7511027,2,0,"[0, 1]"
342156,7511027,5,0,"[0, 1]"
342156,7511027,4,0,"[0, 1]"
342156,7511027,3,0,"[0, 1]"
342156,7511027,6,0,"[0, 1]"
342156,7511027,9,0,"[0, 1]"
342156,7511027,8,0,"[0, 1]"
342156,7511027,14,0,"[0, 1]"
342156,7511027,13,0,"[0, 1]"
342156,7511027,7,0,"[0, 1]"
342156,7511027,12,0,"[0, 1]"
342156,7511027,27,0,"[0, 1]"
342156,7511027,15,0,"[0, 1]"
342156,7511027,24,0,"[0, 1]"
342156,7511027,28,0,"[0, 1]"
342156,7511027,20,0,"[0, 1]"
342156,7511027,25,0,"[0, 1]"
342156,7511027,30,0,"[0, 1]"
342156,7511027,26,0,"[0, 1]"
342156,7511027,48,0,"[0, 1]"
342156,7511027,52,0,"[0, 1]"
342156,7511027,37,0,"[0, 1]"
342156,7511027,57,0,"[0, 1]"
342156,7511027,44,0,"[0, 1]"
342156,7511027,40,0,"[0, 1]"
342156,7511027,60,0,"[0, 1]"
342156,7511027,31,0,"[0, 1]"
342156,7511027,42,0,"[0, 1]"
342156,7511027,41,0,"[0, 1]"
342156,7511027,64,0,"[0, 1]"
342156,7511027,78,0,"[0, 1]"
342156,7511027,87,0,"[0, 1]"
342156,7511027,106,0,"[0, 1]"
342156,7511027,84,0,"[0, 1]"
342156,7511027,100,0,"[0, 1]"
342156,7511027,103,0,"[0, 1]"
342156,7511027,105,0,"[0, 1]"
342156,7511027,95,0,"[0, 1]"
342156,7511027,86,0,"[0, 1]"
342156,7511027,69,0,"[0, 1]"
342156,7511027,63,0,"[0, 1]"
342156,7511027,235,0,"[0, 1]"
342156,7511027,181,0,"[0, 1]"
342156,7511027,183,0,"[0, 1]"
342156,7511027,152,0,"[0, 1]"
342156,7511027,151,0,"[0, 1]"
342156,7511027,200,0,"[0, 1]"
342156,7511027,233,0,"[0, 1]"
342156,7511027,158,0,"[0, 1]"
342156,7511027,223,0,"[0, 1]"
342156,7511027,214,0,"[0, 1]"
342156,7511027,252,0,"[0, 1]"
342156,7511027,159,0,"[0, 1]"
342156,7511027,154,0,"[0, 1]"
342156,7511027,171,0,"[0, 1]"
342156,7511027,357,0,"[0, 1]"
342156,7511027,315,0,"[0, 1]"
342156,7511027,411,0,"[0, 1]"
342156,7511027,257,0,"[0, 1]"
342156,7511027,381,0,"[0, 1]"
342156,7511027,394,0,"[0, 1]"
342156,7511027,301,0,"[0, 1]"
342156,7511027,390,0,"[0, 1]"
342156,7511027,312,0,"[0, 1]"
342156,7511027,374,0,"[0, 1]"
342156,7511027,474,0,"[0, 1]"
342156,7511027,303,0,"[0, 1]"
342156,7511027,336,0,"[0, 1]"
342156,7511027,300,0,"[0, 1]"
342156,7511027,510,0,"[0, 1]"
342156,7511027,256,0,"[0, 1]"
342156,7511027,893,0,"[0, 1]"
342156,7511027,847,0,"[0, 1]"
342156,7511027,607,0,"[0, 1]"
342156,7511027,570,0,"[0, 1]"
342156,7511027,532,0,"[0, 1]"
342156,7511027,745,0,"[0, 1]"
342156,7511027,664,0,"[0, 1]"
342156,7511027,622,0,"[0, 1]"
342156,7511027,837,0,"[0, 1]"
342156,7511027,548,0,"[0, 1]"
342156,7511027,684,0,"[0, 1]"
342156,7511027,814,0,"[0, 1]"
342156,7511027,704,0,"[0, 1]"
342156,7511027,803,0,"[0, 1]"
342156,7511027,790,0,"[0, 1]"
342156,7511027,991,0,"[0, 1]"
342156,7511027,545,0,"[0, 1]"
342156,7511027,975,0,"[0, 1]"
342156,7511027,1461,0,"[0, 1]"
342156,7511027,1737,0,"[0, 1]"
342156,7511027,1854,0,"[0, 1]"
342156,7511027,1488,0,"[0, 1]"
342156,7511027,1359,0,"[0, 1]"
342156,7511027,1090,0,"[0, 1]"
342156,7511027,1824,0,"[0, 1]"
342156,7511027,1948,0,"[0, 1]"
342156,7511027,1483,0,"[0, 1]"
342156,7511027,1218,0,"[0, 1]"
342156,7511027,1752,0,"[0, 1]"
342156,7511027,1975,0,"[0, 1]"
342156,7511027,1290,0,"[0, 1]"
342156,7511027,1355,0,"[0, 1]"
342156,7511027,1157,0,"[0, 1]"
342156,7511027,1035,0,"[0, 1]"
342156,7511027,1826,0,"[0, 1]"
342156,7511027,2014,0,"[0, 1]"
342156,7511027,1649,0,"[0, 1]"
342156,7511027,1351,0,"[0, 1]"
342156,7511027,2108,0,"[0, 1]"
342156,7511027,3900,0,"[0, 1]"
342156,7511027,3417,0,"[0, 1]"
342156,7511027,3570,0,"[0, 1]"
342156,7511027,4071,0,"[0, 1]"
342156,7511027,4057,0,"[0, 1]"
342156,7511027,2422,0,"[0, 1]"
342156,7511027,3525,0,"[0, 1]"
342156,7511027,3886,0,"[0, 1]"
342156,7511027,4076,0,"[0, 1]"
342156,7511027,3009,0,"[0, 1]"
342156,7511027,3486,0,"[0, 1]"
342156,7511027,2550,0,"[0, 1]"
342156,7511027,2054,0,"[0, 1]"
342156,7511027,2581,0,"[0, 1]"
342156,7511027,2821,0,"[0, 1]"
342156,7511027,3935,0,"[0, 1]"
342156,7511027,2521,0,"[0, 1]"
342156,7511027,3164,0,"[0, 1]"
342156,7511027,3597,0,"[0, 1]"
342156,7511027,3327,0,"[0, 1]"
342156,7511027,2927,0,"[0, 1]"
342156,7511027,7654094,1,"[0, 1]"
342156,7511027,7526753,1,"[0, 1]"
342156,7511027,7390861,1,"[0, 1]"
342156,7511027,3624309,1,"[0, 1]"
342156,7511027,1549440,1,"[0, 1]"
342156,7511027,4944453,1,"[0, 1]"
342156,7511027,1500751,1,"[0, 1]"
342156,7511027,4775,0,"[0, 1]"
342156,7511027,7391225,1,"[0, 1]"
342156,7511027,7126756,1,"[0, 1]"
342156,7511027,7169984,1,"[0, 1]"
342156,7511027,4716,0,"[0, 1]"
342156,7511027,7657978,1,"[0, 1]"
342156,7511027,2524631,1,"[0, 1]"
342156,7511027,4482,0,"[0, 1]"
342156,7511027,2609809,1,"[0, 1]"
342156,7511027,4836,0,"[0, 1]"
342156,7511027,7290763,1,"[0, 1]"
342156,7511027,7102878,1,"[0, 1]"
342156,7511027,5616677,1,"[0, 1]"
342156,7511027,7547357,1,"[0, 1]"
342156,7511027,7518300,1,"[0, 1]"
342156,7511027,4121,0,"[0, 1]"
342156,7511027,7392290,1,"[0, 1]"
420934,1317213,1317213,1,"[1, 0]"
420934,1317213,3230,0,"[1, 0]"
420934,1317213,1614,0,"[1, 0]"
420934,1317213,806,0,"[1, 0]"
420934,1317213,402,0,"[1, 0]"
420934,1317213,200,0,"[1, 0]"
420934,1317213,99,0,"[1, 0]"
420934,1317213,49,0,"[1, 0]"
420934,1317213,24,0,"[1, 0]"
420934,1317213,11,0,"[1, 0]"
420934,1317213,5,0,"[1, 0]"
420934,1317213,2,0,"[1, 0]"
420934,1317213,0,0,"[1, 0]"
420934,1317213,2,0,"[0, 1]"
420934,1317213,1,0,"[0, 1]"
420934,1317213,5,0,"[0, 1]"
420934,1317213,3,0,"[0, 1]"
420934,1317213,6,0,"[0, 1]"
420934,1317213,4,0,"[0, 1]"
420934,1317213,7,0,"[0, 1]"
420934,1317213,11,0,"[0, 1]"
420934,1317213,13,0,"[0, 1]"
420934,1317213,10,0,"[0, 1]"
420934,1317213,14,0,"[0, 1]"
420934,1317213,8,0,"[0, 1]"
420934,1317213,21,0,"[0, 1]"
420934,1317213,27,0,"[0, 1]"
420934,1317213,29,0,"[0, 1]"
420934,1317213,22,0,"[0, 1]"
420934,1317213,25,0,"[0, 1]"
420934,1317213,18,0,"[0, 1]"
420934,1317213,15,0,"[0, 1]"
420934,1317213,24,0,"[0, 1]"
420934,1317213,35,0,"[0, 1]"
420934,1317213,50,0,"[0, 1]"
420934,1317213,48,0,"[0, 1]"
420934,1317213,44,0,"[0, 1]"
420934,1317213,57,0,"[0, 1]"
420934,1317213,40,0,"[0, 1]"
420934,1317213,54,0,"[0, 1]"
420934,1317213,49,0,"[0, 1]"
420934,1317213,43,0,"[0, 1]"
420934,1317213,41,0,"[0, 1]"
420934,1317213,108,0,"[0, 1]"
420934,1317213,75,0,"[0, 1]"
420934,1317213,113,0,"[0, 1]"
420934,1317213,93,0,"[0, 1]"
420934,1317213,80,0,"[0, 1]"
420934,1317213,119,0,"[0, 1]"
420934,1317213,65,0,"[0, 1]"
420934,1317213,109,0,"[0, 1]"
420934,1317213,111,0,"[0, 1]"
420934,1317213,73,0,"[0, 1]"
420934,1317213,81,0,"[0, 1]"
420934,1317213,115,0,"[0, 1]"
420934,1317213,144,0,"[0, 1]"
420934,1317213,205,0,"[0, 1]"
420934,1317213,204,0,"[0, 1]"
420934,1317213,220,0,"[0, 1]"
420934,1317213,140,0,"[0, 1]"
420934,1317213,155,0,"[0, 1]"
420934,1317213,206,0,"[0, 1]"
420934,1317213,192,0,"[0, 1]"
420934,1317213,141,0,"[0, 1]"
420934,1317213,189,0,"[0, 1]"
420934,1317213,162,0,"[0, 1]"
420934,1317213,130,0,"[0, 1]"
420934,1317213,238,0,"[0, 1]"
420934,1317213,219,0,"[0, 1]"
420934,1317213,377,0,"[0, 1]"
420934,1317213,435,0,"[0, 1]"
420934,1317213,284,0,"[0, 1]"
420934,1317213,264,0,"[0, 1]"
420934,1317213,297,0,"[0, 1]"
420934,1317213,310,0,"[0, 1]"
420934,1317213,367,0,"[0, 1]"
420934,1317213,342,0,"[0, 1]"
420934,1317213,312,0,"[0, 1]"
420934,1317213,339,0,"[0, 1]"
420934,1317213,495,0,"[0, 1]"
420934,1317213,409,0,"[0, 1]"
420934,1317213,328,0,"[0, 1]"
420934,1317213,333,0,"[0, 1]"
420934,1317213,368,0,"[0, 1]"
420934,1317213,488,0,"[0, 1]"
420934,1317213,932,0,"[0, 1]"
420934,1317213,838,0,"[0, 1]"
420934,1317213,955,0,"[0, 1]"
420934,1317213,793,0,"[0, 1]"
420934,1317213,837,0,"[0, 1]"
420934,1317213,946,0,"[0, 1]"
420934,1317213,731,0,"[0, 1]"
420934,1317213,847,0,"[0, 1]"
420934,1317213,808,0,"[0, 1]"
420934,1317213,948,0,"[0, 1]"
420934,1317213,889,0,"[0, 1]"
420934,1317213,929,0,"[0, 1]"
420934,1317213,542,0,"[0, 1]"
420934,1317213,910,0,"[0, 1]"
420934,1317213,1005,0,"[0, 1]"
420934,1317213,1001,0,"[0, 1]"
420934,1317213,905,0,"[0, 1]"
420934,1317213,732,0,"[0, 1]"
420934,1317213,1613,0,"[0, 1]"
420934,1317213,1905,0,"[0, 1]"
420934,1317213,1601,0,"[0, 1]"
420934,1317213,1130,0,"[0, 1]"
420934,1317213,1385,0,"[0, 1]"
420934,1317213,1156,0,"[0, 1]"
420934,1317213,1138,0,"[0, 1]"
420934,1317213,1570,0,"[0, 1]"
420934,1317213,1068,0,"[0, 1]"
420934,1317213,1293,0,"[0, 1]"
420934,1317213,1599,0,"[0, 1]"
420934,1317213,2012,0,"[0, 1]"
420934,1317213,1459,0,"[0, 1]"
420934,1317213,1500,0,"[0, 1]"
420934,1317213,1153,0,"[0, 1]"
420934,1317213,1838,0,"[0, 1]"
420934,1317213,1279,0,"[0, 1]"
420934,1317213,1865,0,"[0, 1]"
420934,1317213,1854,0,"[0, 1]"
420934,1317213,1290,0,"[0, 1]"
420934,1317213,3804,0,"[0, 1]"
420934,1317213,3460,0,"[0, 1]"
420934,1317213,3597,0,"[0, 1]"
420934,1317213,2556,0,"[0, 1]"
420934,1317213,3283,0,"[0, 1]"
420934,1317213,2722,0,"[0, 1]"
420934,1317213,3706,0,"[0, 1]"
420934,1317213,3874,0,"[0, 1]"
420934,1317213,3708,0,"[0, 1]"
420934,1317213,3430,0,"[0, 1]"
420934,1317213,2845,0,"[0, 1]"
420934,1317213,3180,0,"[0, 1]"
420934,1317213,2214,0,"[0, 1]"
420934,1317213,3482,0,"[0, 1]"
420934,1317213,3822,0,"[0, 1]"
420934,1317213,3020,0,"[0, 1]"
420934,1317213,4089,0,"[0, 1]"
420934,1317213,2145,0,"[0, 1]"
420934,1317213,3009,0,"[0, 1]"
420934,1317213,2236,0,"[0, 1]"
420934,1317213,2826,0,"[0, 1]"
420934,1317213,3640,0,"[0, 1]"
420934,1317213,7575592,1,"[0, 1]"
420934,1317213,7263857,1,"[0, 1]"
420934,1317213,4435,0,"[0, 1]"
420934,1317213,159768,1,"[0, 1]"
420934,1317213,7575256,1,"[0, 1]"
420934,1317213,7294084,1,"[0, 1]"
420934,1317213,7513338,1,"[0, 1]"
420934,1317213,1824038,1,"[0, 1]"
420934,1317213,7497667,1,"[0, 1]"
420934,1317213,7079501,1,"[0, 1]"
420934,1317213,7068493,1,"[0, 1]"
420934,1317213,7435120,1,"[0, 1]"
420934,1317213,7196311,1,"[0, 1]"
420934,1317213,7137600,1,"[0, 1]"
420934,1317213,7488637,1,"[0, 1]"
420934,1317213,7304676,1,"[0, 1]"
420934,1317213,7514867,1,"[0, 1]"
420934,1317213,7558093,1,"[0, 1]"
420934,1317213,7142099,1,"[0, 1]"
420934,1317213,4453,0,"[0, 1]"
420934,1317213,4690,0,"[0, 1]"
420934,1317213,2587770,1,"[0, 1]"
420934,1317213,7276254,1,"[0, 1]"
420934,1317213,7597426,1,"[0, 1]"
682025,7511179,7511179,1,"[1, 0]"
682025,7511179,4758,0,"[1, 0]"
682025,7511179,3549,0,"[1, 0]"
682025,7511179,1774,0,"[1, 0]"
682025,7511179,886,0,"[1, 0]"
682025,7511179,442,0,"[1, 0]"
682025,7511179,220,0,"[1, 0]"
682025,7511179,109,0,"[1, 0]"
682025,7511179,54,0,"[1, 0]"
682025,7511179,26,0,"[1, 0]"
682025,7511179,12,0,"[1, 0]"
682025,7511179,5,0,"[1, 0]"
682025,7511179,2,0,"[1, 0]"
682025,7511179,0,0,"[1, 0]"
682025,7511179,1,0,"[0, 1]"
682025,7511179,2,0,"[0, 1]"
682025,7511179,4,0,"[0, 1]"
682025,7511179,3,0,"[0, 1]"
682025,7511179,6,0,"[0, 1]"
682025,7511179,5,0,"[0, 1]"
682025,7511179,14,0,"[0, 1]"
682025,7511179,12,0,"[0, 1]"
682025,7511179,7,0,"[0, 1]"
682025,7511179,10,0,"[0, 1]"
682025,7511179,9,0,"[0, 1]"
682025,7511179,11,0,"[0, 1]"
682025,7511179,28,0,"[0, 1]"
682025,7511179,30,0,"[0, 1]"
682025,7511179,25,0,"[0, 1]"
682025,7511179,21,0,"[0, 1]"
682025,7511179,22,0,"[0, 1]"
682025,7511179,27,0,"[0, 1]"
682025,7511179,19,0,"[0, 1]"
682025,7511179,16,0,"[0, 1]"
682025,7511179,58,0,"[0, 1]"
682025,7511179,40,0,"[0, 1]"
682025,7511179,61,0,"[0, 1]"
682025,7511179,51,0,"[0, 1]"
682025,7511179,39,0,"[0, 1]"
682025,7511179,34,0,"[0, 1]"
682025,7511179,57,0,"[0, 1]"
682025,7511179,43,0,"[0, 1]"
682025,7511179,55,0,"[0, 1]"
682025,7511179,33,0,"[0, 1]"
682025,7511179,107,0,"[0, 1]"
682025,7511179,74,0,"[0, 1]"
682025,7511179,111,0,"[0, 1]"
682025,7511179,117,0,"[0, 1]"
682025,7511179,65,0,"[0, 1]"
682025,7511179,96,0,"[0, 1]"
682025,7511179,71,0,"[0, 1]"
682025,7511179,66,0,"[0, 1]"
682025,7511179,91,0,"[0, 1]"
682025,7511179,126,0,"[0, 1]"
682025,7511179,81,0,"[0, 1]"
682025,7511179,113,0,"[0, 1]"
682025,7511179,192,0,"[0, 1]"
682025,7511179,181,0,"[0, 1]"
682025,7511179,200,0,"[0, 1]"
682025,7511179,148,0,"[0, 1]"
682025,7511179,202,0,"[0, 1]"
682025,7511179,138,0,"[0, 1]"
682025,7511179,198,0,"[0, 1]"
682025,7511179,174,0,"[0, 1]"
682025,7511179,241,0,"[0, 1]"
682025,7511179,252,0,"[0, 1]"
682025,7511179,254,0,"[0, 1]"
682025,7511179,240,0,"[0, 1]"
682025,7511179,157,0,"[0, 1]"
682025,7511179,194,0,"[0, 1]"
682025,7511179,491,0,"[0, 1]"
682025,7511179,433,0,"[0, 1]"
682025,7511179,445,0,"[0, 1]"
682025,7511179,362,0,"[0, 1]"
682025,7511179,276,0,"[0, 1]"
682025,7511179,388,0,"[0, 1]"
682025,7511179,392,0,"[0, 1]"
682025,7511179,389,0,"[0, 1]"
682025,7511179,414,0,"[0, 1]"
682025,7511179,338,0,"[0, 1]"
682025,7511179,268,0,"[0, 1]"
682025,7511179,472,0,"[0, 1]"
682025,7511179,279,0,"[0, 1]"
682025,7511179,398,0,"[0, 1]"
682025,7511179,349,0,"[0, 1]"
682025,7511179,435,0,"[0, 1]"
682025,7511179,1012,0,"[0, 1]"
682025,7511179,974,0,"[0, 1]"
682025,7511179,746,0,"[0, 1]"
682025,7511179,951,0,"[0, 1]"
682025,7511179,743,0,"[0, 1]"
682025,7511179,684,0,"[0, 1]"
682025,7511179,981,0,"[0, 1]"
682025,7511179,795,0,"[0, 1]"
682025,7511179,895,0,"[0, 1]"
682025,7511179,898,0,"[0, 1]"
682025,7511179,860,0,"[0, 1]"
682025,7511179,801,0,"[0, 1]"
682025,7511179,998,0,"[0, 1]"
682025,7511179,524,0,"[0, 1]"
682025,7511179,624,0,"[0, 1]"
682025,7511179,929,0,"[0, 1]"
682025,7511179,646,0,"[0, 1]"
682025,7511179,526,0,"[0, 1]"
682025,7511179,1046,0,"[0, 1]"
682025,7511179,1488,0,"[0, 1]"
682025,7511179,1777,0,"[0, 1]"
682025,7511179,1212,0,"[0, 1]"
682025,7511179,1691,0,"[0, 1]"
682025,7511179,2013,0,"[0, 1]"
682025,7511179,1864,0,"[0, 1]"
682025,7511179,1344,0,"[0, 1]"
682025,7511179,1402,0,"[0, 1]"
682025,7511179,1987,0,"[0, 1]"
682025,7511179,1233,0,"[0, 1]"
682025,7511179,1242,0,"[0, 1]"
682025,7511179,1706,0,"[0, 1]"
682025,7511179,1164,0,"[0, 1]"
682025,7511179,1275,0,"[0, 1]"
682025,7511179,1979,0,"[0, 1]"
682025,7511179,1115,0,"[0, 1]"
682025,7511179,1266,0,"[0, 1]"
682025,7511179,1111,0,"[0, 1]"
682025,7511179,1109,0,"[0, 1]"
682025,7511179,3329,0,"[0, 1]"
682025,7511179,3536,0,"[0, 1]"
682025,7511179,3692,0,"[0, 1]"
682025,7511179,3491,0,"[0, 1]"
682025,7511179,3790,0,"[0, 1]"
682025,7511179,3935,0,"[0, 1]"
682025,7511179,2179,0,"[0, 1]"
682025,7511179,3484,0,"[0, 1]"
682025,7511179,3925,0,"[0, 1]"
682025,7511179,2266,0,"[0, 1]"
682025,7511179,3887,0,"[0, 1]"
682025,7511179,3655,0,"[0, 1]"
682025,7511179,3872,0,"[0, 1]"
682025,7511179,3756,0,"[0, 1]"
682025,7511179,3749,0,"[0, 1]"
682025,7511179,2132,0,"[0, 1]"
682025,7511179,3363,0,"[0, 1]"
682025,7511179,2483,0,"[0, 1]"
682025,7511179,3894,0,"[0, 1]"
682025,7511179,2140,0,"[0, 1]"
682025,7511179,3902,0,"[0, 1]"
682025,7511179,2746,0,"[0, 1]"
682025,7511179,7443792,1,"[0, 1]"
682025,7511179,7230416,1,"[0, 1]"
682025,7511179,7597514,1,"[0, 1]"
682025,7511179,6008284,1,"[0, 1]"
682025,7511179,7556665,1,"[0, 1]"
682025,7511179,7608098,1,"[0, 1]"
682025,7511179,7679571,1,"[0, 1]"
682025,7511179,4187,0,"[0, 1]"
682025,7511179,7488908,1,"[0, 1]"
682025,7511179,7105662,1,"[0, 1]"
682025,7511179,7107100,1,"[0, 1]"
682025,7511179,7553527,1,"[0, 1]"
682025,7511179,4753,0,"[0, 1]"
682025,7511179,7553481,1,"[0, 1]"
682025,7511179,4608,0,"[0, 1]"
682025,7511179,4739,0,"[0, 1]"
682025,7511179,7315031,1,"[0, 1]"
682025,7511179,7423831,1,"[0, 1]"
682025,7511179,7607736,1,"[0, 1]"
682025,7511179,7450646,1,"[0, 1]"
682025,7511179,2332638,1,"[0, 1]"
682025,7511179,7232730,1,"[0, 1]"
682025,7511179,7259880,1,"[0, 1]"
682025,7511179,4219,0,"[0, 1]"
682025,7511179,7477943,1,"[0, 1]"
682025,7511179,7369774,1,"[0, 1]"
682025,7511179,7681920,1,"[0, 1]"
682025,7511179,1237909,1,"[0, 1]"
682025,7511179,7587963,1,"[0, 1]"
682025,7511179,7382357,1,"[0, 1]"
682025,7511179,7330660,1,"[0, 1]"
682025,7511179,7636872,1,"[0, 1]"
682025,7511179,7563256,1,"[0, 1]"
682025,7511179,7474064,1,"[0, 1]"
682025,7511179,7569360,1,"[0, 1]"
682025,7511179,2134969,1,"[0, 1]"
682025,7511179,7239542,1,"[0, 1]"
682025,7511179,7675787,1,"[0, 1]"
682025,7511179,7405676,1,"[0, 1]"
682025,7511179,7558360,1,"[0, 1]"
682025,7511179,5492263,1,"[0, 1]"
682025,7511179,7099935,1,"[0, 1]"
682025,7511179,7570725,1,"[0, 1]"
682025,7511179,526189,1,"[0, 1]"
682025,7511179,7541223,1,"[0, 1]"
682025,7511179,7086510,1,"[0, 1]"
682025,7511179,1186091,1,"[0, 1]"
682025,7511179,7170746,1,"[0, 1]"
682025,7511179,7088930,1,"[0, 1]"
682025,7511179,5751034,1,"[0, 1]"
1096347,7511201,7511201,1,"[1, 0]"
1096347,7511201,2579,0,"[1, 0]"
1096347,7511201,1289,0,"[1, 0]"
1096347,7511201,644,0,"[1, 0]"
1096347,7511201,321,0,"[1, 0]"
1096347,7511201,160,0,"[1, 0]"
1096347,7511201,79,0,"[1, 0]"
1096347,7511201,39,0,"[1, 0]"
1096347,7511201,19,0,"[1, 0]"
1096347,7511201,9,0,"[1, 0]"
1096347,7511201,4,0,"[1, 0]"
1096347,7511201,1,0,"[1, 0]"
1096347,7511201,0,0,"[1, 0]"
1096347,7511201,1,0,"[0, 1]"
1096347,7511201,2,0,"[0, 1]"
1096347,7511201,6,0,"[0, 1]"
1096347,7511201,5,0,"[0, 1]"
1096347,7511201,3,0,"[0, 1]"
1096347,7511201,4,0,"[0, 1]"
1096347,7511201,13,0,"[0, 1]"
1096347,7511201,9,0,"[0, 1]"
1096347,7511201,7,0,"[0, 1]"
1096347,7511201,10,0,"[0, 1]"
1096347,7511201,11,0,"[0, 1]"
1096347,7511201,8,0,"[0, 1]"
1096347,7511201,15,0,"[0, 1]"
1096347,7511201,23,0,"[0, 1]"
1096347,7511201,29,0,"[0, 1]"
1096347,7511201,19,0,"[0, 1]"
1096347,7511201,20,0,"[0, 1]"
1096347,7511201,17,0,"[0, 1]"
1096347,7511201,27,0,"[0, 1]"
1096347,7511201,18,0,"[0, 1]"
1096347,7511201,54,0,"[0, 1]"
1096347,7511201,52,0,"[0, 1]"
1096347,7511201,34,0,"[0, 1]"
1096347,7511201,35,0,"[0, 1]"
1096347,7511201,49,0,"[0, 1]"
1096347,7511201,43,0,"[0, 1]"
1096347,7511201,59,0,"[0, 1]"
1096347,7511201,39,0,"[0, 1]"
1096347,7511201,41,0,"[0, 1]"
1096347,7511201,58,0,"[0, 1]"
1096347,7511201,73,0,"[0, 1]"
1096347,7511201,95,0,"[0, 1]"
1096347,7511201,125,0,"[0, 1]"
1096347,7511201,91,0,"[0, 1]"
1096347,7511201,72,0,"[0, 1]"
1096347,7511201,100,0,"[0, 1]"
1096347,7511201,66,0,"[0, 1]"
1096347,7511201,85,0,"[0, 1]"
1096347,7511201,79,0,"[0, 1]"
1096347,7511201,114,0,"[0, 1]"
1096347,7511201,97,0,"[0, 1]"
1096347,7511201,105,0,"[0, 1]"
1096347,7511201,219,0,"[0, 1]"
1096347,7511201,146,0,"[0, 1]"
1096347,7511201,147,0,"[0, 1]"
1096347,7511201,188,0,"[0, 1]"
1096347,7511201,250,0,"[0, 1]"
1096347,7511201,181,0,"[0, 1]"
1096347,7511201,208,0,"[0, 1]"
1096347,7511201,184,0,"[0, 1]"
1096347,7511201,238,0,"[0, 1]"
1096347,7511201,130,0,"[0, 1]"
1096347,7511201,172,0,"[0, 1]"
1096347,7511201,248,0,"[0, 1]"
1096347,7511201,223,0,"[0, 1]"
1096347,7511201,234,0,"[0, 1]"
1096347,7511201,457,0,"[0, 1]"
1096347,7511201,497,0,"[0, 1]"
1096347,7511201,453,0,"[0, 1]"
1096347,7511201,440,0,"[0, 1]"
1096347,7511201,461,0,"[0, 1]"
1096347,7511201,483,0,"[0, 1]"
1096347,7511201,348,0,"[0, 1]"
1096347,7511201,321,0,"[0, 1]"
1096347,7511201,267,0,"[0, 1]"
1096347,7511201,279,0,"[0, 1]"
1096347,7511201,463,0,"[0, 1]"
1096347,7511201,451,0,"[0, 1]"
1096347,7511201,443,0,"[0, 1]"
1096347,7511201,322,0,"[0, 1]"
1096347,7511201,256,0,"[0, 1]"
1096347,7511201,293,0,"[0, 1]"
1096347,7511201,840,0,"[0, 1]"
1096347,7511201,959,0,"[0, 1]"
1096347,7511201,576,0,"[0, 1]"
1096347,7511201,786,0,"[0, 1]"
1096347,7511201,1005,0,"[0, 1]"
1096347,7511201,637,0,"[0, 1]"
1096347,7511201,780,0,"[0, 1]"
1096347,7511201,883,0,"[0, 1]"
1096347,7511201,605,0,"[0, 1]"
1096347,7511201,760,0,"[0, 1]"
1096347,7511201,945,0,"[0, 1]"
1096347,7511201,860,0,"[0, 1]"
1096347,7511201,746,0,"[0, 1]"
1096347,7511201,813,0,"[0, 1]"
1096347,7511201,954,0,"[0, 1]"
1096347,7511201,514,0,"[0, 1]"
1096347,7511201,938,0,"[0, 1]"
1096347,7511201,950,0,"[0, 1]"
1096347,7511201,1102,0,"[0, 1]"
1096347,7511201,1544,0,"[0, 1]"
1096347,7511201,1891,0,"[0, 1]"
1096347,7511201,1987,0,"[0, 1]"
1096347,7511201,1049,0,"[0, 1]"
1096347,7511201,1318,0,"[0, 1]"
1096347,7511201,1445,0,"[0, 1]"
1096347,7511201,1525,0,"[0, 1]"
1096347,7511201,1666,0,"[0, 1]"
1096347,7511201,1347,0,"[0, 1]"
1096347,7511201,2026,0,"[0, 1]"
1096347,7511201,1862,0,"[0, 1]"
1096347,7511201,1855,0,"[0, 1]"
1096347,7511201,2010,0,"[0, 1]"
1096347,7511201,1101,0,"[0, 1]"
1096347,7511201,1900,0,"[0, 1]"
1096347,7511201,1338,0,"[0, 1]"
1096347,7511201,1185,0,"[0, 1]"
1096347,7511201,1321,0,"[0, 1]"
1096347,7511201,1278,0,"[0, 1]"
1096347,7511201,2816,0,"[0, 1]"
1096347,7511201,2121,0,"[0, 1]"
1096347,7511201,2618,0,"[0, 1]"
1096347,7511201,4089,0,"[0, 1]"
1096347,7511201,3044,0,"[0, 1]"
1096347,7511201,3977,0,"[0, 1]"
1096347,7511201,3772,0,"[0, 1]"
1096347,7511201,3517,0,"[0, 1]"
1096347,7511201,2863,0,"[0, 1]"
1096347,7511201,3347,0,"[0, 1]"
1096347,7511201,3137,0,"[0, 1]"
1096347,7511201,2194,0,"[0, 1]"
1096347,7511201,2178,0,"[0, 1]"
1096347,7511201,3731,0,"[0, 1]"
1096347,7511201,3978,0,"[0, 1]"
1096347,7511201,3277,0,"[0, 1]"
1096347,7511201,3933,0,"[0, 1]"
1096347,7511201,2068,0,"[0, 1]"
1096347,7511201,3951,0,"[0, 1]"
1096347,7511201,3661,0,"[0, 1]"
1096347,7511201,3611,0,"[0, 1]"
1096347,7511201,2672,0,"[0, 1]"
1096347,7511201,7339273,1,"[0, 1]"
1096347,7511201,7262837,1,"[0, 1]"
1096347,7511201,7616142,1,"[0, 1]"
1096347,7511201,7160065,1,"[0, 1]"
1096347,7511201,7092301,1,"[0, 1]"
1096347,7511201,7268941,1,"[0, 1]"
1096347,7511201,6792346,1,"[0, 1]"
1096347,7511201,7156432,1,"[0, 1]"
1096347,7511201,7376351,1,"[0, 1]"
1096347,7511201,7600724,1,"[0, 1]"
1096347,7511201,4578,0,"[0, 1]"
1096347,7511201,7405491,1,"[0, 1]"
1096347,7511201,7383302,1,"[0, 1]"
1096347,7511201,7131592,1,"[0, 1]"
1096347,7511201,4484,0,"[0, 1]"
1096347,7511201,7348666,1,"[0, 1]"
1096347,7511201,4754,0,"[0, 1]"
1096347,7511201,7316160,1,"[0, 1]"
1096347,7511201,7512908,1,"[0, 1]"
1096347,7511201,4365,0,"[0, 1]"
1096347,7511201,7474543,1,"[0, 1]"
1096347,7511201,7456507,1,"[0, 1]"
1096347,7511201,7292470,1,"[0, 1]"
1096347,7511201,7661636,1,"[0, 1]"
627323,7511316,7511316,1,"[1, 0]"
627323,7511316,4997,0,"[1, 0]"
627323,7511316,4092,0,"[1, 0]"
627323,7511316,2045,0,"[1, 0]"
627323,7511316,1022,0,"[1, 0]"
627323,7511316,510,0,"[1, 0]"
627323,7511316,254,0,"[1, 0]"
627323,7511316,126,0,"[1, 0]"
627323,7511316,62,0,"[1, 0]"
627323,7511316,30,0,"[1, 0]"
627323,7511316,14,0,"[1, 0]"
627323,7511316,6,0,"[1, 0]"
627323,7511316,2,0,"[1, 0]"
627323,7511316,0,0,"[1, 0]"
627323,7511316,2,0,"[0, 1]"
627323,7511316,1,0,"[0, 1]"
627323,7511316,6,0,"[0, 1]"
627323,7511316,5,0,"[0, 1]"
627323,7511316,3,0,"[0, 1]"
627323,7511316,4,0,"[0, 1]"
627323,7511316,14,0,"[0, 1]"
627323,7511316,7,0,"[0, 1]"
627323,7511316,10,0,"[0, 1]"
627323,7511316,12,0,"[0, 1]"
627323,7511316,9,0,"[0, 1]"
627323,7511316,8,0,"[0, 1]"
627323,7511316,24,0,"[0, 1]"
627323,7511316,20,0,"[0, 1]"
627323,7511316,26,0,"[0, 1]"
627323,7511316,29,0,"[0, 1]"
627323,7511316,17,0,"[0, 1]"
627323,7511316,30,0,"[0, 1]"
627323,7511316,28,0,"[0, 1]"
627323,7511316,18,0,"[0, 1]"
627323,7511316,42,0,"[0, 1]"
627323,7511316,37,0,"[0, 1]"
627323,7511316,44,0,"[0, 1]"
627323,7511316,54,0,"[0, 1]"
627323,7511316,57,0,"[0, 1]"
627323,7511316,60,0,"[0, 1]"
627323,7511316,52,0,"[0, 1]"
627323,7511316,49,0,"[0, 1]"
627323,7511316,56,0,"[0, 1]"
627323,7511316,51,0,"[0, 1]"
627323,7511316,75,0,"[0, 1]"
627323,7511316,96,0,"[0, 1]"
627323,7511316,85,0,"[0, 1]"
627323,7511316,67,0,"[0, 1]"
627323,7511316,86,0,"[0, 1]"
627323,7511316,88,0,"[0, 1]"
627323,7511316,71,0,"[0, 1]"
627323,7511316,79,0,"[0, 1]"
627323,7511316,90,0,"[0, 1]"
627323,7511316,98,0,"[0, 1]"
627323,7511316,124,0,"[0, 1]"
627323,7511316,69,0,"[0, 1]"
627323,7511316,217,0,"[0, 1]"
627323,7511316,155,0,"[0, 1]"
627323,7511316,187,0,"[0, 1]"
627323,7511316,208,0,"[0, 1]"
627323,7511316,169,0,"[0, 1]"
627323,7511316,145,0,"[0, 1]"
627323,7511316,249,0,"[0, 1]"
627323,7511316,200,0,"[0, 1]"
627323,7511316,156,0,"[0, 1]"
627323,7511316,148,0,"[0, 1]"
627323,7511316,186,0,"[0, 1]"
627323,7511316,131,0,"[0, 1]"
627323,7511316,253,0,"[0, 1]"
627323,7511316,211,0,"[0, 1]"
627323,7511316,428,0,"[0, 1]"
627323,7511316,344,0,"[0, 1]"
627323,7511316,418,0,"[0, 1]"
627323,7511316,474,0,"[0, 1]"
627323,7511316,462,0,"[0, 1]"
627323,7511316,486,0,"[0, 1]"
627323,7511316,297,0,"[0, 1]"
627323,7511316,284,0,"[0, 1]"
627323,7511316,487,0,"[0, 1]"
627323,7511316,442,0,"[0, 1]"
627323,7511316,502,0,"[0, 1]"
627323,7511316,479,0,"[0, 1]"
627323,7511316,505,0,"[0, 1]"
627323,7511316,356,0,"[0, 1]"
627323,7511316,353,0,"[0, 1]"
627323,7511316,274,0,"[0, 1]"
627323,7511316,902,0,"[0, 1]"
627323,7511316,969,0,"[0, 1]"
627323,7511316,632,0,"[0, 1]"
627323,7511316,708,0,"[0, 1]"
627323,7511316,939,0,"[0, 1]"
627323,7511316,966,0,"[0, 1]"
627323,7511316,591,0,"[0, 1]"
627323,7511316,906,0,"[0, 1]"
627323,7511316,930,0,"[0, 1]"
627323,7511316,608,0,"[0, 1]"
627323,7511316,779,0,"[0, 1]"
627323,7511316,893,0,"[0, 1]"
627323,7511316,797,0,"[0, 1]"
627323,7511316,694,0,"[0, 1]"
627323,7511316,620,0,"[0, 1]"
627323,7511316,759,0,"[0, 1]"
627323,7511316,622,0,"[0, 1]"
627323,7511316,699,0,"[0, 1]"
627323,7511316,1698,0,"[0, 1]"
627323,7511316,1789,0,"[0, 1]"
627323,7511316,1371,0,"[0, 1]"
627323,7511316,1837,0,"[0, 1]"
627323,7511316,1281,0,"[0, 1]"
627323,7511316,1771,0,"[0, 1]"
627323,7511316,1801,0,"[0, 1]"
627323,7511316,1104,0,"[0, 1]"
627323,7511316,1202,0,"[0, 1]"
627323,7511316,1617,0,"[0, 1]"
627323,7511316,2004,0,"[0, 1]"
627323,7511316,1500,0,"[0, 1]"
627323,7511316,1100,0,"[0, 1]"
627323,7511316,1846,0,"[0, 1]"
627323,7511316,1613,0,"[0, 1]"
627323,7511316,1248,0,"[0, 1]"
627323,7511316,2044,0,"[0, 1]"
627323,7511316,1237,0,"[0, 1]"
627323,7511316,1270,0,"[0, 1]"
627323,7511316,1945,0,"[0, 1]"
627323,7511316,3916,0,"[0, 1]"
627323,7511316,3376,0,"[0, 1]"
627323,7511316,3647,0,"[0, 1]"
627323,7511316,3616,0,"[0, 1]"
627323,7511316,3158,0,"[0, 1]"
627323,7511316,2400,0,"[0, 1]"
627323,7511316,2461,0,"[0, 1]"
627323,7511316,2757,0,"[0, 1]"
627323,7511316,3203,0,"[0, 1]"
627323,7511316,2321,0,"[0, 1]"
627323,7511316,2517,0,"[0, 1]"
627323,7511316,2234,0,"[0, 1]"
627323,7511316,2974,0,"[0, 1]"
627323,7511316,2669,0,"[0, 1]"
627323,7511316,2543,0,"[0, 1]"
627323,7511316,2358,0,"[0, 1]"
627323,7511316,2868,0,"[0, 1]"
627323,7511316,3911,0,"[0, 1]"
627323,7511316,3990,0,"[0, 1]"
627323,7511316,2889,0,"[0, 1]"
627323,7511316,3867,0,"[0, 1]"
627323,7511316,3456,0,"[0, 1]"
627323,7511316,4806,0,"[0, 1]"
627323,7511316,7311518,1,"[0, 1]"
627323,7511316,7632216,1,"[0, 1]"
627323,7511316,7481663,1,"[0, 1]"
627323,7511316,7663734,1,"[0, 1]"
627323,7511316,7391872,1,"[0, 1]"
627323,7511316,7559424,1,"[0, 1]"
627323,7511316,7434268,1,"[0, 1]"
627323,7511316,7130541,1,"[0, 1]"
627323,7511316,4558,0,"[0, 1]"
627323,7511316,7310715,1,"[0, 1]"
627323,7511316,7172798,1,"[0, 1]"
627323,7511316,7472819,1,"[0, 1]"
627323,7511316,7457376,1,"[0, 1]"
627323,7511316,716033,1,"[0, 1]"
627323,7511316,7486505,1,"[0, 1]"
627323,7511316,7487828,1,"[0, 1]"
627323,7511316,7430864,1,"[0, 1]"
627323,7511316,7503445,1,"[0, 1]"
627323,7511316,1545467,1,"[0, 1]"
627323,7511316,4219,0,"[0, 1]"
627323,7511316,4555,0,"[0, 1]"
627323,7511316,7118318,1,"[0, 1]"
627323,7511316,7158640,1,"[0, 1]"
627323,7511316,7618627,1,"[0, 1]"
627323,7511316,7531802,1,"[0, 1]"
627323,7511316,7484754,1,"[0, 1]"
627323,7511316,7510466,1,"[0, 1]"
627323,7511316,7295059,1,"[0, 1]"
627323,7511316,7674426,1,"[0, 1]"
627323,7511316,7267527,1,"[0, 1]"
627323,7511316,7446056,1,"[0, 1]"
627323,7511316,7457321,1,"[0, 1]"
627323,7511316,7455907,1,"[0, 1]"
627323,7511316,7431188,1,"[0, 1]"
627323,7511316,7106893,1,"[0, 1]"
627323,7511316,7288722,1,"[0, 1]"
627323,7511316,7451184,1,"[0, 1]"
627323,7511316,7357514,1,"[0, 1]"
627323,7511316,7636872,1,"[0, 1]"
627323,7511316,7317075,1,"[0, 1]"
627323,7511316,7089653,1,"[0, 1]"
627323,7511316,7435549,1,"[0, 1]"
627323,7511316,7661622,1,"[0, 1]"
627323,7511316,7650538,1,"[0, 1]"
627323,7511316,7490261,1,"[0, 1]"
627323,7511316,7152478,1,"[0, 1]"
627323,7511316,7661632,1,"[0, 1]"
627323,7511316,7576075,1,"[0, 1]"
627323,7511316,7389410,1,"[0, 1]"
82100,7511352,7511352,1,"[1, 0]"
82100,7511352,3371,0,"[1, 0]"
82100,7511352,1685,0,"[1, 0]"
82100,7511352,842,0,"[1, 0]"
82100,7511352,420,0,"[1, 0]"
82100,7511352,209,0,"[1, 0]"
82100,7511352,104,0,"[1, 0]"
82100,7511352,51,0,"[1, 0]"
82100,7511352,25,0,"[1, 0]"
82100,7511352,12,0,"[1, 0]"
82100,7511352,5,0,"[1, 0]"
82100,7511352,2,0,"[1, 0]"
82100,7511352,0,0,"[1, 0]"
82100,7511352,2,0,"[0, 1]"
82100,7511352,1,0,"[0, 1]"
82100,7511352,5,0,"[0, 1]"
82100,7511352,3,0,"[0, 1]"
82100,7511352,6,0,"[0, 1]"
82100,7511352,4,0,"[0, 1]"
82100,7511352,10,0,"[0, 1]"
82100,7511352,9,0,"[0, 1]"
82100,7511352,14,0,"[0, 1]"
82100,7511352,7,0,"[0, 1]"
82100,7511352,11,0,"[0, 1]"
82100,7511352,8,0,"[0, 1]"
82100,7511352,19,0,"[0, 1]"
82100,7511352,22,0,"[0, 1]"
82100,7511352,17,0,"[0, 1]"
82100,7511352,18,0,"[0, 1]"
82100,7511352,24,0,"[0, 1]"
82100,7511352,21,0,"[0, 1]"
82100,7511352,30,0,"[0, 1]"
82100,7511352,26,0,"[0, 1]"
82100,7511352,50,0,"[0, 1]"
82100,7511352,62,0,"[0, 1]"
82100,7511352,31,0,"[0, 1]"
82100,7511352,40,0,"[0, 1]"
82100,7511352,55,0,"[0, 1]"
82100,7511352,32,0,"[0, 1]"
82100,7511352,44,0,"[0, 1]"
82100,7511352,53,0,"[0, 1]"
82100,7511352,52,0,"[0, 1]"
82100,7511352,61,0,"[0, 1]"
82100,7511352,83,0,"[0, 1]"
82100,7511352,84,0,"[0, 1]"
82100,7511352,104,0,"[0, 1]"
82100,7511352,113,0,"[0, 1]"
82100,7511352,93,0,"[0, 1]"
82100,7511352,78,0,"[0, 1]"
82100,7511352,63,0,"[0, 1]"
82100,7511352,99,0,"[0, 1]"
82100,7511352,73,0,"[0, 1]"
82100,7511352,70,0,"[0, 1]"
82100,7511352,106,0,"[0, 1]"
82100,7511352,102,0,"[0, 1]"
82100,7511352,236,0,"[0, 1]"
82100,7511352,170,0,"[0, 1]"
82100,7511352,231,0,"[0, 1]"
82100,7511352,171,0,"[0, 1]"
82100,7511352,160,0,"[0, 1]"
82100,7511352,207,0,"[0, 1]"
82100,7511352,223,0,"[0, 1]"
82100,7511352,164,0,"[0, 1]"
82100,7511352,239,0,"[0, 1]"
82100,7511352,220,0,"[0, 1]"
82100,7511352,226,0,"[0, 1]"
82100,7511352,151,0,"[0, 1]"
82100,7511352,149,0,"[0, 1]"
82100,7511352,173,0,"[0, 1]"
82100,7511352,262,0,"[0, 1]"
82100,7511352,370,0,"[0, 1]"
82100,7511352,360,0,"[0, 1]"
82100,7511352,255,0,"[0, 1]"
82100,7511352,279,0,"[0, 1]"
82100,7511352,326,0,"[0, 1]"
82100,7511352,289,0,"[0, 1]"
82100,7511352,374,0,"[0, 1]"
82100,7511352,332,0,"[0, 1]"
82100,7511352,283,0,"[0, 1]"
82100,7511352,461,0,"[0, 1]"
82100,7511352,337,0,"[0, 1]"
82100,7511352,324,0,"[0, 1]"
82100,7511352,445,0,"[0, 1]"
82100,7511352,273,0,"[0, 1]"
82100,7511352,396,0,"[0, 1]"
82100,7511352,589,0,"[0, 1]"
82100,7511352,961,0,"[0, 1]"
82100,7511352,635,0,"[0, 1]"
82100,7511352,1003,0,"[0, 1]"
82100,7511352,740,0,"[0, 1]"
82100,7511352,800,0,"[0, 1]"
82100,7511352,783,0,"[0, 1]"
82100,7511352,568,0,"[0, 1]"
82100,7511352,520,0,"[0, 1]"
82100,7511352,951,0,"[0, 1]"
82100,7511352,865,0,"[0, 1]"
82100,7511352,988,0,"[0, 1]"
82100,7511352,601,0,"[0, 1]"
82100,7511352,581,0,"[0, 1]"
82100,7511352,1005,0,"[0, 1]"
82100,7511352,578,0,"[0, 1]"
82100,7511352,898,0,"[0, 1]"
82100,7511352,633,0,"[0, 1]"
82100,7511352,1545,0,"[0, 1]"
82100,7511352,1584,0,"[0, 1]"
82100,7511352,1689,0,"[0, 1]"
82100,7511352,1804,0,"[0, 1]"
82100,7511352,1418,0,"[0, 1]"
82100,7511352,1376,0,"[0, 1]"
82100,7511352,1232,0,"[0, 1]"
82100,7511352,1711,0,"[0, 1]"
82100,7511352,1116,0,"[0, 1]"
82100,7511352,1938,0,"[0, 1]"
82100,7511352,1364,0,"[0, 1]"
82100,7511352,1633,0,"[0, 1]"
82100,7511352,1270,0,"[0, 1]"
82100,7511352,1961,0,"[0, 1]"
82100,7511352,1628,0,"[0, 1]"
82100,7511352,1944,0,"[0, 1]"
82100,7511352,1276,0,"[0, 1]"
82100,7511352,1573,0,"[0, 1]"
82100,7511352,1966,0,"[0, 1]"
82100,7511352,1544,0,"[0, 1]"
82100,7511352,4007,0,"[0, 1]"
82100,7511352,3722,0,"[0, 1]"
82100,7511352,2985,0,"[0, 1]"
82100,7511352,2127,0,"[0, 1]"
82100,7511352,2136,0,"[0, 1]"
82100,7511352,2506,0,"[0, 1]"
82100,7511352,3918,0,"[0, 1]"
82100,7511352,3240,0,"[0, 1]"
82100,7511352,3121,0,"[0, 1]"
82100,7511352,3622,0,"[0, 1]"
82100,7511352,2690,0,"[0, 1]"
82100,7511352,3605,0,"[0, 1]"
82100,7511352,2759,0,"[0, 1]"
82100,7511352,3598,0,"[0, 1]"
82100,7511352,3023,0,"[0, 1]"
82100,7511352,2918,0,"[0, 1]"
82100,7511352,3341,0,"[0, 1]"
82100,7511352,3951,0,"[0, 1]"
82100,7511352,2667,0,"[0, 1]"
82100,7511352,3157,0,"[0, 1]"
82100,7511352,2377,0,"[0, 1]"
82100,7511352,2086,0,"[0, 1]"
82100,7511352,7196268,1,"[0, 1]"
82100,7511352,4885,0,"[0, 1]"
82100,7511352,7670556,1,"[0, 1]"
82100,7511352,7107568,1,"[0, 1]"
82100,7511352,7308336,1,"[0, 1]"
82100,7511352,4758,0,"[0, 1]"
82100,7511352,4175,0,"[0, 1]"
82100,7511352,3721216,1,"[0, 1]"
82100,7511352,7257371,1,"[0, 1]"
82100,7511352,7088654,1,"[0, 1]"
82100,7511352,7190589,1,"[0, 1]"
82100,7511352,7166234,1,"[0, 1]"
82100,7511352,7565966,1,"[0, 1]"
82100,7511352,4437,0,"[0, 1]"
82100,7511352,2646831,1,"[0, 1]"
82100,7511352,7263747,1,"[0, 1]"
82100,7511352,4302,0,"[0, 1]"
82100,7511352,4904,0,"[0, 1]"
82100,7511352,7681196,1,"[0, 1]"
82100,7511352,7517018,1,"[0, 1]"
82100,7511352,7508948,1,"[0, 1]"
82100,7511352,4724,0,"[0, 1]"
82100,7511352,7110606,1,"[0, 1]"
82100,7511352,7372120,1,"[0, 1]"
371420,7511450,7511450,1,"[1, 0]"
371420,7511450,2812,0,"[1, 0]"
371420,7511450,1405,0,"[1, 0]"
371420,7511450,702,0,"[1, 0]"
371420,7511450,350,0,"[1, 0]"
371420,7511450,174,0,"[1, 0]"
371420,7511450,86,0,"[1, 0]"
371420,7511450,42,0,"[1, 0]"
371420,7511450,20,0,"[1, 0]"
371420,7511450,9,0,"[1, 0]"
371420,7511450,4,0,"[1, 0]"
371420,7511450,1,0,"[1, 0]"
371420,7511450,0,0,"[1, 0]"
371420,7511450,2,0,"[0, 1]"
371420,7511450,1,0,"[0, 1]"
371420,7511450,5,0,"[0, 1]"
371420,7511450,6,0,"[0, 1]"
371420,7511450,3,0,"[0, 1]"
371420,7511450,4,0,"[0, 1]"
371420,7511450,7,0,"[0, 1]"
371420,7511450,11,0,"[0, 1]"
371420,7511450,13,0,"[0, 1]"
371420,7511450,14,0,"[0, 1]"
371420,7511450,8,0,"[0, 1]"
371420,7511450,9,0,"[0, 1]"
371420,7511450,22,0,"[0, 1]"
371420,7511450,15,0,"[0, 1]"
371420,7511450,25,0,"[0, 1]"
371420,7511450,16,0,"[0, 1]"
371420,7511450,18,0,"[0, 1]"
371420,7511450,20,0,"[0, 1]"
371420,7511450,27,0,"[0, 1]"
371420,7511450,24,0,"[0, 1]"
371420,7511450,33,0,"[0, 1]"
371420,7511450,50,0,"[0, 1]"
371420,7511450,48,0,"[0, 1]"
371420,7511450,46,0,"[0, 1]"
371420,7511450,41,0,"[0, 1]"
371420,7511450,35,0,"[0, 1]"
371420,7511450,43,0,"[0, 1]"
371420,7511450,53,0,"[0, 1]"
371420,7511450,58,0,"[0, 1]"
371420,7511450,36,0,"[0, 1]"
371420,7511450,88,0,"[0, 1]"
371420,7511450,100,0,"[0, 1]"
371420,7511450,72,0,"[0, 1]"
371420,7511450,121,0,"[0, 1]"
371420,7511450,78,0,"[0, 1]"
371420,7511450,123,0,"[0, 1]"
371420,7511450,79,0,"[0, 1]"
371420,7511450,66,0,"[0, 1]"
371420,7511450,126,0,"[0, 1]"
371420,7511450,119,0,"[0, 1]"
371420,7511450,109,0,"[0, 1]"
371420,7511450,86,0,"[0, 1]"
371420,7511450,132,0,"[0, 1]"
371420,7511450,157,0,"[0, 1]"
371420,7511450,167,0,"[0, 1]"
371420,7511450,205,0,"[0, 1]"
371420,7511450,235,0,"[0, 1]"
371420,7511450,209,0,"[0, 1]"
371420,7511450,222,0,"[0, 1]"
371420,7511450,128,0,"[0, 1]"
371420,7511450,155,0,"[0, 1]"
371420,7511450,206,0,"[0, 1]"
371420,7511450,196,0,"[0, 1]"
371420,7511450,131,0,"[0, 1]"
371420,7511450,254,0,"[0, 1]"
371420,7511450,168,0,"[0, 1]"
371420,7511450,398,0,"[0, 1]"
371420,7511450,357,0,"[0, 1]"
371420,7511450,385,0,"[0, 1]"
371420,7511450,259,0,"[0, 1]"
371420,7511450,498,0,"[0, 1]"
371420,7511450,321,0,"[0, 1]"
371420,7511450,274,0,"[0, 1]"
371420,7511450,356,0,"[0, 1]"
371420,7511450,388,0,"[0, 1]"
371420,7511450,403,0,"[0, 1]"
371420,7511450,280,0,"[0, 1]"
371420,7511450,350,0,"[0, 1]"
371420,7511450,324,0,"[0, 1]"
371420,7511450,265,0,"[0, 1]"
371420,7511450,431,0,"[0, 1]"
371420,7511450,270,0,"[0, 1]"
371420,7511450,1012,0,"[0, 1]"
371420,7511450,527,0,"[0, 1]"
371420,7511450,615,0,"[0, 1]"
371420,7511450,812,0,"[0, 1]"
371420,7511450,719,0,"[0, 1]"
371420,7511450,798,0,"[0, 1]"
371420,7511450,768,0,"[0, 1]"
371420,7511450,787,0,"[0, 1]"
371420,7511450,887,0,"[0, 1]"
371420,7511450,941,0,"[0, 1]"
371420,7511450,927,0,"[0, 1]"
371420,7511450,616,0,"[0, 1]"
371420,7511450,728,0,"[0, 1]"
371420,7511450,662,0,"[0, 1]"
371420,7511450,836,0,"[0, 1]"
371420,7511450,765,0,"[0, 1]"
371420,7511450,944,0,"[0, 1]"
371420,7511450,653,0,"[0, 1]"
371420,7511450,1542,0,"[0, 1]"
371420,7511450,1507,0,"[0, 1]"
371420,7511450,1493,0,"[0, 1]"
371420,7511450,1767,0,"[0, 1]"
371420,7511450,1176,0,"[0, 1]"
371420,7511450,1544,0,"[0, 1]"
371420,7511450,1474,0,"[0, 1]"
371420,7511450,1794,0,"[0, 1]"
371420,7511450,2028,0,"[0, 1]"
371420,7511450,1120,0,"[0, 1]"
371420,7511450,2039,0,"[0, 1]"
371420,7511450,1056,0,"[0, 1]"
371420,7511450,1713,0,"[0, 1]"
371420,7511450,1203,0,"[0, 1]"
371420,7511450,1466,0,"[0, 1]"
371420,7511450,1305,0,"[0, 1]"
371420,7511450,1735,0,"[0, 1]"
371420,7511450,1497,0,"[0, 1]"
371420,7511450,1326,0,"[0, 1]"
371420,7511450,1877,0,"[0, 1]"
371420,7511450,2404,0,"[0, 1]"
371420,7511450,2393,0,"[0, 1]"
371420,7511450,2381,0,"[0, 1]"
371420,7511450,3697,0,"[0, 1]"
371420,7511450,3963,0,"[0, 1]"
371420,7511450,3511,0,"[0, 1]"
371420,7511450,3969,0,"[0, 1]"
371420,7511450,2526,0,"[0, 1]"
371420,7511450,2750,0,"[0, 1]"
371420,7511450,3297,0,"[0, 1]"
371420,7511450,2518,0,"[0, 1]"
371420,7511450,3649,0,"[0, 1]"
371420,7511450,2413,0,"[0, 1]"
371420,7511450,3399,0,"[0, 1]"
371420,7511450,3431,0,"[0, 1]"
371420,7511450,2810,0,"[0, 1]"
371420,7511450,3405,0,"[0, 1]"
371420,7511450,3729,0,"[0, 1]"
371420,7511450,2078,0,"[0, 1]"
371420,7511450,3320,0,"[0, 1]"
371420,7511450,2665,0,"[0, 1]"
371420,7511450,3389,0,"[0, 1]"
371420,7511450,7260660,1,"[0, 1]"
371420,7511450,7348274,1,"[0, 1]"
371420,7511450,7436885,1,"[0, 1]"
371420,7511450,7458120,1,"[0, 1]"
371420,7511450,4447,0,"[0, 1]"
371420,7511450,4994,0,"[0, 1]"
371420,7511450,7341285,1,"[0, 1]"
371420,7511450,2026902,1,"[0, 1]"
371420,7511450,4349,0,"[0, 1]"
371420,7511450,7342150,1,"[0, 1]"
371420,7511450,4817,0,"[0, 1]"
371420,7511450,4721,0,"[0, 1]"
371420,7511450,7543289,1,"[0, 1]"
371420,7511450,7522269,1,"[0, 1]"
371420,7511450,7678537,1,"[0, 1]"
371420,7511450,4765,0,"[0, 1]"
371420,7511450,7434268,1,"[0, 1]"
371420,7511450,7252114,1,"[0, 1]"
371420,7511450,7080589,1,"[0, 1]"
371420,7511450,7259822,1,"[0, 1]"
371420,7511450,4276,0,"[0, 1]"
371420,7511450,7138816,1,"[0, 1]"
371420,7511450,7436481,1,"[0, 1]"
371420,7511450,7623307,1,"[0, 1]"
417664,7511632,7511632,1,"[1, 0]"
417664,7511632,4789,0,"[1, 0]"
417664,7511632,3620,0,"[1, 0]"
417664,7511632,1809,0,"[1, 0]"
417664,7511632,904,0,"[1, 0]"
417664,7511632,451,0,"[1, 0]"
417664,7511632,225,0,"[1, 0]"
417664,7511632,112,0,"[1, 0]"
417664,7511632,55,0,"[1, 0]"
417664,7511632,27,0,"[1, 0]"
417664,7511632,13,0,"[1, 0]"
417664,7511632,6,0,"[1, 0]"
417664,7511632,2,0,"[1, 0]"
417664,7511632,0,0,"[1, 0]"
417664,7511632,1,0,"[0, 1]"
417664,7511632,2,0,"[0, 1]"
417664,7511632,3,0,"[0, 1]"
417664,7511632,6,0,"[0, 1]"
417664,7511632,4,0,"[0, 1]"
417664,7511632,5,0,"[0, 1]"
417664,7511632,9,0,"[0, 1]"
417664,7511632,13,0,"[0, 1]"
417664,7511632,7,0,"[0, 1]"
417664,7511632,11,0,"[0, 1]"
417664,7511632,14,0,"[0, 1]"
417664,7511632,8,0,"[0, 1]"
417664,7511632,21,0,"[0, 1]"
417664,7511632,17,0,"[0, 1]"
417664,7511632,25,0,"[0, 1]"
417664,7511632,16,0,"[0, 1]"
417664,7511632,18,0,"[0, 1]"
417664,7511632,26,0,"[0, 1]"
417664,7511632,30,0,"[0, 1]"
417664,7511632,19,0,"[0, 1]"
417664,7511632,61,0,"[0, 1]"
417664,7511632,49,0,"[0, 1]"
417664,7511632,43,0,"[0, 1]"
417664,7511632,31,0,"[0, 1]"
417664,7511632,37,0,"[0, 1]"
417664,7511632,41,0,"[0, 1]"
417664,7511632,50,0,"[0, 1]"
417664,7511632,54,0,"[0, 1]"
417664,7511632,55,0,"[0, 1]"
417664,7511632,59,0,"[0, 1]"
417664,7511632,103,0,"[0, 1]"
417664,7511632,87,0,"[0, 1]"
417664,7511632,115,0,"[0, 1]"
417664,7511632,116,0,"[0, 1]"
417664,7511632,86,0,"[0, 1]"
417664,7511632,113,0,"[0, 1]"
417664,7511632,89,0,"[0, 1]"
417664,7511632,74,0,"[0, 1]"
417664,7511632,97,0,"[0, 1]"
417664,7511632,108,0,"[0, 1]"
417664,7511632,94,0,"[0, 1]"
417664,7511632,72,0,"[0, 1]"
417664,7511632,242,0,"[0, 1]"
417664,7511632,146,0,"[0, 1]"
417664,7511632,153,0,"[0, 1]"
417664,7511632,190,0,"[0, 1]"
417664,7511632,162,0,"[0, 1]"
417664,7511632,238,0,"[0, 1]"
417664,7511632,187,0,"[0, 1]"
417664,7511632,197,0,"[0, 1]"
417664,7511632,231,0,"[0, 1]"
417664,7511632,207,0,"[0, 1]"
417664,7511632,201,0,"[0, 1]"
417664,7511632,128,0,"[0, 1]"
417664,7511632,169,0,"[0, 1]"
417664,7511632,141,0,"[0, 1]"
417664,7511632,323,0,"[0, 1]"
417664,7511632,367,0,"[0, 1]"
417664,7511632,407,0,"[0, 1]"
417664,7511632,336,0,"[0, 1]"
417664,7511632,375,0,"[0, 1]"
417664,7511632,382,0,"[0, 1]"
417664,7511632,317,0,"[0, 1]"
417664,7511632,306,0,"[0, 1]"
417664,7511632,326,0,"[0, 1]"
417664,7511632,431,0,"[0, 1]"
417664,7511632,285,0,"[0, 1]"
417664,7511632,311,0,"[0, 1]"
417664,7511632,457,0,"[0, 1]"
417664,7511632,495,0,"[0, 1]"
417664,7511632,480,0,"[0, 1]"
417664,7511632,341,0,"[0, 1]"
417664,7511632,1016,0,"[0, 1]"
417664,7511632,708,0,"[0, 1]"
417664,7511632,822,0,"[0, 1]"
417664,7511632,541,0,"[0, 1]"
417664,7511632,757,0,"[0, 1]"
417664,7511632,616,0,"[0, 1]"
417664,7511632,655,0,"[0, 1]"
417664,7511632,968,0,"[0, 1]"
417664,7511632,1005,0,"[0, 1]"
417664,7511632,929,0,"[0, 1]"
417664,7511632,635,0,"[0, 1]"
417664,7511632,867,0,"[0, 1]"
417664,7511632,871,0,"[0, 1]"
417664,7511632,715,0,"[0, 1]"
417664,7511632,685,0,"[0, 1]"
417664,7511632,675,0,"[0, 1]"
417664,7511632,562,0,"[0, 1]"
417664,7511632,544,0,"[0, 1]"
417664,7511632,1197,0,"[0, 1]"
417664,7511632,1580,0,"[0, 1]"
417664,7511632,1930,0,"[0, 1]"
417664,7511632,1694,0,"[0, 1]"
417664,7511632,1380,0,"[0, 1]"
417664,7511632,1560,0,"[0, 1]"
417664,7511632,1531,0,"[0, 1]"
417664,7511632,1931,0,"[0, 1]"
417664,7511632,2040,0,"[0, 1]"
417664,7511632,1996,0,"[0, 1]"
417664,7511632,1224,0,"[0, 1]"
417664,7511632,1029,0,"[0, 1]"
417664,7511632,1042,0,"[0, 1]"
417664,7511632,1222,0,"[0, 1]"
417664,7511632,1687,0,"[0, 1]"
417664,7511632,1516,0,"[0, 1]"
417664,7511632,1800,0,"[0, 1]"
417664,7511632,1323,0,"[0, 1]"
417664,7511632,1078,0,"[0, 1]"
417664,7511632,1309,0,"[0, 1]"
417664,7511632,3591,0,"[0, 1]"
417664,7511632,2664,0,"[0, 1]"
417664,7511632,3622,0,"[0, 1]"
417664,7511632,2411,0,"[0, 1]"
417664,7511632,3969,0,"[0, 1]"
417664,7511632,3146,0,"[0, 1]"
417664,7511632,2492,0,"[0, 1]"
417664,7511632,3175,0,"[0, 1]"
417664,7511632,3050,0,"[0, 1]"
417664,7511632,2220,0,"[0, 1]"
417664,7511632,2341,0,"[0, 1]"
417664,7511632,3319,0,"[0, 1]"
417664,7511632,2295,0,"[0, 1]"
417664,7511632,2860,0,"[0, 1]"
417664,7511632,3433,0,"[0, 1]"
417664,7511632,2903,0,"[0, 1]"
417664,7511632,2230,0,"[0, 1]"
417664,7511632,3795,0,"[0, 1]"
417664,7511632,2597,0,"[0, 1]"
417664,7511632,3832,0,"[0, 1]"
417664,7511632,2180,0,"[0, 1]"
417664,7511632,2839,0,"[0, 1]"
417664,7511632,7255675,1,"[0, 1]"
417664,7511632,7512908,1,"[0, 1]"
417664,7511632,7144521,1,"[0, 1]"
417664,7511632,4337,0,"[0, 1]"
417664,7511632,4788406,1,"[0, 1]"
417664,7511632,7531043,1,"[0, 1]"
417664,7511632,7587115,1,"[0, 1]"
417664,7511632,4374679,1,"[0, 1]"
417664,7511632,502713,1,"[0, 1]"
417664,7511632,7080589,1,"[0, 1]"
417664,7511632,7682492,1,"[0, 1]"
417664,7511632,4500,0,"[0, 1]"
417664,7511632,7588406,1,"[0, 1]"
417664,7511632,7101742,1,"[0, 1]"
417664,7511632,4862,0,"[0, 1]"
417664,7511632,7371677,1,"[0, 1]"
417664,7511632,7597903,1,"[0, 1]"
417664,7511632,7542305,1,"[0, 1]"
417664,7511632,7109677,1,"[0, 1]"
417664,7511632,7083057,1,"[0, 1]"
417664,7511632,7387477,1,"[0, 1]"
417664,7511632,7207616,1,"[0, 1]"
417664,7511632,7402569,1,"[0, 1]"
417664,7511632,7289626,1,"[0, 1]"
417664,7511632,2548558,1,"[0, 1]"
417664,7511632,7279541,1,"[0, 1]"
417664,7511632,7405676,1,"[0, 1]"
417664,7511632,7453550,1,"[0, 1]"
417664,7511632,7347769,1,"[0, 1]"
417664,7511632,7287068,1,"[0, 1]"
417664,7511632,7107910,1,"[0, 1]"
417664,7511632,7535962,1,"[0, 1]"
417664,7511632,2041081,1,"[0, 1]"
417664,7511632,7450295,1,"[0, 1]"
417664,7511632,7214586,1,"[0, 1]"
417664,7511632,3771070,1,"[0, 1]"
417664,7511632,7099522,1,"[0, 1]"
417664,7511632,7318636,1,"[0, 1]"
417664,7511632,7179791,1,"[0, 1]"
417664,7511632,7230751,1,"[0, 1]"
417664,7511632,7240158,1,"[0, 1]"
417664,7511632,7459756,1,"[0, 1]"
417664,7511632,7368866,1,"[0, 1]"
417664,7511632,7148569,1,"[0, 1]"
417664,7511632,7625475,1,"[0, 1]"
417664,7511632,7508786,1,"[0, 1]"
417664,7511632,876066,1,"[0, 1]"
417664,7511632,7410675,1,"[0, 1]"
417664,7511632,7663200,1,"[0, 1]"
417664,7511632,7266132,1,"[0, 1]"
140921,7511875,7511875,1,"[1, 0]"
140921,7511875,3326,0,"[1, 0]"
140921,7511875,1662,0,"[1, 0]"
140921,7511875,830,0,"[1, 0]"
140921,7511875,414,0,"[1, 0]"
140921,7511875,206,0,"[1, 0]"
140921,7511875,102,0,"[1, 0]"
140921,7511875,50,0,"[1, 0]"
140921,7511875,24,0,"[1, 0]"
140921,7511875,11,0,"[1, 0]"
140921,7511875,5,0,"[1, 0]"
140921,7511875,2,0,"[1, 0]"
140921,7511875,0,0,"[1, 0]"
140921,7511875,1,0,"[0, 1]"
140921,7511875,2,0,"[0, 1]"
140921,7511875,6,0,"[0, 1]"
140921,7511875,5,0,"[0, 1]"
140921,7511875,3,0,"[0, 1]"
140921,7511875,4,0,"[0, 1]"
140921,7511875,14,0,"[0, 1]"
140921,7511875,11,0,"[0, 1]"
140921,7511875,9,0,"[0, 1]"
140921,7511875,10,0,"[0, 1]"
140921,7511875,12,0,"[0, 1]"
140921,7511875,7,0,"[0, 1]"
140921,7511875,30,0,"[0, 1]"
140921,7511875,25,0,"[0, 1]"
140921,7511875,18,0,"[0, 1]"
140921,7511875,16,0,"[0, 1]"
140921,7511875,23,0,"[0, 1]"
140921,7511875,19,0,"[0, 1]"
140921,7511875,22,0,"[0, 1]"
140921,7511875,24,0,"[0, 1]"
140921,7511875,45,0,"[0, 1]"
140921,7511875,54,0,"[0, 1]"
140921,7511875,48,0,"[0, 1]"
140921,7511875,61,0,"[0, 1]"
140921,7511875,37,0,"[0, 1]"
140921,7511875,35,0,"[0, 1]"
140921,7511875,39,0,"[0, 1]"
140921,7511875,42,0,"[0, 1]"
140921,7511875,49,0,"[0, 1]"
140921,7511875,58,0,"[0, 1]"
140921,7511875,93,0,"[0, 1]"
140921,7511875,102,0,"[0, 1]"
140921,7511875,63,0,"[0, 1]"
140921,7511875,110,0,"[0, 1]"
140921,7511875,70,0,"[0, 1]"
140921,7511875,95,0,"[0, 1]"
140921,7511875,92,0,"[0, 1]"
140921,7511875,120,0,"[0, 1]"
140921,7511875,108,0,"[0, 1]"
140921,7511875,111,0,"[0, 1]"
140921,7511875,90,0,"[0, 1]"
140921,7511875,86,0,"[0, 1]"
140921,7511875,219,0,"[0, 1]"
140921,7511875,131,0,"[0, 1]"
140921,7511875,193,0,"[0, 1]"
140921,7511875,253,0,"[0, 1]"
140921,7511875,232,0,"[0, 1]"
140921,7511875,195,0,"[0, 1]"
140921,7511875,207,0,"[0, 1]"
140921,7511875,213,0,"[0, 1]"
140921,7511875,140,0,"[0, 1]"
140921,7511875,138,0,"[0, 1]"
140921,7511875,215,0,"[0, 1]"
140921,7511875,201,0,"[0, 1]"
140921,7511875,153,0,"[0, 1]"
140921,7511875,249,0,"[0, 1]"
140921,7511875,413,0,"[0, 1]"
140921,7511875,480,0,"[0, 1]"
140921,7511875,341,0,"[0, 1]"
140921,7511875,393,0,"[0, 1]"
140921,7511875,447,0,"[0, 1]"
140921,7511875,291,0,"[0, 1]"
140921,7511875,424,0,"[0, 1]"
140921,7511875,418,0,"[0, 1]"
140921,7511875,256,0,"[0, 1]"
140921,7511875,311,0,"[0, 1]"
140921,7511875,482,0,"[0, 1]"
140921,7511875,450,0,"[0, 1]"
140921,7511875,473,0,"[0, 1]"
140921,7511875,395,0,"[0, 1]"
140921,7511875,507,0,"[0, 1]"
140921,7511875,300,0,"[0, 1]"
140921,7511875,773,0,"[0, 1]"
140921,7511875,952,0,"[0, 1]"
140921,7511875,967,0,"[0, 1]"
140921,7511875,793,0,"[0, 1]"
140921,7511875,928,0,"[0, 1]"
140921,7511875,736,0,"[0, 1]"
140921,7511875,1016,0,"[0, 1]"
140921,7511875,760,0,"[0, 1]"
140921,7511875,605,0,"[0, 1]"
140921,7511875,1017,0,"[0, 1]"
140921,7511875,658,0,"[0, 1]"
140921,7511875,756,0,"[0, 1]"
140921,7511875,953,0,"[0, 1]"
140921,7511875,825,0,"[0, 1]"
140921,7511875,555,0,"[0, 1]"
140921,7511875,932,0,"[0, 1]"
140921,7511875,844,0,"[0, 1]"
140921,7511875,787,0,"[0, 1]"
140921,7511875,1853,0,"[0, 1]"
140921,7511875,1762,0,"[0, 1]"
140921,7511875,1457,0,"[0, 1]"
140921,7511875,1556,0,"[0, 1]"
140921,7511875,1994,0,"[0, 1]"
140921,7511875,1554,0,"[0, 1]"
140921,7511875,1839,0,"[0, 1]"
140921,7511875,1123,0,"[0, 1]"
140921,7511875,1338,0,"[0, 1]"
140921,7511875,1840,0,"[0, 1]"
140921,7511875,2007,0,"[0, 1]"
140921,7511875,1494,0,"[0, 1]"
140921,7511875,1934,0,"[0, 1]"
140921,7511875,1957,0,"[0, 1]"
140921,7511875,1180,0,"[0, 1]"
140921,7511875,1455,0,"[0, 1]"
140921,7511875,1038,0,"[0, 1]"
140921,7511875,1883,0,"[0, 1]"
140921,7511875,1959,0,"[0, 1]"
140921,7511875,1034,0,"[0, 1]"
140921,7511875,3594,0,"[0, 1]"
140921,7511875,3143,0,"[0, 1]"
140921,7511875,3561,0,"[0, 1]"
140921,7511875,2504,0,"[0, 1]"
140921,7511875,3842,0,"[0, 1]"
140921,7511875,3702,0,"[0, 1]"
140921,7511875,3268,0,"[0, 1]"
140921,7511875,2864,0,"[0, 1]"
140921,7511875,3220,0,"[0, 1]"
140921,7511875,2617,0,"[0, 1]"
140921,7511875,4093,0,"[0, 1]"
140921,7511875,3401,0,"[0, 1]"
140921,7511875,3130,0,"[0, 1]"
140921,7511875,3172,0,"[0, 1]"
140921,7511875,3618,0,"[0, 1]"
140921,7511875,3256,0,"[0, 1]"
140921,7511875,2389,0,"[0, 1]"
140921,7511875,3793,0,"[0, 1]"
140921,7511875,3511,0,"[0, 1]"
140921,7511875,3073,0,"[0, 1]"
140921,7511875,2462,0,"[0, 1]"
140921,7511875,2157,0,"[0, 1]"
140921,7511875,7650375,1,"[0, 1]"
140921,7511875,7453309,1,"[0, 1]"
140921,7511875,4934,0,"[0, 1]"
140921,7511875,7275685,1,"[0, 1]"
140921,7511875,5746718,1,"[0, 1]"
140921,7511875,7108051,1,"[0, 1]"
140921,7511875,4140,0,"[0, 1]"
140921,7511875,7187833,1,"[0, 1]"
140921,7511875,7640235,1,"[0, 1]"
140921,7511875,7516558,1,"[0, 1]"
140921,7511875,7466308,1,"[0, 1]"
140921,7511875,7258744,1,"[0, 1]"
140921,7511875,7648313,1,"[0, 1]"
140921,7511875,7086188,1,"[0, 1]"
140921,7511875,7559349,1,"[0, 1]"
140921,7511875,1091839,1,"[0, 1]"
140921,7511875,4566,0,"[0, 1]"
140921,7511875,7280045,1,"[0, 1]"
140921,7511875,7214212,1,"[0, 1]"
140921,7511875,7130584,1,"[0, 1]"
140921,7511875,7568153,1,"[0, 1]"
140921,7511875,7108258,1,"[0, 1]"
140921,7511875,4229,0,"[0, 1]"
140921,7511875,4652,0,"[0, 1]"
479379,543240,543240,1,"[1, 0]"
479379,543240,2246,0,"[1, 0]"
479379,543240,1122,0,"[1, 0]"
479379,543240,560,0,"[1, 0]"
479379,543240,279,0,"[1, 0]"
479379,543240,139,0,"[1, 0]"
479379,543240,69,0,"[1, 0]"
479379,543240,34,0,"[1, 0]"
479379,543240,16,0,"[1, 0]"
479379,543240,7,0,"[1, 0]"
479379,543240,3,0,"[1, 0]"
479379,543240,1,0,"[1, 0]"
479379,543240,0,0,"[1, 0]"
479379,543240,1,0,"[0, 1]"
479379,543240,2,0,"[0, 1]"
479379,543240,3,0,"[0, 1]"
479379,543240,6,0,"[0, 1]"
479379,543240,5,0,"[0, 1]"
479379,543240,4,0,"[0, 1]"
479379,543240,8,0,"[0, 1]"
479379,543240,13,0,"[0, 1]"
479379,543240,14,0,"[0, 1]"
479379,543240,7,0,"[0, 1]"
479379,543240,10,0,"[0, 1]"
479379,543240,12,0,"[0, 1]"
479379,543240,29,0,"[0, 1]"
479379,543240,30,0,"[0, 1]"
479379,543240,22,0,"[0, 1]"
479379,543240,26,0,"[0, 1]"
479379,543240,28,0,"[0, 1]"
479379,543240,23,0,"[0, 1]"
479379,543240,20,0,"[0, 1]"
479379,543240,25,0,"[0, 1]"
479379,543240,59,0,"[0, 1]"
479379,543240,51,0,"[0, 1]"
479379,543240,34,0,"[0, 1]"
479379,543240,61,0,"[0, 1]"
479379,543240,57,0,"[0, 1]"
479379,543240,56,0,"[0, 1]"
479379,543240,46,0,"[0, 1]"
479379,543240,60,0,"[0, 1]"
479379,543240,62,0,"[0, 1]"
479379,543240,40,0,"[0, 1]"
479379,543240,102,0,"[0, 1]"
479379,543240,87,0,"[0, 1]"
479379,543240,66,0,"[0, 1]"
479379,543240,123,0,"[0, 1]"
479379,543240,63,0,"[0, 1]"
479379,543240,104,0,"[0, 1]"
479379,543240,120,0,"[0, 1]"
479379,543240,96,0,"[0, 1]"
479379,543240,76,0,"[0, 1]"
479379,543240,106,0,"[0, 1]"
479379,543240,124,0,"[0, 1]"
479379,543240,72,0,"[0, 1]"
479379,543240,185,0,"[0, 1]"
479379,543240,204,0,"[0, 1]"
479379,543240,199,0,"[0, 1]"
479379,543240,184,0,"[0, 1]"
479379,543240,158,0,"[0, 1]"
479379,543240,156,0,"[0, 1]"
479379,543240,224,0,"[0, 1]"
479379,543240,228,0,"[0, 1]"
479379,543240,232,0,"[0, 1]"
479379,543240,164,0,"[0, 1]"
479379,543240,132,0,"[0, 1]"
479379,543240,244,0,"[0, 1]"
479379,543240,181,0,"[0, 1]"
479379,543240,166,0,"[0, 1]"
479379,543240,414,0,"[0, 1]"
479379,543240,280,0,"[0, 1]"
479379,543240,283,0,"[0, 1]"
479379,543240,295,0,"[0, 1]"
479379,543240,358,0,"[0, 1]"
479379,543240,386,0,"[0, 1]"
479379,543240,261,0,"[0, 1]"
479379,543240,301,0,"[0, 1]"
479379,543240,356,0,"[0, 1]"
479379,543240,494,0,"[0, 1]"
479379,543240,375,0,"[0, 1]"
479379,543240,370,0,"[0, 1]"
479379,543240,274,0,"[0, 1]"
479379,543240,419,0,"[0, 1]"
479379,543240,314,0,"[0, 1]"
479379,543240,437,0,"[0, 1]"
479379,543240,617,0,"[0, 1]"
479379,543240,648,0,"[0, 1]"
479379,543240,818,0,"[0, 1]"
479379,543240,798,0,"[0, 1]"
479379,543240,1001,0,"[0, 1]"
479379,543240,606,0,"[0, 1]"
479379,543240,692,0,"[0, 1]"
479379,543240,602,0,"[0, 1]"
479379,543240,749,0,"[0, 1]"
479379,543240,823,0,"[0, 1]"
479379,543240,652,0,"[0, 1]"
479379,543240,538,0,"[0, 1]"
479379,543240,821,0,"[0, 1]"
479379,543240,905,0,"[0, 1]"
479379,543240,529,0,"[0, 1]"
479379,543240,774,0,"[0, 1]"
479379,543240,802,0,"[0, 1]"
479379,543240,511,0,"[0, 1]"
479379,543240,1140,0,"[0, 1]"
479379,543240,1799,0,"[0, 1]"
479379,543240,2007,0,"[0, 1]"
479379,543240,1654,0,"[0, 1]"
479379,543240,1709,0,"[0, 1]"
479379,543240,1086,0,"[0, 1]"
479379,543240,2043,0,"[0, 1]"
479379,543240,1955,0,"[0, 1]"
479379,543240,1553,0,"[0, 1]"
479379,543240,1744,0,"[0, 1]"
479379,543240,1910,0,"[0, 1]"
479379,543240,1545,0,"[0, 1]"
479379,543240,1511,0,"[0, 1]"
479379,543240,1879,0,"[0, 1]"
479379,543240,2029,0,"[0, 1]"
479379,543240,1418,0,"[0, 1]"
479379,543240,1330,0,"[0, 1]"
479379,543240,1806,0,"[0, 1]"
479379,543240,2010,0,"[0, 1]"
479379,543240,1747,0,"[0, 1]"
479379,543240,3038,0,"[0, 1]"
479379,543240,3970,0,"[0, 1]"
479379,543240,2073,0,"[0, 1]"
479379,543240,3165,0,"[0, 1]"
479379,543240,2096,0,"[0, 1]"
479379,543240,3366,0,"[0, 1]"
479379,543240,2678,0,"[0, 1]"
479379,543240,3752,0,"[0, 1]"
479379,543240,2552,0,"[0, 1]"
479379,543240,3386,0,"[0, 1]"
479379,543240,3621,0,"[0, 1]"
479379,543240,2980,0,"[0, 1]"
479379,543240,2826,0,"[0, 1]"
479379,543240,2834,0,"[0, 1]"
479379,543240,3073,0,"[0, 1]"
479379,543240,3726,0,"[0, 1]"
479379,543240,2293,0,"[0, 1]"
479379,543240,2799,0,"[0, 1]"
479379,543240,3452,0,"[0, 1]"
479379,543240,2143,0,"[0, 1]"
479379,543240,2727,0,"[0, 1]"
479379,543240,3287,0,"[0, 1]"
479379,543240,4575,0,"[0, 1]"
479379,543240,7618213,1,"[0, 1]"
479379,543240,4291,0,"[0, 1]"
479379,543240,4248,0,"[0, 1]"
479379,543240,7604262,1,"[0, 1]"
479379,543240,7201034,1,"[0, 1]"
479379,543240,7212433,1,"[0, 1]"
479379,543240,7167609,1,"[0, 1]"
479379,543240,7100934,1,"[0, 1]"
479379,543240,7570591,1,"[0, 1]"
479379,543240,7292269,1,"[0, 1]"
479379,543240,4689,0,"[0, 1]"
479379,543240,7495326,1,"[0, 1]"
479379,543240,5279465,1,"[0, 1]"
479379,543240,4572,0,"[0, 1]"
479379,543240,7147037,1,"[0, 1]"
479379,543240,7463008,1,"[0, 1]"
479379,543240,7443091,1,"[0, 1]"
479379,543240,7390861,1,"[0, 1]"
479379,543240,7210744,1,"[0, 1]"
479379,543240,7267611,1,"[0, 1]"
479379,543240,7640483,1,"[0, 1]"
479379,543240,537325,1,"[0, 1]"
479379,543240,7492473,1,"[0, 1]"
592672,7512151,7512151,1,"[1, 0]"
592672,7512151,4967,0,"[1, 0]"
592672,7512151,4026,0,"[1, 0]"
592672,7512151,2012,0,"[1, 0]"
592672,7512151,1005,0,"[1, 0]"
592672,7512151,502,0,"[1, 0]"
592672,7512151,250,0,"[1, 0]"
592672,7512151,124,0,"[1, 0]"
592672,7512151,61,0,"[1, 0]"
592672,7512151,30,0,"[1, 0]"
592672,7512151,14,0,"[1, 0]"
592672,7512151,6,0,"[1, 0]"
592672,7512151,2,0,"[1, 0]"
592672,7512151,0,0,"[1, 0]"
592672,7512151,2,0,"[0, 1]"
592672,7512151,1,0,"[0, 1]"
592672,7512151,3,0,"[0, 1]"
592672,7512151,5,0,"[0, 1]"
592672,7512151,6,0,"[0, 1]"
592672,7512151,4,0,"[0, 1]"
592672,7512151,10,0,"[0, 1]"
592672,7512151,8,0,"[0, 1]"
592672,7512151,14,0,"[0, 1]"
592672,7512151,9,0,"[0, 1]"
592672,7512151,11,0,"[0, 1]"
592672,7512151,13,0,"[0, 1]"
592672,7512151,18,0,"[0, 1]"
592672,7512151,25,0,"[0, 1]"
592672,7512151,19,0,"[0, 1]"
592672,7512151,21,0,"[0, 1]"
592672,7512151,28,0,"[0, 1]"
592672,7512151,24,0,"[0, 1]"
592672,7512151,23,0,"[0, 1]"
592672,7512151,22,0,"[0, 1]"
592672,7512151,35,0,"[0, 1]"
592672,7512151,49,0,"[0, 1]"
592672,7512151,33,0,"[0, 1]"
592672,7512151,31,0,"[0, 1]"
592672,7512151,52,0,"[0, 1]"
592672,7512151,32,0,"[0, 1]"
592672,7512151,37,0,"[0, 1]"
592672,7512151,47,0,"[0, 1]"
592672,7512151,41,0,"[0, 1]"
592672,7512151,60,0,"[0, 1]"
592672,7512151,70,0,"[0, 1]"
592672,7512151,102,0,"[0, 1]"
592672,7512151,63,0,"[0, 1]"
592672,7512151,105,0,"[0, 1]"
592672,7512151,90,0,"[0, 1]"
592672,7512151,78,0,"[0, 1]"
592672,7512151,113,0,"[0, 1]"
592672,7512151,98,0,"[0, 1]"
592672,7512151,110,0,"[0, 1]"
592672,7512151,103,0,"[0, 1]"
592672,7512151,85,0,"[0, 1]"
592672,7512151,77,0,"[0, 1]"
592672,7512151,137,0,"[0, 1]"
592672,7512151,212,0,"[0, 1]"
592672,7512151,146,0,"[0, 1]"
592672,7512151,129,0,"[0, 1]"
592672,7512151,236,0,"[0, 1]"
592672,7512151,172,0,"[0, 1]"
592672,7512151,157,0,"[0, 1]"
592672,7512151,223,0,"[0, 1]"
592672,7512151,178,0,"[0, 1]"
592672,7512151,136,0,"[0, 1]"
592672,7512151,132,0,"[0, 1]"
592672,7512151,217,0,"[0, 1]"
592672,7512151,204,0,"[0, 1]"
592672,7512151,233,0,"[0, 1]"
592672,7512151,495,0,"[0, 1]"
592672,7512151,348,0,"[0, 1]"
592672,7512151,322,0,"[0, 1]"
592672,7512151,414,0,"[0, 1]"
592672,7512151,411,0,"[0, 1]"
592672,7512151,265,0,"[0, 1]"
592672,7512151,316,0,"[0, 1]"
592672,7512151,498,0,"[0, 1]"
592672,7512151,403,0,"[0, 1]"
592672,7512151,273,0,"[0, 1]"
592672,7512151,427,0,"[0, 1]"
592672,7512151,494,0,"[0, 1]"
592672,7512151,384,0,"[0, 1]"
592672,7512151,428,0,"[0, 1]"
592672,7512151,374,0,"[0, 1]"
592672,7512151,477,0,"[0, 1]"
592672,7512151,991,0,"[0, 1]"
592672,7512151,839,0,"[0, 1]"
592672,7512151,860,0,"[0, 1]"
592672,7512151,796,0,"[0, 1]"
592672,7512151,834,0,"[0, 1]"
592672,7512151,762,0,"[0, 1]"
592672,7512151,703,0,"[0, 1]"
592672,7512151,550,0,"[0, 1]"
592672,7512151,961,0,"[0, 1]"
592672,7512151,1000,0,"[0, 1]"
592672,7512151,543,0,"[0, 1]"
592672,7512151,914,0,"[0, 1]"
592672,7512151,588,0,"[0, 1]"
592672,7512151,524,0,"[0, 1]"
592672,7512151,831,0,"[0, 1]"
592672,7512151,955,0,"[0, 1]"
592672,7512151,628,0,"[0, 1]"
592672,7512151,686,0,"[0, 1]"
592672,7512151,1971,0,"[0, 1]"
592672,7512151,1125,0,"[0, 1]"
592672,7512151,1458,0,"[0, 1]"
592672,7512151,1367,0,"[0, 1]"
592672,7512151,1034,0,"[0, 1]"
592672,7512151,2003,0,"[0, 1]"
592672,7512151,1131,0,"[0, 1]"
592672,7512151,1373,0,"[0, 1]"
592672,7512151,1374,0,"[0, 1]"
592672,7512151,1543,0,"[0, 1]"
592672,7512151,1432,0,"[0, 1]"
592672,7512151,1563,0,"[0, 1]"
592672,7512151,1398,0,"[0, 1]"
592672,7512151,1492,0,"[0, 1]"
592672,7512151,1048,0,"[0, 1]"
592672,7512151,1831,0,"[0, 1]"
592672,7512151,1515,0,"[0, 1]"
592672,7512151,1382,0,"[0, 1]"
592672,7512151,1026,0,"[0, 1]"
592672,7512151,1726,0,"[0, 1]"
592672,7512151,2739,0,"[0, 1]"
592672,7512151,2387,0,"[0, 1]"
592672,7512151,2807,0,"[0, 1]"
592672,7512151,2128,0,"[0, 1]"
592672,7512151,3722,0,"[0, 1]"
592672,7512151,3250,0,"[0, 1]"
592672,7512151,2405,0,"[0, 1]"
592672,7512151,2292,0,"[0, 1]"
592672,7512151,2621,0,"[0, 1]"
592672,7512151,3479,0,"[0, 1]"
592672,7512151,3324,0,"[0, 1]"
592672,7512151,2253,0,"[0, 1]"
592672,7512151,3194,0,"[0, 1]"
592672,7512151,2294,0,"[0, 1]"
592672,7512151,3355,0,"[0, 1]"
592672,7512151,2832,0,"[0, 1]"
592672,7512151,2675,0,"[0, 1]"
592672,7512151,2518,0,"[0, 1]"
592672,7512151,4070,0,"[0, 1]"
592672,7512151,2641,0,"[0, 1]"
592672,7512151,3698,0,"[0, 1]"
592672,7512151,2308,0,"[0, 1]"
592672,7512151,4292,0,"[0, 1]"
592672,7512151,4213,0,"[0, 1]"
592672,7512151,7627578,1,"[0, 1]"
592672,7512151,7533374,1,"[0, 1]"
592672,7512151,4181,0,"[0, 1]"
592672,7512151,7689536,1,"[0, 1]"
592672,7512151,7098298,1,"[0, 1]"
592672,7512151,7572293,1,"[0, 1]"
592672,7512151,7288218,1,"[0, 1]"
592672,7512151,7467788,1,"[0, 1]"
592672,7512151,7270971,1,"[0, 1]"
592672,7512151,7643649,1,"[0, 1]"
592672,7512151,7098058,1,"[0, 1]"
592672,7512151,7144671,1,"[0, 1]"
592672,7512151,7143439,1,"[0, 1]"
592672,7512151,7331024,1,"[0, 1]"
592672,7512151,7411800,1,"[0, 1]"
592672,7512151,7262315,1,"[0, 1]"
592672,7512151,7655081,1,"[0, 1]"
592672,7512151,4695,0,"[0, 1]"
592672,7512151,7640068,1,"[0, 1]"
592672,7512151,2527056,1,"[0, 1]"
592672,7512151,7414587,1,"[0, 1]"
592672,7512151,4418,0,"[0, 1]"
592672,7512151,7273542,1,"[0, 1]"
592672,7512151,7378993,1,"[0, 1]"
592672,7512151,1183072,1,"[0, 1]"
592672,7512151,7537962,1,"[0, 1]"
592672,7512151,395796,1,"[0, 1]"
592672,7512151,7078956,1,"[0, 1]"
592672,7512151,7496708,1,"[0, 1]"
592672,7512151,7243486,1,"[0, 1]"
592672,7512151,366294,1,"[0, 1]"
592672,7512151,7170260,1,"[0, 1]"
592672,7512151,7642185,1,"[0, 1]"
592672,7512151,7679623,1,"[0, 1]"
592672,7512151,7141335,1,"[0, 1]"
592672,7512151,7092126,1,"[0, 1]"
592672,7512151,7415306,1,"[0, 1]"
592672,7512151,7459755,1,"[0, 1]"
592672,7512151,7671159,1,"[0, 1]"
592672,7512151,7086510,1,"[0, 1]"
592672,7512151,7288649,1,"[0, 1]"
592672,7512151,7250952,1,"[0, 1]"
592672,7512151,7582932,1,"[0, 1]"
592672,7512151,7608291,1,"[0, 1]"
592672,7512151,7134010,1,"[0, 1]"
592672,7512151,7133887,1,"[0, 1]"
592672,7512151,7499787,1,"[0, 1]"
592672,7512151,7136575,1,"[0, 1]"
493508,7512335,7512335,1,"[1, 0]"
493508,7512335,2237,0,"[1, 0]"
493508,7512335,1118,0,"[1, 0]"
493508,7512335,558,0,"[1, 0]"
493508,7512335,278,0,"[1, 0]"
493508,7512335,138,0,"[1, 0]"
493508,7512335,68,0,"[1, 0]"
493508,7512335,33,0,"[1, 0]"
493508,7512335,16,0,"[1, 0]"
493508,7512335,7,0,"[1, 0]"
493508,7512335,3,0,"[1, 0]"
493508,7512335,1,0,"[1, 0]"
493508,7512335,0,0,"[1, 0]"
493508,7512335,1,0,"[0, 1]"
493508,7512335,2,0,"[0, 1]"
493508,7512335,3,0,"[0, 1]"
493508,7512335,5,0,"[0, 1]"
493508,7512335,4,0,"[0, 1]"
493508,7512335,6,0,"[0, 1]"
493508,7512335,10,0,"[0, 1]"
493508,7512335,11,0,"[0, 1]"
493508,7512335,13,0,"[0, 1]"
493508,7512335,8,0,"[0, 1]"
493508,7512335,9,0,"[0, 1]"
493508,7512335,12,0,"[0, 1]"
493508,7512335,24,0,"[0, 1]"
493508,7512335,18,0,"[0, 1]"
493508,7512335,29,0,"[0, 1]"
493508,7512335,22,0,"[0, 1]"
493508,7512335,23,0,"[0, 1]"
493508,7512335,25,0,"[0, 1]"
493508,7512335,16,0,"[0, 1]"
493508,7512335,27,0,"[0, 1]"
493508,7512335,49,0,"[0, 1]"
493508,7512335,57,0,"[0, 1]"
493508,7512335,41,0,"[0, 1]"
493508,7512335,52,0,"[0, 1]"
493508,7512335,38,0,"[0, 1]"
493508,7512335,50,0,"[0, 1]"
493508,7512335,48,0,"[0, 1]"
493508,7512335,33,0,"[0, 1]"
493508,7512335,35,0,"[0, 1]"
493508,7512335,54,0,"[0, 1]"
493508,7512335,82,0,"[0, 1]"
493508,7512335,76,0,"[0, 1]"
493508,7512335,84,0,"[0, 1]"
493508,7512335,106,0,"[0, 1]"
493508,7512335,85,0,"[0, 1]"
493508,7512335,67,0,"[0, 1]"
493508,7512335,96,0,"[0, 1]"
493508,7512335,70,0,"[0, 1]"
493508,7512335,124,0,"[0, 1]"
493508,7512335,108,0,"[0, 1]"
493508,7512335,111,0,"[0, 1]"
493508,7512335,86,0,"[0, 1]"
493508,7512335,132,0,"[0, 1]"
493508,7512335,210,0,"[0, 1]"
493508,7512335,239,0,"[0, 1]"
493508,7512335,133,0,"[0, 1]"
493508,7512335,214,0,"[0, 1]"
493508,7512335,163,0,"[0, 1]"
493508,7512335,145,0,"[0, 1]"
493508,7512335,229,0,"[0, 1]"
493508,7512335,140,0,"[0, 1]"
493508,7512335,181,0,"[0, 1]"
493508,7512335,244,0,"[0, 1]"
493508,7512335,243,0,"[0, 1]"
493508,7512335,178,0,"[0, 1]"
493508,7512335,241,0,"[0, 1]"
493508,7512335,329,0,"[0, 1]"
493508,7512335,507,0,"[0, 1]"
493508,7512335,463,0,"[0, 1]"
493508,7512335,464,0,"[0, 1]"
493508,7512335,323,0,"[0, 1]"
493508,7512335,310,0,"[0, 1]"
493508,7512335,499,0,"[0, 1]"
493508,7512335,475,0,"[0, 1]"
493508,7512335,387,0,"[0, 1]"
493508,7512335,343,0,"[0, 1]"
493508,7512335,281,0,"[0, 1]"
493508,7512335,430,0,"[0, 1]"
493508,7512335,403,0,"[0, 1]"
493508,7512335,345,0,"[0, 1]"
493508,7512335,315,0,"[0, 1]"
493508,7512335,429,0,"[0, 1]"
493508,7512335,979,0,"[0, 1]"
493508,7512335,756,0,"[0, 1]"
493508,7512335,890,0,"[0, 1]"
493508,7512335,691,0,"[0, 1]"
493508,7512335,558,0,"[0, 1]"
493508,7512335,769,0,"[0, 1]"
493508,7512335,631,0,"[0, 1]"
493508,7512335,528,0,"[0, 1]"
493508,7512335,639,0,"[0, 1]"
493508,7512335,953,0,"[0, 1]"
493508,7512335,642,0,"[0, 1]"
493508,7512335,606,0,"[0, 1]"
493508,7512335,683,0,"[0, 1]"
493508,7512335,635,0,"[0, 1]"
493508,7512335,808,0,"[0, 1]"
493508,7512335,542,0,"[0, 1]"
493508,7512335,736,0,"[0, 1]"
493508,7512335,586,0,"[0, 1]"
493508,7512335,1386,0,"[0, 1]"
493508,7512335,1209,0,"[0, 1]"
493508,7512335,1166,0,"[0, 1]"
493508,7512335,1780,0,"[0, 1]"
493508,7512335,1677,0,"[0, 1]"
493508,7512335,1461,0,"[0, 1]"
493508,7512335,1706,0,"[0, 1]"
493508,7512335,1600,0,"[0, 1]"
493508,7512335,1220,0,"[0, 1]"
493508,7512335,1965,0,"[0, 1]"
493508,7512335,1104,0,"[0, 1]"
493508,7512335,1749,0,"[0, 1]"
493508,7512335,1248,0,"[0, 1]"
493508,7512335,1875,0,"[0, 1]"
493508,7512335,1438,0,"[0, 1]"
493508,7512335,1775,0,"[0, 1]"
493508,7512335,1308,0,"[0, 1]"
493508,7512335,1400,0,"[0, 1]"
493508,7512335,1497,0,"[0, 1]"
493508,7512335,1569,0,"[0, 1]"
493508,7512335,2710,0,"[0, 1]"
493508,7512335,2215,0,"[0, 1]"
493508,7512335,2656,0,"[0, 1]"
493508,7512335,2750,0,"[0, 1]"
493508,7512335,3875,0,"[0, 1]"
493508,7512335,3625,0,"[0, 1]"
493508,7512335,3742,0,"[0, 1]"
493508,7512335,2469,0,"[0, 1]"
493508,7512335,2943,0,"[0, 1]"
493508,7512335,2151,0,"[0, 1]"
493508,7512335,3063,0,"[0, 1]"
493508,7512335,3350,0,"[0, 1]"
493508,7512335,2619,0,"[0, 1]"
493508,7512335,2494,0,"[0, 1]"
493508,7512335,2380,0,"[0, 1]"
493508,7512335,2756,0,"[0, 1]"
493508,7512335,3011,0,"[0, 1]"
493508,7512335,2195,0,"[0, 1]"
493508,7512335,2203,0,"[0, 1]"
493508,7512335,3152,0,"[0, 1]"
493508,7512335,2164,0,"[0, 1]"
493508,7512335,2528,0,"[0, 1]"
493508,7512335,4167,0,"[0, 1]"
493508,7512335,7342775,1,"[0, 1]"
493508,7512335,7079658,1,"[0, 1]"
493508,7512335,4213956,1,"[0, 1]"
493508,7512335,7492473,1,"[0, 1]"
493508,7512335,4922,0,"[0, 1]"
493508,7512335,7671637,1,"[0, 1]"
493508,7512335,1535460,1,"[0, 1]"
493508,7512335,7251254,1,"[0, 1]"
493508,7512335,4846,0,"[0, 1]"
493508,7512335,7314729,1,"[0, 1]"
493508,7512335,7573567,1,"[0, 1]"
493508,7512335,7270789,1,"[0, 1]"
493508,7512335,4311,0,"[0, 1]"
493508,7512335,7082281,1,"[0, 1]"
493508,7512335,7560662,1,"[0, 1]"
493508,7512335,7152839,1,"[0, 1]"
493508,7512335,7635938,1,"[0, 1]"
493508,7512335,7092963,1,"[0, 1]"
493508,7512335,7634370,1,"[0, 1]"
493508,7512335,4850,0,"[0, 1]"
493508,7512335,570021,1,"[0, 1]"
493508,7512335,4128,0,"[0, 1]"
493508,7512335,7237947,1,"[0, 1]"
626701,7512494,7512494,1,"[1, 0]"
626701,7512494,4602,0,"[1, 0]"
626701,7512494,3195,0,"[1, 0]"
626701,7512494,1597,0,"[1, 0]"
626701,7512494,798,0,"[1, 0]"
626701,7512494,398,0,"[1, 0]"
626701,7512494,198,0,"[1, 0]"
626701,7512494,98,0,"[1, 0]"
626701,7512494,48,0,"[1, 0]"
626701,7512494,23,0,"[1, 0]"
626701,7512494,11,0,"[1, 0]"
626701,7512494,5,0,"[1, 0]"
626701,7512494,2,0,"[1, 0]"
626701,7512494,0,0,"[1, 0]"
626701,7512494,1,0,"[0, 1]"
626701,7512494,2,0,"[0, 1]"
626701,7512494,4,0,"[0, 1]"
626701,7512494,6,0,"[0, 1]"
626701,7512494,5,0,"[0, 1]"
626701,7512494,3,0,"[0, 1]"
626701,7512494,9,0,"[0, 1]"
626701,7512494,11,0,"[0, 1]"
626701,7512494,8,0,"[0, 1]"
626701,7512494,13,0,"[0, 1]"
626701,7512494,14,0,"[0, 1]"
626701,7512494,12,0,"[0, 1]"
626701,7512494,24,0,"[0, 1]"
626701,7512494,29,0,"[0, 1]"
626701,7512494,21,0,"[0, 1]"
626701,7512494,20,0,"[0, 1]"
626701,7512494,15,0,"[0, 1]"
626701,7512494,30,0,"[0, 1]"
626701,7512494,22,0,"[0, 1]"
626701,7512494,19,0,"[0, 1]"
626701,7512494,42,0,"[0, 1]"
626701,7512494,55,0,"[0, 1]"
626701,7512494,46,0,"[0, 1]"
626701,7512494,53,0,"[0, 1]"
626701,7512494,45,0,"[0, 1]"
626701,7512494,40,0,"[0, 1]"
626701,7512494,44,0,"[0, 1]"
626701,7512494,41,0,"[0, 1]"
626701,7512494,62,0,"[0, 1]"
626701,7512494,38,0,"[0, 1]"
626701,7512494,75,0,"[0, 1]"
626701,7512494,111,0,"[0, 1]"
626701,7512494,68,0,"[0, 1]"
626701,7512494,109,0,"[0, 1]"
626701,7512494,69,0,"[0, 1]"
626701,7512494,66,0,"[0, 1]"
626701,7512494,84,0,"[0, 1]"
626701,7512494,121,0,"[0, 1]"
626701,7512494,103,0,"[0, 1]"
626701,7512494,93,0,"[0, 1]"
626701,7512494,125,0,"[0, 1]"
626701,7512494,99,0,"[0, 1]"
626701,7512494,176,0,"[0, 1]"
626701,7512494,253,0,"[0, 1]"
626701,7512494,239,0,"[0, 1]"
626701,7512494,180,0,"[0, 1]"
626701,7512494,197,0,"[0, 1]"
626701,7512494,200,0,"[0, 1]"
626701,7512494,141,0,"[0, 1]"
626701,7512494,205,0,"[0, 1]"
626701,7512494,160,0,"[0, 1]"
626701,7512494,151,0,"[0, 1]"
626701,7512494,234,0,"[0, 1]"
626701,7512494,215,0,"[0, 1]"
626701,7512494,128,0,"[0, 1]"
626701,7512494,165,0,"[0, 1]"
626701,7512494,274,0,"[0, 1]"
626701,7512494,443,0,"[0, 1]"
626701,7512494,481,0,"[0, 1]"
626701,7512494,352,0,"[0, 1]"
626701,7512494,455,0,"[0, 1]"
626701,7512494,510,0,"[0, 1]"
626701,7512494,496,0,"[0, 1]"
626701,7512494,338,0,"[0, 1]"
626701,7512494,480,0,"[0, 1]"
626701,7512494,364,0,"[0, 1]"
626701,7512494,378,0,"[0, 1]"
626701,7512494,407,0,"[0, 1]"
626701,7512494,265,0,"[0, 1]"
626701,7512494,319,0,"[0, 1]"
626701,7512494,469,0,"[0, 1]"
626701,7512494,349,0,"[0, 1]"
626701,7512494,922,0,"[0, 1]"
626701,7512494,819,0,"[0, 1]"
626701,7512494,782,0,"[0, 1]"
626701,7512494,852,0,"[0, 1]"
626701,7512494,611,0,"[0, 1]"
626701,7512494,887,0,"[0, 1]"
626701,7512494,825,0,"[0, 1]"
626701,7512494,728,0,"[0, 1]"
626701,7512494,936,0,"[0, 1]"
626701,7512494,574,0,"[0, 1]"
626701,7512494,746,0,"[0, 1]"
626701,7512494,800,0,"[0, 1]"
626701,7512494,695,0,"[0, 1]"
626701,7512494,924,0,"[0, 1]"
626701,7512494,907,0,"[0, 1]"
626701,7512494,1017,0,"[0, 1]"
626701,7512494,741,0,"[0, 1]"
626701,7512494,954,0,"[0, 1]"
626701,7512494,1165,0,"[0, 1]"
626701,7512494,1541,0,"[0, 1]"
626701,7512494,1133,0,"[0, 1]"
626701,7512494,1867,0,"[0, 1]"
626701,7512494,1655,0,"[0, 1]"
626701,7512494,1556,0,"[0, 1]"
626701,7512494,1825,0,"[0, 1]"
626701,7512494,1784,0,"[0, 1]"
626701,7512494,1295,0,"[0, 1]"
626701,7512494,1024,0,"[0, 1]"
626701,7512494,1184,0,"[0, 1]"
626701,7512494,1853,0,"[0, 1]"
626701,7512494,1823,0,"[0, 1]"
626701,7512494,1281,0,"[0, 1]"
626701,7512494,1272,0,"[0, 1]"
626701,7512494,1913,0,"[0, 1]"
626701,7512494,1902,0,"[0, 1]"
626701,7512494,1918,0,"[0, 1]"
626701,7512494,1330,0,"[0, 1]"
626701,7512494,1691,0,"[0, 1]"
626701,7512494,3987,0,"[0, 1]"
626701,7512494,3828,0,"[0, 1]"
626701,7512494,3411,0,"[0, 1]"
626701,7512494,2732,0,"[0, 1]"
626701,7512494,3558,0,"[0, 1]"
626701,7512494,2200,0,"[0, 1]"
626701,7512494,2378,0,"[0, 1]"
626701,7512494,4059,0,"[0, 1]"
626701,7512494,2940,0,"[0, 1]"
626701,7512494,3879,0,"[0, 1]"
626701,7512494,3859,0,"[0, 1]"
626701,7512494,4070,0,"[0, 1]"
626701,7512494,3587,0,"[0, 1]"
626701,7512494,3951,0,"[0, 1]"
626701,7512494,2191,0,"[0, 1]"
626701,7512494,3595,0,"[0, 1]"
626701,7512494,3190,0,"[0, 1]"
626701,7512494,3605,0,"[0, 1]"
626701,7512494,2551,0,"[0, 1]"
626701,7512494,2332,0,"[0, 1]"
626701,7512494,2306,0,"[0, 1]"
626701,7512494,3684,0,"[0, 1]"
626701,7512494,4173,0,"[0, 1]"
626701,7512494,7395044,1,"[0, 1]"
626701,7512494,7601121,1,"[0, 1]"
626701,7512494,7557260,1,"[0, 1]"
626701,7512494,7545517,1,"[0, 1]"
626701,7512494,7327316,1,"[0, 1]"
626701,7512494,1091351,1,"[0, 1]"
626701,7512494,7176952,1,"[0, 1]"
626701,7512494,4697,0,"[0, 1]"
626701,7512494,4520,0,"[0, 1]"
626701,7512494,7636207,1,"[0, 1]"
626701,7512494,6147967,1,"[0, 1]"
626701,7512494,7178665,1,"[0, 1]"
626701,7512494,7307771,1,"[0, 1]"
626701,7512494,4894,0,"[0, 1]"
626701,7512494,4123,0,"[0, 1]"
626701,7512494,4932,0,"[0, 1]"
626701,7512494,7294736,1,"[0, 1]"
626701,7512494,4208,0,"[0, 1]"
626701,7512494,7571873,1,"[0, 1]"
626701,7512494,7285439,1,"[0, 1]"
626701,7512494,4776,0,"[0, 1]"
626701,7512494,7412199,1,"[0, 1]"
626701,7512494,1696122,1,"[0, 1]"
626701,7512494,7262211,1,"[0, 1]"
626701,7512494,7280084,1,"[0, 1]"
626701,7512494,2589472,1,"[0, 1]"
626701,7512494,7372760,1,"[0, 1]"
626701,7512494,1643811,1,"[0, 1]"
626701,7512494,7116282,1,"[0, 1]"
626701,7512494,7314664,1,"[0, 1]"
626701,7512494,7291031,1,"[0, 1]"
626701,7512494,7432445,1,"[0, 1]"
626701,7512494,7373076,1,"[0, 1]"
626701,7512494,7189386,1,"[0, 1]"
626701,7512494,7664456,1,"[0, 1]"
626701,7512494,7582354,1,"[0, 1]"
626701,7512494,7227653,1,"[0, 1]"
626701,7512494,7497274,1,"[0, 1]"
626701,7512494,7649098,1,"[0, 1]"
626701,7512494,7547622,1,"[0, 1]"
626701,7512494,7315319,1,"[0, 1]"
626701,7512494,7592905,1,"[0, 1]"
626701,7512494,7333167,1,"[0, 1]"
626701,7512494,7167846,1,"[0, 1]"
626701,7512494,6034688,1,"[0, 1]"
626701,7512494,7499533,1,"[0, 1]"
626701,7512494,7274778,1,"[0, 1]"
626701,7512494,2219080,1,"[0, 1]"
626701,7512494,7230751,1,"[0, 1]"
640232,7512531,7512531,1,"[1, 0]"
640232,7512531,3133,0,"[1, 0]"
640232,7512531,1566,0,"[1, 0]"
640232,7512531,782,0,"[1, 0]"
640232,7512531,390,0,"[1, 0]"
640232,7512531,194,0,"[1, 0]"
640232,7512531,96,0,"[1, 0]"
640232,7512531,47,0,"[1, 0]"
640232,7512531,23,0,"[1, 0]"
640232,7512531,11,0,"[1, 0]"
640232,7512531,5,0,"[1, 0]"
640232,7512531,2,0,"[1, 0]"
640232,7512531,0,0,"[1, 0]"
640232,7512531,2,0,"[0, 1]"
640232,7512531,1,0,"[0, 1]"
640232,7512531,3,0,"[0, 1]"
640232,7512531,4,0,"[0, 1]"
640232,7512531,5,0,"[0, 1]"
640232,7512531,6,0,"[0, 1]"
640232,7512531,13,0,"[0, 1]"
640232,7512531,10,0,"[0, 1]"
640232,7512531,9,0,"[0, 1]"
640232,7512531,12,0,"[0, 1]"
640232,7512531,14,0,"[0, 1]"
640232,7512531,7,0,"[0, 1]"
640232,7512531,20,0,"[0, 1]"
640232,7512531,30,0,"[0, 1]"
640232,7512531,28,0,"[0, 1]"
640232,7512531,24,0,"[0, 1]"
640232,7512531,26,0,"[0, 1]"
640232,7512531,23,0,"[0, 1]"
640232,7512531,16,0,"[0, 1]"
640232,7512531,27,0,"[0, 1]"
640232,7512531,52,0,"[0, 1]"
640232,7512531,37,0,"[0, 1]"
640232,7512531,59,0,"[0, 1]"
640232,7512531,46,0,"[0, 1]"
640232,7512531,53,0,"[0, 1]"
640232,7512531,55,0,"[0, 1]"
640232,7512531,56,0,"[0, 1]"
640232,7512531,43,0,"[0, 1]"
640232,7512531,47,0,"[0, 1]"
640232,7512531,41,0,"[0, 1]"
640232,7512531,90,0,"[0, 1]"
640232,7512531,113,0,"[0, 1]"
640232,7512531,120,0,"[0, 1]"
640232,7512531,88,0,"[0, 1]"
640232,7512531,115,0,"[0, 1]"
640232,7512531,64,0,"[0, 1]"
640232,7512531,93,0,"[0, 1]"
640232,7512531,75,0,"[0, 1]"
640232,7512531,77,0,"[0, 1]"
640232,7512531,112,0,"[0, 1]"
640232,7512531,111,0,"[0, 1]"
640232,7512531,92,0,"[0, 1]"
640232,7512531,172,0,"[0, 1]"
640232,7512531,248,0,"[0, 1]"
640232,7512531,225,0,"[0, 1]"
640232,7512531,245,0,"[0, 1]"
640232,7512531,164,0,"[0, 1]"
640232,7512531,146,0,"[0, 1]"
640232,7512531,185,0,"[0, 1]"
640232,7512531,238,0,"[0, 1]"
640232,7512531,222,0,"[0, 1]"
640232,7512531,138,0,"[0, 1]"
640232,7512531,130,0,"[0, 1]"
640232,7512531,175,0,"[0, 1]"
640232,7512531,151,0,"[0, 1]"
640232,7512531,181,0,"[0, 1]"
640232,7512531,378,0,"[0, 1]"
640232,7512531,425,0,"[0, 1]"
640232,7512531,389,0,"[0, 1]"
640232,7512531,322,0,"[0, 1]"
640232,7512531,333,0,"[0, 1]"
640232,7512531,305,0,"[0, 1]"
640232,7512531,445,0,"[0, 1]"
640232,7512531,424,0,"[0, 1]"
640232,7512531,314,0,"[0, 1]"
640232,7512531,459,0,"[0, 1]"
640232,7512531,361,0,"[0, 1]"
640232,7512531,285,0,"[0, 1]"
640232,7512531,449,0,"[0, 1]"
640232,7512531,302,0,"[0, 1]"
640232,7512531,342,0,"[0, 1]"
640232,7512531,475,0,"[0, 1]"
640232,7512531,557,0,"[0, 1]"
640232,7512531,743,0,"[0, 1]"
640232,7512531,551,0,"[0, 1]"
640232,7512531,765,0,"[0, 1]"
640232,7512531,858,0,"[0, 1]"
640232,7512531,894,0,"[0, 1]"
640232,7512531,967,0,"[0, 1]"
640232,7512531,652,0,"[0, 1]"
640232,7512531,857,0,"[0, 1]"
640232,7512531,552,0,"[0, 1]"
640232,7512531,804,0,"[0, 1]"
640232,7512531,926,0,"[0, 1]"
640232,7512531,793,0,"[0, 1]"
640232,7512531,845,0,"[0, 1]"
640232,7512531,538,0,"[0, 1]"
640232,7512531,532,0,"[0, 1]"
640232,7512531,985,0,"[0, 1]"
640232,7512531,676,0,"[0, 1]"
640232,7512531,1906,0,"[0, 1]"
640232,7512531,1752,0,"[0, 1]"
640232,7512531,1913,0,"[0, 1]"
640232,7512531,1899,0,"[0, 1]"
640232,7512531,1684,0,"[0, 1]"
640232,7512531,1490,0,"[0, 1]"
640232,7512531,1202,0,"[0, 1]"
640232,7512531,1645,0,"[0, 1]"
640232,7512531,1115,0,"[0, 1]"
640232,7512531,1498,0,"[0, 1]"
640232,7512531,1953,0,"[0, 1]"
640232,7512531,1801,0,"[0, 1]"
640232,7512531,1979,0,"[0, 1]"
640232,7512531,1120,0,"[0, 1]"
640232,7512531,1683,0,"[0, 1]"
640232,7512531,2035,0,"[0, 1]"
640232,7512531,1771,0,"[0, 1]"
640232,7512531,1644,0,"[0, 1]"
640232,7512531,1216,0,"[0, 1]"
640232,7512531,1081,0,"[0, 1]"
640232,7512531,2772,0,"[0, 1]"
640232,7512531,3566,0,"[0, 1]"
640232,7512531,2895,0,"[0, 1]"
640232,7512531,2067,0,"[0, 1]"
640232,7512531,3371,0,"[0, 1]"
640232,7512531,2922,0,"[0, 1]"
640232,7512531,2279,0,"[0, 1]"
640232,7512531,3608,0,"[0, 1]"
640232,7512531,2667,0,"[0, 1]"
640232,7512531,2711,0,"[0, 1]"
640232,7512531,2152,0,"[0, 1]"
640232,7512531,3059,0,"[0, 1]"
640232,7512531,3459,0,"[0, 1]"
640232,7512531,3020,0,"[0, 1]"
640232,7512531,2418,0,"[0, 1]"
640232,7512531,3445,0,"[0, 1]"
640232,7512531,2185,0,"[0, 1]"
640232,7512531,2969,0,"[0, 1]"
640232,7512531,4015,0,"[0, 1]"
640232,7512531,3080,0,"[0, 1]"
640232,7512531,2864,0,"[0, 1]"
640232,7512531,2784,0,"[0, 1]"
640232,7512531,4271,0,"[0, 1]"
640232,7512531,7367066,1,"[0, 1]"
640232,7512531,4526,0,"[0, 1]"
640232,7512531,4307,0,"[0, 1]"
640232,7512531,4791,0,"[0, 1]"
640232,7512531,4756,0,"[0, 1]"
640232,7512531,4992,0,"[0, 1]"
640232,7512531,7235794,1,"[0, 1]"
640232,7512531,4796,0,"[0, 1]"
640232,7512531,7311598,1,"[0, 1]"
640232,7512531,4865,0,"[0, 1]"
640232,7512531,7570414,1,"[0, 1]"
640232,7512531,7252995,1,"[0, 1]"
640232,7512531,7396499,1,"[0, 1]"
640232,7512531,163907,1,"[0, 1]"
640232,7512531,4830,0,"[0, 1]"
640232,7512531,7117096,1,"[0, 1]"
640232,7512531,7241551,1,"[0, 1]"
640232,7512531,4997,0,"[0, 1]"
640232,7512531,4883,0,"[0, 1]"
640232,7512531,7407303,1,"[0, 1]"
640232,7512531,3152590,1,"[0, 1]"
640232,7512531,7308132,1,"[0, 1]"
640232,7512531,3058555,1,"[0, 1]"
545052,907445,907445,1,"[1, 0]"
545052,907445,4207,0,"[1, 0]"
545052,907445,2301,0,"[1, 0]"
545052,907445,1150,0,"[1, 0]"
545052,907445,574,0,"[1, 0]"
545052,907445,286,0,"[1, 0]"
545052,907445,142,0,"[1, 0]"
545052,907445,70,0,"[1, 0]"
545052,907445,34,0,"[1, 0]"
545052,907445,16,0,"[1, 0]"
545052,907445,7,0,"[1, 0]"
545052,907445,3,0,"[1, 0]"
545052,907445,1,0,"[1, 0]"
545052,907445,0,0,"[1, 0]"
545052,907445,1,0,"[0, 1]"
545052,907445,2,0,"[0, 1]"
545052,907445,4,0,"[0, 1]"
545052,907445,5,0,"[0, 1]"
545052,907445,3,0,"[0, 1]"
545052,907445,6,0,"[0, 1]"
545052,907445,14,0,"[0, 1]"
545052,907445,7,0,"[0, 1]"
545052,907445,12,0,"[0, 1]"
545052,907445,13,0,"[0, 1]"
545052,907445,11,0,"[0, 1]"
545052,907445,9,0,"[0, 1]"
545052,907445,30,0,"[0, 1]"
545052,907445,18,0,"[0, 1]"
545052,907445,24,0,"[0, 1]"
545052,907445,27,0,"[0, 1]"
545052,907445,26,0,"[0, 1]"
545052,907445,28,0,"[0, 1]"
545052,907445,17,0,"[0, 1]"
545052,907445,21,0,"[0, 1]"
545052,907445,35,0,"[0, 1]"
545052,907445,40,0,"[0, 1]"
545052,907445,48,0,"[0, 1]"
545052,907445,42,0,"[0, 1]"
545052,907445,41,0,"[0, 1]"
545052,907445,56,0,"[0, 1]"
545052,907445,34,0,"[0, 1]"
545052,907445,55,0,"[0, 1]"
545052,907445,33,0,"[0, 1]"
545052,907445,47,0,"[0, 1]"
545052,907445,118,0,"[0, 1]"
545052,907445,64,0,"[0, 1]"
545052,907445,85,0,"[0, 1]"
545052,907445,112,0,"[0, 1]"
545052,907445,73,0,"[0, 1]"
545052,907445,125,0,"[0, 1]"
545052,907445,117,0,"[0, 1]"
545052,907445,114,0,"[0, 1]"
545052,907445,96,0,"[0, 1]"
545052,907445,126,0,"[0, 1]"
545052,907445,109,0,"[0, 1]"
545052,907445,91,0,"[0, 1]"
545052,907445,147,0,"[0, 1]"
545052,907445,213,0,"[0, 1]"
545052,907445,200,0,"[0, 1]"
545052,907445,223,0,"[0, 1]"
545052,907445,175,0,"[0, 1]"
545052,907445,244,0,"[0, 1]"
545052,907445,249,0,"[0, 1]"
545052,907445,132,0,"[0, 1]"
545052,907445,211,0,"[0, 1]"
545052,907445,212,0,"[0, 1]"
545052,907445,138,0,"[0, 1]"
545052,907445,209,0,"[0, 1]"
545052,907445,176,0,"[0, 1]"
545052,907445,218,0,"[0, 1]"
545052,907445,309,0,"[0, 1]"
545052,907445,449,0,"[0, 1]"
545052,907445,299,0,"[0, 1]"
545052,907445,443,0,"[0, 1]"
545052,907445,360,0,"[0, 1]"
545052,907445,391,0,"[0, 1]"
545052,907445,480,0,"[0, 1]"
545052,907445,440,0,"[0, 1]"
545052,907445,340,0,"[0, 1]"
545052,907445,413,0,"[0, 1]"
545052,907445,471,0,"[0, 1]"
545052,907445,457,0,"[0, 1]"
545052,907445,310,0,"[0, 1]"
545052,907445,357,0,"[0, 1]"
545052,907445,291,0,"[0, 1]"
545052,907445,431,0,"[0, 1]"
545052,907445,598,0,"[0, 1]"
545052,907445,793,0,"[0, 1]"
545052,907445,519,0,"[0, 1]"
545052,907445,592,0,"[0, 1]"
545052,907445,560,0,"[0, 1]"
545052,907445,737,0,"[0, 1]"
545052,907445,660,0,"[0, 1]"
545052,907445,581,0,"[0, 1]"
545052,907445,739,0,"[0, 1]"
545052,907445,789,0,"[0, 1]"
545052,907445,818,0,"[0, 1]"
545052,907445,711,0,"[0, 1]"
545052,907445,707,0,"[0, 1]"
545052,907445,628,0,"[0, 1]"
545052,907445,522,0,"[0, 1]"
545052,907445,856,0,"[0, 1]"
545052,907445,912,0,"[0, 1]"
545052,907445,641,0,"[0, 1]"
545052,907445,1974,0,"[0, 1]"
545052,907445,1397,0,"[0, 1]"
545052,907445,1846,0,"[0, 1]"
545052,907445,1314,0,"[0, 1]"
545052,907445,1954,0,"[0, 1]"
545052,907445,2039,0,"[0, 1]"
545052,907445,1323,0,"[0, 1]"
545052,907445,1726,0,"[0, 1]"
545052,907445,1342,0,"[0, 1]"
545052,907445,1378,0,"[0, 1]"
545052,907445,1137,0,"[0, 1]"
545052,907445,1552,0,"[0, 1]"
545052,907445,1551,0,"[0, 1]"
545052,907445,1727,0,"[0, 1]"
545052,907445,1178,0,"[0, 1]"
545052,907445,1733,0,"[0, 1]"
545052,907445,1769,0,"[0, 1]"
545052,907445,1480,0,"[0, 1]"
545052,907445,1521,0,"[0, 1]"
545052,907445,1778,0,"[0, 1]"
545052,907445,3299,0,"[0, 1]"
545052,907445,2471,0,"[0, 1]"
545052,907445,2885,0,"[0, 1]"
545052,907445,3908,0,"[0, 1]"
545052,907445,3703,0,"[0, 1]"
545052,907445,3853,0,"[0, 1]"
545052,907445,2383,0,"[0, 1]"
545052,907445,3204,0,"[0, 1]"
545052,907445,2914,0,"[0, 1]"
545052,907445,4019,0,"[0, 1]"
545052,907445,3537,0,"[0, 1]"
545052,907445,3724,0,"[0, 1]"
545052,907445,2927,0,"[0, 1]"
545052,907445,3179,0,"[0, 1]"
545052,907445,3737,0,"[0, 1]"
545052,907445,2988,0,"[0, 1]"
545052,907445,3569,0,"[0, 1]"
545052,907445,3824,0,"[0, 1]"
545052,907445,3719,0,"[0, 1]"
545052,907445,2523,0,"[0, 1]"
545052,907445,2257,0,"[0, 1]"
545052,907445,2426,0,"[0, 1]"
545052,907445,7371320,1,"[0, 1]"
545052,907445,7259822,1,"[0, 1]"
545052,907445,4755,0,"[0, 1]"
545052,907445,4552,0,"[0, 1]"
545052,907445,4714,0,"[0, 1]"
545052,907445,4507,0,"[0, 1]"
545052,907445,7143126,1,"[0, 1]"
545052,907445,7095230,1,"[0, 1]"
545052,907445,70468,1,"[0, 1]"
545052,907445,7353071,1,"[0, 1]"
545052,907445,4437,0,"[0, 1]"
545052,907445,7252114,1,"[0, 1]"
545052,907445,7240637,1,"[0, 1]"
545052,907445,7183716,1,"[0, 1]"
545052,907445,2158849,1,"[0, 1]"
545052,907445,7241222,1,"[0, 1]"
545052,907445,7154604,1,"[0, 1]"
545052,907445,7119885,1,"[0, 1]"
545052,907445,7427166,1,"[0, 1]"
545052,907445,1170953,1,"[0, 1]"
545052,907445,7119970,1,"[0, 1]"
545052,907445,7285710,1,"[0, 1]"
545052,907445,7416852,1,"[0, 1]"
545052,907445,7551487,1,"[0, 1]"
545052,907445,7590320,1,"[0, 1]"
545052,907445,7586577,1,"[0, 1]"
545052,907445,4422656,1,"[0, 1]"
545052,907445,7287995,1,"[0, 1]"
545052,907445,7476513,1,"[0, 1]"
545052,907445,7292455,1,"[0, 1]"
545052,907445,7256069,1,"[0, 1]"
545052,907445,7403343,1,"[0, 1]"
545052,907445,2554035,1,"[0, 1]"
545052,907445,7258921,1,"[0, 1]"
545052,907445,7083703,1,"[0, 1]"
545052,907445,1643811,1,"[0, 1]"
545052,907445,7187757,1,"[0, 1]"
545052,907445,7650353,1,"[0, 1]"
545052,907445,7119147,1,"[0, 1]"
545052,907445,7078956,1,"[0, 1]"
545052,907445,2646237,1,"[0, 1]"
545052,907445,7296382,1,"[0, 1]"
545052,907445,7519478,1,"[0, 1]"
545052,907445,7515350,1,"[0, 1]"
545052,907445,7324701,1,"[0, 1]"
545052,907445,7273990,1,"[0, 1]"
545052,907445,2587289,1,"[0, 1]"
545052,907445,7360466,1,"[0, 1]"
545052,907445,7124027,1,"[0, 1]"
545052,907445,7660272,1,"[0, 1]"
638503,7512854,7512854,1,"[1, 0]"
638503,7512854,3186,0,"[1, 0]"
638503,7512854,1592,0,"[1, 0]"
638503,7512854,795,0,"[1, 0]"
638503,7512854,397,0,"[1, 0]"
638503,7512854,198,0,"[1, 0]"
638503,7512854,98,0,"[1, 0]"
638503,7512854,48,0,"[1, 0]"
638503,7512854,23,0,"[1, 0]"
638503,7512854,11,0,"[1, 0]"
638503,7512854,5,0,"[1, 0]"
638503,7512854,2,0,"[1, 0]"
638503,7512854,0,0,"[1, 0]"
638503,7512854,1,0,"[0, 1]"
638503,7512854,2,0,"[0, 1]"
638503,7512854,5,0,"[0, 1]"
638503,7512854,6,0,"[0, 1]"
638503,7512854,3,0,"[0, 1]"
638503,7512854,4,0,"[0, 1]"
638503,7512854,13,0,"[0, 1]"
638503,7512854,10,0,"[0, 1]"
638503,7512854,8,0,"[0, 1]"
638503,7512854,7,0,"[0, 1]"
638503,7512854,12,0,"[0, 1]"
638503,7512854,11,0,"[0, 1]"
638503,7512854,20,0,"[0, 1]"
638503,7512854,25,0,"[0, 1]"
638503,7512854,27,0,"[0, 1]"
638503,7512854,29,0,"[0, 1]"
638503,7512854,21,0,"[0, 1]"
638503,7512854,17,0,"[0, 1]"
638503,7512854,24,0,"[0, 1]"
638503,7512854,19,0,"[0, 1]"
638503,7512854,58,0,"[0, 1]"
638503,7512854,55,0,"[0, 1]"
638503,7512854,57,0,"[0, 1]"
638503,7512854,35,0,"[0, 1]"
638503,7512854,39,0,"[0, 1]"
638503,7512854,40,0,"[0, 1]"
638503,7512854,31,0,"[0, 1]"
638503,7512854,44,0,"[0, 1]"
638503,7512854,45,0,"[0, 1]"
638503,7512854,53,0,"[0, 1]"
638503,7512854,83,0,"[0, 1]"
638503,7512854,111,0,"[0, 1]"
638503,7512854,64,0,"[0, 1]"
638503,7512854,89,0,"[0, 1]"
638503,7512854,94,0,"[0, 1]"
638503,7512854,108,0,"[0, 1]"
638503,7512854,81,0,"[0, 1]"
638503,7512854,115,0,"[0, 1]"
638503,7512854,84,0,"[0, 1]"
638503,7512854,106,0,"[0, 1]"
638503,7512854,102,0,"[0, 1]"
638503,7512854,104,0,"[0, 1]"
638503,7512854,200,0,"[0, 1]"
638503,7512854,159,0,"[0, 1]"
638503,7512854,150,0,"[0, 1]"
638503,7512854,128,0,"[0, 1]"
638503,7512854,254,0,"[0, 1]"
638503,7512854,241,0,"[0, 1]"
638503,7512854,184,0,"[0, 1]"
638503,7512854,220,0,"[0, 1]"
638503,7512854,212,0,"[0, 1]"
638503,7512854,131,0,"[0, 1]"
638503,7512854,225,0,"[0, 1]"
638503,7512854,134,0,"[0, 1]"
638503,7512854,156,0,"[0, 1]"
638503,7512854,253,0,"[0, 1]"
638503,7512854,367,0,"[0, 1]"
638503,7512854,312,0,"[0, 1]"
638503,7512854,356,0,"[0, 1]"
638503,7512854,339,0,"[0, 1]"
638503,7512854,478,0,"[0, 1]"
638503,7512854,457,0,"[0, 1]"
638503,7512854,317,0,"[0, 1]"
638503,7512854,292,0,"[0, 1]"
638503,7512854,375,0,"[0, 1]"
638503,7512854,327,0,"[0, 1]"
638503,7512854,506,0,"[0, 1]"
638503,7512854,299,0,"[0, 1]"
638503,7512854,486,0,"[0, 1]"
638503,7512854,366,0,"[0, 1]"
638503,7512854,332,0,"[0, 1]"
638503,7512854,289,0,"[0, 1]"
638503,7512854,884,0,"[0, 1]"
638503,7512854,923,0,"[0, 1]"
638503,7512854,681,0,"[0, 1]"
638503,7512854,885,0,"[0, 1]"
638503,7512854,723,0,"[0, 1]"
638503,7512854,815,0,"[0, 1]"
638503,7512854,875,0,"[0, 1]"
638503,7512854,973,0,"[0, 1]"
638503,7512854,698,0,"[0, 1]"
638503,7512854,814,0,"[0, 1]"
638503,7512854,858,0,"[0, 1]"
638503,7512854,670,0,"[0, 1]"
638503,7512854,606,0,"[0, 1]"
638503,7512854,821,0,"[0, 1]"
638503,7512854,957,0,"[0, 1]"
638503,7512854,694,0,"[0, 1]"
638503,7512854,847,0,"[0, 1]"
638503,7512854,1001,0,"[0, 1]"
638503,7512854,1827,0,"[0, 1]"
638503,7512854,1847,0,"[0, 1]"
638503,7512854,1601,0,"[0, 1]"
638503,7512854,1324,0,"[0, 1]"
638503,7512854,1142,0,"[0, 1]"
638503,7512854,1658,0,"[0, 1]"
638503,7512854,1845,0,"[0, 1]"
638503,7512854,1641,0,"[0, 1]"
638503,7512854,1320,0,"[0, 1]"
638503,7512854,1555,0,"[0, 1]"
638503,7512854,1419,0,"[0, 1]"
638503,7512854,1619,0,"[0, 1]"
638503,7512854,1178,0,"[0, 1]"
638503,7512854,1296,0,"[0, 1]"
638503,7512854,1793,0,"[0, 1]"
638503,7512854,1487,0,"[0, 1]"
638503,7512854,1101,0,"[0, 1]"
638503,7512854,1719,0,"[0, 1]"
638503,7512854,1401,0,"[0, 1]"
638503,7512854,1909,0,"[0, 1]"
638503,7512854,3814,0,"[0, 1]"
638503,7512854,3023,0,"[0, 1]"
638503,7512854,3377,0,"[0, 1]"
638503,7512854,3267,0,"[0, 1]"
638503,7512854,3669,0,"[0, 1]"
638503,7512854,3043,0,"[0, 1]"
638503,7512854,3795,0,"[0, 1]"
638503,7512854,2596,0,"[0, 1]"
638503,7512854,3820,0,"[0, 1]"
638503,7512854,2134,0,"[0, 1]"
638503,7512854,2881,0,"[0, 1]"
638503,7512854,2258,0,"[0, 1]"
638503,7512854,2380,0,"[0, 1]"
638503,7512854,3356,0,"[0, 1]"
638503,7512854,3619,0,"[0, 1]"
638503,7512854,2742,0,"[0, 1]"
638503,7512854,2813,0,"[0, 1]"
638503,7512854,3712,0,"[0, 1]"
638503,7512854,2186,0,"[0, 1]"
638503,7512854,3203,0,"[0, 1]"
638503,7512854,2494,0,"[0, 1]"
638503,7512854,2533,0,"[0, 1]"
638503,7512854,7459432,1,"[0, 1]"
638503,7512854,4416,0,"[0, 1]"
638503,7512854,7532068,1,"[0, 1]"
638503,7512854,7650375,1,"[0, 1]"
638503,7512854,7556859,1,"[0, 1]"
638503,7512854,7539763,1,"[0, 1]"
638503,7512854,4800,0,"[0, 1]"
638503,7512854,4471,0,"[0, 1]"
638503,7512854,7265279,1,"[0, 1]"
638503,7512854,4913,0,"[0, 1]"
638503,7512854,7551261,1,"[0, 1]"
638503,7512854,7111499,1,"[0, 1]"
638503,7512854,7429501,1,"[0, 1]"
638503,7512854,7574974,1,"[0, 1]"
638503,7512854,4448,0,"[0, 1]"
638503,7512854,7509051,1,"[0, 1]"
638503,7512854,7648313,1,"[0, 1]"
638503,7512854,7339966,1,"[0, 1]"
638503,7512854,4977,0,"[0, 1]"
638503,7512854,7104007,1,"[0, 1]"
638503,7512854,4995,0,"[0, 1]"
638503,7512854,7597855,1,"[0, 1]"
638503,7512854,7632291,1,"[0, 1]"
638503,7512854,7380270,1,"[0, 1]"
724579,7512955,7512955,1,"[1, 0]"
724579,7512955,2268,0,"[1, 0]"
724579,7512955,1133,0,"[1, 0]"
724579,7512955,566,0,"[1, 0]"
724579,7512955,282,0,"[1, 0]"
724579,7512955,140,0,"[1, 0]"
724579,7512955,69,0,"[1, 0]"
724579,7512955,34,0,"[1, 0]"
724579,7512955,16,0,"[1, 0]"
724579,7512955,7,0,"[1, 0]"
724579,7512955,3,0,"[1, 0]"
724579,7512955,1,0,"[1, 0]"
724579,7512955,0,0,"[1, 0]"
724579,7512955,2,0,"[0, 1]"
724579,7512955,1,0,"[0, 1]"
724579,7512955,6,0,"[0, 1]"
724579,7512955,4,0,"[0, 1]"
724579,7512955,3,0,"[0, 1]"
724579,7512955,5,0,"[0, 1]"
724579,7512955,10,0,"[0, 1]"
724579,7512955,13,0,"[0, 1]"
724579,7512955,14,0,"[0, 1]"
724579,7512955,11,0,"[0, 1]"
724579,7512955,8,0,"[0, 1]"
724579,7512955,7,0,"[0, 1]"
724579,7512955,23,0,"[0, 1]"
724579,7512955,26,0,"[0, 1]"
724579,7512955,20,0,"[0, 1]"
724579,7512955,19,0,"[0, 1]"
724579,7512955,22,0,"[0, 1]"
724579,7512955,30,0,"[0, 1]"
724579,7512955,27,0,"[0, 1]"
724579,7512955,21,0,"[0, 1]"
724579,7512955,35,0,"[0, 1]"
724579,7512955,32,0,"[0, 1]"
724579,7512955,33,0,"[0, 1]"
724579,7512955,49,0,"[0, 1]"
724579,7512955,45,0,"[0, 1]"
724579,7512955,37,0,"[0, 1]"
724579,7512955,41,0,"[0, 1]"
724579,7512955,53,0,"[0, 1]"
724579,7512955,62,0,"[0, 1]"
724579,7512955,36,0,"[0, 1]"
724579,7512955,89,0,"[0, 1]"
724579,7512955,69,0,"[0, 1]"
724579,7512955,92,0,"[0, 1]"
724579,7512955,122,0,"[0, 1]"
724579,7512955,98,0,"[0, 1]"
724579,7512955,118,0,"[0, 1]"
724579,7512955,117,0,"[0, 1]"
724579,7512955,78,0,"[0, 1]"
724579,7512955,74,0,"[0, 1]"
724579,7512955,121,0,"[0, 1]"
724579,7512955,68,0,"[0, 1]"
724579,7512955,77,0,"[0, 1]"
724579,7512955,245,0,"[0, 1]"
724579,7512955,229,0,"[0, 1]"
724579,7512955,235,0,"[0, 1]"
724579,7512955,161,0,"[0, 1]"
724579,7512955,201,0,"[0, 1]"
724579,7512955,214,0,"[0, 1]"
724579,7512955,157,0,"[0, 1]"
724579,7512955,187,0,"[0, 1]"
724579,7512955,181,0,"[0, 1]"
724579,7512955,147,0,"[0, 1]"
724579,7512955,226,0,"[0, 1]"
724579,7512955,227,0,"[0, 1]"
724579,7512955,171,0,"[0, 1]"
724579,7512955,198,0,"[0, 1]"
724579,7512955,432,0,"[0, 1]"
724579,7512955,344,0,"[0, 1]"
724579,7512955,457,0,"[0, 1]"
724579,7512955,282,0,"[0, 1]"
724579,7512955,357,0,"[0, 1]"
724579,7512955,426,0,"[0, 1]"
724579,7512955,367,0,"[0, 1]"
724579,7512955,362,0,"[0, 1]"
724579,7512955,323,0,"[0, 1]"
724579,7512955,369,0,"[0, 1]"
724579,7512955,403,0,"[0, 1]"
724579,7512955,292,0,"[0, 1]"
724579,7512955,451,0,"[0, 1]"
724579,7512955,261,0,"[0, 1]"
724579,7512955,375,0,"[0, 1]"
724579,7512955,474,0,"[0, 1]"
724579,7512955,625,0,"[0, 1]"
724579,7512955,655,0,"[0, 1]"
724579,7512955,739,0,"[0, 1]"
724579,7512955,878,0,"[0, 1]"
724579,7512955,973,0,"[0, 1]"
724579,7512955,732,0,"[0, 1]"
724579,7512955,697,0,"[0, 1]"
724579,7512955,828,0,"[0, 1]"
724579,7512955,740,0,"[0, 1]"
724579,7512955,958,0,"[0, 1]"
724579,7512955,724,0,"[0, 1]"
724579,7512955,998,0,"[0, 1]"
724579,7512955,771,0,"[0, 1]"
724579,7512955,584,0,"[0, 1]"
724579,7512955,569,0,"[0, 1]"
724579,7512955,608,0,"[0, 1]"
724579,7512955,953,0,"[0, 1]"
724579,7512955,848,0,"[0, 1]"
724579,7512955,1689,0,"[0, 1]"
724579,7512955,1439,0,"[0, 1]"
724579,7512955,1146,0,"[0, 1]"
724579,7512955,1770,0,"[0, 1]"
724579,7512955,1600,0,"[0, 1]"
724579,7512955,1919,0,"[0, 1]"
724579,7512955,2018,0,"[0, 1]"
724579,7512955,1586,0,"[0, 1]"
724579,7512955,1504,0,"[0, 1]"
724579,7512955,1584,0,"[0, 1]"
724579,7512955,1330,0,"[0, 1]"
724579,7512955,1651,0,"[0, 1]"
724579,7512955,1414,0,"[0, 1]"
724579,7512955,1670,0,"[0, 1]"
724579,7512955,1150,0,"[0, 1]"
724579,7512955,1286,0,"[0, 1]"
724579,7512955,1088,0,"[0, 1]"
724579,7512955,1141,0,"[0, 1]"
724579,7512955,1491,0,"[0, 1]"
724579,7512955,1453,0,"[0, 1]"
724579,7512955,2758,0,"[0, 1]"
724579,7512955,3823,0,"[0, 1]"
724579,7512955,2956,0,"[0, 1]"
724579,7512955,3183,0,"[0, 1]"
724579,7512955,3976,0,"[0, 1]"
724579,7512955,2544,0,"[0, 1]"
724579,7512955,3648,0,"[0, 1]"
724579,7512955,3145,0,"[0, 1]"
724579,7512955,2148,0,"[0, 1]"
724579,7512955,4081,0,"[0, 1]"
724579,7512955,3784,0,"[0, 1]"
724579,7512955,3206,0,"[0, 1]"
724579,7512955,3802,0,"[0, 1]"
724579,7512955,3228,0,"[0, 1]"
724579,7512955,3930,0,"[0, 1]"
724579,7512955,3932,0,"[0, 1]"
724579,7512955,2286,0,"[0, 1]"
724579,7512955,2062,0,"[0, 1]"
724579,7512955,3753,0,"[0, 1]"
724579,7512955,3090,0,"[0, 1]"
724579,7512955,2429,0,"[0, 1]"
724579,7512955,3616,0,"[0, 1]"
724579,7512955,4870,0,"[0, 1]"
724579,7512955,4482,0,"[0, 1]"
724579,7512955,7262777,1,"[0, 1]"
724579,7512955,7287408,1,"[0, 1]"
724579,7512955,703507,1,"[0, 1]"
724579,7512955,7282732,1,"[0, 1]"
724579,7512955,7555704,1,"[0, 1]"
724579,7512955,7279567,1,"[0, 1]"
724579,7512955,7086354,1,"[0, 1]"
724579,7512955,7219885,1,"[0, 1]"
724579,7512955,7591292,1,"[0, 1]"
724579,7512955,7550373,1,"[0, 1]"
724579,7512955,7327861,1,"[0, 1]"
724579,7512955,588235,1,"[0, 1]"
724579,7512955,7368532,1,"[0, 1]"
724579,7512955,7290474,1,"[0, 1]"
724579,7512955,7421597,1,"[0, 1]"
724579,7512955,4386,0,"[0, 1]"
724579,7512955,7573403,1,"[0, 1]"
724579,7512955,7214632,1,"[0, 1]"
724579,7512955,7201036,1,"[0, 1]"
724579,7512955,7276806,1,"[0, 1]"
724579,7512955,7465491,1,"[0, 1]"
724579,7512955,7568903,1,"[0, 1]"
515185,7513338,7513338,1,"[1, 0]"
515185,7513338,3094,0,"[1, 0]"
515185,7513338,1546,0,"[1, 0]"
515185,7513338,772,0,"[1, 0]"
515185,7513338,385,0,"[1, 0]"
515185,7513338,192,0,"[1, 0]"
515185,7513338,95,0,"[1, 0]"
515185,7513338,47,0,"[1, 0]"
515185,7513338,23,0,"[1, 0]"
515185,7513338,11,0,"[1, 0]"
515185,7513338,5,0,"[1, 0]"
515185,7513338,2,0,"[1, 0]"
515185,7513338,0,0,"[1, 0]"
515185,7513338,1,0,"[0, 1]"
515185,7513338,2,0,"[0, 1]"
515185,7513338,6,0,"[0, 1]"
515185,7513338,3,0,"[0, 1]"
515185,7513338,4,0,"[0, 1]"
515185,7513338,5,0,"[0, 1]"
515185,7513338,8,0,"[0, 1]"
515185,7513338,9,0,"[0, 1]"
515185,7513338,7,0,"[0, 1]"
515185,7513338,13,0,"[0, 1]"
515185,7513338,11,0,"[0, 1]"
515185,7513338,14,0,"[0, 1]"
515185,7513338,28,0,"[0, 1]"
515185,7513338,27,0,"[0, 1]"
515185,7513338,26,0,"[0, 1]"
515185,7513338,17,0,"[0, 1]"
515185,7513338,24,0,"[0, 1]"
515185,7513338,16,0,"[0, 1]"
515185,7513338,23,0,"[0, 1]"
515185,7513338,19,0,"[0, 1]"
515185,7513338,38,0,"[0, 1]"
515185,7513338,40,0,"[0, 1]"
515185,7513338,39,0,"[0, 1]"
515185,7513338,41,0,"[0, 1]"
515185,7513338,42,0,"[0, 1]"
515185,7513338,56,0,"[0, 1]"
515185,7513338,54,0,"[0, 1]"
515185,7513338,32,0,"[0, 1]"
515185,7513338,61,0,"[0, 1]"
515185,7513338,53,0,"[0, 1]"
515185,7513338,67,0,"[0, 1]"
515185,7513338,104,0,"[0, 1]"
515185,7513338,110,0,"[0, 1]"
515185,7513338,92,0,"[0, 1]"
515185,7513338,74,0,"[0, 1]"
515185,7513338,63,0,"[0, 1]"
515185,7513338,86,0,"[0, 1]"
515185,7513338,87,0,"[0, 1]"
515185,7513338,114,0,"[0, 1]"
515185,7513338,76,0,"[0, 1]"
515185,7513338,82,0,"[0, 1]"
515185,7513338,70,0,"[0, 1]"
515185,7513338,237,0,"[0, 1]"
515185,7513338,133,0,"[0, 1]"
515185,7513338,244,0,"[0, 1]"
515185,7513338,144,0,"[0, 1]"
515185,7513338,221,0,"[0, 1]"
515185,7513338,217,0,"[0, 1]"
515185,7513338,220,0,"[0, 1]"
515185,7513338,248,0,"[0, 1]"
515185,7513338,170,0,"[0, 1]"
515185,7513338,214,0,"[0, 1]"
515185,7513338,197,0,"[0, 1]"
515185,7513338,181,0,"[0, 1]"
515185,7513338,140,0,"[0, 1]"
515185,7513338,160,0,"[0, 1]"
515185,7513338,449,0,"[0, 1]"
515185,7513338,337,0,"[0, 1]"
515185,7513338,309,0,"[0, 1]"
515185,7513338,436,0,"[0, 1]"
515185,7513338,399,0,"[0, 1]"
515185,7513338,381,0,"[0, 1]"
515185,7513338,459,0,"[0, 1]"
515185,7513338,270,0,"[0, 1]"
515185,7513338,388,0,"[0, 1]"
515185,7513338,287,0,"[0, 1]"
515185,7513338,507,0,"[0, 1]"
515185,7513338,463,0,"[0, 1]"
515185,7513338,332,0,"[0, 1]"
515185,7513338,497,0,"[0, 1]"
515185,7513338,372,0,"[0, 1]"
515185,7513338,329,0,"[0, 1]"
515185,7513338,1017,0,"[0, 1]"
515185,7513338,995,0,"[0, 1]"
515185,7513338,1018,0,"[0, 1]"
515185,7513338,942,0,"[0, 1]"
515185,7513338,635,0,"[0, 1]"
515185,7513338,967,0,"[0, 1]"
515185,7513338,855,0,"[0, 1]"
515185,7513338,840,0,"[0, 1]"
515185,7513338,701,0,"[0, 1]"
515185,7513338,736,0,"[0, 1]"
515185,7513338,649,0,"[0, 1]"
515185,7513338,860,0,"[0, 1]"
515185,7513338,725,0,"[0, 1]"
515185,7513338,880,0,"[0, 1]"
515185,7513338,828,0,"[0, 1]"
515185,7513338,587,0,"[0, 1]"
515185,7513338,968,0,"[0, 1]"
515185,7513338,548,0,"[0, 1]"
515185,7513338,1108,0,"[0, 1]"
515185,7513338,1157,0,"[0, 1]"
515185,7513338,1496,0,"[0, 1]"
515185,7513338,1809,0,"[0, 1]"
515185,7513338,1250,0,"[0, 1]"
515185,7513338,1295,0,"[0, 1]"
515185,7513338,1735,0,"[0, 1]"
515185,7513338,1974,0,"[0, 1]"
515185,7513338,1718,0,"[0, 1]"
515185,7513338,1180,0,"[0, 1]"
515185,7513338,1608,0,"[0, 1]"
515185,7513338,1621,0,"[0, 1]"
515185,7513338,1950,0,"[0, 1]"
515185,7513338,1676,0,"[0, 1]"
515185,7513338,1151,0,"[0, 1]"
515185,7513338,1172,0,"[0, 1]"
515185,7513338,1512,0,"[0, 1]"
515185,7513338,1438,0,"[0, 1]"
515185,7513338,1451,0,"[0, 1]"
515185,7513338,1465,0,"[0, 1]"
515185,7513338,2649,0,"[0, 1]"
515185,7513338,3858,0,"[0, 1]"
515185,7513338,2468,0,"[0, 1]"
515185,7513338,3164,0,"[0, 1]"
515185,7513338,2133,0,"[0, 1]"
515185,7513338,3319,0,"[0, 1]"
515185,7513338,4000,0,"[0, 1]"
515185,7513338,2956,0,"[0, 1]"
515185,7513338,2594,0,"[0, 1]"
515185,7513338,2488,0,"[0, 1]"
515185,7513338,2435,0,"[0, 1]"
515185,7513338,2248,0,"[0, 1]"
515185,7513338,3563,0,"[0, 1]"
515185,7513338,3191,0,"[0, 1]"
515185,7513338,2832,0,"[0, 1]"
515185,7513338,3369,0,"[0, 1]"
515185,7513338,3917,0,"[0, 1]"
515185,7513338,2307,0,"[0, 1]"
515185,7513338,3686,0,"[0, 1]"
515185,7513338,3923,0,"[0, 1]"
515185,7513338,2829,0,"[0, 1]"
515185,7513338,3374,0,"[0, 1]"
515185,7513338,1212500,1,"[0, 1]"
515185,7513338,4720,0,"[0, 1]"
515185,7513338,4300,0,"[0, 1]"
515185,7513338,7625918,1,"[0, 1]"
515185,7513338,7128602,1,"[0, 1]"
515185,7513338,2699347,1,"[0, 1]"
515185,7513338,7179185,1,"[0, 1]"
515185,7513338,7260196,1,"[0, 1]"
515185,7513338,7390692,1,"[0, 1]"
515185,7513338,7636207,1,"[0, 1]"
515185,7513338,7518857,1,"[0, 1]"
515185,7513338,4837,0,"[0, 1]"
515185,7513338,7104678,1,"[0, 1]"
515185,7513338,7559702,1,"[0, 1]"
515185,7513338,4874,0,"[0, 1]"
515185,7513338,7339751,1,"[0, 1]"
515185,7513338,7079067,1,"[0, 1]"
515185,7513338,7299671,1,"[0, 1]"
515185,7513338,7644144,1,"[0, 1]"
515185,7513338,7210316,1,"[0, 1]"
515185,7513338,4491,0,"[0, 1]"
515185,7513338,430598,1,"[0, 1]"
515185,7513338,7656967,1,"[0, 1]"
515185,7513338,7482158,1,"[0, 1]"
437165,7513560,7513560,1,"[1, 0]"
437165,7513560,2398,0,"[1, 0]"
437165,7513560,1198,0,"[1, 0]"
437165,7513560,598,0,"[1, 0]"
437165,7513560,298,0,"[1, 0]"
437165,7513560,148,0,"[1, 0]"
437165,7513560,73,0,"[1, 0]"
437165,7513560,36,0,"[1, 0]"
437165,7513560,17,0,"[1, 0]"
437165,7513560,8,0,"[1, 0]"
437165,7513560,3,0,"[1, 0]"
437165,7513560,1,0,"[1, 0]"
437165,7513560,0,0,"[1, 0]"
437165,7513560,1,0,"[0, 1]"
437165,7513560,2,0,"[0, 1]"
437165,7513560,4,0,"[0, 1]"
437165,7513560,6,0,"[0, 1]"
437165,7513560,3,0,"[0, 1]"
437165,7513560,5,0,"[0, 1]"
437165,7513560,7,0,"[0, 1]"
437165,7513560,11,0,"[0, 1]"
437165,7513560,13,0,"[0, 1]"
437165,7513560,14,0,"[0, 1]"
437165,7513560,12,0,"[0, 1]"
437165,7513560,9,0,"[0, 1]"
437165,7513560,27,0,"[0, 1]"
437165,7513560,30,0,"[0, 1]"
437165,7513560,28,0,"[0, 1]"
437165,7513560,20,0,"[0, 1]"
437165,7513560,23,0,"[0, 1]"
437165,7513560,16,0,"[0, 1]"
437165,7513560,18,0,"[0, 1]"
437165,7513560,29,0,"[0, 1]"
437165,7513560,40,0,"[0, 1]"
437165,7513560,56,0,"[0, 1]"
437165,7513560,37,0,"[0, 1]"
437165,7513560,46,0,"[0, 1]"
437165,7513560,31,0,"[0, 1]"
437165,7513560,43,0,"[0, 1]"
437165,7513560,61,0,"[0, 1]"
437165,7513560,53,0,"[0, 1]"
437165,7513560,49,0,"[0, 1]"
437165,7513560,59,0,"[0, 1]"
437165,7513560,94,0,"[0, 1]"
437165,7513560,76,0,"[0, 1]"
437165,7513560,106,0,"[0, 1]"
437165,7513560,117,0,"[0, 1]"
437165,7513560,79,0,"[0, 1]"
437165,7513560,113,0,"[0, 1]"
437165,7513560,97,0,"[0, 1]"
437165,7513560,111,0,"[0, 1]"
437165,7513560,123,0,"[0, 1]"
437165,7513560,72,0,"[0, 1]"
437165,7513560,105,0,"[0, 1]"
437165,7513560,84,0,"[0, 1]"
437165,7513560,208,0,"[0, 1]"
437165,7513560,227,0,"[0, 1]"
437165,7513560,235,0,"[0, 1]"
437165,7513560,185,0,"[0, 1]"
437165,7513560,167,0,"[0, 1]"
437165,7513560,160,0,"[0, 1]"
437165,7513560,203,0,"[0, 1]"
437165,7513560,130,0,"[0, 1]"
437165,7513560,254,0,"[0, 1]"
437165,7513560,217,0,"[0, 1]"
437165,7513560,201,0,"[0, 1]"
437165,7513560,175,0,"[0, 1]"
437165,7513560,246,0,"[0, 1]"
437165,7513560,220,0,"[0, 1]"
437165,7513560,310,0,"[0, 1]"
437165,7513560,441,0,"[0, 1]"
437165,7513560,296,0,"[0, 1]"
437165,7513560,507,0,"[0, 1]"
437165,7513560,354,0,"[0, 1]"
437165,7513560,504,0,"[0, 1]"
437165,7513560,279,0,"[0, 1]"
437165,7513560,502,0,"[0, 1]"
437165,7513560,374,0,"[0, 1]"
437165,7513560,285,0,"[0, 1]"
437165,7513560,261,0,"[0, 1]"
437165,7513560,382,0,"[0, 1]"
437165,7513560,319,0,"[0, 1]"
437165,7513560,257,0,"[0, 1]"
437165,7513560,505,0,"[0, 1]"
437165,7513560,465,0,"[0, 1]"
437165,7513560,601,0,"[0, 1]"
437165,7513560,986,0,"[0, 1]"
437165,7513560,797,0,"[0, 1]"
437165,7513560,918,0,"[0, 1]"
437165,7513560,951,0,"[0, 1]"
437165,7513560,957,0,"[0, 1]"
437165,7513560,859,0,"[0, 1]"
437165,7513560,732,0,"[0, 1]"
437165,7513560,686,0,"[0, 1]"
437165,7513560,846,0,"[0, 1]"
437165,7513560,552,0,"[0, 1]"
437165,7513560,930,0,"[0, 1]"
437165,7513560,760,0,"[0, 1]"
437165,7513560,768,0,"[0, 1]"
437165,7513560,764,0,"[0, 1]"
437165,7513560,679,0,"[0, 1]"
437165,7513560,798,0,"[0, 1]"
437165,7513560,762,0,"[0, 1]"
437165,7513560,1265,0,"[0, 1]"
437165,7513560,1696,0,"[0, 1]"
437165,7513560,2012,0,"[0, 1]"
437165,7513560,1980,0,"[0, 1]"
437165,7513560,1501,0,"[0, 1]"
437165,7513560,1843,0,"[0, 1]"
437165,7513560,1945,0,"[0, 1]"
437165,7513560,1122,0,"[0, 1]"
437165,7513560,1509,0,"[0, 1]"
437165,7513560,1790,0,"[0, 1]"
437165,7513560,1568,0,"[0, 1]"
437165,7513560,1399,0,"[0, 1]"
437165,7513560,1358,0,"[0, 1]"
437165,7513560,1480,0,"[0, 1]"
437165,7513560,1414,0,"[0, 1]"
437165,7513560,1050,0,"[0, 1]"
437165,7513560,1334,0,"[0, 1]"
437165,7513560,1815,0,"[0, 1]"
437165,7513560,1216,0,"[0, 1]"
437165,7513560,2015,0,"[0, 1]"
437165,7513560,3312,0,"[0, 1]"
437165,7513560,2476,0,"[0, 1]"
437165,7513560,3115,0,"[0, 1]"
437165,7513560,3636,0,"[0, 1]"
437165,7513560,2685,0,"[0, 1]"
437165,7513560,2560,0,"[0, 1]"
437165,7513560,2362,0,"[0, 1]"
437165,7513560,3793,0,"[0, 1]"
437165,7513560,3919,0,"[0, 1]"
437165,7513560,3019,0,"[0, 1]"
437165,7513560,3602,0,"[0, 1]"
437165,7513560,2074,0,"[0, 1]"
437165,7513560,2974,0,"[0, 1]"
437165,7513560,2526,0,"[0, 1]"
437165,7513560,2057,0,"[0, 1]"
437165,7513560,3024,0,"[0, 1]"
437165,7513560,3151,0,"[0, 1]"
437165,7513560,3185,0,"[0, 1]"
437165,7513560,2672,0,"[0, 1]"
437165,7513560,3912,0,"[0, 1]"
437165,7513560,2153,0,"[0, 1]"
437165,7513560,3526,0,"[0, 1]"
437165,7513560,4754,0,"[0, 1]"
437165,7513560,691855,1,"[0, 1]"
437165,7513560,4419,0,"[0, 1]"
437165,7513560,4264,0,"[0, 1]"
437165,7513560,7597032,1,"[0, 1]"
437165,7513560,7283909,1,"[0, 1]"
437165,7513560,7307771,1,"[0, 1]"
437165,7513560,4205,0,"[0, 1]"
437165,7513560,7457675,1,"[0, 1]"
437165,7513560,4745,0,"[0, 1]"
437165,7513560,7263157,1,"[0, 1]"
437165,7513560,7076058,1,"[0, 1]"
437165,7513560,7387266,1,"[0, 1]"
437165,7513560,7255880,1,"[0, 1]"
437165,7513560,7092272,1,"[0, 1]"
437165,7513560,7420141,1,"[0, 1]"
437165,7513560,4378,0,"[0, 1]"
437165,7513560,7070556,1,"[0, 1]"
437165,7513560,2587770,1,"[0, 1]"
437165,7513560,7247204,1,"[0, 1]"
437165,7513560,7284401,1,"[0, 1]"
437165,7513560,4944,0,"[0, 1]"
437165,7513560,7248353,1,"[0, 1]"
437165,7513560,7246062,1,"[0, 1]"
352236,330839,330839,1,"[1, 0]"
352236,330839,3685,0,"[1, 0]"
352236,330839,1842,0,"[1, 0]"
352236,330839,920,0,"[1, 0]"
352236,330839,459,0,"[1, 0]"
352236,330839,229,0,"[1, 0]"
352236,330839,114,0,"[1, 0]"
352236,330839,56,0,"[1, 0]"
352236,330839,27,0,"[1, 0]"
352236,330839,13,0,"[1, 0]"
352236,330839,6,0,"[1, 0]"
352236,330839,2,0,"[1, 0]"
352236,330839,0,0,"[1, 0]"
352236,330839,2,0,"[0, 1]"
352236,330839,1,0,"[0, 1]"
352236,330839,5,0,"[0, 1]"
352236,330839,3,0,"[0, 1]"
352236,330839,4,0,"[0, 1]"
352236,330839,6,0,"[0, 1]"
352236,330839,12,0,"[0, 1]"
352236,330839,9,0,"[0, 1]"
352236,330839,8,0,"[0, 1]"
352236,330839,14,0,"[0, 1]"
352236,330839,10,0,"[0, 1]"
352236,330839,7,0,"[0, 1]"
352236,330839,20,0,"[0, 1]"
352236,330839,21,0,"[0, 1]"
352236,330839,29,0,"[0, 1]"
352236,330839,30,0,"[0, 1]"
352236,330839,27,0,"[0, 1]"
352236,330839,16,0,"[0, 1]"
352236,330839,15,0,"[0, 1]"
352236,330839,28,0,"[0, 1]"
352236,330839,52,0,"[0, 1]"
352236,330839,53,0,"[0, 1]"
352236,330839,51,0,"[0, 1]"
352236,330839,34,0,"[0, 1]"
352236,330839,47,0,"[0, 1]"
352236,330839,60,0,"[0, 1]"
352236,330839,56,0,"[0, 1]"
352236,330839,58,0,"[0, 1]"
352236,330839,35,0,"[0, 1]"
352236,330839,50,0,"[0, 1]"
352236,330839,65,0,"[0, 1]"
352236,330839,108,0,"[0, 1]"
352236,330839,71,0,"[0, 1]"
352236,330839,96,0,"[0, 1]"
352236,330839,72,0,"[0, 1]"
352236,330839,112,0,"[0, 1]"
352236,330839,107,0,"[0, 1]"
352236,330839,115,0,"[0, 1]"
352236,330839,85,0,"[0, 1]"
352236,330839,124,0,"[0, 1]"
352236,330839,88,0,"[0, 1]"
352236,330839,104,0,"[0, 1]"
352236,330839,212,0,"[0, 1]"
352236,330839,245,0,"[0, 1]"
352236,330839,193,0,"[0, 1]"
352236,330839,249,0,"[0, 1]"
352236,330839,190,0,"[0, 1]"
352236,330839,234,0,"[0, 1]"
352236,330839,210,0,"[0, 1]"
352236,330839,161,0,"[0, 1]"
352236,330839,160,0,"[0, 1]"
352236,330839,133,0,"[0, 1]"
352236,330839,233,0,"[0, 1]"
352236,330839,220,0,"[0, 1]"
352236,330839,218,0,"[0, 1]"
352236,330839,135,0,"[0, 1]"
352236,330839,310,0,"[0, 1]"
352236,330839,400,0,"[0, 1]"
352236,330839,293,0,"[0, 1]"
352236,330839,450,0,"[0, 1]"
352236,330839,491,0,"[0, 1]"
352236,330839,279,0,"[0, 1]"
352236,330839,379,0,"[0, 1]"
352236,330839,469,0,"[0, 1]"
352236,330839,424,0,"[0, 1]"
352236,330839,464,0,"[0, 1]"
352236,330839,283,0,"[0, 1]"
352236,330839,404,0,"[0, 1]"
352236,330839,343,0,"[0, 1]"
352236,330839,420,0,"[0, 1]"
352236,330839,467,0,"[0, 1]"
352236,330839,282,0,"[0, 1]"
352236,330839,563,0,"[0, 1]"
352236,330839,848,0,"[0, 1]"
352236,330839,525,0,"[0, 1]"
352236,330839,519,0,"[0, 1]"
352236,330839,953,0,"[0, 1]"
352236,330839,832,0,"[0, 1]"
352236,330839,730,0,"[0, 1]"
352236,330839,928,0,"[0, 1]"
352236,330839,951,0,"[0, 1]"
352236,330839,635,0,"[0, 1]"
352236,330839,777,0,"[0, 1]"
352236,330839,731,0,"[0, 1]"
352236,330839,812,0,"[0, 1]"
352236,330839,936,0,"[0, 1]"
352236,330839,1009,0,"[0, 1]"
352236,330839,802,0,"[0, 1]"
352236,330839,926,0,"[0, 1]"
352236,330839,709,0,"[0, 1]"
352236,330839,1481,0,"[0, 1]"
352236,330839,1535,0,"[0, 1]"
352236,330839,1286,0,"[0, 1]"
352236,330839,1882,0,"[0, 1]"
352236,330839,1875,0,"[0, 1]"
352236,330839,1530,0,"[0, 1]"
352236,330839,1753,0,"[0, 1]"
352236,330839,1192,0,"[0, 1]"
352236,330839,1042,0,"[0, 1]"
352236,330839,1672,0,"[0, 1]"
352236,330839,2015,0,"[0, 1]"
352236,330839,1557,0,"[0, 1]"
352236,330839,1993,0,"[0, 1]"
352236,330839,1273,0,"[0, 1]"
352236,330839,1383,0,"[0, 1]"
352236,330839,1410,0,"[0, 1]"
352236,330839,1487,0,"[0, 1]"
352236,330839,2036,0,"[0, 1]"
352236,330839,1076,0,"[0, 1]"
352236,330839,1472,0,"[0, 1]"
352236,330839,3814,0,"[0, 1]"
352236,330839,3573,0,"[0, 1]"
352236,330839,3820,0,"[0, 1]"
352236,330839,2656,0,"[0, 1]"
352236,330839,2971,0,"[0, 1]"
352236,330839,3767,0,"[0, 1]"
352236,330839,3196,0,"[0, 1]"
352236,330839,3611,0,"[0, 1]"
352236,330839,2583,0,"[0, 1]"
352236,330839,2270,0,"[0, 1]"
352236,330839,2373,0,"[0, 1]"
352236,330839,3540,0,"[0, 1]"
352236,330839,2766,0,"[0, 1]"
352236,330839,2154,0,"[0, 1]"
352236,330839,2533,0,"[0, 1]"
352236,330839,2863,0,"[0, 1]"
352236,330839,3618,0,"[0, 1]"
352236,330839,3315,0,"[0, 1]"
352236,330839,3999,0,"[0, 1]"
352236,330839,2320,0,"[0, 1]"
352236,330839,2933,0,"[0, 1]"
352236,330839,2865,0,"[0, 1]"
352236,330839,7148624,1,"[0, 1]"
352236,330839,7259552,1,"[0, 1]"
352236,330839,7110552,1,"[0, 1]"
352236,330839,7301412,1,"[0, 1]"
352236,330839,7359307,1,"[0, 1]"
352236,330839,7239631,1,"[0, 1]"
352236,330839,7266960,1,"[0, 1]"
352236,330839,4993,0,"[0, 1]"
352236,330839,7557471,1,"[0, 1]"
352236,330839,7083545,1,"[0, 1]"
352236,330839,7466202,1,"[0, 1]"
352236,330839,4529,0,"[0, 1]"
352236,330839,7551078,1,"[0, 1]"
352236,330839,7556014,1,"[0, 1]"
352236,330839,7292269,1,"[0, 1]"
352236,330839,7519784,1,"[0, 1]"
352236,330839,4634,0,"[0, 1]"
352236,330839,4869,0,"[0, 1]"
352236,330839,4671299,1,"[0, 1]"
352236,330839,7222752,1,"[0, 1]"
352236,330839,7539763,1,"[0, 1]"
352236,330839,7451295,1,"[0, 1]"
352236,330839,1554660,1,"[0, 1]"
352236,330839,7528547,1,"[0, 1]"
661028,7513792,7513792,1,"[1, 0]"
661028,7513792,3677,0,"[1, 0]"
661028,7513792,1838,0,"[1, 0]"
661028,7513792,918,0,"[1, 0]"
661028,7513792,458,0,"[1, 0]"
661028,7513792,228,0,"[1, 0]"
661028,7513792,113,0,"[1, 0]"
661028,7513792,56,0,"[1, 0]"
661028,7513792,27,0,"[1, 0]"
661028,7513792,13,0,"[1, 0]"
661028,7513792,6,0,"[1, 0]"
661028,7513792,2,0,"[1, 0]"
661028,7513792,0,0,"[1, 0]"
661028,7513792,2,0,"[0, 1]"
661028,7513792,1,0,"[0, 1]"
661028,7513792,4,0,"[0, 1]"
661028,7513792,6,0,"[0, 1]"
661028,7513792,5,0,"[0, 1]"
661028,7513792,3,0,"[0, 1]"
661028,7513792,7,0,"[0, 1]"
661028,7513792,8,0,"[0, 1]"
661028,7513792,14,0,"[0, 1]"
661028,7513792,12,0,"[0, 1]"
661028,7513792,10,0,"[0, 1]"
661028,7513792,9,0,"[0, 1]"
661028,7513792,17,0,"[0, 1]"
661028,7513792,24,0,"[0, 1]"
661028,7513792,16,0,"[0, 1]"
661028,7513792,15,0,"[0, 1]"
661028,7513792,30,0,"[0, 1]"
661028,7513792,23,0,"[0, 1]"
661028,7513792,27,0,"[0, 1]"
661028,7513792,28,0,"[0, 1]"
661028,7513792,59,0,"[0, 1]"
661028,7513792,42,0,"[0, 1]"
661028,7513792,48,0,"[0, 1]"
661028,7513792,53,0,"[0, 1]"
661028,7513792,43,0,"[0, 1]"
661028,7513792,55,0,"[0, 1]"
661028,7513792,49,0,"[0, 1]"
661028,7513792,41,0,"[0, 1]"
661028,7513792,44,0,"[0, 1]"
661028,7513792,46,0,"[0, 1]"
661028,7513792,84,0,"[0, 1]"
661028,7513792,76,0,"[0, 1]"
661028,7513792,99,0,"[0, 1]"
661028,7513792,106,0,"[0, 1]"
661028,7513792,119,0,"[0, 1]"
661028,7513792,95,0,"[0, 1]"
661028,7513792,72,0,"[0, 1]"
661028,7513792,75,0,"[0, 1]"
661028,7513792,94,0,"[0, 1]"
661028,7513792,85,0,"[0, 1]"
661028,7513792,114,0,"[0, 1]"
661028,7513792,121,0,"[0, 1]"
661028,7513792,181,0,"[0, 1]"
661028,7513792,251,0,"[0, 1]"
661028,7513792,177,0,"[0, 1]"
661028,7513792,216,0,"[0, 1]"
661028,7513792,175,0,"[0, 1]"
661028,7513792,252,0,"[0, 1]"
661028,7513792,158,0,"[0, 1]"
661028,7513792,212,0,"[0, 1]"
661028,7513792,151,0,"[0, 1]"
661028,7513792,210,0,"[0, 1]"
661028,7513792,231,0,"[0, 1]"
661028,7513792,225,0,"[0, 1]"
661028,7513792,145,0,"[0, 1]"
661028,7513792,132,0,"[0, 1]"
661028,7513792,476,0,"[0, 1]"
661028,7513792,411,0,"[0, 1]"
661028,7513792,341,0,"[0, 1]"
661028,7513792,428,0,"[0, 1]"
661028,7513792,259,0,"[0, 1]"
661028,7513792,494,0,"[0, 1]"
661028,7513792,457,0,"[0, 1]"
661028,7513792,335,0,"[0, 1]"
661028,7513792,460,0,"[0, 1]"
661028,7513792,374,0,"[0, 1]"
661028,7513792,443,0,"[0, 1]"
661028,7513792,309,0,"[0, 1]"
661028,7513792,308,0,"[0, 1]"
661028,7513792,274,0,"[0, 1]"
661028,7513792,448,0,"[0, 1]"
661028,7513792,481,0,"[0, 1]"
661028,7513792,534,0,"[0, 1]"
661028,7513792,727,0,"[0, 1]"
661028,7513792,824,0,"[0, 1]"
661028,7513792,572,0,"[0, 1]"
661028,7513792,827,0,"[0, 1]"
661028,7513792,581,0,"[0, 1]"
661028,7513792,692,0,"[0, 1]"
661028,7513792,968,0,"[0, 1]"
661028,7513792,660,0,"[0, 1]"
661028,7513792,627,0,"[0, 1]"
661028,7513792,864,0,"[0, 1]"
661028,7513792,929,0,"[0, 1]"
661028,7513792,809,0,"[0, 1]"
661028,7513792,620,0,"[0, 1]"
661028,7513792,971,0,"[0, 1]"
661028,7513792,1009,0,"[0, 1]"
661028,7513792,616,0,"[0, 1]"
661028,7513792,858,0,"[0, 1]"
661028,7513792,1397,0,"[0, 1]"
661028,7513792,1530,0,"[0, 1]"
661028,7513792,1978,0,"[0, 1]"
661028,7513792,1201,0,"[0, 1]"
661028,7513792,1657,0,"[0, 1]"
661028,7513792,1459,0,"[0, 1]"
661028,7513792,1222,0,"[0, 1]"
661028,7513792,1250,0,"[0, 1]"
661028,7513792,1136,0,"[0, 1]"
661028,7513792,1478,0,"[0, 1]"
661028,7513792,1254,0,"[0, 1]"
661028,7513792,1501,0,"[0, 1]"
661028,7513792,1302,0,"[0, 1]"
661028,7513792,1039,0,"[0, 1]"
661028,7513792,1351,0,"[0, 1]"
661028,7513792,1416,0,"[0, 1]"
661028,7513792,1896,0,"[0, 1]"
661028,7513792,2002,0,"[0, 1]"
661028,7513792,1385,0,"[0, 1]"
661028,7513792,1311,0,"[0, 1]"
661028,7513792,3079,0,"[0, 1]"
661028,7513792,3571,0,"[0, 1]"
661028,7513792,2598,0,"[0, 1]"
661028,7513792,2719,0,"[0, 1]"
661028,7513792,3380,0,"[0, 1]"
661028,7513792,3864,0,"[0, 1]"
661028,7513792,2361,0,"[0, 1]"
661028,7513792,3707,0,"[0, 1]"
661028,7513792,3240,0,"[0, 1]"
661028,7513792,2745,0,"[0, 1]"
661028,7513792,2631,0,"[0, 1]"
661028,7513792,2930,0,"[0, 1]"
661028,7513792,3658,0,"[0, 1]"
661028,7513792,2772,0,"[0, 1]"
661028,7513792,3730,0,"[0, 1]"
661028,7513792,2435,0,"[0, 1]"
661028,7513792,4063,0,"[0, 1]"
661028,7513792,2878,0,"[0, 1]"
661028,7513792,3161,0,"[0, 1]"
661028,7513792,2182,0,"[0, 1]"
661028,7513792,3706,0,"[0, 1]"
661028,7513792,3257,0,"[0, 1]"
661028,7513792,7179733,1,"[0, 1]"
661028,7513792,4685,0,"[0, 1]"
661028,7513792,7227711,1,"[0, 1]"
661028,7513792,4581,0,"[0, 1]"
661028,7513792,7119970,1,"[0, 1]"
661028,7513792,4326,0,"[0, 1]"
661028,7513792,101026,1,"[0, 1]"
661028,7513792,7172447,1,"[0, 1]"
661028,7513792,7556014,1,"[0, 1]"
661028,7513792,7156447,1,"[0, 1]"
661028,7513792,7581740,1,"[0, 1]"
661028,7513792,7392836,1,"[0, 1]"
661028,7513792,4324,0,"[0, 1]"
661028,7513792,7089522,1,"[0, 1]"
661028,7513792,4811,0,"[0, 1]"
661028,7513792,4384,0,"[0, 1]"
661028,7513792,7401471,1,"[0, 1]"
661028,7513792,7518300,1,"[0, 1]"
661028,7513792,2026902,1,"[0, 1]"
661028,7513792,7372511,1,"[0, 1]"
661028,7513792,7090963,1,"[0, 1]"
661028,7513792,7155493,1,"[0, 1]"
661028,7513792,7199352,1,"[0, 1]"
661028,7513792,7129583,1,"[0, 1]"
636929,7513834,7513834,1,"[1, 0]"
636929,7513834,3095,0,"[1, 0]"
636929,7513834,1547,0,"[1, 0]"
636929,7513834,773,0,"[1, 0]"
636929,7513834,386,0,"[1, 0]"
636929,7513834,192,0,"[1, 0]"
636929,7513834,95,0,"[1, 0]"
636929,7513834,47,0,"[1, 0]"
636929,7513834,23,0,"[1, 0]"
636929,7513834,11,0,"[1, 0]"
636929,7513834,5,0,"[1, 0]"
636929,7513834,2,0,"[1, 0]"
636929,7513834,0,0,"[1, 0]"
636929,7513834,1,0,"[0, 1]"
636929,7513834,2,0,"[0, 1]"
636929,7513834,6,0,"[0, 1]"
636929,7513834,5,0,"[0, 1]"
636929,7513834,3,0,"[0, 1]"
636929,7513834,4,0,"[0, 1]"
636929,7513834,9,0,"[0, 1]"
636929,7513834,8,0,"[0, 1]"
636929,7513834,7,0,"[0, 1]"
636929,7513834,13,0,"[0, 1]"
636929,7513834,11,0,"[0, 1]"
636929,7513834,12,0,"[0, 1]"
636929,7513834,26,0,"[0, 1]"
636929,7513834,21,0,"[0, 1]"
636929,7513834,20,0,"[0, 1]"
636929,7513834,27,0,"[0, 1]"
636929,7513834,24,0,"[0, 1]"
636929,7513834,30,0,"[0, 1]"
636929,7513834,16,0,"[0, 1]"
636929,7513834,17,0,"[0, 1]"
636929,7513834,43,0,"[0, 1]"
636929,7513834,46,0,"[0, 1]"
636929,7513834,62,0,"[0, 1]"
636929,7513834,33,0,"[0, 1]"
636929,7513834,35,0,"[0, 1]"
636929,7513834,32,0,"[0, 1]"
636929,7513834,39,0,"[0, 1]"
636929,7513834,38,0,"[0, 1]"
636929,7513834,52,0,"[0, 1]"
636929,7513834,50,0,"[0, 1]"
636929,7513834,108,0,"[0, 1]"
636929,7513834,83,0,"[0, 1]"
636929,7513834,100,0,"[0, 1]"
636929,7513834,111,0,"[0, 1]"
636929,7513834,75,0,"[0, 1]"
636929,7513834,117,0,"[0, 1]"
636929,7513834,63,0,"[0, 1]"
636929,7513834,74,0,"[0, 1]"
636929,7513834,114,0,"[0, 1]"
636929,7513834,77,0,"[0, 1]"
636929,7513834,113,0,"[0, 1]"
636929,7513834,86,0,"[0, 1]"
636929,7513834,197,0,"[0, 1]"
636929,7513834,190,0,"[0, 1]"
636929,7513834,231,0,"[0, 1]"
636929,7513834,132,0,"[0, 1]"
636929,7513834,233,0,"[0, 1]"
636929,7513834,252,0,"[0, 1]"
636929,7513834,245,0,"[0, 1]"
636929,7513834,177,0,"[0, 1]"
636929,7513834,178,0,"[0, 1]"
636929,7513834,136,0,"[0, 1]"
636929,7513834,242,0,"[0, 1]"
636929,7513834,144,0,"[0, 1]"
636929,7513834,167,0,"[0, 1]"
636929,7513834,161,0,"[0, 1]"
636929,7513834,480,0,"[0, 1]"
636929,7513834,407,0,"[0, 1]"
636929,7513834,304,0,"[0, 1]"
636929,7513834,269,0,"[0, 1]"
636929,7513834,429,0,"[0, 1]"
636929,7513834,491,0,"[0, 1]"
636929,7513834,506,0,"[0, 1]"
636929,7513834,504,0,"[0, 1]"
636929,7513834,339,0,"[0, 1]"
636929,7513834,479,0,"[0, 1]"
636929,7513834,402,0,"[0, 1]"
636929,7513834,498,0,"[0, 1]"
636929,7513834,415,0,"[0, 1]"
636929,7513834,362,0,"[0, 1]"
636929,7513834,471,0,"[0, 1]"
636929,7513834,306,0,"[0, 1]"
636929,7513834,845,0,"[0, 1]"
636929,7513834,686,0,"[0, 1]"
636929,7513834,972,0,"[0, 1]"
636929,7513834,788,0,"[0, 1]"
636929,7513834,840,0,"[0, 1]"
636929,7513834,591,0,"[0, 1]"
636929,7513834,539,0,"[0, 1]"
636929,7513834,694,0,"[0, 1]"
636929,7513834,1017,0,"[0, 1]"
636929,7513834,692,0,"[0, 1]"
636929,7513834,611,0,"[0, 1]"
636929,7513834,562,0,"[0, 1]"
636929,7513834,1014,0,"[0, 1]"
636929,7513834,553,0,"[0, 1]"
636929,7513834,683,0,"[0, 1]"
636929,7513834,865,0,"[0, 1]"
636929,7513834,651,0,"[0, 1]"
636929,7513834,523,0,"[0, 1]"
636929,7513834,1164,0,"[0, 1]"
636929,7513834,1038,0,"[0, 1]"
636929,7513834,1183,0,"[0, 1]"
636929,7513834,1798,0,"[0, 1]"
636929,7513834,1417,0,"[0, 1]"
636929,7513834,1392,0,"[0, 1]"
636929,7513834,1486,0,"[0, 1]"
636929,7513834,1385,0,"[0, 1]"
636929,7513834,1322,0,"[0, 1]"
636929,7513834,1310,0,"[0, 1]"
636929,7513834,1363,0,"[0, 1]"
636929,7513834,1374,0,"[0, 1]"
636929,7513834,1359,0,"[0, 1]"
636929,7513834,1200,0,"[0, 1]"
636929,7513834,1398,0,"[0, 1]"
636929,7513834,1674,0,"[0, 1]"
636929,7513834,1280,0,"[0, 1]"
636929,7513834,1144,0,"[0, 1]"
636929,7513834,1340,0,"[0, 1]"
636929,7513834,1793,0,"[0, 1]"
636929,7513834,3162,0,"[0, 1]"
636929,7513834,2321,0,"[0, 1]"
636929,7513834,2183,0,"[0, 1]"
636929,7513834,2870,0,"[0, 1]"
636929,7513834,2462,0,"[0, 1]"
636929,7513834,3855,0,"[0, 1]"
636929,7513834,2341,0,"[0, 1]"
636929,7513834,2687,0,"[0, 1]"
636929,7513834,3678,0,"[0, 1]"
636929,7513834,3259,0,"[0, 1]"
636929,7513834,3077,0,"[0, 1]"
636929,7513834,3596,0,"[0, 1]"
636929,7513834,2060,0,"[0, 1]"
636929,7513834,2940,0,"[0, 1]"
636929,7513834,3906,0,"[0, 1]"
636929,7513834,3240,0,"[0, 1]"
636929,7513834,3974,0,"[0, 1]"
636929,7513834,2711,0,"[0, 1]"
636929,7513834,3986,0,"[0, 1]"
636929,7513834,3833,0,"[0, 1]"
636929,7513834,3489,0,"[0, 1]"
636929,7513834,3808,0,"[0, 1]"
636929,7513834,7294736,1,"[0, 1]"
636929,7513834,7639975,1,"[0, 1]"
636929,7513834,4262196,1,"[0, 1]"
636929,7513834,7429501,1,"[0, 1]"
636929,7513834,7259260,1,"[0, 1]"
636929,7513834,4715,0,"[0, 1]"
636929,7513834,7317831,1,"[0, 1]"
636929,7513834,7571873,1,"[0, 1]"
636929,7513834,4534,0,"[0, 1]"
636929,7513834,7298521,1,"[0, 1]"
636929,7513834,4956,0,"[0, 1]"
636929,7513834,7155806,1,"[0, 1]"
636929,7513834,7216766,1,"[0, 1]"
636929,7513834,7427166,1,"[0, 1]"
636929,7513834,7475238,1,"[0, 1]"
636929,7513834,7521718,1,"[0, 1]"
636929,7513834,4510,0,"[0, 1]"
636929,7513834,7239183,1,"[0, 1]"
636929,7513834,7454451,1,"[0, 1]"
636929,7513834,4694,0,"[0, 1]"
636929,7513834,4818,0,"[0, 1]"
636929,7513834,7166417,1,"[0, 1]"
636929,7513834,7348274,1,"[0, 1]"
636929,7513834,7482263,1,"[0, 1]"
719488,7513961,7513961,1,"[1, 0]"
719488,7513961,2433,0,"[1, 0]"
719488,7513961,1216,0,"[1, 0]"
719488,7513961,607,0,"[1, 0]"
719488,7513961,303,0,"[1, 0]"
719488,7513961,151,0,"[1, 0]"
719488,7513961,75,0,"[1, 0]"
719488,7513961,37,0,"[1, 0]"
719488,7513961,18,0,"[1, 0]"
719488,7513961,8,0,"[1, 0]"
719488,7513961,3,0,"[1, 0]"
719488,7513961,1,0,"[1, 0]"
719488,7513961,0,0,"[1, 0]"
719488,7513961,1,0,"[0, 1]"
719488,7513961,2,0,"[0, 1]"
719488,7513961,5,0,"[0, 1]"
719488,7513961,3,0,"[0, 1]"
719488,7513961,6,0,"[0, 1]"
719488,7513961,4,0,"[0, 1]"
719488,7513961,10,0,"[0, 1]"
719488,7513961,14,0,"[0, 1]"
719488,7513961,7,0,"[0, 1]"
719488,7513961,11,0,"[0, 1]"
719488,7513961,13,0,"[0, 1]"
719488,7513961,12,0,"[0, 1]"
719488,7513961,28,0,"[0, 1]"
719488,7513961,20,0,"[0, 1]"
719488,7513961,18,0,"[0, 1]"
719488,7513961,19,0,"[0, 1]"
719488,7513961,16,0,"[0, 1]"
719488,7513961,17,0,"[0, 1]"
719488,7513961,29,0,"[0, 1]"
719488,7513961,15,0,"[0, 1]"
719488,7513961,59,0,"[0, 1]"
719488,7513961,36,0,"[0, 1]"
719488,7513961,49,0,"[0, 1]"
719488,7513961,43,0,"[0, 1]"
719488,7513961,56,0,"[0, 1]"
719488,7513961,58,0,"[0, 1]"
719488,7513961,32,0,"[0, 1]"
719488,7513961,60,0,"[0, 1]"
719488,7513961,41,0,"[0, 1]"
719488,7513961,51,0,"[0, 1]"
719488,7513961,116,0,"[0, 1]"
719488,7513961,101,0,"[0, 1]"
719488,7513961,102,0,"[0, 1]"
719488,7513961,109,0,"[0, 1]"
719488,7513961,126,0,"[0, 1]"
719488,7513961,114,0,"[0, 1]"
719488,7513961,69,0,"[0, 1]"
719488,7513961,94,0,"[0, 1]"
719488,7513961,105,0,"[0, 1]"
719488,7513961,88,0,"[0, 1]"
719488,7513961,68,0,"[0, 1]"
719488,7513961,111,0,"[0, 1]"
719488,7513961,231,0,"[0, 1]"
719488,7513961,143,0,"[0, 1]"
719488,7513961,148,0,"[0, 1]"
719488,7513961,216,0,"[0, 1]"
719488,7513961,165,0,"[0, 1]"
719488,7513961,166,0,"[0, 1]"
719488,7513961,194,0,"[0, 1]"
719488,7513961,235,0,"[0, 1]"
719488,7513961,128,0,"[0, 1]"
719488,7513961,193,0,"[0, 1]"
719488,7513961,146,0,"[0, 1]"
719488,7513961,158,0,"[0, 1]"
719488,7513961,157,0,"[0, 1]"
719488,7513961,247,0,"[0, 1]"
719488,7513961,495,0,"[0, 1]"
719488,7513961,303,0,"[0, 1]"
719488,7513961,400,0,"[0, 1]"
719488,7513961,505,0,"[0, 1]"
719488,7513961,327,0,"[0, 1]"
719488,7513961,429,0,"[0, 1]"
719488,7513961,398,0,"[0, 1]"
719488,7513961,353,0,"[0, 1]"
719488,7513961,274,0,"[0, 1]"
719488,7513961,299,0,"[0, 1]"
719488,7513961,506,0,"[0, 1]"
719488,7513961,445,0,"[0, 1]"
719488,7513961,317,0,"[0, 1]"
719488,7513961,367,0,"[0, 1]"
719488,7513961,403,0,"[0, 1]"
719488,7513961,287,0,"[0, 1]"
719488,7513961,629,0,"[0, 1]"
719488,7513961,625,0,"[0, 1]"
719488,7513961,978,0,"[0, 1]"
719488,7513961,567,0,"[0, 1]"
719488,7513961,1014,0,"[0, 1]"
719488,7513961,1007,0,"[0, 1]"
719488,7513961,585,0,"[0, 1]"
719488,7513961,981,0,"[0, 1]"
719488,7513961,539,0,"[0, 1]"
719488,7513961,603,0,"[0, 1]"
719488,7513961,992,0,"[0, 1]"
719488,7513961,550,0,"[0, 1]"
719488,7513961,908,0,"[0, 1]"
719488,7513961,945,0,"[0, 1]"
719488,7513961,757,0,"[0, 1]"
719488,7513961,916,0,"[0, 1]"
719488,7513961,593,0,"[0, 1]"
719488,7513961,546,0,"[0, 1]"
719488,7513961,1968,0,"[0, 1]"
719488,7513961,1295,0,"[0, 1]"
719488,7513961,1120,0,"[0, 1]"
719488,7513961,1836,0,"[0, 1]"
719488,7513961,1654,0,"[0, 1]"
719488,7513961,1095,0,"[0, 1]"
719488,7513961,1601,0,"[0, 1]"
719488,7513961,2006,0,"[0, 1]"
719488,7513961,1283,0,"[0, 1]"
719488,7513961,1642,0,"[0, 1]"
719488,7513961,1696,0,"[0, 1]"
719488,7513961,1685,0,"[0, 1]"
719488,7513961,1160,0,"[0, 1]"
719488,7513961,1776,0,"[0, 1]"
719488,7513961,1762,0,"[0, 1]"
719488,7513961,1826,0,"[0, 1]"
719488,7513961,1062,0,"[0, 1]"
719488,7513961,1488,0,"[0, 1]"
719488,7513961,1067,0,"[0, 1]"
719488,7513961,1478,0,"[0, 1]"
719488,7513961,3181,0,"[0, 1]"
719488,7513961,3456,0,"[0, 1]"
719488,7513961,3566,0,"[0, 1]"
719488,7513961,2493,0,"[0, 1]"
719488,7513961,2351,0,"[0, 1]"
719488,7513961,2155,0,"[0, 1]"
719488,7513961,3308,0,"[0, 1]"
719488,7513961,3202,0,"[0, 1]"
719488,7513961,2738,0,"[0, 1]"
719488,7513961,2760,0,"[0, 1]"
719488,7513961,2489,0,"[0, 1]"
719488,7513961,4009,0,"[0, 1]"
719488,7513961,4007,0,"[0, 1]"
719488,7513961,2588,0,"[0, 1]"
719488,7513961,3852,0,"[0, 1]"
719488,7513961,3975,0,"[0, 1]"
719488,7513961,4091,0,"[0, 1]"
719488,7513961,2757,0,"[0, 1]"
719488,7513961,3034,0,"[0, 1]"
719488,7513961,3611,0,"[0, 1]"
719488,7513961,3206,0,"[0, 1]"
719488,7513961,3464,0,"[0, 1]"
719488,7513961,2097896,1,"[0, 1]"
719488,7513961,7106131,1,"[0, 1]"
719488,7513961,7568821,1,"[0, 1]"
719488,7513961,7497736,1,"[0, 1]"
719488,7513961,6607020,1,"[0, 1]"
719488,7513961,4435,0,"[0, 1]"
719488,7513961,4555,0,"[0, 1]"
719488,7513961,7121349,1,"[0, 1]"
719488,7513961,7559988,1,"[0, 1]"
719488,7513961,4631,0,"[0, 1]"
719488,7513961,7635516,1,"[0, 1]"
719488,7513961,4767,0,"[0, 1]"
719488,7513961,614329,1,"[0, 1]"
719488,7513961,4108,0,"[0, 1]"
719488,7513961,4969080,1,"[0, 1]"
719488,7513961,3863,1,"[0, 1]"
719488,7513961,180622,1,"[0, 1]"
719488,7513961,7090265,1,"[0, 1]"
719488,7513961,7247595,1,"[0, 1]"
719488,7513961,7512531,1,"[0, 1]"
719488,7513961,7149449,1,"[0, 1]"
719488,7513961,7270789,1,"[0, 1]"
719488,7513961,7452528,1,"[0, 1]"
719488,7513961,7221033,1,"[0, 1]"
274981,5705062,5705062,1,"[1, 0]"
274981,5705062,4856,0,"[1, 0]"
274981,5705062,3774,0,"[1, 0]"
274981,5705062,1886,0,"[1, 0]"
274981,5705062,942,0,"[1, 0]"
274981,5705062,470,0,"[1, 0]"
274981,5705062,234,0,"[1, 0]"
274981,5705062,116,0,"[1, 0]"
274981,5705062,57,0,"[1, 0]"
274981,5705062,28,0,"[1, 0]"
274981,5705062,13,0,"[1, 0]"
274981,5705062,6,0,"[1, 0]"
274981,5705062,2,0,"[1, 0]"
274981,5705062,0,0,"[1, 0]"
274981,5705062,1,0,"[0, 1]"
274981,5705062,2,0,"[0, 1]"
274981,5705062,3,0,"[0, 1]"
274981,5705062,4,0,"[0, 1]"
274981,5705062,5,0,"[0, 1]"
274981,5705062,6,0,"[0, 1]"
274981,5705062,13,0,"[0, 1]"
274981,5705062,12,0,"[0, 1]"
274981,5705062,9,0,"[0, 1]"
274981,5705062,11,0,"[0, 1]"
274981,5705062,14,0,"[0, 1]"
274981,5705062,10,0,"[0, 1]"
274981,5705062,27,0,"[0, 1]"
274981,5705062,24,0,"[0, 1]"
274981,5705062,30,0,"[0, 1]"
274981,5705062,28,0,"[0, 1]"
274981,5705062,15,0,"[0, 1]"
274981,5705062,23,0,"[0, 1]"
274981,5705062,29,0,"[0, 1]"
274981,5705062,22,0,"[0, 1]"
274981,5705062,36,0,"[0, 1]"
274981,5705062,35,0,"[0, 1]"
274981,5705062,38,0,"[0, 1]"
274981,5705062,40,0,"[0, 1]"
274981,5705062,60,0,"[0, 1]"
274981,5705062,47,0,"[0, 1]"
274981,5705062,45,0,"[0, 1]"
274981,5705062,49,0,"[0, 1]"
274981,5705062,52,0,"[0, 1]"
274981,5705062,54,0,"[0, 1]"
274981,5705062,109,0,"[0, 1]"
274981,5705062,65,0,"[0, 1]"
274981,5705062,98,0,"[0, 1]"
274981,5705062,108,0,"[0, 1]"
274981,5705062,95,0,"[0, 1]"
274981,5705062,89,0,"[0, 1]"
274981,5705062,99,0,"[0, 1]"
274981,5705062,104,0,"[0, 1]"
274981,5705062,77,0,"[0, 1]"
274981,5705062,102,0,"[0, 1]"
274981,5705062,96,0,"[0, 1]"
274981,5705062,66,0,"[0, 1]"
274981,5705062,181,0,"[0, 1]"
274981,5705062,220,0,"[0, 1]"
274981,5705062,228,0,"[0, 1]"
274981,5705062,152,0,"[0, 1]"
274981,5705062,163,0,"[0, 1]"
274981,5705062,189,0,"[0, 1]"
274981,5705062,234,0,"[0, 1]"
274981,5705062,173,0,"[0, 1]"
274981,5705062,215,0,"[0, 1]"
274981,5705062,252,0,"[0, 1]"
274981,5705062,144,0,"[0, 1]"
274981,5705062,150,0,"[0, 1]"
274981,5705062,138,0,"[0, 1]"
274981,5705062,201,0,"[0, 1]"
274981,5705062,500,0,"[0, 1]"
274981,5705062,452,0,"[0, 1]"
274981,5705062,414,0,"[0, 1]"
274981,5705062,303,0,"[0, 1]"
274981,5705062,284,0,"[0, 1]"
274981,5705062,447,0,"[0, 1]"
274981,5705062,360,0,"[0, 1]"
274981,5705062,465,0,"[0, 1]"
274981,5705062,506,0,"[0, 1]"
274981,5705062,460,0,"[0, 1]"
274981,5705062,331,0,"[0, 1]"
274981,5705062,336,0,"[0, 1]"
274981,5705062,502,0,"[0, 1]"
274981,5705062,317,0,"[0, 1]"
274981,5705062,386,0,"[0, 1]"
274981,5705062,323,0,"[0, 1]"
274981,5705062,816,0,"[0, 1]"
274981,5705062,544,0,"[0, 1]"
274981,5705062,894,0,"[0, 1]"
274981,5705062,869,0,"[0, 1]"
274981,5705062,515,0,"[0, 1]"
274981,5705062,547,0,"[0, 1]"
274981,5705062,572,0,"[0, 1]"
274981,5705062,591,0,"[0, 1]"
274981,5705062,607,0,"[0, 1]"
274981,5705062,706,0,"[0, 1]"
274981,5705062,877,0,"[0, 1]"
274981,5705062,913,0,"[0, 1]"
274981,5705062,892,0,"[0, 1]"
274981,5705062,878,0,"[0, 1]"
274981,5705062,602,0,"[0, 1]"
274981,5705062,858,0,"[0, 1]"
274981,5705062,628,0,"[0, 1]"
274981,5705062,893,0,"[0, 1]"
274981,5705062,2046,0,"[0, 1]"
274981,5705062,1110,0,"[0, 1]"
274981,5705062,1742,0,"[0, 1]"
274981,5705062,1382,0,"[0, 1]"
274981,5705062,1411,0,"[0, 1]"
274981,5705062,1999,0,"[0, 1]"
274981,5705062,1958,0,"[0, 1]"
274981,5705062,1765,0,"[0, 1]"
274981,5705062,1369,0,"[0, 1]"
274981,5705062,2028,0,"[0, 1]"
274981,5705062,1514,0,"[0, 1]"
274981,5705062,2007,0,"[0, 1]"
274981,5705062,1913,0,"[0, 1]"
274981,5705062,1582,0,"[0, 1]"
274981,5705062,2034,0,"[0, 1]"
274981,5705062,1288,0,"[0, 1]"
274981,5705062,1990,0,"[0, 1]"
274981,5705062,1849,0,"[0, 1]"
274981,5705062,1470,0,"[0, 1]"
274981,5705062,1685,0,"[0, 1]"
274981,5705062,3642,0,"[0, 1]"
274981,5705062,3394,0,"[0, 1]"
274981,5705062,2230,0,"[0, 1]"
274981,5705062,2378,0,"[0, 1]"
274981,5705062,3928,0,"[0, 1]"
274981,5705062,3447,0,"[0, 1]"
274981,5705062,2287,0,"[0, 1]"
274981,5705062,2327,0,"[0, 1]"
274981,5705062,2581,0,"[0, 1]"
274981,5705062,2558,0,"[0, 1]"
274981,5705062,4044,0,"[0, 1]"
274981,5705062,2103,0,"[0, 1]"
274981,5705062,3854,0,"[0, 1]"
274981,5705062,3211,0,"[0, 1]"
274981,5705062,3631,0,"[0, 1]"
274981,5705062,2677,0,"[0, 1]"
274981,5705062,4087,0,"[0, 1]"
274981,5705062,2083,0,"[0, 1]"
274981,5705062,2312,0,"[0, 1]"
274981,5705062,3171,0,"[0, 1]"
274981,5705062,2314,0,"[0, 1]"
274981,5705062,2947,0,"[0, 1]"
274981,5705062,7235642,1,"[0, 1]"
274981,5705062,7290763,1,"[0, 1]"
274981,5705062,4836,0,"[0, 1]"
274981,5705062,7649287,1,"[0, 1]"
274981,5705062,7140654,1,"[0, 1]"
274981,5705062,7250983,1,"[0, 1]"
274981,5705062,4106,0,"[0, 1]"
274981,5705062,7543313,1,"[0, 1]"
274981,5705062,6381284,1,"[0, 1]"
274981,5705062,7508364,1,"[0, 1]"
274981,5705062,7251657,1,"[0, 1]"
274981,5705062,7435833,1,"[0, 1]"
274981,5705062,7170234,1,"[0, 1]"
274981,5705062,4407,0,"[0, 1]"
274981,5705062,7453317,1,"[0, 1]"
274981,5705062,4143,0,"[0, 1]"
274981,5705062,7067891,1,"[0, 1]"
274981,5705062,7146139,1,"[0, 1]"
274981,5705062,4327,0,"[0, 1]"
274981,5705062,7663389,1,"[0, 1]"
274981,5705062,7625375,1,"[0, 1]"
274981,5705062,7468935,1,"[0, 1]"
274981,5705062,4399,0,"[0, 1]"
274981,5705062,7565509,1,"[0, 1]"
274981,5705062,7454764,1,"[0, 1]"
274981,5705062,7183698,1,"[0, 1]"
274981,5705062,7411066,1,"[0, 1]"
274981,5705062,7229780,1,"[0, 1]"
274981,5705062,7438852,1,"[0, 1]"
274981,5705062,7508101,1,"[0, 1]"
274981,5705062,7286065,1,"[0, 1]"
274981,5705062,7499902,1,"[0, 1]"
274981,5705062,7102127,1,"[0, 1]"
274981,5705062,7542609,1,"[0, 1]"
274981,5705062,7528490,1,"[0, 1]"
274981,5705062,7293101,1,"[0, 1]"
274981,5705062,7225843,1,"[0, 1]"
274981,5705062,7458695,1,"[0, 1]"
274981,5705062,2102572,1,"[0, 1]"
274981,5705062,7519905,1,"[0, 1]"
274981,5705062,4229636,1,"[0, 1]"
274981,5705062,7256069,1,"[0, 1]"
274981,5705062,7437009,1,"[0, 1]"
274981,5705062,7082303,1,"[0, 1]"
274981,5705062,7650812,1,"[0, 1]"
274981,5705062,7092053,1,"[0, 1]"
274981,5705062,7635765,1,"[0, 1]"
274981,5705062,7123628,1,"[0, 1]"
274981,5705062,7212028,1,"[0, 1]"
274981,5705062,7659558,1,"[0, 1]"
274981,7514459,7514459,1,"[1, 0]"
274981,7514459,3774,0,"[1, 0]"
274981,7514459,1886,0,"[1, 0]"
274981,7514459,942,0,"[1, 0]"
274981,7514459,470,0,"[1, 0]"
274981,7514459,234,0,"[1, 0]"
274981,7514459,116,0,"[1, 0]"
274981,7514459,57,0,"[1, 0]"
274981,7514459,28,0,"[1, 0]"
274981,7514459,13,0,"[1, 0]"
274981,7514459,6,0,"[1, 0]"
274981,7514459,2,0,"[1, 0]"
274981,7514459,0,0,"[1, 0]"
274981,7514459,1,0,"[0, 1]"
274981,7514459,2,0,"[0, 1]"
274981,7514459,6,0,"[0, 1]"
274981,7514459,5,0,"[0, 1]"
274981,7514459,3,0,"[0, 1]"
274981,7514459,4,0,"[0, 1]"
274981,7514459,11,0,"[0, 1]"
274981,7514459,9,0,"[0, 1]"
274981,7514459,12,0,"[0, 1]"
274981,7514459,7,0,"[0, 1]"
274981,7514459,8,0,"[0, 1]"
274981,7514459,14,0,"[0, 1]"
274981,7514459,30,0,"[0, 1]"
274981,7514459,16,0,"[0, 1]"
274981,7514459,23,0,"[0, 1]"
274981,7514459,25,0,"[0, 1]"
274981,7514459,29,0,"[0, 1]"
274981,7514459,27,0,"[0, 1]"
274981,7514459,17,0,"[0, 1]"
274981,7514459,19,0,"[0, 1]"
274981,7514459,61,0,"[0, 1]"
274981,7514459,48,0,"[0, 1]"
274981,7514459,40,0,"[0, 1]"
274981,7514459,59,0,"[0, 1]"
274981,7514459,38,0,"[0, 1]"
274981,7514459,58,0,"[0, 1]"
274981,7514459,43,0,"[0, 1]"
274981,7514459,39,0,"[0, 1]"
274981,7514459,49,0,"[0, 1]"
274981,7514459,45,0,"[0, 1]"
274981,7514459,82,0,"[0, 1]"
274981,7514459,97,0,"[0, 1]"
274981,7514459,117,0,"[0, 1]"
274981,7514459,68,0,"[0, 1]"
274981,7514459,107,0,"[0, 1]"
274981,7514459,93,0,"[0, 1]"
274981,7514459,69,0,"[0, 1]"
274981,7514459,72,0,"[0, 1]"
274981,7514459,77,0,"[0, 1]"
274981,7514459,121,0,"[0, 1]"
274981,7514459,122,0,"[0, 1]"
274981,7514459,111,0,"[0, 1]"
274981,7514459,127,0,"[0, 1]"
274981,7514459,153,0,"[0, 1]"
274981,7514459,197,0,"[0, 1]"
274981,7514459,158,0,"[0, 1]"
274981,7514459,175,0,"[0, 1]"
274981,7514459,252,0,"[0, 1]"
274981,7514459,214,0,"[0, 1]"
274981,7514459,211,0,"[0, 1]"
274981,7514459,139,0,"[0, 1]"
274981,7514459,161,0,"[0, 1]"
274981,7514459,176,0,"[0, 1]"
274981,7514459,243,0,"[0, 1]"
274981,7514459,233,0,"[0, 1]"
274981,7514459,241,0,"[0, 1]"
274981,7514459,305,0,"[0, 1]"
274981,7514459,457,0,"[0, 1]"
274981,7514459,490,0,"[0, 1]"
274981,7514459,407,0,"[0, 1]"
274981,7514459,338,0,"[0, 1]"
274981,7514459,329,0,"[0, 1]"
274981,7514459,257,0,"[0, 1]"
274981,7514459,294,0,"[0, 1]"
274981,7514459,431,0,"[0, 1]"
274981,7514459,258,0,"[0, 1]"
274981,7514459,493,0,"[0, 1]"
274981,7514459,322,0,"[0, 1]"
274981,7514459,265,0,"[0, 1]"
274981,7514459,474,0,"[0, 1]"
274981,7514459,433,0,"[0, 1]"
274981,7514459,423,0,"[0, 1]"
274981,7514459,857,0,"[0, 1]"
274981,7514459,661,0,"[0, 1]"
274981,7514459,754,0,"[0, 1]"
274981,7514459,667,0,"[0, 1]"
274981,7514459,724,0,"[0, 1]"
274981,7514459,936,0,"[0, 1]"
274981,7514459,673,0,"[0, 1]"
274981,7514459,898,0,"[0, 1]"
274981,7514459,543,0,"[0, 1]"
274981,7514459,916,0,"[0, 1]"
274981,7514459,989,0,"[0, 1]"
274981,7514459,906,0,"[0, 1]"
274981,7514459,676,0,"[0, 1]"
274981,7514459,592,0,"[0, 1]"
274981,7514459,598,0,"[0, 1]"
274981,7514459,1021,0,"[0, 1]"
274981,7514459,914,0,"[0, 1]"
274981,7514459,1018,0,"[0, 1]"
274981,7514459,1821,0,"[0, 1]"
274981,7514459,1345,0,"[0, 1]"
274981,7514459,1511,0,"[0, 1]"
274981,7514459,1133,0,"[0, 1]"
274981,7514459,1560,0,"[0, 1]"
274981,7514459,1852,0,"[0, 1]"
274981,7514459,1599,0,"[0, 1]"
274981,7514459,1525,0,"[0, 1]"
274981,7514459,1627,0,"[0, 1]"
274981,7514459,1263,0,"[0, 1]"
274981,7514459,1054,0,"[0, 1]"
274981,7514459,1176,0,"[0, 1]"
274981,7514459,1834,0,"[0, 1]"
274981,7514459,1260,0,"[0, 1]"
274981,7514459,1152,0,"[0, 1]"
274981,7514459,1145,0,"[0, 1]"
274981,7514459,1249,0,"[0, 1]"
274981,7514459,1081,0,"[0, 1]"
274981,7514459,1369,0,"[0, 1]"
274981,7514459,1543,0,"[0, 1]"
274981,7514459,2539,0,"[0, 1]"
274981,7514459,2938,0,"[0, 1]"
274981,7514459,3826,0,"[0, 1]"
274981,7514459,2665,0,"[0, 1]"
274981,7514459,2294,0,"[0, 1]"
274981,7514459,2964,0,"[0, 1]"
274981,7514459,2085,0,"[0, 1]"
274981,7514459,3768,0,"[0, 1]"
274981,7514459,2680,0,"[0, 1]"
274981,7514459,3227,0,"[0, 1]"
274981,7514459,2965,0,"[0, 1]"
274981,7514459,3630,0,"[0, 1]"
274981,7514459,2447,0,"[0, 1]"
274981,7514459,2685,0,"[0, 1]"
274981,7514459,2660,0,"[0, 1]"
274981,7514459,2901,0,"[0, 1]"
274981,7514459,3440,0,"[0, 1]"
274981,7514459,3861,0,"[0, 1]"
274981,7514459,3217,0,"[0, 1]"
274981,7514459,2354,0,"[0, 1]"
274981,7514459,3599,0,"[0, 1]"
274981,7514459,2635,0,"[0, 1]"
274981,7514459,7466308,1,"[0, 1]"
274981,7514459,7265543,1,"[0, 1]"
274981,7514459,4198,0,"[0, 1]"
274981,7514459,7193967,1,"[0, 1]"
274981,7514459,7241678,1,"[0, 1]"
274981,7514459,1967245,1,"[0, 1]"
274981,7514459,7524666,1,"[0, 1]"
274981,7514459,7359238,1,"[0, 1]"
274981,7514459,7117184,1,"[0, 1]"
274981,7514459,7355485,1,"[0, 1]"
274981,7514459,7633044,1,"[0, 1]"
274981,7514459,321526,1,"[0, 1]"
274981,7514459,703507,1,"[0, 1]"
274981,7514459,7429330,1,"[0, 1]"
274981,7514459,4548,0,"[0, 1]"
274981,7514459,1207273,1,"[0, 1]"
274981,7514459,7484895,1,"[0, 1]"
274981,7514459,4187,0,"[0, 1]"
274981,7514459,7143807,1,"[0, 1]"
274981,7514459,7499518,1,"[0, 1]"
274981,7514459,7484293,1,"[0, 1]"
274981,7514459,4338,0,"[0, 1]"
274981,7514459,2882157,1,"[0, 1]"
274981,7514459,7258744,1,"[0, 1]"
1096311,7514721,7514721,1,"[1, 0]"
1096311,7514721,4488,0,"[1, 0]"
1096311,7514721,2937,0,"[1, 0]"
1096311,7514721,1468,0,"[1, 0]"
1096311,7514721,733,0,"[1, 0]"
1096311,7514721,366,0,"[1, 0]"
1096311,7514721,182,0,"[1, 0]"
1096311,7514721,90,0,"[1, 0]"
1096311,7514721,44,0,"[1, 0]"
1096311,7514721,21,0,"[1, 0]"
1096311,7514721,10,0,"[1, 0]"
1096311,7514721,4,0,"[1, 0]"
1096311,7514721,1,0,"[1, 0]"
1096311,7514721,0,0,"[1, 0]"
1096311,7514721,2,0,"[0, 1]"
1096311,7514721,1,0,"[0, 1]"
1096311,7514721,4,0,"[0, 1]"
1096311,7514721,6,0,"[0, 1]"
1096311,7514721,5,0,"[0, 1]"
1096311,7514721,3,0,"[0, 1]"
1096311,7514721,12,0,"[0, 1]"
1096311,7514721,7,0,"[0, 1]"
1096311,7514721,14,0,"[0, 1]"
1096311,7514721,8,0,"[0, 1]"
1096311,7514721,11,0,"[0, 1]"
1096311,7514721,13,0,"[0, 1]"
1096311,7514721,18,0,"[0, 1]"
1096311,7514721,29,0,"[0, 1]"
1096311,7514721,28,0,"[0, 1]"
1096311,7514721,20,0,"[0, 1]"
1096311,7514721,24,0,"[0, 1]"
1096311,7514721,25,0,"[0, 1]"
1096311,7514721,15,0,"[0, 1]"
1096311,7514721,23,0,"[0, 1]"
1096311,7514721,31,0,"[0, 1]"
1096311,7514721,33,0,"[0, 1]"
1096311,7514721,48,0,"[0, 1]"
1096311,7514721,37,0,"[0, 1]"
1096311,7514721,40,0,"[0, 1]"
1096311,7514721,57,0,"[0, 1]"
1096311,7514721,52,0,"[0, 1]"
1096311,7514721,62,0,"[0, 1]"
1096311,7514721,44,0,"[0, 1]"
1096311,7514721,55,0,"[0, 1]"
1096311,7514721,63,0,"[0, 1]"
1096311,7514721,79,0,"[0, 1]"
1096311,7514721,120,0,"[0, 1]"
1096311,7514721,84,0,"[0, 1]"
1096311,7514721,85,0,"[0, 1]"
1096311,7514721,89,0,"[0, 1]"
1096311,7514721,122,0,"[0, 1]"
1096311,7514721,105,0,"[0, 1]"
1096311,7514721,99,0,"[0, 1]"
1096311,7514721,77,0,"[0, 1]"
1096311,7514721,90,0,"[0, 1]"
1096311,7514721,68,0,"[0, 1]"
1096311,7514721,182,0,"[0, 1]"
1096311,7514721,238,0,"[0, 1]"
1096311,7514721,127,0,"[0, 1]"
1096311,7514721,134,0,"[0, 1]"
1096311,7514721,154,0,"[0, 1]"
1096311,7514721,168,0,"[0, 1]"
1096311,7514721,180,0,"[0, 1]"
1096311,7514721,143,0,"[0, 1]"
1096311,7514721,229,0,"[0, 1]"
1096311,7514721,164,0,"[0, 1]"
1096311,7514721,249,0,"[0, 1]"
1096311,7514721,171,0,"[0, 1]"
1096311,7514721,192,0,"[0, 1]"
1096311,7514721,178,0,"[0, 1]"
1096311,7514721,499,0,"[0, 1]"
1096311,7514721,466,0,"[0, 1]"
1096311,7514721,278,0,"[0, 1]"
1096311,7514721,257,0,"[0, 1]"
1096311,7514721,320,0,"[0, 1]"
1096311,7514721,295,0,"[0, 1]"
1096311,7514721,358,0,"[0, 1]"
1096311,7514721,438,0,"[0, 1]"
1096311,7514721,367,0,"[0, 1]"
1096311,7514721,265,0,"[0, 1]"
1096311,7514721,396,0,"[0, 1]"
1096311,7514721,371,0,"[0, 1]"
1096311,7514721,307,0,"[0, 1]"
1096311,7514721,337,0,"[0, 1]"
1096311,7514721,324,0,"[0, 1]"
1096311,7514721,414,0,"[0, 1]"
1096311,7514721,781,0,"[0, 1]"
1096311,7514721,977,0,"[0, 1]"
1096311,7514721,931,0,"[0, 1]"
1096311,7514721,630,0,"[0, 1]"
1096311,7514721,743,0,"[0, 1]"
1096311,7514721,620,0,"[0, 1]"
1096311,7514721,682,0,"[0, 1]"
1096311,7514721,681,0,"[0, 1]"
1096311,7514721,980,0,"[0, 1]"
1096311,7514721,617,0,"[0, 1]"
1096311,7514721,954,0,"[0, 1]"
1096311,7514721,899,0,"[0, 1]"
1096311,7514721,791,0,"[0, 1]"
1096311,7514721,674,0,"[0, 1]"
1096311,7514721,585,0,"[0, 1]"
1096311,7514721,675,0,"[0, 1]"
1096311,7514721,798,0,"[0, 1]"
1096311,7514721,779,0,"[0, 1]"
1096311,7514721,1824,0,"[0, 1]"
1096311,7514721,1419,0,"[0, 1]"
1096311,7514721,1065,0,"[0, 1]"
1096311,7514721,1110,0,"[0, 1]"
1096311,7514721,1889,0,"[0, 1]"
1096311,7514721,1339,0,"[0, 1]"
1096311,7514721,1815,0,"[0, 1]"
1096311,7514721,1475,0,"[0, 1]"
1096311,7514721,1563,0,"[0, 1]"
1096311,7514721,1755,0,"[0, 1]"
1096311,7514721,1432,0,"[0, 1]"
1096311,7514721,1322,0,"[0, 1]"
1096311,7514721,1233,0,"[0, 1]"
1096311,7514721,1097,0,"[0, 1]"
1096311,7514721,1746,0,"[0, 1]"
1096311,7514721,1856,0,"[0, 1]"
1096311,7514721,1089,0,"[0, 1]"
1096311,7514721,1294,0,"[0, 1]"
1096311,7514721,1893,0,"[0, 1]"
1096311,7514721,1996,0,"[0, 1]"
1096311,7514721,3334,0,"[0, 1]"
1096311,7514721,2854,0,"[0, 1]"
1096311,7514721,2960,0,"[0, 1]"
1096311,7514721,3545,0,"[0, 1]"
1096311,7514721,3121,0,"[0, 1]"
1096311,7514721,2930,0,"[0, 1]"
1096311,7514721,4089,0,"[0, 1]"
1096311,7514721,2168,0,"[0, 1]"
1096311,7514721,2631,0,"[0, 1]"
1096311,7514721,2338,0,"[0, 1]"
1096311,7514721,3162,0,"[0, 1]"
1096311,7514721,3836,0,"[0, 1]"
1096311,7514721,3477,0,"[0, 1]"
1096311,7514721,3665,0,"[0, 1]"
1096311,7514721,2899,0,"[0, 1]"
1096311,7514721,2339,0,"[0, 1]"
1096311,7514721,3356,0,"[0, 1]"
1096311,7514721,3279,0,"[0, 1]"
1096311,7514721,3440,0,"[0, 1]"
1096311,7514721,2968,0,"[0, 1]"
1096311,7514721,2486,0,"[0, 1]"
1096311,7514721,3102,0,"[0, 1]"
1096311,7514721,7586017,1,"[0, 1]"
1096311,7514721,2401457,1,"[0, 1]"
1096311,7514721,7290481,1,"[0, 1]"
1096311,7514721,7393316,1,"[0, 1]"
1096311,7514721,7421597,1,"[0, 1]"
1096311,7514721,4284,0,"[0, 1]"
1096311,7514721,7260660,1,"[0, 1]"
1096311,7514721,7329732,1,"[0, 1]"
1096311,7514721,7442986,1,"[0, 1]"
1096311,7514721,7209930,1,"[0, 1]"
1096311,7514721,7450500,1,"[0, 1]"
1096311,7514721,4486,0,"[0, 1]"
1096311,7514721,7134339,1,"[0, 1]"
1096311,7514721,4627,0,"[0, 1]"
1096311,7514721,7248448,1,"[0, 1]"
1096311,7514721,7494367,1,"[0, 1]"
1096311,7514721,7178977,1,"[0, 1]"
1096311,7514721,1319516,1,"[0, 1]"
1096311,7514721,4333,0,"[0, 1]"
1096311,7514721,7563026,1,"[0, 1]"
1096311,7514721,4928,0,"[0, 1]"
1096311,7514721,4848,0,"[0, 1]"
1096311,7514721,7198959,1,"[0, 1]"
1096311,7514721,7434553,1,"[0, 1]"
1096311,7514721,7251478,1,"[0, 1]"
1096311,7514721,7211513,1,"[0, 1]"
1096311,7514721,7171390,1,"[0, 1]"
1096311,7514721,7209824,1,"[0, 1]"
1096311,7514721,7580351,1,"[0, 1]"
1096311,7514721,3748377,1,"[0, 1]"
1096311,7514721,7105204,1,"[0, 1]"
1096311,7514721,7558360,1,"[0, 1]"
1096311,7514721,7169557,1,"[0, 1]"
1096311,7514721,7212637,1,"[0, 1]"
1096311,7514721,7689210,1,"[0, 1]"
1096311,7514721,7332405,1,"[0, 1]"
1096311,7514721,7625003,1,"[0, 1]"
1096311,7514721,7675407,1,"[0, 1]"
1096311,7514721,5081578,1,"[0, 1]"
1096311,7514721,7414907,1,"[0, 1]"
1096311,7514721,7451398,1,"[0, 1]"
1096311,7514721,7595431,1,"[0, 1]"
1096311,7514721,7432445,1,"[0, 1]"
1096311,7514721,658625,1,"[0, 1]"
1096311,7514721,5660676,1,"[0, 1]"
1096311,7514721,7224650,1,"[0, 1]"
1096311,7514721,7265563,1,"[0, 1]"
1096311,7514721,7603877,1,"[0, 1]"
1096311,7514721,7280638,1,"[0, 1]"
1096311,7514721,7597940,1,"[0, 1]"
547018,7514853,7514853,1,"[1, 0]"
547018,7514853,3130,0,"[1, 0]"
547018,7514853,1564,0,"[1, 0]"
547018,7514853,781,0,"[1, 0]"
547018,7514853,390,0,"[1, 0]"
547018,7514853,194,0,"[1, 0]"
547018,7514853,96,0,"[1, 0]"
547018,7514853,47,0,"[1, 0]"
547018,7514853,23,0,"[1, 0]"
547018,7514853,11,0,"[1, 0]"
547018,7514853,5,0,"[1, 0]"
547018,7514853,2,0,"[1, 0]"
547018,7514853,0,0,"[1, 0]"
547018,7514853,1,0,"[0, 1]"
547018,7514853,2,0,"[0, 1]"
547018,7514853,5,0,"[0, 1]"
547018,7514853,4,0,"[0, 1]"
547018,7514853,3,0,"[0, 1]"
547018,7514853,6,0,"[0, 1]"
547018,7514853,7,0,"[0, 1]"
547018,7514853,9,0,"[0, 1]"
547018,7514853,13,0,"[0, 1]"
547018,7514853,12,0,"[0, 1]"
547018,7514853,10,0,"[0, 1]"
547018,7514853,8,0,"[0, 1]"
547018,7514853,28,0,"[0, 1]"
547018,7514853,23,0,"[0, 1]"
547018,7514853,20,0,"[0, 1]"
547018,7514853,27,0,"[0, 1]"
547018,7514853,18,0,"[0, 1]"
547018,7514853,29,0,"[0, 1]"
547018,7514853,22,0,"[0, 1]"
547018,7514853,19,0,"[0, 1]"
547018,7514853,38,0,"[0, 1]"
547018,7514853,47,0,"[0, 1]"
547018,7514853,55,0,"[0, 1]"
547018,7514853,52,0,"[0, 1]"
547018,7514853,37,0,"[0, 1]"
547018,7514853,33,0,"[0, 1]"
547018,7514853,57,0,"[0, 1]"
547018,7514853,32,0,"[0, 1]"
547018,7514853,39,0,"[0, 1]"
547018,7514853,62,0,"[0, 1]"
547018,7514853,90,0,"[0, 1]"
547018,7514853,121,0,"[0, 1]"
547018,7514853,114,0,"[0, 1]"
547018,7514853,98,0,"[0, 1]"
547018,7514853,125,0,"[0, 1]"
547018,7514853,73,0,"[0, 1]"
547018,7514853,83,0,"[0, 1]"
547018,7514853,122,0,"[0, 1]"
547018,7514853,78,0,"[0, 1]"
547018,7514853,109,0,"[0, 1]"
547018,7514853,111,0,"[0, 1]"
547018,7514853,76,0,"[0, 1]"
547018,7514853,150,0,"[0, 1]"
547018,7514853,136,0,"[0, 1]"
547018,7514853,230,0,"[0, 1]"
547018,7514853,196,0,"[0, 1]"
547018,7514853,206,0,"[0, 1]"
547018,7514853,157,0,"[0, 1]"
547018,7514853,201,0,"[0, 1]"
547018,7514853,135,0,"[0, 1]"
547018,7514853,137,0,"[0, 1]"
547018,7514853,144,0,"[0, 1]"
547018,7514853,145,0,"[0, 1]"
547018,7514853,231,0,"[0, 1]"
547018,7514853,169,0,"[0, 1]"
547018,7514853,205,0,"[0, 1]"
547018,7514853,490,0,"[0, 1]"
547018,7514853,304,0,"[0, 1]"
547018,7514853,460,0,"[0, 1]"
547018,7514853,315,0,"[0, 1]"
547018,7514853,345,0,"[0, 1]"
547018,7514853,433,0,"[0, 1]"
547018,7514853,353,0,"[0, 1]"
547018,7514853,401,0,"[0, 1]"
547018,7514853,435,0,"[0, 1]"
547018,7514853,339,0,"[0, 1]"
547018,7514853,462,0,"[0, 1]"
547018,7514853,507,0,"[0, 1]"
547018,7514853,291,0,"[0, 1]"
547018,7514853,415,0,"[0, 1]"
547018,7514853,406,0,"[0, 1]"
547018,7514853,509,0,"[0, 1]"
547018,7514853,726,0,"[0, 1]"
547018,7514853,767,0,"[0, 1]"
547018,7514853,519,0,"[0, 1]"
547018,7514853,941,0,"[0, 1]"
547018,7514853,517,0,"[0, 1]"
547018,7514853,1010,0,"[0, 1]"
547018,7514853,623,0,"[0, 1]"
547018,7514853,646,0,"[0, 1]"
547018,7514853,765,0,"[0, 1]"
547018,7514853,888,0,"[0, 1]"
547018,7514853,801,0,"[0, 1]"
547018,7514853,757,0,"[0, 1]"
547018,7514853,976,0,"[0, 1]"
547018,7514853,867,0,"[0, 1]"
547018,7514853,651,0,"[0, 1]"
547018,7514853,903,0,"[0, 1]"
547018,7514853,989,0,"[0, 1]"
547018,7514853,750,0,"[0, 1]"
547018,7514853,1597,0,"[0, 1]"
547018,7514853,1135,0,"[0, 1]"
547018,7514853,1922,0,"[0, 1]"
547018,7514853,1549,0,"[0, 1]"
547018,7514853,1660,0,"[0, 1]"
547018,7514853,1110,0,"[0, 1]"
547018,7514853,1106,0,"[0, 1]"
547018,7514853,1818,0,"[0, 1]"
547018,7514853,1612,0,"[0, 1]"
547018,7514853,1782,0,"[0, 1]"
547018,7514853,1575,0,"[0, 1]"
547018,7514853,1086,0,"[0, 1]"
547018,7514853,1066,0,"[0, 1]"
547018,7514853,1573,0,"[0, 1]"
547018,7514853,1934,0,"[0, 1]"
547018,7514853,1187,0,"[0, 1]"
547018,7514853,1173,0,"[0, 1]"
547018,7514853,1768,0,"[0, 1]"
547018,7514853,1437,0,"[0, 1]"
547018,7514853,1973,0,"[0, 1]"
547018,7514853,3646,0,"[0, 1]"
547018,7514853,2056,0,"[0, 1]"
547018,7514853,2093,0,"[0, 1]"
547018,7514853,2476,0,"[0, 1]"
547018,7514853,4013,0,"[0, 1]"
547018,7514853,2230,0,"[0, 1]"
547018,7514853,3269,0,"[0, 1]"
547018,7514853,2199,0,"[0, 1]"
547018,7514853,3825,0,"[0, 1]"
547018,7514853,2851,0,"[0, 1]"
547018,7514853,3333,0,"[0, 1]"
547018,7514853,3479,0,"[0, 1]"
547018,7514853,3727,0,"[0, 1]"
547018,7514853,2357,0,"[0, 1]"
547018,7514853,2590,0,"[0, 1]"
547018,7514853,3523,0,"[0, 1]"
547018,7514853,2733,0,"[0, 1]"
547018,7514853,2435,0,"[0, 1]"
547018,7514853,3000,0,"[0, 1]"
547018,7514853,2429,0,"[0, 1]"
547018,7514853,3251,0,"[0, 1]"
547018,7514853,2480,0,"[0, 1]"
547018,7514853,7395774,1,"[0, 1]"
547018,7514853,7559702,1,"[0, 1]"
547018,7514853,7116125,1,"[0, 1]"
547018,7514853,7454330,1,"[0, 1]"
547018,7514853,4705,0,"[0, 1]"
547018,7514853,7626695,1,"[0, 1]"
547018,7514853,7519104,1,"[0, 1]"
547018,7514853,7365473,1,"[0, 1]"
547018,7514853,7298209,1,"[0, 1]"
547018,7514853,7321859,1,"[0, 1]"
547018,7514853,7459432,1,"[0, 1]"
547018,7514853,7357777,1,"[0, 1]"
547018,7514853,7610240,1,"[0, 1]"
547018,7514853,4463,0,"[0, 1]"
547018,7514853,4689,0,"[0, 1]"
547018,7514853,7179316,1,"[0, 1]"
547018,7514853,4731,0,"[0, 1]"
547018,7514853,4596,0,"[0, 1]"
547018,7514853,7289144,1,"[0, 1]"
547018,7514853,7492255,1,"[0, 1]"
547018,7514853,7372120,1,"[0, 1]"
547018,7514853,7667595,1,"[0, 1]"
547018,7514853,3554513,1,"[0, 1]"
547018,7514853,7091855,1,"[0, 1]"
433680,7514865,7514865,1,"[1, 0]"
433680,7514865,3209,0,"[1, 0]"
433680,7514865,1604,0,"[1, 0]"
433680,7514865,801,0,"[1, 0]"
433680,7514865,400,0,"[1, 0]"
433680,7514865,199,0,"[1, 0]"
433680,7514865,99,0,"[1, 0]"
433680,7514865,49,0,"[1, 0]"
433680,7514865,24,0,"[1, 0]"
433680,7514865,11,0,"[1, 0]"
433680,7514865,5,0,"[1, 0]"
433680,7514865,2,0,"[1, 0]"
433680,7514865,0,0,"[1, 0]"
433680,7514865,2,0,"[0, 1]"
433680,7514865,1,0,"[0, 1]"
433680,7514865,3,0,"[0, 1]"
433680,7514865,4,0,"[0, 1]"
433680,7514865,6,0,"[0, 1]"
433680,7514865,5,0,"[0, 1]"
433680,7514865,11,0,"[0, 1]"
433680,7514865,8,0,"[0, 1]"
433680,7514865,13,0,"[0, 1]"
433680,7514865,9,0,"[0, 1]"
433680,7514865,12,0,"[0, 1]"
433680,7514865,14,0,"[0, 1]"
433680,7514865,22,0,"[0, 1]"
433680,7514865,27,0,"[0, 1]"
433680,7514865,28,0,"[0, 1]"
433680,7514865,20,0,"[0, 1]"
433680,7514865,21,0,"[0, 1]"
433680,7514865,26,0,"[0, 1]"
433680,7514865,17,0,"[0, 1]"
433680,7514865,16,0,"[0, 1]"
433680,7514865,58,0,"[0, 1]"
433680,7514865,56,0,"[0, 1]"
433680,7514865,57,0,"[0, 1]"
433680,7514865,44,0,"[0, 1]"
433680,7514865,55,0,"[0, 1]"
433680,7514865,38,0,"[0, 1]"
433680,7514865,37,0,"[0, 1]"
433680,7514865,48,0,"[0, 1]"
433680,7514865,62,0,"[0, 1]"
433680,7514865,39,0,"[0, 1]"
433680,7514865,92,0,"[0, 1]"
433680,7514865,90,0,"[0, 1]"
433680,7514865,121,0,"[0, 1]"
433680,7514865,112,0,"[0, 1]"
433680,7514865,75,0,"[0, 1]"
433680,7514865,110,0,"[0, 1]"
433680,7514865,111,0,"[0, 1]"
433680,7514865,79,0,"[0, 1]"
433680,7514865,85,0,"[0, 1]"
433680,7514865,71,0,"[0, 1]"
433680,7514865,81,0,"[0, 1]"
433680,7514865,68,0,"[0, 1]"
433680,7514865,145,0,"[0, 1]"
433680,7514865,163,0,"[0, 1]"
433680,7514865,151,0,"[0, 1]"
433680,7514865,172,0,"[0, 1]"
433680,7514865,149,0,"[0, 1]"
433680,7514865,196,0,"[0, 1]"
433680,7514865,130,0,"[0, 1]"
433680,7514865,144,0,"[0, 1]"
433680,7514865,153,0,"[0, 1]"
433680,7514865,237,0,"[0, 1]"
433680,7514865,245,0,"[0, 1]"
433680,7514865,180,0,"[0, 1]"
433680,7514865,128,0,"[0, 1]"
433680,7514865,159,0,"[0, 1]"
433680,7514865,283,0,"[0, 1]"
433680,7514865,302,0,"[0, 1]"
433680,7514865,447,0,"[0, 1]"
433680,7514865,457,0,"[0, 1]"
433680,7514865,303,0,"[0, 1]"
433680,7514865,282,0,"[0, 1]"
433680,7514865,416,0,"[0, 1]"
433680,7514865,281,0,"[0, 1]"
433680,7514865,479,0,"[0, 1]"
433680,7514865,471,0,"[0, 1]"
433680,7514865,316,0,"[0, 1]"
433680,7514865,391,0,"[0, 1]"
433680,7514865,430,0,"[0, 1]"
433680,7514865,508,0,"[0, 1]"
433680,7514865,311,0,"[0, 1]"
433680,7514865,395,0,"[0, 1]"
433680,7514865,822,0,"[0, 1]"
433680,7514865,940,0,"[0, 1]"
433680,7514865,739,0,"[0, 1]"
433680,7514865,929,0,"[0, 1]"
433680,7514865,639,0,"[0, 1]"
433680,7514865,945,0,"[0, 1]"
433680,7514865,704,0,"[0, 1]"
433680,7514865,954,0,"[0, 1]"
433680,7514865,538,0,"[0, 1]"
433680,7514865,986,0,"[0, 1]"
433680,7514865,718,0,"[0, 1]"
433680,7514865,728,0,"[0, 1]"
433680,7514865,823,0,"[0, 1]"
433680,7514865,558,0,"[0, 1]"
433680,7514865,879,0,"[0, 1]"
433680,7514865,585,0,"[0, 1]"
433680,7514865,898,0,"[0, 1]"
433680,7514865,630,0,"[0, 1]"
433680,7514865,1850,0,"[0, 1]"
433680,7514865,1473,0,"[0, 1]"
433680,7514865,1511,0,"[0, 1]"
433680,7514865,1151,0,"[0, 1]"
433680,7514865,1673,0,"[0, 1]"
433680,7514865,1065,0,"[0, 1]"
433680,7514865,1773,0,"[0, 1]"
433680,7514865,1466,0,"[0, 1]"
433680,7514865,1503,0,"[0, 1]"
433680,7514865,1728,0,"[0, 1]"
433680,7514865,1371,0,"[0, 1]"
433680,7514865,1053,0,"[0, 1]"
433680,7514865,1359,0,"[0, 1]"
433680,7514865,1886,0,"[0, 1]"
433680,7514865,1839,0,"[0, 1]"
433680,7514865,1172,0,"[0, 1]"
433680,7514865,1582,0,"[0, 1]"
433680,7514865,1072,0,"[0, 1]"
433680,7514865,1929,0,"[0, 1]"
433680,7514865,1834,0,"[0, 1]"
433680,7514865,2213,0,"[0, 1]"
433680,7514865,3309,0,"[0, 1]"
433680,7514865,3543,0,"[0, 1]"
433680,7514865,2797,0,"[0, 1]"
433680,7514865,2945,0,"[0, 1]"
433680,7514865,2752,0,"[0, 1]"
433680,7514865,3715,0,"[0, 1]"
433680,7514865,2856,0,"[0, 1]"
433680,7514865,3298,0,"[0, 1]"
433680,7514865,3787,0,"[0, 1]"
433680,7514865,2679,0,"[0, 1]"
433680,7514865,2523,0,"[0, 1]"
433680,7514865,3081,0,"[0, 1]"
433680,7514865,3839,0,"[0, 1]"
433680,7514865,2141,0,"[0, 1]"
433680,7514865,2159,0,"[0, 1]"
433680,7514865,3077,0,"[0, 1]"
433680,7514865,2997,0,"[0, 1]"
433680,7514865,3915,0,"[0, 1]"
433680,7514865,2490,0,"[0, 1]"
433680,7514865,3798,0,"[0, 1]"
433680,7514865,4093,0,"[0, 1]"
433680,7514865,324011,1,"[0, 1]"
433680,7514865,4660,0,"[0, 1]"
433680,7514865,7577924,1,"[0, 1]"
433680,7514865,7629602,1,"[0, 1]"
433680,7514865,2026902,1,"[0, 1]"
433680,7514865,7300170,1,"[0, 1]"
433680,7514865,7189043,1,"[0, 1]"
433680,7514865,7169371,1,"[0, 1]"
433680,7514865,4116,0,"[0, 1]"
433680,7514865,7590762,1,"[0, 1]"
433680,7514865,7543852,1,"[0, 1]"
433680,7514865,7071642,1,"[0, 1]"
433680,7514865,4356,0,"[0, 1]"
433680,7514865,7127820,1,"[0, 1]"
433680,7514865,7379655,1,"[0, 1]"
433680,7514865,7188337,1,"[0, 1]"
433680,7514865,7681665,1,"[0, 1]"
433680,7514865,4258,0,"[0, 1]"
433680,7514865,4538,0,"[0, 1]"
433680,7514865,4633,0,"[0, 1]"
433680,7514865,7086188,1,"[0, 1]"
433680,7514865,7259784,1,"[0, 1]"
433680,7514865,4500,0,"[0, 1]"
433680,7514865,7351322,1,"[0, 1]"
731902,7514867,7514867,1,"[1, 0]"
731902,7514867,2983,0,"[1, 0]"
731902,7514867,1491,0,"[1, 0]"
731902,7514867,745,0,"[1, 0]"
731902,7514867,372,0,"[1, 0]"
731902,7514867,185,0,"[1, 0]"
731902,7514867,92,0,"[1, 0]"
731902,7514867,45,0,"[1, 0]"
731902,7514867,22,0,"[1, 0]"
731902,7514867,10,0,"[1, 0]"
731902,7514867,4,0,"[1, 0]"
731902,7514867,1,0,"[1, 0]"
731902,7514867,0,0,"[1, 0]"
731902,7514867,2,0,"[0, 1]"
731902,7514867,1,0,"[0, 1]"
731902,7514867,6,0,"[0, 1]"
731902,7514867,5,0,"[0, 1]"
731902,7514867,3,0,"[0, 1]"
731902,7514867,4,0,"[0, 1]"
731902,7514867,14,0,"[0, 1]"
731902,7514867,11,0,"[0, 1]"
731902,7514867,10,0,"[0, 1]"
731902,7514867,7,0,"[0, 1]"
731902,7514867,13,0,"[0, 1]"
731902,7514867,12,0,"[0, 1]"
731902,7514867,17,0,"[0, 1]"
731902,7514867,21,0,"[0, 1]"
731902,7514867,25,0,"[0, 1]"
731902,7514867,26,0,"[0, 1]"
731902,7514867,23,0,"[0, 1]"
731902,7514867,27,0,"[0, 1]"
731902,7514867,30,0,"[0, 1]"
731902,7514867,15,0,"[0, 1]"
731902,7514867,56,0,"[0, 1]"
731902,7514867,54,0,"[0, 1]"
731902,7514867,31,0,"[0, 1]"
731902,7514867,60,0,"[0, 1]"
731902,7514867,49,0,"[0, 1]"
731902,7514867,55,0,"[0, 1]"
731902,7514867,53,0,"[0, 1]"
731902,7514867,57,0,"[0, 1]"
731902,7514867,42,0,"[0, 1]"
731902,7514867,58,0,"[0, 1]"
731902,7514867,74,0,"[0, 1]"
731902,7514867,116,0,"[0, 1]"
731902,7514867,85,0,"[0, 1]"
731902,7514867,103,0,"[0, 1]"
731902,7514867,83,0,"[0, 1]"
731902,7514867,123,0,"[0, 1]"
731902,7514867,118,0,"[0, 1]"
731902,7514867,119,0,"[0, 1]"
731902,7514867,92,0,"[0, 1]"
731902,7514867,69,0,"[0, 1]"
731902,7514867,110,0,"[0, 1]"
731902,7514867,120,0,"[0, 1]"
731902,7514867,224,0,"[0, 1]"
731902,7514867,201,0,"[0, 1]"
731902,7514867,236,0,"[0, 1]"
731902,7514867,230,0,"[0, 1]"
731902,7514867,231,0,"[0, 1]"
731902,7514867,154,0,"[0, 1]"
731902,7514867,127,0,"[0, 1]"
731902,7514867,217,0,"[0, 1]"
731902,7514867,181,0,"[0, 1]"
731902,7514867,193,0,"[0, 1]"
731902,7514867,161,0,"[0, 1]"
731902,7514867,241,0,"[0, 1]"
731902,7514867,239,0,"[0, 1]"
731902,7514867,160,0,"[0, 1]"
731902,7514867,475,0,"[0, 1]"
731902,7514867,499,0,"[0, 1]"
731902,7514867,435,0,"[0, 1]"
731902,7514867,483,0,"[0, 1]"
731902,7514867,300,0,"[0, 1]"
731902,7514867,343,0,"[0, 1]"
731902,7514867,446,0,"[0, 1]"
731902,7514867,279,0,"[0, 1]"
731902,7514867,318,0,"[0, 1]"
731902,7514867,334,0,"[0, 1]"
731902,7514867,437,0,"[0, 1]"
731902,7514867,276,0,"[0, 1]"
731902,7514867,283,0,"[0, 1]"
731902,7514867,312,0,"[0, 1]"
731902,7514867,416,0,"[0, 1]"
731902,7514867,490,0,"[0, 1]"
731902,7514867,694,0,"[0, 1]"
731902,7514867,624,0,"[0, 1]"
731902,7514867,722,0,"[0, 1]"
731902,7514867,868,0,"[0, 1]"
731902,7514867,884,0,"[0, 1]"
731902,7514867,563,0,"[0, 1]"
731902,7514867,784,0,"[0, 1]"
731902,7514867,933,0,"[0, 1]"
731902,7514867,533,0,"[0, 1]"
731902,7514867,924,0,"[0, 1]"
731902,7514867,653,0,"[0, 1]"
731902,7514867,957,0,"[0, 1]"
731902,7514867,654,0,"[0, 1]"
731902,7514867,758,0,"[0, 1]"
731902,7514867,658,0,"[0, 1]"
731902,7514867,913,0,"[0, 1]"
731902,7514867,990,0,"[0, 1]"
731902,7514867,894,0,"[0, 1]"
731902,7514867,1573,0,"[0, 1]"
731902,7514867,1931,0,"[0, 1]"
731902,7514867,1688,0,"[0, 1]"
731902,7514867,1497,0,"[0, 1]"
731902,7514867,1867,0,"[0, 1]"
731902,7514867,1051,0,"[0, 1]"
731902,7514867,1938,0,"[0, 1]"
731902,7514867,1646,0,"[0, 1]"
731902,7514867,1583,0,"[0, 1]"
731902,7514867,1389,0,"[0, 1]"
731902,7514867,1813,0,"[0, 1]"
731902,7514867,1681,0,"[0, 1]"
731902,7514867,1274,0,"[0, 1]"
731902,7514867,1202,0,"[0, 1]"
731902,7514867,1636,0,"[0, 1]"
731902,7514867,1621,0,"[0, 1]"
731902,7514867,1354,0,"[0, 1]"
731902,7514867,1983,0,"[0, 1]"
731902,7514867,1723,0,"[0, 1]"
731902,7514867,1959,0,"[0, 1]"
731902,7514867,3345,0,"[0, 1]"
731902,7514867,2656,0,"[0, 1]"
731902,7514867,2988,0,"[0, 1]"
731902,7514867,2483,0,"[0, 1]"
731902,7514867,2067,0,"[0, 1]"
731902,7514867,2606,0,"[0, 1]"
731902,7514867,2966,0,"[0, 1]"
731902,7514867,2824,0,"[0, 1]"
731902,7514867,2576,0,"[0, 1]"
731902,7514867,3380,0,"[0, 1]"
731902,7514867,2212,0,"[0, 1]"
731902,7514867,2959,0,"[0, 1]"
731902,7514867,3188,0,"[0, 1]"
731902,7514867,2315,0,"[0, 1]"
731902,7514867,3700,0,"[0, 1]"
731902,7514867,2614,0,"[0, 1]"
731902,7514867,2703,0,"[0, 1]"
731902,7514867,2953,0,"[0, 1]"
731902,7514867,3543,0,"[0, 1]"
731902,7514867,3889,0,"[0, 1]"
731902,7514867,3227,0,"[0, 1]"
731902,7514867,2890,0,"[0, 1]"
731902,7514867,7687609,1,"[0, 1]"
731902,7514867,7298209,1,"[0, 1]"
731902,7514867,7146139,1,"[0, 1]"
731902,7514867,4338,0,"[0, 1]"
731902,7514867,7178110,1,"[0, 1]"
731902,7514867,3732068,1,"[0, 1]"
731902,7514867,1590950,1,"[0, 1]"
731902,7514867,7417952,1,"[0, 1]"
731902,7514867,4139,0,"[0, 1]"
731902,7514867,5501299,1,"[0, 1]"
731902,7514867,7519664,1,"[0, 1]"
731902,7514867,7466308,1,"[0, 1]"
731902,7514867,4591,0,"[0, 1]"
731902,7514867,4178175,1,"[0, 1]"
731902,7514867,7427486,1,"[0, 1]"
731902,7514867,7597593,1,"[0, 1]"
731902,7514867,4934,0,"[0, 1]"
731902,7514867,7454642,1,"[0, 1]"
731902,7514867,4926,0,"[0, 1]"
731902,7514867,7105044,1,"[0, 1]"
731902,7514867,7590379,1,"[0, 1]"
731902,7514867,7653899,1,"[0, 1]"
731902,7514867,7494367,1,"[0, 1]"
731902,7514867,4893,0,"[0, 1]"
412340,7515350,7515350,1,"[1, 0]"
412340,7515350,4123,0,"[1, 0]"
412340,7515350,2111,0,"[1, 0]"
412340,7515350,1055,0,"[1, 0]"
412340,7515350,527,0,"[1, 0]"
412340,7515350,263,0,"[1, 0]"
412340,7515350,131,0,"[1, 0]"
412340,7515350,65,0,"[1, 0]"
412340,7515350,32,0,"[1, 0]"
412340,7515350,15,0,"[1, 0]"
412340,7515350,7,0,"[1, 0]"
412340,7515350,3,0,"[1, 0]"
412340,7515350,1,0,"[1, 0]"
412340,7515350,0,0,"[1, 0]"
412340,7515350,2,0,"[0, 1]"
412340,7515350,1,0,"[0, 1]"
412340,7515350,6,0,"[0, 1]"
412340,7515350,4,0,"[0, 1]"
412340,7515350,5,0,"[0, 1]"
412340,7515350,3,0,"[0, 1]"
412340,7515350,13,0,"[0, 1]"
412340,7515350,10,0,"[0, 1]"
412340,7515350,7,0,"[0, 1]"
412340,7515350,9,0,"[0, 1]"
412340,7515350,14,0,"[0, 1]"
412340,7515350,12,0,"[0, 1]"
412340,7515350,17,0,"[0, 1]"
412340,7515350,26,0,"[0, 1]"
412340,7515350,28,0,"[0, 1]"
412340,7515350,25,0,"[0, 1]"
412340,7515350,16,0,"[0, 1]"
412340,7515350,19,0,"[0, 1]"
412340,7515350,20,0,"[0, 1]"
412340,7515350,24,0,"[0, 1]"
412340,7515350,37,0,"[0, 1]"
412340,7515350,40,0,"[0, 1]"
412340,7515350,39,0,"[0, 1]"
412340,7515350,61,0,"[0, 1]"
412340,7515350,57,0,"[0, 1]"
412340,7515350,31,0,"[0, 1]"
412340,7515350,45,0,"[0, 1]"
412340,7515350,62,0,"[0, 1]"
412340,7515350,53,0,"[0, 1]"
412340,7515350,56,0,"[0, 1]"
412340,7515350,109,0,"[0, 1]"
412340,7515350,115,0,"[0, 1]"
412340,7515350,116,0,"[0, 1]"
412340,7515350,126,0,"[0, 1]"
412340,7515350,106,0,"[0, 1]"
412340,7515350,96,0,"[0, 1]"
412340,7515350,113,0,"[0, 1]"
412340,7515350,121,0,"[0, 1]"
412340,7515350,92,0,"[0, 1]"
412340,7515350,111,0,"[0, 1]"
412340,7515350,87,0,"[0, 1]"
412340,7515350,101,0,"[0, 1]"
412340,7515350,176,0,"[0, 1]"
412340,7515350,219,0,"[0, 1]"
412340,7515350,156,0,"[0, 1]"
412340,7515350,165,0,"[0, 1]"
412340,7515350,214,0,"[0, 1]"
412340,7515350,205,0,"[0, 1]"
412340,7515350,233,0,"[0, 1]"
412340,7515350,207,0,"[0, 1]"
412340,7515350,130,0,"[0, 1]"
412340,7515350,198,0,"[0, 1]"
412340,7515350,234,0,"[0, 1]"
412340,7515350,146,0,"[0, 1]"
412340,7515350,246,0,"[0, 1]"
412340,7515350,231,0,"[0, 1]"
412340,7515350,314,0,"[0, 1]"
412340,7515350,429,0,"[0, 1]"
412340,7515350,331,0,"[0, 1]"
412340,7515350,297,0,"[0, 1]"
412340,7515350,491,0,"[0, 1]"
412340,7515350,405,0,"[0, 1]"
412340,7515350,293,0,"[0, 1]"
412340,7515350,333,0,"[0, 1]"
412340,7515350,291,0,"[0, 1]"
412340,7515350,277,0,"[0, 1]"
412340,7515350,489,0,"[0, 1]"
412340,7515350,369,0,"[0, 1]"
412340,7515350,346,0,"[0, 1]"
412340,7515350,295,0,"[0, 1]"
412340,7515350,419,0,"[0, 1]"
412340,7515350,255,0,"[0, 1]"
412340,7515350,642,0,"[0, 1]"
412340,7515350,992,0,"[0, 1]"
412340,7515350,1000,0,"[0, 1]"
412340,7515350,728,0,"[0, 1]"
412340,7515350,971,0,"[0, 1]"
412340,7515350,975,0,"[0, 1]"
412340,7515350,631,0,"[0, 1]"
412340,7515350,666,0,"[0, 1]"
412340,7515350,878,0,"[0, 1]"
412340,7515350,622,0,"[0, 1]"
412340,7515350,791,0,"[0, 1]"
412340,7515350,747,0,"[0, 1]"
412340,7515350,983,0,"[0, 1]"
412340,7515350,574,0,"[0, 1]"
412340,7515350,725,0,"[0, 1]"
412340,7515350,812,0,"[0, 1]"
412340,7515350,877,0,"[0, 1]"
412340,7515350,678,0,"[0, 1]"
412340,7515350,1369,0,"[0, 1]"
412340,7515350,1354,0,"[0, 1]"
412340,7515350,1100,0,"[0, 1]"
412340,7515350,1995,0,"[0, 1]"
412340,7515350,1392,0,"[0, 1]"
412340,7515350,1203,0,"[0, 1]"
412340,7515350,1949,0,"[0, 1]"
412340,7515350,1389,0,"[0, 1]"
412340,7515350,1328,0,"[0, 1]"
412340,7515350,1811,0,"[0, 1]"
412340,7515350,1761,0,"[0, 1]"
412340,7515350,2035,0,"[0, 1]"
412340,7515350,1884,0,"[0, 1]"
412340,7515350,1702,0,"[0, 1]"
412340,7515350,1606,0,"[0, 1]"
412340,7515350,2038,0,"[0, 1]"
412340,7515350,1537,0,"[0, 1]"
412340,7515350,1621,0,"[0, 1]"
412340,7515350,1349,0,"[0, 1]"
412340,7515350,1080,0,"[0, 1]"
412340,7515350,2635,0,"[0, 1]"
412340,7515350,2653,0,"[0, 1]"
412340,7515350,4094,0,"[0, 1]"
412340,7515350,2105,0,"[0, 1]"
412340,7515350,3853,0,"[0, 1]"
412340,7515350,3436,0,"[0, 1]"
412340,7515350,2439,0,"[0, 1]"
412340,7515350,2708,0,"[0, 1]"
412340,7515350,2158,0,"[0, 1]"
412340,7515350,3072,0,"[0, 1]"
412340,7515350,3244,0,"[0, 1]"
412340,7515350,2546,0,"[0, 1]"
412340,7515350,3110,0,"[0, 1]"
412340,7515350,3495,0,"[0, 1]"
412340,7515350,3749,0,"[0, 1]"
412340,7515350,3327,0,"[0, 1]"
412340,7515350,3481,0,"[0, 1]"
412340,7515350,2722,0,"[0, 1]"
412340,7515350,2198,0,"[0, 1]"
412340,7515350,2300,0,"[0, 1]"
412340,7515350,3719,0,"[0, 1]"
412340,7515350,3519,0,"[0, 1]"
412340,7515350,7534191,1,"[0, 1]"
412340,7515350,7221542,1,"[0, 1]"
412340,7515350,4284,0,"[0, 1]"
412340,7515350,7100724,1,"[0, 1]"
412340,7515350,7370781,1,"[0, 1]"
412340,7515350,7465839,1,"[0, 1]"
412340,7515350,7665868,1,"[0, 1]"
412340,7515350,4758,0,"[0, 1]"
412340,7515350,4297,0,"[0, 1]"
412340,7515350,7488908,1,"[0, 1]"
412340,7515350,4166,0,"[0, 1]"
412340,7515350,7276680,1,"[0, 1]"
412340,7515350,7417952,1,"[0, 1]"
412340,7515350,7526095,1,"[0, 1]"
412340,7515350,7116157,1,"[0, 1]"
412340,7515350,4320,0,"[0, 1]"
412340,7515350,4769,0,"[0, 1]"
412340,7515350,7359307,1,"[0, 1]"
412340,7515350,7211818,1,"[0, 1]"
412340,7515350,7206269,1,"[0, 1]"
412340,7515350,4156,0,"[0, 1]"
412340,7515350,7333163,1,"[0, 1]"
412340,7515350,7463161,1,"[0, 1]"
412340,7515350,4562,0,"[0, 1]"
412340,7515350,7250952,1,"[0, 1]"
412340,7515350,455251,1,"[0, 1]"
412340,7515350,7147522,1,"[0, 1]"
412340,7515350,7510466,1,"[0, 1]"
412340,7515350,7648865,1,"[0, 1]"
412340,7515350,1612955,1,"[0, 1]"
412340,7515350,7212434,1,"[0, 1]"
412340,7515350,7561627,1,"[0, 1]"
412340,7515350,7184191,1,"[0, 1]"
412340,7515350,7232099,1,"[0, 1]"
412340,7515350,7507566,1,"[0, 1]"
412340,7515350,7183163,1,"[0, 1]"
412340,7515350,7258172,1,"[0, 1]"
412340,7515350,7123628,1,"[0, 1]"
412340,7515350,7601337,1,"[0, 1]"
412340,7515350,7556410,1,"[0, 1]"
412340,7515350,7480666,1,"[0, 1]"
412340,7515350,7668437,1,"[0, 1]"
412340,7515350,7369774,1,"[0, 1]"
412340,7515350,7284795,1,"[0, 1]"
412340,7515350,7094182,1,"[0, 1]"
412340,7515350,7229777,1,"[0, 1]"
412340,7515350,7493078,1,"[0, 1]"
412340,7515350,7346574,1,"[0, 1]"
412340,7515350,7398040,1,"[0, 1]"
412340,7515350,7685963,1,"[0, 1]"
358150,7515803,7515803,1,"[1, 0]"
358150,7515803,3529,0,"[1, 0]"
358150,7515803,1764,0,"[1, 0]"
358150,7515803,881,0,"[1, 0]"
358150,7515803,440,0,"[1, 0]"
358150,7515803,219,0,"[1, 0]"
358150,7515803,109,0,"[1, 0]"
358150,7515803,54,0,"[1, 0]"
358150,7515803,26,0,"[1, 0]"
358150,7515803,12,0,"[1, 0]"
358150,7515803,5,0,"[1, 0]"
358150,7515803,2,0,"[1, 0]"
358150,7515803,0,0,"[1, 0]"
358150,7515803,2,0,"[0, 1]"
358150,7515803,1,0,"[0, 1]"
358150,7515803,5,0,"[0, 1]"
358150,7515803,6,0,"[0, 1]"
358150,7515803,4,0,"[0, 1]"
358150,7515803,3,0,"[0, 1]"
358150,7515803,12,0,"[0, 1]"
358150,7515803,10,0,"[0, 1]"
358150,7515803,14,0,"[0, 1]"
358150,7515803,9,0,"[0, 1]"
358150,7515803,7,0,"[0, 1]"
358150,7515803,13,0,"[0, 1]"
358150,7515803,23,0,"[0, 1]"
358150,7515803,18,0,"[0, 1]"
358150,7515803,26,0,"[0, 1]"
358150,7515803,29,0,"[0, 1]"
358150,7515803,17,0,"[0, 1]"
358150,7515803,15,0,"[0, 1]"
358150,7515803,16,0,"[0, 1]"
358150,7515803,20,0,"[0, 1]"
358150,7515803,46,0,"[0, 1]"
358150,7515803,62,0,"[0, 1]"
358150,7515803,43,0,"[0, 1]"
358150,7515803,58,0,"[0, 1]"
358150,7515803,50,0,"[0, 1]"
358150,7515803,41,0,"[0, 1]"
358150,7515803,34,0,"[0, 1]"
358150,7515803,59,0,"[0, 1]"
358150,7515803,53,0,"[0, 1]"
358150,7515803,32,0,"[0, 1]"
358150,7515803,125,0,"[0, 1]"
358150,7515803,70,0,"[0, 1]"
358150,7515803,73,0,"[0, 1]"
358150,7515803,93,0,"[0, 1]"
358150,7515803,89,0,"[0, 1]"
358150,7515803,109,0,"[0, 1]"
358150,7515803,98,0,"[0, 1]"
358150,7515803,86,0,"[0, 1]"
358150,7515803,102,0,"[0, 1]"
358150,7515803,105,0,"[0, 1]"
358150,7515803,91,0,"[0, 1]"
358150,7515803,88,0,"[0, 1]"
358150,7515803,224,0,"[0, 1]"
358150,7515803,204,0,"[0, 1]"
358150,7515803,191,0,"[0, 1]"
358150,7515803,153,0,"[0, 1]"
358150,7515803,205,0,"[0, 1]"
358150,7515803,223,0,"[0, 1]"
358150,7515803,134,0,"[0, 1]"
358150,7515803,234,0,"[0, 1]"
358150,7515803,188,0,"[0, 1]"
358150,7515803,236,0,"[0, 1]"
358150,7515803,168,0,"[0, 1]"
358150,7515803,151,0,"[0, 1]"
358150,7515803,254,0,"[0, 1]"
358150,7515803,144,0,"[0, 1]"
358150,7515803,359,0,"[0, 1]"
358150,7515803,336,0,"[0, 1]"
358150,7515803,447,0,"[0, 1]"
358150,7515803,300,0,"[0, 1]"
358150,7515803,310,0,"[0, 1]"
358150,7515803,501,0,"[0, 1]"
358150,7515803,483,0,"[0, 1]"
358150,7515803,275,0,"[0, 1]"
358150,7515803,487,0,"[0, 1]"
358150,7515803,289,0,"[0, 1]"
358150,7515803,258,0,"[0, 1]"
358150,7515803,329,0,"[0, 1]"
358150,7515803,402,0,"[0, 1]"
358150,7515803,394,0,"[0, 1]"
358150,7515803,466,0,"[0, 1]"
358150,7515803,377,0,"[0, 1]"
358150,7515803,724,0,"[0, 1]"
358150,7515803,752,0,"[0, 1]"
358150,7515803,829,0,"[0, 1]"
358150,7515803,913,0,"[0, 1]"
358150,7515803,607,0,"[0, 1]"
358150,7515803,1006,0,"[0, 1]"
358150,7515803,788,0,"[0, 1]"
358150,7515803,624,0,"[0, 1]"
358150,7515803,772,0,"[0, 1]"
358150,7515803,532,0,"[0, 1]"
358150,7515803,999,0,"[0, 1]"
358150,7515803,977,0,"[0, 1]"
358150,7515803,609,0,"[0, 1]"
358150,7515803,608,0,"[0, 1]"
358150,7515803,1022,0,"[0, 1]"
358150,7515803,542,0,"[0, 1]"
358150,7515803,807,0,"[0, 1]"
358150,7515803,949,0,"[0, 1]"
358150,7515803,1587,0,"[0, 1]"
358150,7515803,1571,0,"[0, 1]"
358150,7515803,1574,0,"[0, 1]"
358150,7515803,2021,0,"[0, 1]"
358150,7515803,1210,0,"[0, 1]"
358150,7515803,1662,0,"[0, 1]"
358150,7515803,1171,0,"[0, 1]"
358150,7515803,2040,0,"[0, 1]"
358150,7515803,1482,0,"[0, 1]"
358150,7515803,1738,0,"[0, 1]"
358150,7515803,1622,0,"[0, 1]"
358150,7515803,1962,0,"[0, 1]"
358150,7515803,1781,0,"[0, 1]"
358150,7515803,1689,0,"[0, 1]"
358150,7515803,1162,0,"[0, 1]"
358150,7515803,1740,0,"[0, 1]"
358150,7515803,1212,0,"[0, 1]"
358150,7515803,1901,0,"[0, 1]"
358150,7515803,1053,0,"[0, 1]"
358150,7515803,1960,0,"[0, 1]"
358150,7515803,2213,0,"[0, 1]"
358150,7515803,2672,0,"[0, 1]"
358150,7515803,3694,0,"[0, 1]"
358150,7515803,2276,0,"[0, 1]"
358150,7515803,2282,0,"[0, 1]"
358150,7515803,3909,0,"[0, 1]"
358150,7515803,3665,0,"[0, 1]"
358150,7515803,2890,0,"[0, 1]"
358150,7515803,2124,0,"[0, 1]"
358150,7515803,3127,0,"[0, 1]"
358150,7515803,3282,0,"[0, 1]"
358150,7515803,3587,0,"[0, 1]"
358150,7515803,2325,0,"[0, 1]"
358150,7515803,2806,0,"[0, 1]"
358150,7515803,3436,0,"[0, 1]"
358150,7515803,3860,0,"[0, 1]"
358150,7515803,2887,0,"[0, 1]"
358150,7515803,3949,0,"[0, 1]"
358150,7515803,3859,0,"[0, 1]"
358150,7515803,3914,0,"[0, 1]"
358150,7515803,3065,0,"[0, 1]"
358150,7515803,2944,0,"[0, 1]"
358150,7515803,7210943,1,"[0, 1]"
358150,7515803,4205,0,"[0, 1]"
358150,7515803,7209295,1,"[0, 1]"
358150,7515803,7682286,1,"[0, 1]"
358150,7515803,7559988,1,"[0, 1]"
358150,7515803,7273171,1,"[0, 1]"
358150,7515803,7173901,1,"[0, 1]"
358150,7515803,7241339,1,"[0, 1]"
358150,7515803,4506,0,"[0, 1]"
358150,7515803,7246634,1,"[0, 1]"
358150,7515803,4751,0,"[0, 1]"
358150,7515803,7100724,1,"[0, 1]"
358150,7515803,1738230,1,"[0, 1]"
358150,7515803,3132683,1,"[0, 1]"
358150,7515803,7429330,1,"[0, 1]"
358150,7515803,7606657,1,"[0, 1]"
358150,7515803,7230131,1,"[0, 1]"
358150,7515803,4846,0,"[0, 1]"
358150,7515803,4117,0,"[0, 1]"
358150,7515803,7511352,1,"[0, 1]"
358150,7515803,7275543,1,"[0, 1]"
358150,7515803,4726,0,"[0, 1]"
358150,7515803,7179178,1,"[0, 1]"
358150,7515803,7447712,1,"[0, 1]"
510858,7515900,7515900,1,"[1, 0]"
510858,7515900,4391,0,"[1, 0]"
510858,7515900,2718,0,"[1, 0]"
510858,7515900,1358,0,"[1, 0]"
510858,7515900,678,0,"[1, 0]"
510858,7515900,338,0,"[1, 0]"
510858,7515900,168,0,"[1, 0]"
510858,7515900,83,0,"[1, 0]"
510858,7515900,41,0,"[1, 0]"
510858,7515900,20,0,"[1, 0]"
510858,7515900,9,0,"[1, 0]"
510858,7515900,4,0,"[1, 0]"
510858,7515900,1,0,"[1, 0]"
510858,7515900,0,0,"[1, 0]"
510858,7515900,1,0,"[0, 1]"
510858,7515900,2,0,"[0, 1]"
510858,7515900,5,0,"[0, 1]"
510858,7515900,6,0,"[0, 1]"
510858,7515900,3,0,"[0, 1]"
510858,7515900,4,0,"[0, 1]"
510858,7515900,10,0,"[0, 1]"
510858,7515900,7,0,"[0, 1]"
510858,7515900,14,0,"[0, 1]"
510858,7515900,11,0,"[0, 1]"
510858,7515900,8,0,"[0, 1]"
510858,7515900,12,0,"[0, 1]"
510858,7515900,17,0,"[0, 1]"
510858,7515900,22,0,"[0, 1]"
510858,7515900,20,0,"[0, 1]"
510858,7515900,19,0,"[0, 1]"
510858,7515900,27,0,"[0, 1]"
510858,7515900,23,0,"[0, 1]"
510858,7515900,29,0,"[0, 1]"
510858,7515900,21,0,"[0, 1]"
510858,7515900,40,0,"[0, 1]"
510858,7515900,33,0,"[0, 1]"
510858,7515900,34,0,"[0, 1]"
510858,7515900,53,0,"[0, 1]"
510858,7515900,37,0,"[0, 1]"
510858,7515900,45,0,"[0, 1]"
510858,7515900,61,0,"[0, 1]"
510858,7515900,54,0,"[0, 1]"
510858,7515900,55,0,"[0, 1]"
510858,7515900,42,0,"[0, 1]"
510858,7515900,126,0,"[0, 1]"
510858,7515900,66,0,"[0, 1]"
510858,7515900,108,0,"[0, 1]"
510858,7515900,89,0,"[0, 1]"
510858,7515900,124,0,"[0, 1]"
510858,7515900,73,0,"[0, 1]"
510858,7515900,122,0,"[0, 1]"
510858,7515900,118,0,"[0, 1]"
510858,7515900,70,0,"[0, 1]"
510858,7515900,94,0,"[0, 1]"
510858,7515900,85,0,"[0, 1]"
510858,7515900,75,0,"[0, 1]"
510858,7515900,222,0,"[0, 1]"
510858,7515900,179,0,"[0, 1]"
510858,7515900,237,0,"[0, 1]"
510858,7515900,137,0,"[0, 1]"
510858,7515900,196,0,"[0, 1]"
510858,7515900,208,0,"[0, 1]"
510858,7515900,149,0,"[0, 1]"
510858,7515900,194,0,"[0, 1]"
510858,7515900,138,0,"[0, 1]"
510858,7515900,229,0,"[0, 1]"
510858,7515900,169,0,"[0, 1]"
510858,7515900,230,0,"[0, 1]"
510858,7515900,251,0,"[0, 1]"
510858,7515900,167,0,"[0, 1]"
510858,7515900,423,0,"[0, 1]"
510858,7515900,300,0,"[0, 1]"
510858,7515900,319,0,"[0, 1]"
510858,7515900,335,0,"[0, 1]"
510858,7515900,463,0,"[0, 1]"
510858,7515900,466,0,"[0, 1]"
510858,7515900,369,0,"[0, 1]"
510858,7515900,372,0,"[0, 1]"
510858,7515900,293,0,"[0, 1]"
510858,7515900,449,0,"[0, 1]"
510858,7515900,325,0,"[0, 1]"
510858,7515900,418,0,"[0, 1]"
510858,7515900,386,0,"[0, 1]"
510858,7515900,490,0,"[0, 1]"
510858,7515900,341,0,"[0, 1]"
510858,7515900,277,0,"[0, 1]"
510858,7515900,942,0,"[0, 1]"
510858,7515900,826,0,"[0, 1]"
510858,7515900,656,0,"[0, 1]"
510858,7515900,602,0,"[0, 1]"
510858,7515900,925,0,"[0, 1]"
510858,7515900,601,0,"[0, 1]"
510858,7515900,941,0,"[0, 1]"
510858,7515900,591,0,"[0, 1]"
510858,7515900,1010,0,"[0, 1]"
510858,7515900,768,0,"[0, 1]"
510858,7515900,629,0,"[0, 1]"
510858,7515900,923,0,"[0, 1]"
510858,7515900,582,0,"[0, 1]"
510858,7515900,853,0,"[0, 1]"
510858,7515900,979,0,"[0, 1]"
510858,7515900,836,0,"[0, 1]"
510858,7515900,651,0,"[0, 1]"
510858,7515900,896,0,"[0, 1]"
510858,7515900,1065,0,"[0, 1]"
510858,7515900,2016,0,"[0, 1]"
510858,7515900,1594,0,"[0, 1]"
510858,7515900,1404,0,"[0, 1]"
510858,7515900,1817,0,"[0, 1]"
510858,7515900,1416,0,"[0, 1]"
510858,7515900,1813,0,"[0, 1]"
510858,7515900,1870,0,"[0, 1]"
510858,7515900,1742,0,"[0, 1]"
510858,7515900,1355,0,"[0, 1]"
510858,7515900,1319,0,"[0, 1]"
510858,7515900,1830,0,"[0, 1]"
510858,7515900,1478,0,"[0, 1]"
510858,7515900,1586,0,"[0, 1]"
510858,7515900,1313,0,"[0, 1]"
510858,7515900,1636,0,"[0, 1]"
510858,7515900,2018,0,"[0, 1]"
510858,7515900,1067,0,"[0, 1]"
510858,7515900,1614,0,"[0, 1]"
510858,7515900,1064,0,"[0, 1]"
510858,7515900,2317,0,"[0, 1]"
510858,7515900,2926,0,"[0, 1]"
510858,7515900,2626,0,"[0, 1]"
510858,7515900,3211,0,"[0, 1]"
510858,7515900,3774,0,"[0, 1]"
510858,7515900,2889,0,"[0, 1]"
510858,7515900,3070,0,"[0, 1]"
510858,7515900,3013,0,"[0, 1]"
510858,7515900,2928,0,"[0, 1]"
510858,7515900,2971,0,"[0, 1]"
510858,7515900,2093,0,"[0, 1]"
510858,7515900,2086,0,"[0, 1]"
510858,7515900,2686,0,"[0, 1]"
510858,7515900,4084,0,"[0, 1]"
510858,7515900,3393,0,"[0, 1]"
510858,7515900,2845,0,"[0, 1]"
510858,7515900,2681,0,"[0, 1]"
510858,7515900,3146,0,"[0, 1]"
510858,7515900,2703,0,"[0, 1]"
510858,7515900,2732,0,"[0, 1]"
510858,7515900,2088,0,"[0, 1]"
510858,7515900,2623,0,"[0, 1]"
510858,7515900,7248448,1,"[0, 1]"
510858,7515900,7159801,1,"[0, 1]"
510858,7515900,4250,0,"[0, 1]"
510858,7515900,7098058,1,"[0, 1]"
510858,7515900,7628155,1,"[0, 1]"
510858,7515900,7197738,1,"[0, 1]"
510858,7515900,7426576,1,"[0, 1]"
510858,7515900,7407735,1,"[0, 1]"
510858,7515900,7237217,1,"[0, 1]"
510858,7515900,4560,0,"[0, 1]"
510858,7515900,7290481,1,"[0, 1]"
510858,7515900,7640621,1,"[0, 1]"
510858,7515900,7519664,1,"[0, 1]"
510858,7515900,4334,0,"[0, 1]"
510858,7515900,7208842,1,"[0, 1]"
510858,7515900,2294786,1,"[0, 1]"
510858,7515900,7625523,1,"[0, 1]"
510858,7515900,4954,0,"[0, 1]"
510858,7515900,7364649,1,"[0, 1]"
510858,7515900,4611,0,"[0, 1]"
510858,7515900,4135,0,"[0, 1]"
510858,7515900,7478541,1,"[0, 1]"
510858,7515900,4459,0,"[0, 1]"
510858,7515900,7070877,1,"[0, 1]"
510858,7515900,7497679,1,"[0, 1]"
510858,7515900,7424979,1,"[0, 1]"
510858,7515900,7285714,1,"[0, 1]"
510858,7515900,7406241,1,"[0, 1]"
510858,7515900,7201997,1,"[0, 1]"
510858,7515900,7495348,1,"[0, 1]"
510858,7515900,7073772,1,"[0, 1]"
510858,7515900,7174734,1,"[0, 1]"
510858,7515900,204187,1,"[0, 1]"
510858,7515900,1183072,1,"[0, 1]"
510858,7515900,7453376,1,"[0, 1]"
510858,7515900,7323194,1,"[0, 1]"
510858,7515900,7152919,1,"[0, 1]"
510858,7515900,7660272,1,"[0, 1]"
510858,7515900,7440310,1,"[0, 1]"
510858,7515900,7165224,1,"[0, 1]"
510858,7515900,7557710,1,"[0, 1]"
510858,7515900,7193473,1,"[0, 1]"
510858,7515900,7128207,1,"[0, 1]"
510858,7515900,7670233,1,"[0, 1]"
510858,7515900,7377272,1,"[0, 1]"
510858,7515900,7171765,1,"[0, 1]"
510858,7515900,7597940,1,"[0, 1]"
510858,7515900,7502345,1,"[0, 1]"
510858,7515900,6956695,1,"[0, 1]"
510858,7515900,7405208,1,"[0, 1]"
505171,7515975,7515975,1,"[1, 0]"
505171,7515975,3752,0,"[1, 0]"
505171,7515975,1875,0,"[1, 0]"
505171,7515975,937,0,"[1, 0]"
505171,7515975,468,0,"[1, 0]"
505171,7515975,233,0,"[1, 0]"
505171,7515975,116,0,"[1, 0]"
505171,7515975,57,0,"[1, 0]"
505171,7515975,28,0,"[1, 0]"
505171,7515975,13,0,"[1, 0]"
505171,7515975,6,0,"[1, 0]"
505171,7515975,2,0,"[1, 0]"
505171,7515975,0,0,"[1, 0]"
505171,7515975,2,0,"[0, 1]"
505171,7515975,1,0,"[0, 1]"
505171,7515975,4,0,"[0, 1]"
505171,7515975,6,0,"[0, 1]"
505171,7515975,3,0,"[0, 1]"
505171,7515975,5,0,"[0, 1]"
505171,7515975,12,0,"[0, 1]"
505171,7515975,8,0,"[0, 1]"
505171,7515975,13,0,"[0, 1]"
505171,7515975,11,0,"[0, 1]"
505171,7515975,7,0,"[0, 1]"
505171,7515975,9,0,"[0, 1]"
505171,7515975,23,0,"[0, 1]"
505171,7515975,17,0,"[0, 1]"
505171,7515975,24,0,"[0, 1]"
505171,7515975,15,0,"[0, 1]"
505171,7515975,22,0,"[0, 1]"
505171,7515975,28,0,"[0, 1]"
505171,7515975,19,0,"[0, 1]"
505171,7515975,27,0,"[0, 1]"
505171,7515975,41,0,"[0, 1]"
505171,7515975,43,0,"[0, 1]"
505171,7515975,55,0,"[0, 1]"
505171,7515975,46,0,"[0, 1]"
505171,7515975,58,0,"[0, 1]"
505171,7515975,45,0,"[0, 1]"
505171,7515975,36,0,"[0, 1]"
505171,7515975,62,0,"[0, 1]"
505171,7515975,42,0,"[0, 1]"
505171,7515975,32,0,"[0, 1]"
505171,7515975,99,0,"[0, 1]"
505171,7515975,87,0,"[0, 1]"
505171,7515975,124,0,"[0, 1]"
505171,7515975,85,0,"[0, 1]"
505171,7515975,67,0,"[0, 1]"
505171,7515975,65,0,"[0, 1]"
505171,7515975,79,0,"[0, 1]"
505171,7515975,95,0,"[0, 1]"
505171,7515975,102,0,"[0, 1]"
505171,7515975,92,0,"[0, 1]"
505171,7515975,72,0,"[0, 1]"
505171,7515975,112,0,"[0, 1]"
505171,7515975,145,0,"[0, 1]"
505171,7515975,176,0,"[0, 1]"
505171,7515975,233,0,"[0, 1]"
505171,7515975,140,0,"[0, 1]"
505171,7515975,135,0,"[0, 1]"
505171,7515975,172,0,"[0, 1]"
505171,7515975,204,0,"[0, 1]"
505171,7515975,198,0,"[0, 1]"
505171,7515975,223,0,"[0, 1]"
505171,7515975,218,0,"[0, 1]"
505171,7515975,238,0,"[0, 1]"
505171,7515975,231,0,"[0, 1]"
505171,7515975,175,0,"[0, 1]"
505171,7515975,156,0,"[0, 1]"
505171,7515975,360,0,"[0, 1]"
505171,7515975,334,0,"[0, 1]"
505171,7515975,400,0,"[0, 1]"
505171,7515975,507,0,"[0, 1]"
505171,7515975,337,0,"[0, 1]"
505171,7515975,403,0,"[0, 1]"
505171,7515975,277,0,"[0, 1]"
505171,7515975,450,0,"[0, 1]"
505171,7515975,491,0,"[0, 1]"
505171,7515975,472,0,"[0, 1]"
505171,7515975,380,0,"[0, 1]"
505171,7515975,383,0,"[0, 1]"
505171,7515975,282,0,"[0, 1]"
505171,7515975,299,0,"[0, 1]"
505171,7515975,422,0,"[0, 1]"
505171,7515975,263,0,"[0, 1]"
505171,7515975,874,0,"[0, 1]"
505171,7515975,655,0,"[0, 1]"
505171,7515975,974,0,"[0, 1]"
505171,7515975,734,0,"[0, 1]"
505171,7515975,881,0,"[0, 1]"
505171,7515975,1011,0,"[0, 1]"
505171,7515975,873,0,"[0, 1]"
505171,7515975,829,0,"[0, 1]"
505171,7515975,743,0,"[0, 1]"
505171,7515975,900,0,"[0, 1]"
505171,7515975,826,0,"[0, 1]"
505171,7515975,825,0,"[0, 1]"
505171,7515975,728,0,"[0, 1]"
505171,7515975,864,0,"[0, 1]"
505171,7515975,922,0,"[0, 1]"
505171,7515975,565,0,"[0, 1]"
505171,7515975,563,0,"[0, 1]"
505171,7515975,588,0,"[0, 1]"
505171,7515975,1352,0,"[0, 1]"
505171,7515975,1451,0,"[0, 1]"
505171,7515975,1377,0,"[0, 1]"
505171,7515975,1944,0,"[0, 1]"
505171,7515975,1584,0,"[0, 1]"
505171,7515975,1999,0,"[0, 1]"
505171,7515975,1378,0,"[0, 1]"
505171,7515975,1881,0,"[0, 1]"
505171,7515975,1229,0,"[0, 1]"
505171,7515975,1749,0,"[0, 1]"
505171,7515975,1408,0,"[0, 1]"
505171,7515975,1381,0,"[0, 1]"
505171,7515975,1274,0,"[0, 1]"
505171,7515975,1124,0,"[0, 1]"
505171,7515975,1337,0,"[0, 1]"
505171,7515975,1978,0,"[0, 1]"
505171,7515975,1624,0,"[0, 1]"
505171,7515975,1663,0,"[0, 1]"
505171,7515975,1514,0,"[0, 1]"
505171,7515975,2033,0,"[0, 1]"
505171,7515975,3723,0,"[0, 1]"
505171,7515975,3424,0,"[0, 1]"
505171,7515975,3703,0,"[0, 1]"
505171,7515975,3637,0,"[0, 1]"
505171,7515975,3387,0,"[0, 1]"
505171,7515975,2175,0,"[0, 1]"
505171,7515975,3911,0,"[0, 1]"
505171,7515975,3870,0,"[0, 1]"
505171,7515975,3476,0,"[0, 1]"
505171,7515975,2362,0,"[0, 1]"
505171,7515975,3481,0,"[0, 1]"
505171,7515975,3321,0,"[0, 1]"
505171,7515975,3768,0,"[0, 1]"
505171,7515975,3571,0,"[0, 1]"
505171,7515975,4020,0,"[0, 1]"
505171,7515975,3901,0,"[0, 1]"
505171,7515975,3605,0,"[0, 1]"
505171,7515975,2133,0,"[0, 1]"
505171,7515975,3235,0,"[0, 1]"
505171,7515975,3774,0,"[0, 1]"
505171,7515975,3905,0,"[0, 1]"
505171,7515975,2056,0,"[0, 1]"
505171,7515975,7156779,1,"[0, 1]"
505171,7515975,7242338,1,"[0, 1]"
505171,7515975,5501299,1,"[0, 1]"
505171,7515975,6529214,1,"[0, 1]"
505171,7515975,7105662,1,"[0, 1]"
505171,7515975,7090963,1,"[0, 1]"
505171,7515975,7385639,1,"[0, 1]"
505171,7515975,1216143,1,"[0, 1]"
505171,7515975,7660821,1,"[0, 1]"
505171,7515975,7543289,1,"[0, 1]"
505171,7515975,7601266,1,"[0, 1]"
505171,7515975,7365439,1,"[0, 1]"
505171,7515975,7069601,1,"[0, 1]"
505171,7515975,4219,0,"[0, 1]"
505171,7515975,7212031,1,"[0, 1]"
505171,7515975,7360952,1,"[0, 1]"
505171,7515975,7675809,1,"[0, 1]"
505171,7515975,4554,0,"[0, 1]"
505171,7515975,545561,1,"[0, 1]"
505171,7515975,7502630,1,"[0, 1]"
505171,7515975,4690,0,"[0, 1]"
505171,7515975,7446791,1,"[0, 1]"
505171,7515975,4476,0,"[0, 1]"
505171,7515975,7299733,1,"[0, 1]"
505171,7515976,7515976,1,"[1, 0]"
505171,7515976,4847,0,"[1, 0]"
505171,7515976,3752,0,"[1, 0]"
505171,7515976,1875,0,"[1, 0]"
505171,7515976,937,0,"[1, 0]"
505171,7515976,468,0,"[1, 0]"
505171,7515976,233,0,"[1, 0]"
505171,7515976,116,0,"[1, 0]"
505171,7515976,57,0,"[1, 0]"
505171,7515976,28,0,"[1, 0]"
505171,7515976,13,0,"[1, 0]"
505171,7515976,6,0,"[1, 0]"
505171,7515976,2,0,"[1, 0]"
505171,7515976,0,0,"[1, 0]"
505171,7515976,1,0,"[0, 1]"
505171,7515976,2,0,"[0, 1]"
505171,7515976,4,0,"[0, 1]"
505171,7515976,5,0,"[0, 1]"
505171,7515976,6,0,"[0, 1]"
505171,7515976,3,0,"[0, 1]"
505171,7515976,8,0,"[0, 1]"
505171,7515976,7,0,"[0, 1]"
505171,7515976,13,0,"[0, 1]"
505171,7515976,12,0,"[0, 1]"
505171,7515976,9,0,"[0, 1]"
505171,7515976,11,0,"[0, 1]"
505171,7515976,27,0,"[0, 1]"
505171,7515976,16,0,"[0, 1]"
505171,7515976,28,0,"[0, 1]"
505171,7515976,19,0,"[0, 1]"
505171,7515976,17,0,"[0, 1]"
505171,7515976,29,0,"[0, 1]"
505171,7515976,25,0,"[0, 1]"
505171,7515976,26,0,"[0, 1]"
505171,7515976,60,0,"[0, 1]"
505171,7515976,47,0,"[0, 1]"
505171,7515976,40,0,"[0, 1]"
505171,7515976,52,0,"[0, 1]"
505171,7515976,46,0,"[0, 1]"
505171,7515976,59,0,"[0, 1]"
505171,7515976,43,0,"[0, 1]"
505171,7515976,57,0,"[0, 1]"
505171,7515976,33,0,"[0, 1]"
505171,7515976,50,0,"[0, 1]"
505171,7515976,66,0,"[0, 1]"
505171,7515976,94,0,"[0, 1]"
505171,7515976,72,0,"[0, 1]"
505171,7515976,99,0,"[0, 1]"
505171,7515976,76,0,"[0, 1]"
505171,7515976,117,0,"[0, 1]"
505171,7515976,125,0,"[0, 1]"
505171,7515976,116,0,"[0, 1]"
505171,7515976,83,0,"[0, 1]"
505171,7515976,97,0,"[0, 1]"
505171,7515976,70,0,"[0, 1]"
505171,7515976,109,0,"[0, 1]"
505171,7515976,167,0,"[0, 1]"
505171,7515976,166,0,"[0, 1]"
505171,7515976,238,0,"[0, 1]"
505171,7515976,163,0,"[0, 1]"
505171,7515976,243,0,"[0, 1]"
505171,7515976,204,0,"[0, 1]"
505171,7515976,237,0,"[0, 1]"
505171,7515976,142,0,"[0, 1]"
505171,7515976,174,0,"[0, 1]"
505171,7515976,214,0,"[0, 1]"
505171,7515976,205,0,"[0, 1]"
505171,7515976,189,0,"[0, 1]"
505171,7515976,181,0,"[0, 1]"
505171,7515976,191,0,"[0, 1]"
505171,7515976,261,0,"[0, 1]"
505171,7515976,393,0,"[0, 1]"
505171,7515976,463,0,"[0, 1]"
505171,7515976,272,0,"[0, 1]"
505171,7515976,400,0,"[0, 1]"
505171,7515976,350,0,"[0, 1]"
505171,7515976,369,0,"[0, 1]"
505171,7515976,377,0,"[0, 1]"
505171,7515976,256,0,"[0, 1]"
505171,7515976,320,0,"[0, 1]"
505171,7515976,391,0,"[0, 1]"
505171,7515976,289,0,"[0, 1]"
505171,7515976,429,0,"[0, 1]"
505171,7515976,263,0,"[0, 1]"
505171,7515976,344,0,"[0, 1]"
505171,7515976,497,0,"[0, 1]"
505171,7515976,764,0,"[0, 1]"
505171,7515976,934,0,"[0, 1]"
505171,7515976,645,0,"[0, 1]"
505171,7515976,787,0,"[0, 1]"
505171,7515976,546,0,"[0, 1]"
505171,7515976,693,0,"[0, 1]"
505171,7515976,962,0,"[0, 1]"
505171,7515976,736,0,"[0, 1]"
505171,7515976,707,0,"[0, 1]"
505171,7515976,928,0,"[0, 1]"
505171,7515976,784,0,"[0, 1]"
505171,7515976,516,0,"[0, 1]"
505171,7515976,746,0,"[0, 1]"
505171,7515976,706,0,"[0, 1]"
505171,7515976,528,0,"[0, 1]"
505171,7515976,866,0,"[0, 1]"
505171,7515976,636,0,"[0, 1]"
505171,7515976,518,0,"[0, 1]"
505171,7515976,1801,0,"[0, 1]"
505171,7515976,1650,0,"[0, 1]"
505171,7515976,1607,0,"[0, 1]"
505171,7515976,1689,0,"[0, 1]"
505171,7515976,1531,0,"[0, 1]"
505171,7515976,1460,0,"[0, 1]"
505171,7515976,1035,0,"[0, 1]"
505171,7515976,1467,0,"[0, 1]"
505171,7515976,1358,0,"[0, 1]"
505171,7515976,1715,0,"[0, 1]"
505171,7515976,1177,0,"[0, 1]"
505171,7515976,1206,0,"[0, 1]"
505171,7515976,1188,0,"[0, 1]"
505171,7515976,1601,0,"[0, 1]"
505171,7515976,1807,0,"[0, 1]"
505171,7515976,1127,0,"[0, 1]"
505171,7515976,1863,0,"[0, 1]"
505171,7515976,1143,0,"[0, 1]"
505171,7515976,2030,0,"[0, 1]"
505171,7515976,1071,0,"[0, 1]"
505171,7515976,2429,0,"[0, 1]"
505171,7515976,2386,0,"[0, 1]"
505171,7515976,2246,0,"[0, 1]"
505171,7515976,2636,0,"[0, 1]"
505171,7515976,3614,0,"[0, 1]"
505171,7515976,2871,0,"[0, 1]"
505171,7515976,2352,0,"[0, 1]"
505171,7515976,2885,0,"[0, 1]"
505171,7515976,2880,0,"[0, 1]"
505171,7515976,2267,0,"[0, 1]"
505171,7515976,3756,0,"[0, 1]"
505171,7515976,2665,0,"[0, 1]"
505171,7515976,3554,0,"[0, 1]"
505171,7515976,2919,0,"[0, 1]"
505171,7515976,3543,0,"[0, 1]"
505171,7515976,3063,0,"[0, 1]"
505171,7515976,2653,0,"[0, 1]"
505171,7515976,3626,0,"[0, 1]"
505171,7515976,2656,0,"[0, 1]"
505171,7515976,2236,0,"[0, 1]"
505171,7515976,3657,0,"[0, 1]"
505171,7515976,2356,0,"[0, 1]"
505171,7515976,4395,0,"[0, 1]"
505171,7515976,7669136,1,"[0, 1]"
505171,7515976,7112966,1,"[0, 1]"
505171,7515976,7472169,1,"[0, 1]"
505171,7515976,2185666,1,"[0, 1]"
505171,7515976,4734,0,"[0, 1]"
505171,7515976,7175200,1,"[0, 1]"
505171,7515976,7129866,1,"[0, 1]"
505171,7515976,7424400,1,"[0, 1]"
505171,7515976,7190170,1,"[0, 1]"
505171,7515976,7429501,1,"[0, 1]"
505171,7515976,7202337,1,"[0, 1]"
505171,7515976,4927,0,"[0, 1]"
505171,7515976,4439,0,"[0, 1]"
505171,7515976,7263962,1,"[0, 1]"
505171,7515976,4992,0,"[0, 1]"
505171,7515976,4424,0,"[0, 1]"
505171,7515976,5770375,1,"[0, 1]"
505171,7515976,7573435,1,"[0, 1]"
505171,7515976,7528852,1,"[0, 1]"
505171,7515976,7091331,1,"[0, 1]"
505171,7515976,7331024,1,"[0, 1]"
505171,7515976,4983,0,"[0, 1]"
505171,7515976,7164008,1,"[0, 1]"
505171,7515976,7431953,1,"[0, 1]"
505171,7515976,7323194,1,"[0, 1]"
505171,7515976,7400747,1,"[0, 1]"
505171,7515976,7261899,1,"[0, 1]"
505171,7515976,7423796,1,"[0, 1]"
505171,7515976,7599091,1,"[0, 1]"
505171,7515976,7633166,1,"[0, 1]"
505171,7515976,6026974,1,"[0, 1]"
505171,7515976,7236403,1,"[0, 1]"
505171,7515976,73242,1,"[0, 1]"
505171,7515976,7187827,1,"[0, 1]"
505171,7515976,7480796,1,"[0, 1]"
505171,7515976,7326596,1,"[0, 1]"
505171,7515976,7189195,1,"[0, 1]"
505171,7515976,7187845,1,"[0, 1]"
505171,7515976,7601069,1,"[0, 1]"
505171,7515976,7480666,1,"[0, 1]"
505171,7515976,7429974,1,"[0, 1]"
505171,7515976,7161745,1,"[0, 1]"
505171,7515976,7497558,1,"[0, 1]"
505171,7515976,7274662,1,"[0, 1]"
505171,7515976,7377860,1,"[0, 1]"
505171,7515976,7487110,1,"[0, 1]"
505171,7515976,2586628,1,"[0, 1]"
505171,7515976,7149648,1,"[0, 1]"
505171,7515976,7629448,1,"[0, 1]"
505171,7515977,7515977,1,"[1, 0]"
505171,7515977,2894,0,"[1, 0]"
505171,7515977,1446,0,"[1, 0]"
505171,7515977,722,0,"[1, 0]"
505171,7515977,360,0,"[1, 0]"
505171,7515977,179,0,"[1, 0]"
505171,7515977,89,0,"[1, 0]"
505171,7515977,44,0,"[1, 0]"
505171,7515977,21,0,"[1, 0]"
505171,7515977,10,0,"[1, 0]"
505171,7515977,4,0,"[1, 0]"
505171,7515977,1,0,"[1, 0]"
505171,7515977,0,0,"[1, 0]"
505171,7515977,1,0,"[0, 1]"
505171,7515977,2,0,"[0, 1]"
505171,7515977,4,0,"[0, 1]"
505171,7515977,6,0,"[0, 1]"
505171,7515977,3,0,"[0, 1]"
505171,7515977,5,0,"[0, 1]"
505171,7515977,11,0,"[0, 1]"
505171,7515977,12,0,"[0, 1]"
505171,7515977,13,0,"[0, 1]"
505171,7515977,9,0,"[0, 1]"
505171,7515977,10,0,"[0, 1]"
505171,7515977,7,0,"[0, 1]"
505171,7515977,27,0,"[0, 1]"
505171,7515977,22,0,"[0, 1]"
505171,7515977,16,0,"[0, 1]"
505171,7515977,23,0,"[0, 1]"
505171,7515977,25,0,"[0, 1]"
505171,7515977,17,0,"[0, 1]"
505171,7515977,29,0,"[0, 1]"
505171,7515977,15,0,"[0, 1]"
505171,7515977,60,0,"[0, 1]"
505171,7515977,39,0,"[0, 1]"
505171,7515977,31,0,"[0, 1]"
505171,7515977,48,0,"[0, 1]"
505171,7515977,49,0,"[0, 1]"
505171,7515977,32,0,"[0, 1]"
505171,7515977,36,0,"[0, 1]"
505171,7515977,61,0,"[0, 1]"
505171,7515977,44,0,"[0, 1]"
505171,7515977,62,0,"[0, 1]"
505171,7515977,124,0,"[0, 1]"
505171,7515977,86,0,"[0, 1]"
505171,7515977,91,0,"[0, 1]"
505171,7515977,98,0,"[0, 1]"
505171,7515977,115,0,"[0, 1]"
505171,7515977,125,0,"[0, 1]"
505171,7515977,119,0,"[0, 1]"
505171,7515977,97,0,"[0, 1]"
505171,7515977,69,0,"[0, 1]"
505171,7515977,89,0,"[0, 1]"
505171,7515977,109,0,"[0, 1]"
505171,7515977,84,0,"[0, 1]"
505171,7515977,193,0,"[0, 1]"
505171,7515977,219,0,"[0, 1]"
505171,7515977,185,0,"[0, 1]"
505171,7515977,212,0,"[0, 1]"
505171,7515977,164,0,"[0, 1]"
505171,7515977,200,0,"[0, 1]"
505171,7515977,142,0,"[0, 1]"
505171,7515977,141,0,"[0, 1]"
505171,7515977,220,0,"[0, 1]"
505171,7515977,147,0,"[0, 1]"
505171,7515977,149,0,"[0, 1]"
505171,7515977,189,0,"[0, 1]"
505171,7515977,150,0,"[0, 1]"
505171,7515977,196,0,"[0, 1]"
505171,7515977,470,0,"[0, 1]"
505171,7515977,269,0,"[0, 1]"
505171,7515977,375,0,"[0, 1]"
505171,7515977,509,0,"[0, 1]"
505171,7515977,435,0,"[0, 1]"
505171,7515977,444,0,"[0, 1]"
505171,7515977,492,0,"[0, 1]"
505171,7515977,450,0,"[0, 1]"
505171,7515977,384,0,"[0, 1]"
505171,7515977,361,0,"[0, 1]"
505171,7515977,419,0,"[0, 1]"
505171,7515977,420,0,"[0, 1]"
505171,7515977,441,0,"[0, 1]"
505171,7515977,359,0,"[0, 1]"
505171,7515977,314,0,"[0, 1]"
505171,7515977,407,0,"[0, 1]"
505171,7515977,680,0,"[0, 1]"
505171,7515977,871,0,"[0, 1]"
505171,7515977,524,0,"[0, 1]"
505171,7515977,901,0,"[0, 1]"
505171,7515977,560,0,"[0, 1]"
505171,7515977,979,0,"[0, 1]"
505171,7515977,794,0,"[0, 1]"
505171,7515977,781,0,"[0, 1]"
505171,7515977,1014,0,"[0, 1]"
505171,7515977,801,0,"[0, 1]"
505171,7515977,699,0,"[0, 1]"
505171,7515977,850,0,"[0, 1]"
505171,7515977,879,0,"[0, 1]"
505171,7515977,780,0,"[0, 1]"
505171,7515977,643,0,"[0, 1]"
505171,7515977,779,0,"[0, 1]"
505171,7515977,875,0,"[0, 1]"
505171,7515977,948,0,"[0, 1]"
505171,7515977,1566,0,"[0, 1]"
505171,7515977,1567,0,"[0, 1]"
505171,7515977,1608,0,"[0, 1]"
505171,7515977,1726,0,"[0, 1]"
505171,7515977,1089,0,"[0, 1]"
505171,7515977,1639,0,"[0, 1]"
505171,7515977,1087,0,"[0, 1]"
505171,7515977,1819,0,"[0, 1]"
505171,7515977,1359,0,"[0, 1]"
505171,7515977,1110,0,"[0, 1]"
505171,7515977,1982,0,"[0, 1]"
505171,7515977,1994,0,"[0, 1]"
505171,7515977,1023,0,"[0, 1]"
505171,7515977,1748,0,"[0, 1]"
505171,7515977,1206,0,"[0, 1]"
505171,7515977,1227,0,"[0, 1]"
505171,7515977,1946,0,"[0, 1]"
505171,7515977,1805,0,"[0, 1]"
505171,7515977,1536,0,"[0, 1]"
505171,7515977,1443,0,"[0, 1]"
505171,7515977,3812,0,"[0, 1]"
505171,7515977,2069,0,"[0, 1]"
505171,7515977,2660,0,"[0, 1]"
505171,7515977,2941,0,"[0, 1]"
505171,7515977,3280,0,"[0, 1]"
505171,7515977,3260,0,"[0, 1]"
505171,7515977,3954,0,"[0, 1]"
505171,7515977,2496,0,"[0, 1]"
505171,7515977,3119,0,"[0, 1]"
505171,7515977,3534,0,"[0, 1]"
505171,7515977,2122,0,"[0, 1]"
505171,7515977,2075,0,"[0, 1]"
505171,7515977,3890,0,"[0, 1]"
505171,7515977,2996,0,"[0, 1]"
505171,7515977,3197,0,"[0, 1]"
505171,7515977,4057,0,"[0, 1]"
505171,7515977,2410,0,"[0, 1]"
505171,7515977,2090,0,"[0, 1]"
505171,7515977,3742,0,"[0, 1]"
505171,7515977,3055,0,"[0, 1]"
505171,7515977,2749,0,"[0, 1]"
505171,7515977,2399,0,"[0, 1]"
505171,7515977,186972,1,"[0, 1]"
505171,7515977,7289333,1,"[0, 1]"
505171,7515977,7243111,1,"[0, 1]"
505171,7515977,7399606,1,"[0, 1]"
505171,7515977,7564301,1,"[0, 1]"
505171,7515977,7464139,1,"[0, 1]"
505171,7515977,7442259,1,"[0, 1]"
505171,7515977,7123743,1,"[0, 1]"
505171,7515977,4666,0,"[0, 1]"
505171,7515977,4587,0,"[0, 1]"
505171,7515977,543240,1,"[0, 1]"
505171,7515977,4589,0,"[0, 1]"
505171,7515977,7214316,1,"[0, 1]"
505171,7515977,7236803,1,"[0, 1]"
505171,7515977,4548,0,"[0, 1]"
505171,7515977,4257,0,"[0, 1]"
505171,7515977,7470460,1,"[0, 1]"
505171,7515977,7450365,1,"[0, 1]"
505171,7515977,7136942,1,"[0, 1]"
505171,7515977,7107115,1,"[0, 1]"
505171,7515977,4544,0,"[0, 1]"
505171,7515977,4637,0,"[0, 1]"
505171,7515977,7560260,1,"[0, 1]"
505171,7515977,661460,1,"[0, 1]"
212477,7516558,7516558,1,"[1, 0]"
212477,7516558,2187,0,"[1, 0]"
212477,7516558,1093,0,"[1, 0]"
212477,7516558,546,0,"[1, 0]"
212477,7516558,272,0,"[1, 0]"
212477,7516558,135,0,"[1, 0]"
212477,7516558,67,0,"[1, 0]"
212477,7516558,33,0,"[1, 0]"
212477,7516558,16,0,"[1, 0]"
212477,7516558,7,0,"[1, 0]"
212477,7516558,3,0,"[1, 0]"
212477,7516558,1,0,"[1, 0]"
212477,7516558,0,0,"[1, 0]"
212477,7516558,1,0,"[0, 1]"
212477,7516558,2,0,"[0, 1]"
212477,7516558,5,0,"[0, 1]"
212477,7516558,4,0,"[0, 1]"
212477,7516558,3,0,"[0, 1]"
212477,7516558,6,0,"[0, 1]"
212477,7516558,9,0,"[0, 1]"
212477,7516558,14,0,"[0, 1]"
212477,7516558,7,0,"[0, 1]"
212477,7516558,10,0,"[0, 1]"
212477,7516558,11,0,"[0, 1]"
212477,7516558,12,0,"[0, 1]"
212477,7516558,24,0,"[0, 1]"
212477,7516558,26,0,"[0, 1]"
212477,7516558,28,0,"[0, 1]"
212477,7516558,16,0,"[0, 1]"
212477,7516558,17,0,"[0, 1]"
212477,7516558,25,0,"[0, 1]"
212477,7516558,30,0,"[0, 1]"
212477,7516558,18,0,"[0, 1]"
212477,7516558,50,0,"[0, 1]"
212477,7516558,32,0,"[0, 1]"
212477,7516558,48,0,"[0, 1]"
212477,7516558,36,0,"[0, 1]"
212477,7516558,62,0,"[0, 1]"
212477,7516558,49,0,"[0, 1]"
212477,7516558,31,0,"[0, 1]"
212477,7516558,33,0,"[0, 1]"
212477,7516558,34,0,"[0, 1]"
212477,7516558,53,0,"[0, 1]"
212477,7516558,109,0,"[0, 1]"
212477,7516558,80,0,"[0, 1]"
212477,7516558,99,0,"[0, 1]"
212477,7516558,86,0,"[0, 1]"
212477,7516558,106,0,"[0, 1]"
212477,7516558,68,0,"[0, 1]"
212477,7516558,92,0,"[0, 1]"
212477,7516558,120,0,"[0, 1]"
212477,7516558,125,0,"[0, 1]"
212477,7516558,97,0,"[0, 1]"
212477,7516558,66,0,"[0, 1]"
212477,7516558,63,0,"[0, 1]"
212477,7516558,232,0,"[0, 1]"
212477,7516558,249,0,"[0, 1]"
212477,7516558,139,0,"[0, 1]"
212477,7516558,127,0,"[0, 1]"
212477,7516558,171,0,"[0, 1]"
212477,7516558,209,0,"[0, 1]"
212477,7516558,200,0,"[0, 1]"
212477,7516558,194,0,"[0, 1]"
212477,7516558,162,0,"[0, 1]"
212477,7516558,186,0,"[0, 1]"
212477,7516558,244,0,"[0, 1]"
212477,7516558,198,0,"[0, 1]"
212477,7516558,193,0,"[0, 1]"
212477,7516558,180,0,"[0, 1]"
212477,7516558,422,0,"[0, 1]"
212477,7516558,280,0,"[0, 1]"
212477,7516558,508,0,"[0, 1]"
212477,7516558,372,0,"[0, 1]"
212477,7516558,311,0,"[0, 1]"
212477,7516558,439,0,"[0, 1]"
212477,7516558,451,0,"[0, 1]"
212477,7516558,336,0,"[0, 1]"
212477,7516558,266,0,"[0, 1]"
212477,7516558,304,0,"[0, 1]"
212477,7516558,327,0,"[0, 1]"
212477,7516558,455,0,"[0, 1]"
212477,7516558,274,0,"[0, 1]"
212477,7516558,381,0,"[0, 1]"
212477,7516558,502,0,"[0, 1]"
212477,7516558,380,0,"[0, 1]"
212477,7516558,670,0,"[0, 1]"
212477,7516558,511,0,"[0, 1]"
212477,7516558,600,0,"[0, 1]"
212477,7516558,631,0,"[0, 1]"
212477,7516558,707,0,"[0, 1]"
212477,7516558,541,0,"[0, 1]"
212477,7516558,758,0,"[0, 1]"
212477,7516558,702,0,"[0, 1]"
212477,7516558,686,0,"[0, 1]"
212477,7516558,834,0,"[0, 1]"
212477,7516558,772,0,"[0, 1]"
212477,7516558,649,0,"[0, 1]"
212477,7516558,512,0,"[0, 1]"
212477,7516558,943,0,"[0, 1]"
212477,7516558,563,0,"[0, 1]"
212477,7516558,602,0,"[0, 1]"
212477,7516558,887,0,"[0, 1]"
212477,7516558,581,0,"[0, 1]"
212477,7516558,1702,0,"[0, 1]"
212477,7516558,1025,0,"[0, 1]"
212477,7516558,1174,0,"[0, 1]"
212477,7516558,1114,0,"[0, 1]"
212477,7516558,1414,0,"[0, 1]"
212477,7516558,1471,0,"[0, 1]"
212477,7516558,2010,0,"[0, 1]"
212477,7516558,1055,0,"[0, 1]"
212477,7516558,1461,0,"[0, 1]"
212477,7516558,1406,0,"[0, 1]"
212477,7516558,2034,0,"[0, 1]"
212477,7516558,1746,0,"[0, 1]"
212477,7516558,1072,0,"[0, 1]"
212477,7516558,1640,0,"[0, 1]"
212477,7516558,1520,0,"[0, 1]"
212477,7516558,1569,0,"[0, 1]"
212477,7516558,1170,0,"[0, 1]"
212477,7516558,1664,0,"[0, 1]"
212477,7516558,1545,0,"[0, 1]"
212477,7516558,1753,0,"[0, 1]"
212477,7516558,2893,0,"[0, 1]"
212477,7516558,3661,0,"[0, 1]"
212477,7516558,2888,0,"[0, 1]"
212477,7516558,3987,0,"[0, 1]"
212477,7516558,2337,0,"[0, 1]"
212477,7516558,3061,0,"[0, 1]"
212477,7516558,2925,0,"[0, 1]"
212477,7516558,3602,0,"[0, 1]"
212477,7516558,3300,0,"[0, 1]"
212477,7516558,3213,0,"[0, 1]"
212477,7516558,3671,0,"[0, 1]"
212477,7516558,3112,0,"[0, 1]"
212477,7516558,2363,0,"[0, 1]"
212477,7516558,2742,0,"[0, 1]"
212477,7516558,3060,0,"[0, 1]"
212477,7516558,2472,0,"[0, 1]"
212477,7516558,3244,0,"[0, 1]"
212477,7516558,3393,0,"[0, 1]"
212477,7516558,2361,0,"[0, 1]"
212477,7516558,2332,0,"[0, 1]"
212477,7516558,2432,0,"[0, 1]"
212477,7516558,2531,0,"[0, 1]"
212477,7516558,7343233,1,"[0, 1]"
212477,7516558,7422612,1,"[0, 1]"
212477,7516558,7597593,1,"[0, 1]"
212477,7516558,7155806,1,"[0, 1]"
212477,7516558,7541256,1,"[0, 1]"
212477,7516558,4944,0,"[0, 1]"
212477,7516558,4917,0,"[0, 1]"
212477,7516558,2609809,1,"[0, 1]"
212477,7516558,7263857,1,"[0, 1]"
212477,7516558,7423557,1,"[0, 1]"
212477,7516558,1057355,1,"[0, 1]"
212477,7516558,7531418,1,"[0, 1]"
212477,7516558,3554513,1,"[0, 1]"
212477,7516558,4116,0,"[0, 1]"
212477,7516558,7262250,1,"[0, 1]"
212477,7516558,7635176,1,"[0, 1]"
212477,7516558,7675809,1,"[0, 1]"
212477,7516558,4981,0,"[0, 1]"
212477,7516558,7670407,1,"[0, 1]"
212477,7516558,7460930,1,"[0, 1]"
212477,7516558,7458120,1,"[0, 1]"
212477,7516558,7465839,1,"[0, 1]"
212477,7516558,7166774,1,"[0, 1]"
212477,7516558,7261579,1,"[0, 1]"
755275,7516887,7516887,1,"[1, 0]"
755275,7516887,4752,0,"[1, 0]"
755275,7516887,3535,0,"[1, 0]"
755275,7516887,1767,0,"[1, 0]"
755275,7516887,883,0,"[1, 0]"
755275,7516887,441,0,"[1, 0]"
755275,7516887,220,0,"[1, 0]"
755275,7516887,109,0,"[1, 0]"
755275,7516887,54,0,"[1, 0]"
755275,7516887,26,0,"[1, 0]"
755275,7516887,12,0,"[1, 0]"
755275,7516887,5,0,"[1, 0]"
755275,7516887,2,0,"[1, 0]"
755275,7516887,0,0,"[1, 0]"
755275,7516887,1,0,"[0, 1]"
755275,7516887,2,0,"[0, 1]"
755275,7516887,3,0,"[0, 1]"
755275,7516887,6,0,"[0, 1]"
755275,7516887,4,0,"[0, 1]"
755275,7516887,5,0,"[0, 1]"
755275,7516887,12,0,"[0, 1]"
755275,7516887,14,0,"[0, 1]"
755275,7516887,13,0,"[0, 1]"
755275,7516887,11,0,"[0, 1]"
755275,7516887,7,0,"[0, 1]"
755275,7516887,8,0,"[0, 1]"
755275,7516887,17,0,"[0, 1]"
755275,7516887,30,0,"[0, 1]"
755275,7516887,18,0,"[0, 1]"
755275,7516887,29,0,"[0, 1]"
755275,7516887,21,0,"[0, 1]"
755275,7516887,26,0,"[0, 1]"
755275,7516887,20,0,"[0, 1]"
755275,7516887,19,0,"[0, 1]"
755275,7516887,60,0,"[0, 1]"
755275,7516887,61,0,"[0, 1]"
755275,7516887,44,0,"[0, 1]"
755275,7516887,39,0,"[0, 1]"
755275,7516887,49,0,"[0, 1]"
755275,7516887,52,0,"[0, 1]"
755275,7516887,37,0,"[0, 1]"
755275,7516887,34,0,"[0, 1]"
755275,7516887,38,0,"[0, 1]"
755275,7516887,58,0,"[0, 1]"
755275,7516887,94,0,"[0, 1]"
755275,7516887,116,0,"[0, 1]"
755275,7516887,98,0,"[0, 1]"
755275,7516887,91,0,"[0, 1]"
755275,7516887,125,0,"[0, 1]"
755275,7516887,84,0,"[0, 1]"
755275,7516887,118,0,"[0, 1]"
755275,7516887,123,0,"[0, 1]"
755275,7516887,73,0,"[0, 1]"
755275,7516887,124,0,"[0, 1]"
755275,7516887,104,0,"[0, 1]"
755275,7516887,107,0,"[0, 1]"
755275,7516887,159,0,"[0, 1]"
755275,7516887,153,0,"[0, 1]"
755275,7516887,167,0,"[0, 1]"
755275,7516887,166,0,"[0, 1]"
755275,7516887,250,0,"[0, 1]"
755275,7516887,177,0,"[0, 1]"
755275,7516887,202,0,"[0, 1]"
755275,7516887,203,0,"[0, 1]"
755275,7516887,248,0,"[0, 1]"
755275,7516887,144,0,"[0, 1]"
755275,7516887,235,0,"[0, 1]"
755275,7516887,134,0,"[0, 1]"
755275,7516887,245,0,"[0, 1]"
755275,7516887,164,0,"[0, 1]"
755275,7516887,392,0,"[0, 1]"
755275,7516887,327,0,"[0, 1]"
755275,7516887,469,0,"[0, 1]"
755275,7516887,269,0,"[0, 1]"
755275,7516887,409,0,"[0, 1]"
755275,7516887,442,0,"[0, 1]"
755275,7516887,446,0,"[0, 1]"
755275,7516887,486,0,"[0, 1]"
755275,7516887,421,0,"[0, 1]"
755275,7516887,256,0,"[0, 1]"
755275,7516887,326,0,"[0, 1]"
755275,7516887,266,0,"[0, 1]"
755275,7516887,342,0,"[0, 1]"
755275,7516887,286,0,"[0, 1]"
755275,7516887,280,0,"[0, 1]"
755275,7516887,485,0,"[0, 1]"
755275,7516887,596,0,"[0, 1]"
755275,7516887,885,0,"[0, 1]"
755275,7516887,734,0,"[0, 1]"
755275,7516887,616,0,"[0, 1]"
755275,7516887,931,0,"[0, 1]"
755275,7516887,755,0,"[0, 1]"
755275,7516887,535,0,"[0, 1]"
755275,7516887,862,0,"[0, 1]"
755275,7516887,533,0,"[0, 1]"
755275,7516887,872,0,"[0, 1]"
755275,7516887,643,0,"[0, 1]"
755275,7516887,688,0,"[0, 1]"
755275,7516887,550,0,"[0, 1]"
755275,7516887,906,0,"[0, 1]"
755275,7516887,776,0,"[0, 1]"
755275,7516887,663,0,"[0, 1]"
755275,7516887,884,0,"[0, 1]"
755275,7516887,640,0,"[0, 1]"
755275,7516887,1865,0,"[0, 1]"
755275,7516887,1148,0,"[0, 1]"
755275,7516887,1329,0,"[0, 1]"
755275,7516887,1127,0,"[0, 1]"
755275,7516887,1505,0,"[0, 1]"
755275,7516887,1090,0,"[0, 1]"
755275,7516887,1533,0,"[0, 1]"
755275,7516887,1828,0,"[0, 1]"
755275,7516887,1303,0,"[0, 1]"
755275,7516887,1399,0,"[0, 1]"
755275,7516887,1731,0,"[0, 1]"
755275,7516887,1066,0,"[0, 1]"
755275,7516887,1353,0,"[0, 1]"
755275,7516887,1154,0,"[0, 1]"
755275,7516887,1251,0,"[0, 1]"
755275,7516887,1291,0,"[0, 1]"
755275,7516887,1319,0,"[0, 1]"
755275,7516887,1850,0,"[0, 1]"
755275,7516887,2019,0,"[0, 1]"
755275,7516887,1071,0,"[0, 1]"
755275,7516887,2856,0,"[0, 1]"
755275,7516887,2884,0,"[0, 1]"
755275,7516887,2709,0,"[0, 1]"
755275,7516887,3355,0,"[0, 1]"
755275,7516887,3688,0,"[0, 1]"
755275,7516887,3919,0,"[0, 1]"
755275,7516887,3468,0,"[0, 1]"
755275,7516887,2429,0,"[0, 1]"
755275,7516887,2474,0,"[0, 1]"
755275,7516887,2634,0,"[0, 1]"
755275,7516887,2215,0,"[0, 1]"
755275,7516887,3888,0,"[0, 1]"
755275,7516887,2487,0,"[0, 1]"
755275,7516887,3580,0,"[0, 1]"
755275,7516887,3766,0,"[0, 1]"
755275,7516887,3260,0,"[0, 1]"
755275,7516887,4035,0,"[0, 1]"
755275,7516887,3204,0,"[0, 1]"
755275,7516887,2940,0,"[0, 1]"
755275,7516887,3535,0,"[0, 1]"
755275,7516887,2059,0,"[0, 1]"
755275,7516887,2626,0,"[0, 1]"
755275,7516887,7363684,1,"[0, 1]"
755275,7516887,7600853,1,"[0, 1]"
755275,7516887,4119,0,"[0, 1]"
755275,7516887,7345594,1,"[0, 1]"
755275,7516887,7197935,1,"[0, 1]"
755275,7516887,7296810,1,"[0, 1]"
755275,7516887,7088254,1,"[0, 1]"
755275,7516887,4096,0,"[0, 1]"
755275,7516887,7311598,1,"[0, 1]"
755275,7516887,7223153,1,"[0, 1]"
755275,7516887,7453883,1,"[0, 1]"
755275,7516887,7685266,1,"[0, 1]"
755275,7516887,7245227,1,"[0, 1]"
755275,7516887,7140358,1,"[0, 1]"
755275,7516887,4132,0,"[0, 1]"
755275,7516887,4590,0,"[0, 1]"
755275,7516887,7528854,1,"[0, 1]"
755275,7516887,7626411,1,"[0, 1]"
755275,7516887,7104678,1,"[0, 1]"
755275,7516887,4835,0,"[0, 1]"
755275,7516887,7334323,1,"[0, 1]"
755275,7516887,7319513,1,"[0, 1]"
755275,7516887,7091331,1,"[0, 1]"
755275,7516887,7305235,1,"[0, 1]"
755275,7516887,7212637,1,"[0, 1]"
755275,7516887,1514592,1,"[0, 1]"
755275,7516887,7670435,1,"[0, 1]"
755275,7516887,7675407,1,"[0, 1]"
755275,7516887,7174734,1,"[0, 1]"
755275,7516887,7267822,1,"[0, 1]"
755275,7516887,7247655,1,"[0, 1]"
755275,7516887,7507566,1,"[0, 1]"
755275,7516887,7317075,1,"[0, 1]"
755275,7516887,232135,1,"[0, 1]"
755275,7516887,7226565,1,"[0, 1]"
755275,7516887,7268296,1,"[0, 1]"
755275,7516887,7601492,1,"[0, 1]"
755275,7516887,7497025,1,"[0, 1]"
755275,7516887,7671912,1,"[0, 1]"
755275,7516887,7569884,1,"[0, 1]"
755275,7516887,7072326,1,"[0, 1]"
755275,7516887,7535109,1,"[0, 1]"
755275,7516887,7310891,1,"[0, 1]"
755275,7516887,7619495,1,"[0, 1]"
755275,7516887,6009843,1,"[0, 1]"
755275,7516887,7482499,1,"[0, 1]"
755275,7516887,7171320,1,"[0, 1]"
755275,7516887,7262611,1,"[0, 1]"
755275,7516887,7080300,1,"[0, 1]"
755275,7516887,7569360,1,"[0, 1]"
544060,7516971,7516971,1,"[1, 0]"
544060,7516971,4206,0,"[1, 0]"
544060,7516971,2299,0,"[1, 0]"
544060,7516971,1149,0,"[1, 0]"
544060,7516971,574,0,"[1, 0]"
544060,7516971,286,0,"[1, 0]"
544060,7516971,142,0,"[1, 0]"
544060,7516971,70,0,"[1, 0]"
544060,7516971,34,0,"[1, 0]"
544060,7516971,16,0,"[1, 0]"
544060,7516971,7,0,"[1, 0]"
544060,7516971,3,0,"[1, 0]"
544060,7516971,1,0,"[1, 0]"
544060,7516971,0,0,"[1, 0]"
544060,7516971,2,0,"[0, 1]"
544060,7516971,1,0,"[0, 1]"
544060,7516971,6,0,"[0, 1]"
544060,7516971,3,0,"[0, 1]"
544060,7516971,4,0,"[0, 1]"
544060,7516971,5,0,"[0, 1]"
544060,7516971,7,0,"[0, 1]"
544060,7516971,8,0,"[0, 1]"
544060,7516971,14,0,"[0, 1]"
544060,7516971,13,0,"[0, 1]"
544060,7516971,9,0,"[0, 1]"
544060,7516971,11,0,"[0, 1]"
544060,7516971,23,0,"[0, 1]"
544060,7516971,17,0,"[0, 1]"
544060,7516971,28,0,"[0, 1]"
544060,7516971,24,0,"[0, 1]"
544060,7516971,30,0,"[0, 1]"
544060,7516971,16,0,"[0, 1]"
544060,7516971,29,0,"[0, 1]"
544060,7516971,27,0,"[0, 1]"
544060,7516971,40,0,"[0, 1]"
544060,7516971,61,0,"[0, 1]"
544060,7516971,35,0,"[0, 1]"
544060,7516971,44,0,"[0, 1]"
544060,7516971,48,0,"[0, 1]"
544060,7516971,57,0,"[0, 1]"
544060,7516971,38,0,"[0, 1]"
544060,7516971,32,0,"[0, 1]"
544060,7516971,46,0,"[0, 1]"
544060,7516971,53,0,"[0, 1]"
544060,7516971,114,0,"[0, 1]"
544060,7516971,89,0,"[0, 1]"
544060,7516971,123,0,"[0, 1]"
544060,7516971,107,0,"[0, 1]"
544060,7516971,97,0,"[0, 1]"
544060,7516971,125,0,"[0, 1]"
544060,7516971,115,0,"[0, 1]"
544060,7516971,112,0,"[0, 1]"
544060,7516971,105,0,"[0, 1]"
544060,7516971,84,0,"[0, 1]"
544060,7516971,95,0,"[0, 1]"
544060,7516971,72,0,"[0, 1]"
544060,7516971,169,0,"[0, 1]"
544060,7516971,221,0,"[0, 1]"
544060,7516971,237,0,"[0, 1]"
544060,7516971,222,0,"[0, 1]"
544060,7516971,206,0,"[0, 1]"
544060,7516971,188,0,"[0, 1]"
544060,7516971,236,0,"[0, 1]"
544060,7516971,216,0,"[0, 1]"
544060,7516971,226,0,"[0, 1]"
544060,7516971,191,0,"[0, 1]"
544060,7516971,142,0,"[0, 1]"
544060,7516971,148,0,"[0, 1]"
544060,7516971,165,0,"[0, 1]"
544060,7516971,202,0,"[0, 1]"
544060,7516971,430,0,"[0, 1]"
544060,7516971,393,0,"[0, 1]"
544060,7516971,409,0,"[0, 1]"
544060,7516971,370,0,"[0, 1]"
544060,7516971,387,0,"[0, 1]"
544060,7516971,298,0,"[0, 1]"
544060,7516971,259,0,"[0, 1]"
544060,7516971,315,0,"[0, 1]"
544060,7516971,340,0,"[0, 1]"
544060,7516971,268,0,"[0, 1]"
544060,7516971,477,0,"[0, 1]"
544060,7516971,333,0,"[0, 1]"
544060,7516971,313,0,"[0, 1]"
544060,7516971,390,0,"[0, 1]"
544060,7516971,378,0,"[0, 1]"
544060,7516971,276,0,"[0, 1]"
544060,7516971,863,0,"[0, 1]"
544060,7516971,716,0,"[0, 1]"
544060,7516971,936,0,"[0, 1]"
544060,7516971,796,0,"[0, 1]"
544060,7516971,519,0,"[0, 1]"
544060,7516971,917,0,"[0, 1]"
544060,7516971,546,0,"[0, 1]"
544060,7516971,856,0,"[0, 1]"
544060,7516971,607,0,"[0, 1]"
544060,7516971,911,0,"[0, 1]"
544060,7516971,957,0,"[0, 1]"
544060,7516971,920,0,"[0, 1]"
544060,7516971,971,0,"[0, 1]"
544060,7516971,854,0,"[0, 1]"
544060,7516971,669,0,"[0, 1]"
544060,7516971,579,0,"[0, 1]"
544060,7516971,915,0,"[0, 1]"
544060,7516971,822,0,"[0, 1]"
544060,7516971,1454,0,"[0, 1]"
544060,7516971,1294,0,"[0, 1]"
544060,7516971,1959,0,"[0, 1]"
544060,7516971,1162,0,"[0, 1]"
544060,7516971,1170,0,"[0, 1]"
544060,7516971,1232,0,"[0, 1]"
544060,7516971,1083,0,"[0, 1]"
544060,7516971,1882,0,"[0, 1]"
544060,7516971,1663,0,"[0, 1]"
544060,7516971,1658,0,"[0, 1]"
544060,7516971,1792,0,"[0, 1]"
544060,7516971,1918,0,"[0, 1]"
544060,7516971,1853,0,"[0, 1]"
544060,7516971,1840,0,"[0, 1]"
544060,7516971,1872,0,"[0, 1]"
544060,7516971,1049,0,"[0, 1]"
544060,7516971,1120,0,"[0, 1]"
544060,7516971,1446,0,"[0, 1]"
544060,7516971,1158,0,"[0, 1]"
544060,7516971,1906,0,"[0, 1]"
544060,7516971,3727,0,"[0, 1]"
544060,7516971,3204,0,"[0, 1]"
544060,7516971,2589,0,"[0, 1]"
544060,7516971,2509,0,"[0, 1]"
544060,7516971,3835,0,"[0, 1]"
544060,7516971,3155,0,"[0, 1]"
544060,7516971,2134,0,"[0, 1]"
544060,7516971,4069,0,"[0, 1]"
544060,7516971,3292,0,"[0, 1]"
544060,7516971,2143,0,"[0, 1]"
544060,7516971,2345,0,"[0, 1]"
544060,7516971,2846,0,"[0, 1]"
544060,7516971,2910,0,"[0, 1]"
544060,7516971,3573,0,"[0, 1]"
544060,7516971,3270,0,"[0, 1]"
544060,7516971,3074,0,"[0, 1]"
544060,7516971,3087,0,"[0, 1]"
544060,7516971,2496,0,"[0, 1]"
544060,7516971,2317,0,"[0, 1]"
544060,7516971,3824,0,"[0, 1]"
544060,7516971,3284,0,"[0, 1]"
544060,7516971,2855,0,"[0, 1]"
544060,7516971,4235,0,"[0, 1]"
544060,7516971,7124519,1,"[0, 1]"
544060,7516971,7429501,1,"[0, 1]"
544060,7516971,7638638,1,"[0, 1]"
544060,7516971,7643183,1,"[0, 1]"
544060,7516971,4443,0,"[0, 1]"
544060,7516971,7214323,1,"[0, 1]"
544060,7516971,7275685,1,"[0, 1]"
544060,7516971,7295448,1,"[0, 1]"
544060,7516971,7225140,1,"[0, 1]"
544060,7516971,7684278,1,"[0, 1]"
544060,7516971,4891,0,"[0, 1]"
544060,7516971,7196268,1,"[0, 1]"
544060,7516971,4619,0,"[0, 1]"
544060,7516971,4314,0,"[0, 1]"
544060,7516971,7169477,1,"[0, 1]"
544060,7516971,3058555,1,"[0, 1]"
544060,7516971,7399606,1,"[0, 1]"
544060,7516971,4870,0,"[0, 1]"
544060,7516971,7406338,1,"[0, 1]"
544060,7516971,7391225,1,"[0, 1]"
544060,7516971,7143807,1,"[0, 1]"
544060,7516971,4257861,1,"[0, 1]"
544060,7516971,7248275,1,"[0, 1]"
544060,7516971,7344668,1,"[0, 1]"
544060,7516971,7236940,1,"[0, 1]"
544060,7516971,3771070,1,"[0, 1]"
544060,7516971,2115250,1,"[0, 1]"
544060,7516971,1567596,1,"[0, 1]"
544060,7516971,7258172,1,"[0, 1]"
544060,7516971,49241,1,"[0, 1]"
544060,7516971,7263355,1,"[0, 1]"
544060,7516971,7074235,1,"[0, 1]"
544060,7516971,7381328,1,"[0, 1]"
544060,7516971,6434719,1,"[0, 1]"
544060,7516971,7164704,1,"[0, 1]"
544060,7516971,7200025,1,"[0, 1]"
544060,7516971,7147941,1,"[0, 1]"
544060,7516971,7078672,1,"[0, 1]"
544060,7516971,7075398,1,"[0, 1]"
544060,7516971,7346601,1,"[0, 1]"
544060,7516971,2491367,1,"[0, 1]"
544060,7516971,7211854,1,"[0, 1]"
544060,7516971,7162902,1,"[0, 1]"
544060,7516971,7487957,1,"[0, 1]"
544060,7516971,7595623,1,"[0, 1]"
544060,7516971,7329844,1,"[0, 1]"
544060,7516971,7596038,1,"[0, 1]"
544060,7516971,7306611,1,"[0, 1]"
544060,7516971,7223384,1,"[0, 1]"
544060,7516973,7516973,1,"[1, 0]"
544060,7516973,4201,0,"[1, 0]"
544060,7516973,2290,0,"[1, 0]"
544060,7516973,1144,0,"[1, 0]"
544060,7516973,571,0,"[1, 0]"
544060,7516973,285,0,"[1, 0]"
544060,7516973,142,0,"[1, 0]"
544060,7516973,70,0,"[1, 0]"
544060,7516973,34,0,"[1, 0]"
544060,7516973,16,0,"[1, 0]"
544060,7516973,7,0,"[1, 0]"
544060,7516973,3,0,"[1, 0]"
544060,7516973,1,0,"[1, 0]"
544060,7516973,0,0,"[1, 0]"
544060,7516973,2,0,"[0, 1]"
544060,7516973,1,0,"[0, 1]"
544060,7516973,5,0,"[0, 1]"
544060,7516973,3,0,"[0, 1]"
544060,7516973,4,0,"[0, 1]"
544060,7516973,6,0,"[0, 1]"
544060,7516973,14,0,"[0, 1]"
544060,7516973,12,0,"[0, 1]"
544060,7516973,13,0,"[0, 1]"
544060,7516973,7,0,"[0, 1]"
544060,7516973,8,0,"[0, 1]"
544060,7516973,9,0,"[0, 1]"
544060,7516973,27,0,"[0, 1]"
544060,7516973,20,0,"[0, 1]"
544060,7516973,16,0,"[0, 1]"
544060,7516973,25,0,"[0, 1]"
544060,7516973,23,0,"[0, 1]"
544060,7516973,26,0,"[0, 1]"
544060,7516973,21,0,"[0, 1]"
544060,7516973,30,0,"[0, 1]"
544060,7516973,57,0,"[0, 1]"
544060,7516973,60,0,"[0, 1]"
544060,7516973,31,0,"[0, 1]"
544060,7516973,45,0,"[0, 1]"
544060,7516973,55,0,"[0, 1]"
544060,7516973,42,0,"[0, 1]"
544060,7516973,61,0,"[0, 1]"
544060,7516973,35,0,"[0, 1]"
544060,7516973,37,0,"[0, 1]"
544060,7516973,62,0,"[0, 1]"
544060,7516973,117,0,"[0, 1]"
544060,7516973,78,0,"[0, 1]"
544060,7516973,98,0,"[0, 1]"
544060,7516973,101,0,"[0, 1]"
544060,7516973,120,0,"[0, 1]"
544060,7516973,96,0,"[0, 1]"
544060,7516973,82,0,"[0, 1]"
544060,7516973,119,0,"[0, 1]"
544060,7516973,108,0,"[0, 1]"
544060,7516973,63,0,"[0, 1]"
544060,7516973,95,0,"[0, 1]"
544060,7516973,87,0,"[0, 1]"
544060,7516973,232,0,"[0, 1]"
544060,7516973,128,0,"[0, 1]"
544060,7516973,193,0,"[0, 1]"
544060,7516973,153,0,"[0, 1]"
544060,7516973,142,0,"[0, 1]"
544060,7516973,144,0,"[0, 1]"
544060,7516973,209,0,"[0, 1]"
544060,7516973,198,0,"[0, 1]"
544060,7516973,180,0,"[0, 1]"
544060,7516973,127,0,"[0, 1]"
544060,7516973,223,0,"[0, 1]"
544060,7516973,130,0,"[0, 1]"
544060,7516973,203,0,"[0, 1]"
544060,7516973,212,0,"[0, 1]"
544060,7516973,494,0,"[0, 1]"
544060,7516973,506,0,"[0, 1]"
544060,7516973,491,0,"[0, 1]"
544060,7516973,304,0,"[0, 1]"
544060,7516973,400,0,"[0, 1]"
544060,7516973,452,0,"[0, 1]"
544060,7516973,395,0,"[0, 1]"
544060,7516973,406,0,"[0, 1]"
544060,7516973,440,0,"[0, 1]"
544060,7516973,397,0,"[0, 1]"
544060,7516973,348,0,"[0, 1]"
544060,7516973,260,0,"[0, 1]"
544060,7516973,454,0,"[0, 1]"
544060,7516973,361,0,"[0, 1]"
544060,7516973,510,0,"[0, 1]"
544060,7516973,369,0,"[0, 1]"
544060,7516973,726,0,"[0, 1]"
544060,7516973,596,0,"[0, 1]"
544060,7516973,730,0,"[0, 1]"
544060,7516973,682,0,"[0, 1]"
544060,7516973,854,0,"[0, 1]"
544060,7516973,722,0,"[0, 1]"
544060,7516973,928,0,"[0, 1]"
544060,7516973,536,0,"[0, 1]"
544060,7516973,538,0,"[0, 1]"
544060,7516973,576,0,"[0, 1]"
544060,7516973,931,0,"[0, 1]"
544060,7516973,942,0,"[0, 1]"
544060,7516973,542,0,"[0, 1]"
544060,7516973,733,0,"[0, 1]"
544060,7516973,762,0,"[0, 1]"
544060,7516973,654,0,"[0, 1]"
544060,7516973,719,0,"[0, 1]"
544060,7516973,758,0,"[0, 1]"
544060,7516973,1472,0,"[0, 1]"
544060,7516973,1337,0,"[0, 1]"
544060,7516973,1144,0,"[0, 1]"
544060,7516973,1219,0,"[0, 1]"
544060,7516973,1423,0,"[0, 1]"
544060,7516973,1402,0,"[0, 1]"
544060,7516973,1465,0,"[0, 1]"
544060,7516973,1690,0,"[0, 1]"
544060,7516973,1581,0,"[0, 1]"
544060,7516973,1506,0,"[0, 1]"
544060,7516973,1417,0,"[0, 1]"
544060,7516973,1564,0,"[0, 1]"
544060,7516973,1468,0,"[0, 1]"
544060,7516973,1241,0,"[0, 1]"
544060,7516973,1738,0,"[0, 1]"
544060,7516973,1449,0,"[0, 1]"
544060,7516973,1912,0,"[0, 1]"
544060,7516973,1053,0,"[0, 1]"
544060,7516973,1121,0,"[0, 1]"
544060,7516973,1092,0,"[0, 1]"
544060,7516973,3801,0,"[0, 1]"
544060,7516973,3923,0,"[0, 1]"
544060,7516973,2250,0,"[0, 1]"
544060,7516973,3098,0,"[0, 1]"
544060,7516973,2160,0,"[0, 1]"
544060,7516973,2719,0,"[0, 1]"
544060,7516973,3195,0,"[0, 1]"
544060,7516973,3104,0,"[0, 1]"
544060,7516973,4083,0,"[0, 1]"
544060,7516973,2748,0,"[0, 1]"
544060,7516973,2340,0,"[0, 1]"
544060,7516973,2352,0,"[0, 1]"
544060,7516973,2285,0,"[0, 1]"
544060,7516973,3085,0,"[0, 1]"
544060,7516973,3813,0,"[0, 1]"
544060,7516973,3178,0,"[0, 1]"
544060,7516973,2479,0,"[0, 1]"
544060,7516973,2954,0,"[0, 1]"
544060,7516973,2181,0,"[0, 1]"
544060,7516973,3796,0,"[0, 1]"
544060,7516973,3578,0,"[0, 1]"
544060,7516973,3598,0,"[0, 1]"
544060,7516973,4165,0,"[0, 1]"
544060,7516973,7543541,1,"[0, 1]"
544060,7516973,7209396,1,"[0, 1]"
544060,7516973,7125967,1,"[0, 1]"
544060,7516973,4917,0,"[0, 1]"
544060,7516973,7380576,1,"[0, 1]"
544060,7516973,4339,0,"[0, 1]"
544060,7516973,7364279,1,"[0, 1]"
544060,7516973,4482428,1,"[0, 1]"
544060,7516973,7324866,1,"[0, 1]"
544060,7516973,7640235,1,"[0, 1]"
544060,7516973,7465742,1,"[0, 1]"
544060,7516973,4263,0,"[0, 1]"
544060,7516973,7466196,1,"[0, 1]"
544060,7516973,7253021,1,"[0, 1]"
544060,7516973,7384740,1,"[0, 1]"
544060,7516973,7578826,1,"[0, 1]"
544060,7516973,4847,0,"[0, 1]"
544060,7516973,4785,0,"[0, 1]"
544060,7516973,7674619,1,"[0, 1]"
544060,7516973,7429973,1,"[0, 1]"
544060,7516973,7092485,1,"[0, 1]"
544060,7516973,7686516,1,"[0, 1]"
544060,7516973,7163370,1,"[0, 1]"
544060,7516973,7681577,1,"[0, 1]"
544060,7516973,7128734,1,"[0, 1]"
544060,7516973,7539979,1,"[0, 1]"
544060,7516973,7107986,1,"[0, 1]"
544060,7516973,7148073,1,"[0, 1]"
544060,7516973,7541530,1,"[0, 1]"
544060,7516973,7100040,1,"[0, 1]"
544060,7516973,4428447,1,"[0, 1]"
544060,7516973,7511316,1,"[0, 1]"
544060,7516973,7075411,1,"[0, 1]"
544060,7516973,7516971,1,"[0, 1]"
544060,7516973,7373194,1,"[0, 1]"
544060,7516973,7082706,1,"[0, 1]"
544060,7516973,7249981,1,"[0, 1]"
544060,7516973,7663813,1,"[0, 1]"
544060,7516973,7111754,1,"[0, 1]"
544060,7516973,6434719,1,"[0, 1]"
544060,7516973,7568492,1,"[0, 1]"
544060,7516973,7148363,1,"[0, 1]"
544060,7516973,7111936,1,"[0, 1]"
544060,7516973,7512494,1,"[0, 1]"
544060,7516973,1499955,1,"[0, 1]"
544060,7516973,6009067,1,"[0, 1]"
544060,7516973,7213082,1,"[0, 1]"
544060,7516973,7285993,1,"[0, 1]"
544060,7516973,7430712,1,"[0, 1]"
453451,7517018,7517018,1,"[1, 0]"
453451,7517018,2683,0,"[1, 0]"
453451,7517018,1341,0,"[1, 0]"
453451,7517018,670,0,"[1, 0]"
453451,7517018,334,0,"[1, 0]"
453451,7517018,166,0,"[1, 0]"
453451,7517018,82,0,"[1, 0]"
453451,7517018,40,0,"[1, 0]"
453451,7517018,19,0,"[1, 0]"
453451,7517018,9,0,"[1, 0]"
453451,7517018,4,0,"[1, 0]"
453451,7517018,1,0,"[1, 0]"
453451,7517018,0,0,"[1, 0]"
453451,7517018,1,0,"[0, 1]"
453451,7517018,2,0,"[0, 1]"
453451,7517018,5,0,"[0, 1]"
453451,7517018,3,0,"[0, 1]"
453451,7517018,4,0,"[0, 1]"
453451,7517018,6,0,"[0, 1]"
453451,7517018,13,0,"[0, 1]"
453451,7517018,14,0,"[0, 1]"
453451,7517018,12,0,"[0, 1]"
453451,7517018,8,0,"[0, 1]"
453451,7517018,11,0,"[0, 1]"
453451,7517018,10,0,"[0, 1]"
453451,7517018,16,0,"[0, 1]"
453451,7517018,23,0,"[0, 1]"
453451,7517018,30,0,"[0, 1]"
453451,7517018,26,0,"[0, 1]"
453451,7517018,29,0,"[0, 1]"
453451,7517018,18,0,"[0, 1]"
453451,7517018,17,0,"[0, 1]"
453451,7517018,19,0,"[0, 1]"
453451,7517018,53,0,"[0, 1]"
453451,7517018,46,0,"[0, 1]"
453451,7517018,35,0,"[0, 1]"
453451,7517018,37,0,"[0, 1]"
453451,7517018,38,0,"[0, 1]"
453451,7517018,39,0,"[0, 1]"
453451,7517018,56,0,"[0, 1]"
453451,7517018,41,0,"[0, 1]"
453451,7517018,49,0,"[0, 1]"
453451,7517018,40,0,"[0, 1]"
453451,7517018,123,0,"[0, 1]"
453451,7517018,68,0,"[0, 1]"
453451,7517018,95,0,"[0, 1]"
453451,7517018,96,0,"[0, 1]"
453451,7517018,74,0,"[0, 1]"
453451,7517018,84,0,"[0, 1]"
453451,7517018,86,0,"[0, 1]"
453451,7517018,64,0,"[0, 1]"
453451,7517018,82,0,"[0, 1]"
453451,7517018,126,0,"[0, 1]"
453451,7517018,125,0,"[0, 1]"
453451,7517018,66,0,"[0, 1]"
453451,7517018,200,0,"[0, 1]"
453451,7517018,140,0,"[0, 1]"
453451,7517018,223,0,"[0, 1]"
453451,7517018,183,0,"[0, 1]"
453451,7517018,147,0,"[0, 1]"
453451,7517018,172,0,"[0, 1]"
453451,7517018,188,0,"[0, 1]"
453451,7517018,234,0,"[0, 1]"
453451,7517018,181,0,"[0, 1]"
453451,7517018,132,0,"[0, 1]"
453451,7517018,248,0,"[0, 1]"
453451,7517018,153,0,"[0, 1]"
453451,7517018,218,0,"[0, 1]"
453451,7517018,212,0,"[0, 1]"
453451,7517018,406,0,"[0, 1]"
453451,7517018,421,0,"[0, 1]"
453451,7517018,391,0,"[0, 1]"
453451,7517018,278,0,"[0, 1]"
453451,7517018,269,0,"[0, 1]"
453451,7517018,503,0,"[0, 1]"
453451,7517018,400,0,"[0, 1]"
453451,7517018,413,0,"[0, 1]"
453451,7517018,372,0,"[0, 1]"
453451,7517018,366,0,"[0, 1]"
453451,7517018,343,0,"[0, 1]"
453451,7517018,359,0,"[0, 1]"
453451,7517018,422,0,"[0, 1]"
453451,7517018,477,0,"[0, 1]"
453451,7517018,399,0,"[0, 1]"
453451,7517018,365,0,"[0, 1]"
453451,7517018,862,0,"[0, 1]"
453451,7517018,537,0,"[0, 1]"
453451,7517018,1021,0,"[0, 1]"
453451,7517018,877,0,"[0, 1]"
453451,7517018,988,0,"[0, 1]"
453451,7517018,587,0,"[0, 1]"
453451,7517018,594,0,"[0, 1]"
453451,7517018,850,0,"[0, 1]"
453451,7517018,653,0,"[0, 1]"
453451,7517018,867,0,"[0, 1]"
453451,7517018,560,0,"[0, 1]"
453451,7517018,882,0,"[0, 1]"
453451,7517018,686,0,"[0, 1]"
453451,7517018,765,0,"[0, 1]"
453451,7517018,617,0,"[0, 1]"
453451,7517018,601,0,"[0, 1]"
453451,7517018,748,0,"[0, 1]"
453451,7517018,807,0,"[0, 1]"
453451,7517018,1413,0,"[0, 1]"
453451,7517018,1786,0,"[0, 1]"
453451,7517018,2024,0,"[0, 1]"
453451,7517018,1206,0,"[0, 1]"
453451,7517018,1602,0,"[0, 1]"
453451,7517018,1607,0,"[0, 1]"
453451,7517018,1089,0,"[0, 1]"
453451,7517018,1490,0,"[0, 1]"
453451,7517018,1689,0,"[0, 1]"
453451,7517018,1242,0,"[0, 1]"
453451,7517018,1965,0,"[0, 1]"
453451,7517018,1853,0,"[0, 1]"
453451,7517018,1980,0,"[0, 1]"
453451,7517018,1828,0,"[0, 1]"
453451,7517018,1784,0,"[0, 1]"
453451,7517018,1972,0,"[0, 1]"
453451,7517018,1615,0,"[0, 1]"
453451,7517018,1694,0,"[0, 1]"
453451,7517018,1025,0,"[0, 1]"
453451,7517018,1888,0,"[0, 1]"
453451,7517018,3120,0,"[0, 1]"
453451,7517018,3189,0,"[0, 1]"
453451,7517018,2184,0,"[0, 1]"
453451,7517018,3413,0,"[0, 1]"
453451,7517018,4026,0,"[0, 1]"
453451,7517018,3452,0,"[0, 1]"
453451,7517018,2091,0,"[0, 1]"
453451,7517018,2506,0,"[0, 1]"
453451,7517018,2322,0,"[0, 1]"
453451,7517018,3827,0,"[0, 1]"
453451,7517018,3329,0,"[0, 1]"
453451,7517018,2053,0,"[0, 1]"
453451,7517018,2511,0,"[0, 1]"
453451,7517018,2570,0,"[0, 1]"
453451,7517018,2239,0,"[0, 1]"
453451,7517018,3651,0,"[0, 1]"
453451,7517018,2501,0,"[0, 1]"
453451,7517018,2439,0,"[0, 1]"
453451,7517018,3033,0,"[0, 1]"
453451,7517018,2783,0,"[0, 1]"
453451,7517018,2112,0,"[0, 1]"
453451,7517018,2097,0,"[0, 1]"
453451,7517018,7256738,1,"[0, 1]"
453451,7517018,7604698,1,"[0, 1]"
453451,7517018,4524,0,"[0, 1]"
453451,7517018,7106343,1,"[0, 1]"
453451,7517018,7197007,1,"[0, 1]"
453451,7517018,7211181,1,"[0, 1]"
453451,7517018,7384323,1,"[0, 1]"
453451,7517018,7579485,1,"[0, 1]"
453451,7517018,4497,0,"[0, 1]"
453451,7517018,7596795,1,"[0, 1]"
453451,7517018,7502851,1,"[0, 1]"
453451,7517018,7555346,1,"[0, 1]"
453451,7517018,7270789,1,"[0, 1]"
453451,7517018,7292470,1,"[0, 1]"
453451,7517018,7462962,1,"[0, 1]"
453451,7517018,7229846,1,"[0, 1]"
453451,7517018,7140503,1,"[0, 1]"
453451,7517018,7072160,1,"[0, 1]"
453451,7517018,7257142,1,"[0, 1]"
453451,7517018,7506788,1,"[0, 1]"
453451,7517018,7313297,1,"[0, 1]"
453451,7517018,4476405,1,"[0, 1]"
453451,7517018,7619619,1,"[0, 1]"
453451,7517018,7433031,1,"[0, 1]"
632625,7517415,7517415,1,"[1, 0]"
632625,7517415,4748,0,"[1, 0]"
632625,7517415,3528,0,"[1, 0]"
632625,7517415,1763,0,"[1, 0]"
632625,7517415,881,0,"[1, 0]"
632625,7517415,440,0,"[1, 0]"
632625,7517415,219,0,"[1, 0]"
632625,7517415,109,0,"[1, 0]"
632625,7517415,54,0,"[1, 0]"
632625,7517415,26,0,"[1, 0]"
632625,7517415,12,0,"[1, 0]"
632625,7517415,5,0,"[1, 0]"
632625,7517415,2,0,"[1, 0]"
632625,7517415,0,0,"[1, 0]"
632625,7517415,1,0,"[0, 1]"
632625,7517415,2,0,"[0, 1]"
632625,7517415,5,0,"[0, 1]"
632625,7517415,4,0,"[0, 1]"
632625,7517415,3,0,"[0, 1]"
632625,7517415,6,0,"[0, 1]"
632625,7517415,8,0,"[0, 1]"
632625,7517415,9,0,"[0, 1]"
632625,7517415,12,0,"[0, 1]"
632625,7517415,7,0,"[0, 1]"
632625,7517415,11,0,"[0, 1]"
632625,7517415,13,0,"[0, 1]"
632625,7517415,25,0,"[0, 1]"
632625,7517415,18,0,"[0, 1]"
632625,7517415,21,0,"[0, 1]"
632625,7517415,28,0,"[0, 1]"
632625,7517415,22,0,"[0, 1]"
632625,7517415,27,0,"[0, 1]"
632625,7517415,15,0,"[0, 1]"
632625,7517415,16,0,"[0, 1]"
632625,7517415,59,0,"[0, 1]"
632625,7517415,45,0,"[0, 1]"
632625,7517415,50,0,"[0, 1]"
632625,7517415,60,0,"[0, 1]"
632625,7517415,33,0,"[0, 1]"
632625,7517415,42,0,"[0, 1]"
632625,7517415,37,0,"[0, 1]"
632625,7517415,44,0,"[0, 1]"
632625,7517415,55,0,"[0, 1]"
632625,7517415,48,0,"[0, 1]"
632625,7517415,97,0,"[0, 1]"
632625,7517415,89,0,"[0, 1]"
632625,7517415,98,0,"[0, 1]"
632625,7517415,92,0,"[0, 1]"
632625,7517415,78,0,"[0, 1]"
632625,7517415,96,0,"[0, 1]"
632625,7517415,103,0,"[0, 1]"
632625,7517415,117,0,"[0, 1]"
632625,7517415,111,0,"[0, 1]"
632625,7517415,105,0,"[0, 1]"
632625,7517415,81,0,"[0, 1]"
632625,7517415,124,0,"[0, 1]"
632625,7517415,159,0,"[0, 1]"
632625,7517415,228,0,"[0, 1]"
632625,7517415,221,0,"[0, 1]"
632625,7517415,132,0,"[0, 1]"
632625,7517415,216,0,"[0, 1]"
632625,7517415,222,0,"[0, 1]"
632625,7517415,226,0,"[0, 1]"
632625,7517415,206,0,"[0, 1]"
632625,7517415,138,0,"[0, 1]"
632625,7517415,128,0,"[0, 1]"
632625,7517415,184,0,"[0, 1]"
632625,7517415,211,0,"[0, 1]"
632625,7517415,253,0,"[0, 1]"
632625,7517415,247,0,"[0, 1]"
632625,7517415,421,0,"[0, 1]"
632625,7517415,430,0,"[0, 1]"
632625,7517415,276,0,"[0, 1]"
632625,7517415,402,0,"[0, 1]"
632625,7517415,323,0,"[0, 1]"
632625,7517415,329,0,"[0, 1]"
632625,7517415,464,0,"[0, 1]"
632625,7517415,383,0,"[0, 1]"
632625,7517415,419,0,"[0, 1]"
632625,7517415,303,0,"[0, 1]"
632625,7517415,291,0,"[0, 1]"
632625,7517415,266,0,"[0, 1]"
632625,7517415,461,0,"[0, 1]"
632625,7517415,510,0,"[0, 1]"
632625,7517415,310,0,"[0, 1]"
632625,7517415,304,0,"[0, 1]"
632625,7517415,566,0,"[0, 1]"
632625,7517415,842,0,"[0, 1]"
632625,7517415,903,0,"[0, 1]"
632625,7517415,517,0,"[0, 1]"
632625,7517415,869,0,"[0, 1]"
632625,7517415,547,0,"[0, 1]"
632625,7517415,827,0,"[0, 1]"
632625,7517415,933,0,"[0, 1]"
632625,7517415,971,0,"[0, 1]"
632625,7517415,676,0,"[0, 1]"
632625,7517415,885,0,"[0, 1]"
632625,7517415,935,0,"[0, 1]"
632625,7517415,815,0,"[0, 1]"
632625,7517415,723,0,"[0, 1]"
632625,7517415,558,0,"[0, 1]"
632625,7517415,947,0,"[0, 1]"
632625,7517415,613,0,"[0, 1]"
632625,7517415,1020,0,"[0, 1]"
632625,7517415,1385,0,"[0, 1]"
632625,7517415,2026,0,"[0, 1]"
632625,7517415,1062,0,"[0, 1]"
632625,7517415,1688,0,"[0, 1]"
632625,7517415,1436,0,"[0, 1]"
632625,7517415,1561,0,"[0, 1]"
632625,7517415,1490,0,"[0, 1]"
632625,7517415,1081,0,"[0, 1]"
632625,7517415,1946,0,"[0, 1]"
632625,7517415,2001,0,"[0, 1]"
632625,7517415,1863,0,"[0, 1]"
632625,7517415,1340,0,"[0, 1]"
632625,7517415,1093,0,"[0, 1]"
632625,7517415,1100,0,"[0, 1]"
632625,7517415,1528,0,"[0, 1]"
632625,7517415,1938,0,"[0, 1]"
632625,7517415,1865,0,"[0, 1]"
632625,7517415,1773,0,"[0, 1]"
632625,7517415,1035,0,"[0, 1]"
632625,7517415,1930,0,"[0, 1]"
632625,7517415,2904,0,"[0, 1]"
632625,7517415,3536,0,"[0, 1]"
632625,7517415,3657,0,"[0, 1]"
632625,7517415,3451,0,"[0, 1]"
632625,7517415,3601,0,"[0, 1]"
632625,7517415,2504,0,"[0, 1]"
632625,7517415,2747,0,"[0, 1]"
632625,7517415,4010,0,"[0, 1]"
632625,7517415,2346,0,"[0, 1]"
632625,7517415,3749,0,"[0, 1]"
632625,7517415,2433,0,"[0, 1]"
632625,7517415,3358,0,"[0, 1]"
632625,7517415,3560,0,"[0, 1]"
632625,7517415,4088,0,"[0, 1]"
632625,7517415,2814,0,"[0, 1]"
632625,7517415,3238,0,"[0, 1]"
632625,7517415,2915,0,"[0, 1]"
632625,7517415,2136,0,"[0, 1]"
632625,7517415,3782,0,"[0, 1]"
632625,7517415,2512,0,"[0, 1]"
632625,7517415,3442,0,"[0, 1]"
632625,7517415,2790,0,"[0, 1]"
632625,7517415,7108284,1,"[0, 1]"
632625,7517415,4918,0,"[0, 1]"
632625,7517415,7116278,1,"[0, 1]"
632625,7517415,7450500,1,"[0, 1]"
632625,7517415,7079676,1,"[0, 1]"
632625,7517415,7264766,1,"[0, 1]"
632625,7517415,4182,0,"[0, 1]"
632625,7517415,7492473,1,"[0, 1]"
632625,7517415,7358052,1,"[0, 1]"
632625,7517415,7317000,1,"[0, 1]"
632625,7517415,7395774,1,"[0, 1]"
632625,7517415,7588841,1,"[0, 1]"
632625,7517415,7528852,1,"[0, 1]"
632625,7517415,7168992,1,"[0, 1]"
632625,7517415,7289626,1,"[0, 1]"
632625,7517415,4960,0,"[0, 1]"
632625,7517415,7554170,1,"[0, 1]"
632625,7517415,7098181,1,"[0, 1]"
632625,7517415,4235,0,"[0, 1]"
632625,7517415,7290847,1,"[0, 1]"
632625,7517415,3072082,1,"[0, 1]"
632625,7517415,7319322,1,"[0, 1]"
632625,7517415,7257719,1,"[0, 1]"
632625,7517415,7141204,1,"[0, 1]"
632625,7517415,7598808,1,"[0, 1]"
632625,7517415,7673051,1,"[0, 1]"
632625,7517415,7153741,1,"[0, 1]"
632625,7517415,7103700,1,"[0, 1]"
632625,7517415,7245699,1,"[0, 1]"
632625,7517415,7508908,1,"[0, 1]"
632625,7517415,1837502,1,"[0, 1]"
632625,7517415,7213486,1,"[0, 1]"
632625,7517415,5208253,1,"[0, 1]"
632625,7517415,7387291,1,"[0, 1]"
632625,7517415,7156123,1,"[0, 1]"
632625,7517415,7569502,1,"[0, 1]"
632625,7517415,7352893,1,"[0, 1]"
632625,7517415,7539951,1,"[0, 1]"
632625,7517415,7284234,1,"[0, 1]"
632625,7517415,7386277,1,"[0, 1]"
632625,7517415,2041081,1,"[0, 1]"
632625,7517415,7187023,1,"[0, 1]"
632625,7517415,7556541,1,"[0, 1]"
632625,7517415,7229651,1,"[0, 1]"
632625,7517415,2504788,1,"[0, 1]"
632625,7517415,7463339,1,"[0, 1]"
632625,7517415,7371568,1,"[0, 1]"
632625,7517415,7261053,1,"[0, 1]"
632625,7517415,7574584,1,"[0, 1]"
632625,7517415,7461523,1,"[0, 1]"
405090,7517450,7517450,1,"[1, 0]"
405090,7517450,3968,0,"[1, 0]"
405090,7517450,1983,0,"[1, 0]"
405090,7517450,991,0,"[1, 0]"
405090,7517450,495,0,"[1, 0]"
405090,7517450,247,0,"[1, 0]"
405090,7517450,123,0,"[1, 0]"
405090,7517450,61,0,"[1, 0]"
405090,7517450,30,0,"[1, 0]"
405090,7517450,14,0,"[1, 0]"
405090,7517450,6,0,"[1, 0]"
405090,7517450,2,0,"[1, 0]"
405090,7517450,0,0,"[1, 0]"
405090,7517450,1,0,"[0, 1]"
405090,7517450,2,0,"[0, 1]"
405090,7517450,5,0,"[0, 1]"
405090,7517450,4,0,"[0, 1]"
405090,7517450,6,0,"[0, 1]"
405090,7517450,3,0,"[0, 1]"
405090,7517450,11,0,"[0, 1]"
405090,7517450,8,0,"[0, 1]"
405090,7517450,9,0,"[0, 1]"
405090,7517450,10,0,"[0, 1]"
405090,7517450,14,0,"[0, 1]"
405090,7517450,7,0,"[0, 1]"
405090,7517450,23,0,"[0, 1]"
405090,7517450,26,0,"[0, 1]"
405090,7517450,15,0,"[0, 1]"
405090,7517450,21,0,"[0, 1]"
405090,7517450,22,0,"[0, 1]"
405090,7517450,30,0,"[0, 1]"
405090,7517450,28,0,"[0, 1]"
405090,7517450,25,0,"[0, 1]"
405090,7517450,42,0,"[0, 1]"
405090,7517450,48,0,"[0, 1]"
405090,7517450,61,0,"[0, 1]"
405090,7517450,39,0,"[0, 1]"
405090,7517450,34,0,"[0, 1]"
405090,7517450,31,0,"[0, 1]"
405090,7517450,57,0,"[0, 1]"
405090,7517450,46,0,"[0, 1]"
405090,7517450,54,0,"[0, 1]"
405090,7517450,62,0,"[0, 1]"
405090,7517450,76,0,"[0, 1]"
405090,7517450,102,0,"[0, 1]"
405090,7517450,123,0,"[0, 1]"
405090,7517450,94,0,"[0, 1]"
405090,7517450,113,0,"[0, 1]"
405090,7517450,106,0,"[0, 1]"
405090,7517450,77,0,"[0, 1]"
405090,7517450,74,0,"[0, 1]"
405090,7517450,68,0,"[0, 1]"
405090,7517450,120,0,"[0, 1]"
405090,7517450,105,0,"[0, 1]"
405090,7517450,108,0,"[0, 1]"
405090,7517450,248,0,"[0, 1]"
405090,7517450,165,0,"[0, 1]"
405090,7517450,186,0,"[0, 1]"
405090,7517450,177,0,"[0, 1]"
405090,7517450,171,0,"[0, 1]"
405090,7517450,229,0,"[0, 1]"
405090,7517450,157,0,"[0, 1]"
405090,7517450,236,0,"[0, 1]"
405090,7517450,184,0,"[0, 1]"
405090,7517450,135,0,"[0, 1]"
405090,7517450,237,0,"[0, 1]"
405090,7517450,202,0,"[0, 1]"
405090,7517450,187,0,"[0, 1]"
405090,7517450,173,0,"[0, 1]"
405090,7517450,413,0,"[0, 1]"
405090,7517450,329,0,"[0, 1]"
405090,7517450,422,0,"[0, 1]"
405090,7517450,259,0,"[0, 1]"
405090,7517450,285,0,"[0, 1]"
405090,7517450,483,0,"[0, 1]"
405090,7517450,398,0,"[0, 1]"
405090,7517450,381,0,"[0, 1]"
405090,7517450,274,0,"[0, 1]"
405090,7517450,406,0,"[0, 1]"
405090,7517450,430,0,"[0, 1]"
405090,7517450,418,0,"[0, 1]"
405090,7517450,472,0,"[0, 1]"
405090,7517450,442,0,"[0, 1]"
405090,7517450,311,0,"[0, 1]"
405090,7517450,354,0,"[0, 1]"
405090,7517450,537,0,"[0, 1]"
405090,7517450,916,0,"[0, 1]"
405090,7517450,933,0,"[0, 1]"
405090,7517450,745,0,"[0, 1]"
405090,7517450,514,0,"[0, 1]"
405090,7517450,634,0,"[0, 1]"
405090,7517450,550,0,"[0, 1]"
405090,7517450,761,0,"[0, 1]"
405090,7517450,836,0,"[0, 1]"
405090,7517450,1016,0,"[0, 1]"
405090,7517450,620,0,"[0, 1]"
405090,7517450,856,0,"[0, 1]"
405090,7517450,677,0,"[0, 1]"
405090,7517450,826,0,"[0, 1]"
405090,7517450,806,0,"[0, 1]"
405090,7517450,834,0,"[0, 1]"
405090,7517450,725,0,"[0, 1]"
405090,7517450,535,0,"[0, 1]"
405090,7517450,1805,0,"[0, 1]"
405090,7517450,1692,0,"[0, 1]"
405090,7517450,2004,0,"[0, 1]"
405090,7517450,1878,0,"[0, 1]"
405090,7517450,1839,0,"[0, 1]"
405090,7517450,1300,0,"[0, 1]"
405090,7517450,1917,0,"[0, 1]"
405090,7517450,1102,0,"[0, 1]"
405090,7517450,1226,0,"[0, 1]"
405090,7517450,1544,0,"[0, 1]"
405090,7517450,1796,0,"[0, 1]"
405090,7517450,1495,0,"[0, 1]"
405090,7517450,1412,0,"[0, 1]"
405090,7517450,1341,0,"[0, 1]"
405090,7517450,1687,0,"[0, 1]"
405090,7517450,1957,0,"[0, 1]"
405090,7517450,1128,0,"[0, 1]"
405090,7517450,1265,0,"[0, 1]"
405090,7517450,1075,0,"[0, 1]"
405090,7517450,1305,0,"[0, 1]"
405090,7517450,3999,0,"[0, 1]"
405090,7517450,2978,0,"[0, 1]"
405090,7517450,3106,0,"[0, 1]"
405090,7517450,3918,0,"[0, 1]"
405090,7517450,2474,0,"[0, 1]"
405090,7517450,2931,0,"[0, 1]"
405090,7517450,3014,0,"[0, 1]"
405090,7517450,3646,0,"[0, 1]"
405090,7517450,2092,0,"[0, 1]"
405090,7517450,3483,0,"[0, 1]"
405090,7517450,2571,0,"[0, 1]"
405090,7517450,4021,0,"[0, 1]"
405090,7517450,3323,0,"[0, 1]"
405090,7517450,3446,0,"[0, 1]"
405090,7517450,3698,0,"[0, 1]"
405090,7517450,2327,0,"[0, 1]"
405090,7517450,3099,0,"[0, 1]"
405090,7517450,3648,0,"[0, 1]"
405090,7517450,3201,0,"[0, 1]"
405090,7517450,2572,0,"[0, 1]"
405090,7517450,3120,0,"[0, 1]"
405090,7517450,2053,0,"[0, 1]"
405090,7517450,7463331,1,"[0, 1]"
405090,7517450,7391872,1,"[0, 1]"
405090,7517450,7134339,1,"[0, 1]"
405090,7517450,4402,0,"[0, 1]"
405090,7517450,7669618,1,"[0, 1]"
405090,7517450,7585569,1,"[0, 1]"
405090,7517450,7619619,1,"[0, 1]"
405090,7517450,4349,0,"[0, 1]"
405090,7517450,4558153,1,"[0, 1]"
405090,7517450,7188469,1,"[0, 1]"
405090,7517450,7671637,1,"[0, 1]"
405090,7517450,4709,0,"[0, 1]"
405090,7517450,7307244,1,"[0, 1]"
405090,7517450,7340968,1,"[0, 1]"
405090,7517450,7430503,1,"[0, 1]"
405090,7517450,7406240,1,"[0, 1]"
405090,7517450,4960,0,"[0, 1]"
405090,7517450,7107525,1,"[0, 1]"
405090,7517450,4487,0,"[0, 1]"
405090,7517450,7320965,1,"[0, 1]"
405090,7517450,4211,0,"[0, 1]"
405090,7517450,7460067,1,"[0, 1]"
405090,7517450,7158303,1,"[0, 1]"
405090,7517450,7144391,1,"[0, 1]"
409207,7517764,7517764,1,"[1, 0]"
409207,7517764,3726,0,"[1, 0]"
409207,7517764,1862,0,"[1, 0]"
409207,7517764,930,0,"[1, 0]"
409207,7517764,464,0,"[1, 0]"
409207,7517764,231,0,"[1, 0]"
409207,7517764,115,0,"[1, 0]"
409207,7517764,57,0,"[1, 0]"
409207,7517764,28,0,"[1, 0]"
409207,7517764,13,0,"[1, 0]"
409207,7517764,6,0,"[1, 0]"
409207,7517764,2,0,"[1, 0]"
409207,7517764,0,0,"[1, 0]"
409207,7517764,2,0,"[0, 1]"
409207,7517764,1,0,"[0, 1]"
409207,7517764,5,0,"[0, 1]"
409207,7517764,3,0,"[0, 1]"
409207,7517764,4,0,"[0, 1]"
409207,7517764,6,0,"[0, 1]"
409207,7517764,8,0,"[0, 1]"
409207,7517764,10,0,"[0, 1]"
409207,7517764,12,0,"[0, 1]"
409207,7517764,14,0,"[0, 1]"
409207,7517764,7,0,"[0, 1]"
409207,7517764,13,0,"[0, 1]"
409207,7517764,21,0,"[0, 1]"
409207,7517764,16,0,"[0, 1]"
409207,7517764,26,0,"[0, 1]"
409207,7517764,18,0,"[0, 1]"
409207,7517764,19,0,"[0, 1]"
409207,7517764,24,0,"[0, 1]"
409207,7517764,28,0,"[0, 1]"
409207,7517764,22,0,"[0, 1]"
409207,7517764,59,0,"[0, 1]"
409207,7517764,58,0,"[0, 1]"
409207,7517764,48,0,"[0, 1]"
409207,7517764,42,0,"[0, 1]"
409207,7517764,40,0,"[0, 1]"
409207,7517764,38,0,"[0, 1]"
409207,7517764,47,0,"[0, 1]"
409207,7517764,34,0,"[0, 1]"
409207,7517764,32,0,"[0, 1]"
409207,7517764,36,0,"[0, 1]"
409207,7517764,121,0,"[0, 1]"
409207,7517764,72,0,"[0, 1]"
409207,7517764,126,0,"[0, 1]"
409207,7517764,76,0,"[0, 1]"
409207,7517764,91,0,"[0, 1]"
409207,7517764,71,0,"[0, 1]"
409207,7517764,74,0,"[0, 1]"
409207,7517764,70,0,"[0, 1]"
409207,7517764,67,0,"[0, 1]"
409207,7517764,83,0,"[0, 1]"
409207,7517764,106,0,"[0, 1]"
409207,7517764,104,0,"[0, 1]"
409207,7517764,169,0,"[0, 1]"
409207,7517764,189,0,"[0, 1]"
409207,7517764,175,0,"[0, 1]"
409207,7517764,223,0,"[0, 1]"
409207,7517764,174,0,"[0, 1]"
409207,7517764,229,0,"[0, 1]"
409207,7517764,193,0,"[0, 1]"
409207,7517764,197,0,"[0, 1]"
409207,7517764,203,0,"[0, 1]"
409207,7517764,215,0,"[0, 1]"
409207,7517764,254,0,"[0, 1]"
409207,7517764,133,0,"[0, 1]"
409207,7517764,237,0,"[0, 1]"
409207,7517764,194,0,"[0, 1]"
409207,7517764,298,0,"[0, 1]"
409207,7517764,346,0,"[0, 1]"
409207,7517764,484,0,"[0, 1]"
409207,7517764,317,0,"[0, 1]"
409207,7517764,305,0,"[0, 1]"
409207,7517764,367,0,"[0, 1]"
409207,7517764,398,0,"[0, 1]"
409207,7517764,276,0,"[0, 1]"
409207,7517764,392,0,"[0, 1]"
409207,7517764,399,0,"[0, 1]"
409207,7517764,407,0,"[0, 1]"
409207,7517764,334,0,"[0, 1]"
409207,7517764,272,0,"[0, 1]"
409207,7517764,306,0,"[0, 1]"
409207,7517764,413,0,"[0, 1]"
409207,7517764,269,0,"[0, 1]"
409207,7517764,548,0,"[0, 1]"
409207,7517764,1005,0,"[0, 1]"
409207,7517764,554,0,"[0, 1]"
409207,7517764,822,0,"[0, 1]"
409207,7517764,703,0,"[0, 1]"
409207,7517764,513,0,"[0, 1]"
409207,7517764,545,0,"[0, 1]"
409207,7517764,782,0,"[0, 1]"
409207,7517764,889,0,"[0, 1]"
409207,7517764,753,0,"[0, 1]"
409207,7517764,991,0,"[0, 1]"
409207,7517764,891,0,"[0, 1]"
409207,7517764,622,0,"[0, 1]"
409207,7517764,919,0,"[0, 1]"
409207,7517764,667,0,"[0, 1]"
409207,7517764,739,0,"[0, 1]"
409207,7517764,763,0,"[0, 1]"
409207,7517764,1019,0,"[0, 1]"
409207,7517764,1075,0,"[0, 1]"
409207,7517764,1289,0,"[0, 1]"
409207,7517764,1174,0,"[0, 1]"
409207,7517764,1873,0,"[0, 1]"
409207,7517764,1598,0,"[0, 1]"
409207,7517764,1888,0,"[0, 1]"
409207,7517764,1152,0,"[0, 1]"
409207,7517764,1350,0,"[0, 1]"
409207,7517764,1580,0,"[0, 1]"
409207,7517764,1065,0,"[0, 1]"
409207,7517764,1821,0,"[0, 1]"
409207,7517764,1389,0,"[0, 1]"
409207,7517764,1381,0,"[0, 1]"
409207,7517764,1608,0,"[0, 1]"
409207,7517764,1998,0,"[0, 1]"
409207,7517764,1203,0,"[0, 1]"
409207,7517764,1432,0,"[0, 1]"
409207,7517764,1575,0,"[0, 1]"
409207,7517764,1615,0,"[0, 1]"
409207,7517764,1353,0,"[0, 1]"
409207,7517764,3080,0,"[0, 1]"
409207,7517764,3547,0,"[0, 1]"
409207,7517764,3001,0,"[0, 1]"
409207,7517764,2160,0,"[0, 1]"
409207,7517764,2663,0,"[0, 1]"
409207,7517764,3361,0,"[0, 1]"
409207,7517764,2756,0,"[0, 1]"
409207,7517764,3095,0,"[0, 1]"
409207,7517764,2427,0,"[0, 1]"
409207,7517764,2498,0,"[0, 1]"
409207,7517764,3356,0,"[0, 1]"
409207,7517764,2755,0,"[0, 1]"
409207,7517764,2466,0,"[0, 1]"
409207,7517764,3571,0,"[0, 1]"
409207,7517764,3830,0,"[0, 1]"
409207,7517764,2122,0,"[0, 1]"
409207,7517764,3873,0,"[0, 1]"
409207,7517764,2975,0,"[0, 1]"
409207,7517764,4056,0,"[0, 1]"
409207,7517764,3435,0,"[0, 1]"
409207,7517764,3725,0,"[0, 1]"
409207,7517764,3707,0,"[0, 1]"
409207,7517764,7219200,1,"[0, 1]"
409207,7517764,7631986,1,"[0, 1]"
409207,7517764,3259271,1,"[0, 1]"
409207,7517764,7660004,1,"[0, 1]"
409207,7517764,7118226,1,"[0, 1]"
409207,7517764,7559424,1,"[0, 1]"
409207,7517764,7329732,1,"[0, 1]"
409207,7517764,7243485,1,"[0, 1]"
409207,7517764,4738,0,"[0, 1]"
409207,7517764,3471973,1,"[0, 1]"
409207,7517764,4236,0,"[0, 1]"
409207,7517764,7304932,1,"[0, 1]"
409207,7517764,1720532,1,"[0, 1]"
409207,7517764,4278,0,"[0, 1]"
409207,7517764,7359988,1,"[0, 1]"
409207,7517764,7270726,1,"[0, 1]"
409207,7517764,7312117,1,"[0, 1]"
409207,7517764,7155564,1,"[0, 1]"
409207,7517764,7068066,1,"[0, 1]"
409207,7517764,5735433,1,"[0, 1]"
409207,7517764,4502,0,"[0, 1]"
409207,7517764,7370295,1,"[0, 1]"
409207,7517764,7371853,1,"[0, 1]"
409207,7517764,7237997,1,"[0, 1]"
477309,7517897,7517897,1,"[1, 0]"
477309,7517897,4136,0,"[1, 0]"
477309,7517897,2140,0,"[1, 0]"
477309,7517897,1069,0,"[1, 0]"
477309,7517897,534,0,"[1, 0]"
477309,7517897,266,0,"[1, 0]"
477309,7517897,132,0,"[1, 0]"
477309,7517897,65,0,"[1, 0]"
477309,7517897,32,0,"[1, 0]"
477309,7517897,15,0,"[1, 0]"
477309,7517897,7,0,"[1, 0]"
477309,7517897,3,0,"[1, 0]"
477309,7517897,1,0,"[1, 0]"
477309,7517897,0,0,"[1, 0]"
477309,7517897,1,0,"[0, 1]"
477309,7517897,2,0,"[0, 1]"
477309,7517897,3,0,"[0, 1]"
477309,7517897,5,0,"[0, 1]"
477309,7517897,4,0,"[0, 1]"
477309,7517897,6,0,"[0, 1]"
477309,7517897,13,0,"[0, 1]"
477309,7517897,12,0,"[0, 1]"
477309,7517897,9,0,"[0, 1]"
477309,7517897,10,0,"[0, 1]"
477309,7517897,8,0,"[0, 1]"
477309,7517897,14,0,"[0, 1]"
477309,7517897,18,0,"[0, 1]"
477309,7517897,28,0,"[0, 1]"
477309,7517897,26,0,"[0, 1]"
477309,7517897,17,0,"[0, 1]"
477309,7517897,15,0,"[0, 1]"
477309,7517897,16,0,"[0, 1]"
477309,7517897,25,0,"[0, 1]"
477309,7517897,19,0,"[0, 1]"
477309,7517897,56,0,"[0, 1]"
477309,7517897,33,0,"[0, 1]"
477309,7517897,59,0,"[0, 1]"
477309,7517897,42,0,"[0, 1]"
477309,7517897,40,0,"[0, 1]"
477309,7517897,39,0,"[0, 1]"
477309,7517897,44,0,"[0, 1]"
477309,7517897,57,0,"[0, 1]"
477309,7517897,37,0,"[0, 1]"
477309,7517897,41,0,"[0, 1]"
477309,7517897,112,0,"[0, 1]"
477309,7517897,113,0,"[0, 1]"
477309,7517897,83,0,"[0, 1]"
477309,7517897,126,0,"[0, 1]"
477309,7517897,74,0,"[0, 1]"
477309,7517897,94,0,"[0, 1]"
477309,7517897,118,0,"[0, 1]"
477309,7517897,98,0,"[0, 1]"
477309,7517897,76,0,"[0, 1]"
477309,7517897,117,0,"[0, 1]"
477309,7517897,86,0,"[0, 1]"
477309,7517897,90,0,"[0, 1]"
477309,7517897,134,0,"[0, 1]"
477309,7517897,139,0,"[0, 1]"
477309,7517897,171,0,"[0, 1]"
477309,7517897,248,0,"[0, 1]"
477309,7517897,181,0,"[0, 1]"
477309,7517897,195,0,"[0, 1]"
477309,7517897,220,0,"[0, 1]"
477309,7517897,184,0,"[0, 1]"
477309,7517897,190,0,"[0, 1]"
477309,7517897,156,0,"[0, 1]"
477309,7517897,146,0,"[0, 1]"
477309,7517897,235,0,"[0, 1]"
477309,7517897,160,0,"[0, 1]"
477309,7517897,202,0,"[0, 1]"
477309,7517897,480,0,"[0, 1]"
477309,7517897,311,0,"[0, 1]"
477309,7517897,349,0,"[0, 1]"
477309,7517897,312,0,"[0, 1]"
477309,7517897,325,0,"[0, 1]"
477309,7517897,281,0,"[0, 1]"
477309,7517897,404,0,"[0, 1]"
477309,7517897,266,0,"[0, 1]"
477309,7517897,282,0,"[0, 1]"
477309,7517897,460,0,"[0, 1]"
477309,7517897,509,0,"[0, 1]"
477309,7517897,342,0,"[0, 1]"
477309,7517897,489,0,"[0, 1]"
477309,7517897,319,0,"[0, 1]"
477309,7517897,338,0,"[0, 1]"
477309,7517897,375,0,"[0, 1]"
477309,7517897,538,0,"[0, 1]"
477309,7517897,900,0,"[0, 1]"
477309,7517897,718,0,"[0, 1]"
477309,7517897,566,0,"[0, 1]"
477309,7517897,793,0,"[0, 1]"
477309,7517897,642,0,"[0, 1]"
477309,7517897,545,0,"[0, 1]"
477309,7517897,828,0,"[0, 1]"
477309,7517897,815,0,"[0, 1]"
477309,7517897,1014,0,"[0, 1]"
477309,7517897,540,0,"[0, 1]"
477309,7517897,628,0,"[0, 1]"
477309,7517897,923,0,"[0, 1]"
477309,7517897,606,0,"[0, 1]"
477309,7517897,659,0,"[0, 1]"
477309,7517897,971,0,"[0, 1]"
477309,7517897,670,0,"[0, 1]"
477309,7517897,526,0,"[0, 1]"
477309,7517897,1368,0,"[0, 1]"
477309,7517897,1449,0,"[0, 1]"
477309,7517897,1088,0,"[0, 1]"
477309,7517897,1435,0,"[0, 1]"
477309,7517897,1345,0,"[0, 1]"
477309,7517897,1373,0,"[0, 1]"
477309,7517897,1192,0,"[0, 1]"
477309,7517897,2028,0,"[0, 1]"
477309,7517897,1581,0,"[0, 1]"
477309,7517897,1282,0,"[0, 1]"
477309,7517897,1914,0,"[0, 1]"
477309,7517897,1963,0,"[0, 1]"
477309,7517897,1160,0,"[0, 1]"
477309,7517897,1819,0,"[0, 1]"
477309,7517897,1448,0,"[0, 1]"
477309,7517897,1881,0,"[0, 1]"
477309,7517897,1718,0,"[0, 1]"
477309,7517897,1330,0,"[0, 1]"
477309,7517897,1907,0,"[0, 1]"
477309,7517897,1673,0,"[0, 1]"
477309,7517897,4075,0,"[0, 1]"
477309,7517897,2763,0,"[0, 1]"
477309,7517897,3639,0,"[0, 1]"
477309,7517897,2356,0,"[0, 1]"
477309,7517897,3541,0,"[0, 1]"
477309,7517897,3227,0,"[0, 1]"
477309,7517897,3268,0,"[0, 1]"
477309,7517897,3764,0,"[0, 1]"
477309,7517897,3052,0,"[0, 1]"
477309,7517897,3955,0,"[0, 1]"
477309,7517897,3366,0,"[0, 1]"
477309,7517897,2673,0,"[0, 1]"
477309,7517897,2059,0,"[0, 1]"
477309,7517897,3480,0,"[0, 1]"
477309,7517897,4079,0,"[0, 1]"
477309,7517897,2509,0,"[0, 1]"
477309,7517897,2930,0,"[0, 1]"
477309,7517897,3578,0,"[0, 1]"
477309,7517897,3322,0,"[0, 1]"
477309,7517897,3837,0,"[0, 1]"
477309,7517897,3120,0,"[0, 1]"
477309,7517897,2879,0,"[0, 1]"
477309,7517897,7279737,1,"[0, 1]"
477309,7517897,7225897,1,"[0, 1]"
477309,7517897,4456,0,"[0, 1]"
477309,7517897,7340968,1,"[0, 1]"
477309,7517897,4504,0,"[0, 1]"
477309,7517897,3471973,1,"[0, 1]"
477309,7517897,7218376,1,"[0, 1]"
477309,7517897,7358556,1,"[0, 1]"
477309,7517897,7477789,1,"[0, 1]"
477309,7517897,7384636,1,"[0, 1]"
477309,7517897,7371677,1,"[0, 1]"
477309,7517897,3739226,1,"[0, 1]"
477309,7517897,7194251,1,"[0, 1]"
477309,7517897,7159357,1,"[0, 1]"
477309,7517897,7086188,1,"[0, 1]"
477309,7517897,4406,0,"[0, 1]"
477309,7517897,7602332,1,"[0, 1]"
477309,7517897,7074414,1,"[0, 1]"
477309,7517897,7549100,1,"[0, 1]"
477309,7517897,7135965,1,"[0, 1]"
477309,7517897,4384,0,"[0, 1]"
477309,7517897,7662530,1,"[0, 1]"
477309,7517897,7334648,1,"[0, 1]"
477309,7517897,4578,0,"[0, 1]"
477309,7517897,7555314,1,"[0, 1]"
477309,7517897,7245812,1,"[0, 1]"
477309,7517897,7200758,1,"[0, 1]"
477309,7517897,5832346,1,"[0, 1]"
477309,7517897,7283414,1,"[0, 1]"
477309,7517897,7557843,1,"[0, 1]"
477309,7517897,7132363,1,"[0, 1]"
477309,7517897,4261341,1,"[0, 1]"
477309,7517897,313880,1,"[0, 1]"
477309,7517897,7229780,1,"[0, 1]"
477309,7517897,7196767,1,"[0, 1]"
477309,7517897,7577019,1,"[0, 1]"
477309,7517897,7219107,1,"[0, 1]"
477309,7517897,7495369,1,"[0, 1]"
477309,7517897,7089538,1,"[0, 1]"
477309,7517897,7263672,1,"[0, 1]"
477309,7517897,7674723,1,"[0, 1]"
477309,7517897,7547189,1,"[0, 1]"
477309,7517897,7100317,1,"[0, 1]"
477309,7517897,7530762,1,"[0, 1]"
477309,7517897,7274662,1,"[0, 1]"
477309,7517897,7071066,1,"[0, 1]"
477309,7517897,7586085,1,"[0, 1]"
477309,7517897,7334501,1,"[0, 1]"
477309,7517897,7198653,1,"[0, 1]"
477309,7517897,7102408,1,"[0, 1]"
11050,3746070,3746070,1,"[1, 0]"
11050,3746070,2491,0,"[1, 0]"
11050,3746070,1245,0,"[1, 0]"
11050,3746070,622,0,"[1, 0]"
11050,3746070,310,0,"[1, 0]"
11050,3746070,154,0,"[1, 0]"
11050,3746070,76,0,"[1, 0]"
11050,3746070,37,0,"[1, 0]"
11050,3746070,18,0,"[1, 0]"
11050,3746070,8,0,"[1, 0]"
11050,3746070,3,0,"[1, 0]"
11050,3746070,1,0,"[1, 0]"
11050,3746070,0,0,"[1, 0]"
11050,3746070,2,0,"[0, 1]"
11050,3746070,1,0,"[0, 1]"
11050,3746070,4,0,"[0, 1]"
11050,3746070,6,0,"[0, 1]"
11050,3746070,3,0,"[0, 1]"
11050,3746070,5,0,"[0, 1]"
11050,3746070,8,0,"[0, 1]"
11050,3746070,7,0,"[0, 1]"
11050,3746070,13,0,"[0, 1]"
11050,3746070,12,0,"[0, 1]"
11050,3746070,10,0,"[0, 1]"
11050,3746070,14,0,"[0, 1]"
11050,3746070,24,0,"[0, 1]"
11050,3746070,22,0,"[0, 1]"
11050,3746070,25,0,"[0, 1]"
11050,3746070,15,0,"[0, 1]"
11050,3746070,17,0,"[0, 1]"
11050,3746070,28,0,"[0, 1]"
11050,3746070,29,0,"[0, 1]"
11050,3746070,26,0,"[0, 1]"
11050,3746070,59,0,"[0, 1]"
11050,3746070,55,0,"[0, 1]"
11050,3746070,53,0,"[0, 1]"
11050,3746070,39,0,"[0, 1]"
11050,3746070,46,0,"[0, 1]"
11050,3746070,47,0,"[0, 1]"
11050,3746070,52,0,"[0, 1]"
11050,3746070,37,0,"[0, 1]"
11050,3746070,49,0,"[0, 1]"
11050,3746070,45,0,"[0, 1]"
11050,3746070,99,0,"[0, 1]"
11050,3746070,117,0,"[0, 1]"
11050,3746070,87,0,"[0, 1]"
11050,3746070,97,0,"[0, 1]"
11050,3746070,92,0,"[0, 1]"
11050,3746070,102,0,"[0, 1]"
11050,3746070,101,0,"[0, 1]"
11050,3746070,103,0,"[0, 1]"
11050,3746070,124,0,"[0, 1]"
11050,3746070,85,0,"[0, 1]"
11050,3746070,116,0,"[0, 1]"
11050,3746070,113,0,"[0, 1]"
11050,3746070,147,0,"[0, 1]"
11050,3746070,168,0,"[0, 1]"
11050,3746070,242,0,"[0, 1]"
11050,3746070,127,0,"[0, 1]"
11050,3746070,129,0,"[0, 1]"
11050,3746070,204,0,"[0, 1]"
11050,3746070,128,0,"[0, 1]"
11050,3746070,246,0,"[0, 1]"
11050,3746070,153,0,"[0, 1]"
11050,3746070,227,0,"[0, 1]"
11050,3746070,238,0,"[0, 1]"
11050,3746070,150,0,"[0, 1]"
11050,3746070,215,0,"[0, 1]"
11050,3746070,225,0,"[0, 1]"
11050,3746070,357,0,"[0, 1]"
11050,3746070,505,0,"[0, 1]"
11050,3746070,353,0,"[0, 1]"
11050,3746070,410,0,"[0, 1]"
11050,3746070,284,0,"[0, 1]"
11050,3746070,499,0,"[0, 1]"
11050,3746070,310,0,"[0, 1]"
11050,3746070,296,0,"[0, 1]"
11050,3746070,502,0,"[0, 1]"
11050,3746070,255,0,"[0, 1]"
11050,3746070,474,0,"[0, 1]"
11050,3746070,356,0,"[0, 1]"
11050,3746070,435,0,"[0, 1]"
11050,3746070,256,0,"[0, 1]"
11050,3746070,303,0,"[0, 1]"
11050,3746070,266,0,"[0, 1]"
11050,3746070,832,0,"[0, 1]"
11050,3746070,995,0,"[0, 1]"
11050,3746070,605,0,"[0, 1]"
11050,3746070,611,0,"[0, 1]"
11050,3746070,975,0,"[0, 1]"
11050,3746070,594,0,"[0, 1]"
11050,3746070,764,0,"[0, 1]"
11050,3746070,744,0,"[0, 1]"
11050,3746070,835,0,"[0, 1]"
11050,3746070,597,0,"[0, 1]"
11050,3746070,947,0,"[0, 1]"
11050,3746070,847,0,"[0, 1]"
11050,3746070,1003,0,"[0, 1]"
11050,3746070,708,0,"[0, 1]"
11050,3746070,1002,0,"[0, 1]"
11050,3746070,607,0,"[0, 1]"
11050,3746070,898,0,"[0, 1]"
11050,3746070,551,0,"[0, 1]"
11050,3746070,1273,0,"[0, 1]"
11050,3746070,1325,0,"[0, 1]"
11050,3746070,1246,0,"[0, 1]"
11050,3746070,1897,0,"[0, 1]"
11050,3746070,1539,0,"[0, 1]"
11050,3746070,1621,0,"[0, 1]"
11050,3746070,1468,0,"[0, 1]"
11050,3746070,1538,0,"[0, 1]"
11050,3746070,1169,0,"[0, 1]"
11050,3746070,1671,0,"[0, 1]"
11050,3746070,1562,0,"[0, 1]"
11050,3746070,1761,0,"[0, 1]"
11050,3746070,1077,0,"[0, 1]"
11050,3746070,1176,0,"[0, 1]"
11050,3746070,1389,0,"[0, 1]"
11050,3746070,1962,0,"[0, 1]"
11050,3746070,1343,0,"[0, 1]"
11050,3746070,1744,0,"[0, 1]"
11050,3746070,1762,0,"[0, 1]"
11050,3746070,1426,0,"[0, 1]"
11050,3746070,3234,0,"[0, 1]"
11050,3746070,3280,0,"[0, 1]"
11050,3746070,2123,0,"[0, 1]"
11050,3746070,2376,0,"[0, 1]"
11050,3746070,2701,0,"[0, 1]"
11050,3746070,3861,0,"[0, 1]"
11050,3746070,3580,0,"[0, 1]"
11050,3746070,3750,0,"[0, 1]"
11050,3746070,3424,0,"[0, 1]"
11050,3746070,2996,0,"[0, 1]"
11050,3746070,2845,0,"[0, 1]"
11050,3746070,3559,0,"[0, 1]"
11050,3746070,3285,0,"[0, 1]"
11050,3746070,2718,0,"[0, 1]"
11050,3746070,3778,0,"[0, 1]"
11050,3746070,4038,0,"[0, 1]"
11050,3746070,2503,0,"[0, 1]"
11050,3746070,2812,0,"[0, 1]"
11050,3746070,2277,0,"[0, 1]"
11050,3746070,2743,0,"[0, 1]"
11050,3746070,2583,0,"[0, 1]"
11050,3746070,3053,0,"[0, 1]"
11050,3746070,7272351,1,"[0, 1]"
11050,3746070,7212499,1,"[0, 1]"
11050,3746070,7227323,1,"[0, 1]"
11050,3746070,7257142,1,"[0, 1]"
11050,3746070,7536282,1,"[0, 1]"
11050,3746070,1743739,1,"[0, 1]"
11050,3746070,4296,0,"[0, 1]"
11050,3746070,4936,0,"[0, 1]"
11050,3746070,7150658,1,"[0, 1]"
11050,3746070,4357,0,"[0, 1]"
11050,3746070,7506791,1,"[0, 1]"
11050,3746070,7539872,1,"[0, 1]"
11050,3746070,7282732,1,"[0, 1]"
11050,3746070,3724143,1,"[0, 1]"
11050,3746070,7670407,1,"[0, 1]"
11050,3746070,7334648,1,"[0, 1]"
11050,3746070,4238,0,"[0, 1]"
11050,3746070,3165836,1,"[0, 1]"
11050,3746070,7331024,1,"[0, 1]"
11050,3746070,4193,0,"[0, 1]"
11050,3746070,7206355,1,"[0, 1]"
11050,3746070,7301928,1,"[0, 1]"
11050,3746070,7247038,1,"[0, 1]"
11050,3746070,2850054,1,"[0, 1]"
749955,7518300,7518300,1,"[1, 0]"
749955,7518300,3627,0,"[1, 0]"
749955,7518300,1813,0,"[1, 0]"
749955,7518300,906,0,"[1, 0]"
749955,7518300,452,0,"[1, 0]"
749955,7518300,225,0,"[1, 0]"
749955,7518300,112,0,"[1, 0]"
749955,7518300,55,0,"[1, 0]"
749955,7518300,27,0,"[1, 0]"
749955,7518300,13,0,"[1, 0]"
749955,7518300,6,0,"[1, 0]"
749955,7518300,2,0,"[1, 0]"
749955,7518300,0,0,"[1, 0]"
749955,7518300,2,0,"[0, 1]"
749955,7518300,1,0,"[0, 1]"
749955,7518300,4,0,"[0, 1]"
749955,7518300,5,0,"[0, 1]"
749955,7518300,3,0,"[0, 1]"
749955,7518300,6,0,"[0, 1]"
749955,7518300,8,0,"[0, 1]"
749955,7518300,7,0,"[0, 1]"
749955,7518300,9,0,"[0, 1]"
749955,7518300,12,0,"[0, 1]"
749955,7518300,13,0,"[0, 1]"
749955,7518300,10,0,"[0, 1]"
749955,7518300,24,0,"[0, 1]"
749955,7518300,26,0,"[0, 1]"
749955,7518300,20,0,"[0, 1]"
749955,7518300,27,0,"[0, 1]"
749955,7518300,25,0,"[0, 1]"
749955,7518300,29,0,"[0, 1]"
749955,7518300,18,0,"[0, 1]"
749955,7518300,16,0,"[0, 1]"
749955,7518300,54,0,"[0, 1]"
749955,7518300,33,0,"[0, 1]"
749955,7518300,46,0,"[0, 1]"
749955,7518300,47,0,"[0, 1]"
749955,7518300,45,0,"[0, 1]"
749955,7518300,44,0,"[0, 1]"
749955,7518300,35,0,"[0, 1]"
749955,7518300,61,0,"[0, 1]"
749955,7518300,60,0,"[0, 1]"
749955,7518300,53,0,"[0, 1]"
749955,7518300,76,0,"[0, 1]"
749955,7518300,75,0,"[0, 1]"
749955,7518300,113,0,"[0, 1]"
749955,7518300,112,0,"[0, 1]"
749955,7518300,68,0,"[0, 1]"
749955,7518300,72,0,"[0, 1]"
749955,7518300,106,0,"[0, 1]"
749955,7518300,110,0,"[0, 1]"
749955,7518300,67,0,"[0, 1]"
749955,7518300,98,0,"[0, 1]"
749955,7518300,79,0,"[0, 1]"
749955,7518300,95,0,"[0, 1]"
749955,7518300,200,0,"[0, 1]"
749955,7518300,248,0,"[0, 1]"
749955,7518300,148,0,"[0, 1]"
749955,7518300,225,0,"[0, 1]"
749955,7518300,158,0,"[0, 1]"
749955,7518300,197,0,"[0, 1]"
749955,7518300,222,0,"[0, 1]"
749955,7518300,129,0,"[0, 1]"
749955,7518300,220,0,"[0, 1]"
749955,7518300,149,0,"[0, 1]"
749955,7518300,165,0,"[0, 1]"
749955,7518300,167,0,"[0, 1]"
749955,7518300,251,0,"[0, 1]"
749955,7518300,202,0,"[0, 1]"
749955,7518300,445,0,"[0, 1]"
749955,7518300,277,0,"[0, 1]"
749955,7518300,451,0,"[0, 1]"
749955,7518300,457,0,"[0, 1]"
749955,7518300,505,0,"[0, 1]"
749955,7518300,294,0,"[0, 1]"
749955,7518300,492,0,"[0, 1]"
749955,7518300,404,0,"[0, 1]"
749955,7518300,508,0,"[0, 1]"
749955,7518300,403,0,"[0, 1]"
749955,7518300,432,0,"[0, 1]"
749955,7518300,465,0,"[0, 1]"
749955,7518300,327,0,"[0, 1]"
749955,7518300,283,0,"[0, 1]"
749955,7518300,304,0,"[0, 1]"
749955,7518300,347,0,"[0, 1]"
749955,7518300,797,0,"[0, 1]"
749955,7518300,969,0,"[0, 1]"
749955,7518300,833,0,"[0, 1]"
749955,7518300,901,0,"[0, 1]"
749955,7518300,953,0,"[0, 1]"
749955,7518300,790,0,"[0, 1]"
749955,7518300,656,0,"[0, 1]"
749955,7518300,662,0,"[0, 1]"
749955,7518300,734,0,"[0, 1]"
749955,7518300,595,0,"[0, 1]"
749955,7518300,666,0,"[0, 1]"
749955,7518300,682,0,"[0, 1]"
749955,7518300,680,0,"[0, 1]"
749955,7518300,580,0,"[0, 1]"
749955,7518300,970,0,"[0, 1]"
749955,7518300,763,0,"[0, 1]"
749955,7518300,618,0,"[0, 1]"
749955,7518300,524,0,"[0, 1]"
749955,7518300,1303,0,"[0, 1]"
749955,7518300,2039,0,"[0, 1]"
749955,7518300,1860,0,"[0, 1]"
749955,7518300,1663,0,"[0, 1]"
749955,7518300,1289,0,"[0, 1]"
749955,7518300,1941,0,"[0, 1]"
749955,7518300,1681,0,"[0, 1]"
749955,7518300,1334,0,"[0, 1]"
749955,7518300,1792,0,"[0, 1]"
749955,7518300,1878,0,"[0, 1]"
749955,7518300,1346,0,"[0, 1]"
749955,7518300,1360,0,"[0, 1]"
749955,7518300,1263,0,"[0, 1]"
749955,7518300,1820,0,"[0, 1]"
749955,7518300,1231,0,"[0, 1]"
749955,7518300,1534,0,"[0, 1]"
749955,7518300,1983,0,"[0, 1]"
749955,7518300,1777,0,"[0, 1]"
749955,7518300,1608,0,"[0, 1]"
749955,7518300,1318,0,"[0, 1]"
749955,7518300,4023,0,"[0, 1]"
749955,7518300,2719,0,"[0, 1]"
749955,7518300,3463,0,"[0, 1]"
749955,7518300,3119,0,"[0, 1]"
749955,7518300,2537,0,"[0, 1]"
749955,7518300,2110,0,"[0, 1]"
749955,7518300,2060,0,"[0, 1]"
749955,7518300,3394,0,"[0, 1]"
749955,7518300,3112,0,"[0, 1]"
749955,7518300,3495,0,"[0, 1]"
749955,7518300,3241,0,"[0, 1]"
749955,7518300,2181,0,"[0, 1]"
749955,7518300,2387,0,"[0, 1]"
749955,7518300,2266,0,"[0, 1]"
749955,7518300,3727,0,"[0, 1]"
749955,7518300,3576,0,"[0, 1]"
749955,7518300,3137,0,"[0, 1]"
749955,7518300,2992,0,"[0, 1]"
749955,7518300,2540,0,"[0, 1]"
749955,7518300,3829,0,"[0, 1]"
749955,7518300,2332,0,"[0, 1]"
749955,7518300,3198,0,"[0, 1]"
749955,7518300,7079948,1,"[0, 1]"
749955,7518300,4775,0,"[0, 1]"
749955,7518300,5529138,1,"[0, 1]"
749955,7518300,7099506,1,"[0, 1]"
749955,7518300,4694,0,"[0, 1]"
749955,7518300,4131,0,"[0, 1]"
749955,7518300,7133967,1,"[0, 1]"
749955,7518300,6425089,1,"[0, 1]"
749955,7518300,7292947,1,"[0, 1]"
749955,7518300,7577350,1,"[0, 1]"
749955,7518300,7555272,1,"[0, 1]"
749955,7518300,7455298,1,"[0, 1]"
749955,7518300,4551,0,"[0, 1]"
749955,7518300,7480056,1,"[0, 1]"
749955,7518300,7535614,1,"[0, 1]"
749955,7518300,4471,0,"[0, 1]"
749955,7518300,4970,0,"[0, 1]"
749955,7518300,7432860,1,"[0, 1]"
749955,7518300,7364850,1,"[0, 1]"
749955,7518300,7113578,1,"[0, 1]"
749955,7518300,7492225,1,"[0, 1]"
749955,7518300,7337323,1,"[0, 1]"
749955,7518300,4724,0,"[0, 1]"
749955,7518300,7138875,1,"[0, 1]"
504306,7518489,7518489,1,"[1, 0]"
504306,7518489,3098,0,"[1, 0]"
504306,7518489,1548,0,"[1, 0]"
504306,7518489,773,0,"[1, 0]"
504306,7518489,386,0,"[1, 0]"
504306,7518489,192,0,"[1, 0]"
504306,7518489,95,0,"[1, 0]"
504306,7518489,47,0,"[1, 0]"
504306,7518489,23,0,"[1, 0]"
504306,7518489,11,0,"[1, 0]"
504306,7518489,5,0,"[1, 0]"
504306,7518489,2,0,"[1, 0]"
504306,7518489,0,0,"[1, 0]"
504306,7518489,1,0,"[0, 1]"
504306,7518489,2,0,"[0, 1]"
504306,7518489,6,0,"[0, 1]"
504306,7518489,5,0,"[0, 1]"
504306,7518489,4,0,"[0, 1]"
504306,7518489,3,0,"[0, 1]"
504306,7518489,9,0,"[0, 1]"
504306,7518489,14,0,"[0, 1]"
504306,7518489,12,0,"[0, 1]"
504306,7518489,11,0,"[0, 1]"
504306,7518489,13,0,"[0, 1]"
504306,7518489,8,0,"[0, 1]"
504306,7518489,23,0,"[0, 1]"
504306,7518489,18,0,"[0, 1]"
504306,7518489,15,0,"[0, 1]"
504306,7518489,25,0,"[0, 1]"
504306,7518489,28,0,"[0, 1]"
504306,7518489,26,0,"[0, 1]"
504306,7518489,29,0,"[0, 1]"
504306,7518489,17,0,"[0, 1]"
504306,7518489,43,0,"[0, 1]"
504306,7518489,34,0,"[0, 1]"
504306,7518489,58,0,"[0, 1]"
504306,7518489,39,0,"[0, 1]"
504306,7518489,61,0,"[0, 1]"
504306,7518489,57,0,"[0, 1]"
504306,7518489,60,0,"[0, 1]"
504306,7518489,37,0,"[0, 1]"
504306,7518489,46,0,"[0, 1]"
504306,7518489,32,0,"[0, 1]"
504306,7518489,116,0,"[0, 1]"
504306,7518489,98,0,"[0, 1]"
504306,7518489,126,0,"[0, 1]"
504306,7518489,77,0,"[0, 1]"
504306,7518489,92,0,"[0, 1]"
504306,7518489,117,0,"[0, 1]"
504306,7518489,93,0,"[0, 1]"
504306,7518489,91,0,"[0, 1]"
504306,7518489,104,0,"[0, 1]"
504306,7518489,113,0,"[0, 1]"
504306,7518489,114,0,"[0, 1]"
504306,7518489,83,0,"[0, 1]"
504306,7518489,224,0,"[0, 1]"
504306,7518489,135,0,"[0, 1]"
504306,7518489,199,0,"[0, 1]"
504306,7518489,186,0,"[0, 1]"
504306,7518489,161,0,"[0, 1]"
504306,7518489,248,0,"[0, 1]"
504306,7518489,143,0,"[0, 1]"
504306,7518489,130,0,"[0, 1]"
504306,7518489,232,0,"[0, 1]"
504306,7518489,191,0,"[0, 1]"
504306,7518489,141,0,"[0, 1]"
504306,7518489,134,0,"[0, 1]"
504306,7518489,129,0,"[0, 1]"
504306,7518489,253,0,"[0, 1]"
504306,7518489,260,0,"[0, 1]"
504306,7518489,324,0,"[0, 1]"
504306,7518489,355,0,"[0, 1]"
504306,7518489,281,0,"[0, 1]"
504306,7518489,285,0,"[0, 1]"
504306,7518489,460,0,"[0, 1]"
504306,7518489,479,0,"[0, 1]"
504306,7518489,481,0,"[0, 1]"
504306,7518489,388,0,"[0, 1]"
504306,7518489,463,0,"[0, 1]"
504306,7518489,428,0,"[0, 1]"
504306,7518489,467,0,"[0, 1]"
504306,7518489,283,0,"[0, 1]"
504306,7518489,412,0,"[0, 1]"
504306,7518489,450,0,"[0, 1]"
504306,7518489,356,0,"[0, 1]"
504306,7518489,1015,0,"[0, 1]"
504306,7518489,860,0,"[0, 1]"
504306,7518489,890,0,"[0, 1]"
504306,7518489,909,0,"[0, 1]"
504306,7518489,871,0,"[0, 1]"
504306,7518489,832,0,"[0, 1]"
504306,7518489,802,0,"[0, 1]"
504306,7518489,749,0,"[0, 1]"
504306,7518489,660,0,"[0, 1]"
504306,7518489,680,0,"[0, 1]"
504306,7518489,669,0,"[0, 1]"
504306,7518489,708,0,"[0, 1]"
504306,7518489,676,0,"[0, 1]"
504306,7518489,758,0,"[0, 1]"
504306,7518489,1014,0,"[0, 1]"
504306,7518489,835,0,"[0, 1]"
504306,7518489,707,0,"[0, 1]"
504306,7518489,586,0,"[0, 1]"
504306,7518489,1867,0,"[0, 1]"
504306,7518489,1562,0,"[0, 1]"
504306,7518489,1468,0,"[0, 1]"
504306,7518489,1251,0,"[0, 1]"
504306,7518489,1268,0,"[0, 1]"
504306,7518489,1277,0,"[0, 1]"
504306,7518489,1750,0,"[0, 1]"
504306,7518489,1486,0,"[0, 1]"
504306,7518489,1977,0,"[0, 1]"
504306,7518489,1704,0,"[0, 1]"
504306,7518489,1318,0,"[0, 1]"
504306,7518489,1849,0,"[0, 1]"
504306,7518489,1766,0,"[0, 1]"
504306,7518489,1461,0,"[0, 1]"
504306,7518489,1802,0,"[0, 1]"
504306,7518489,1646,0,"[0, 1]"
504306,7518489,1294,0,"[0, 1]"
504306,7518489,1951,0,"[0, 1]"
504306,7518489,1644,0,"[0, 1]"
504306,7518489,1742,0,"[0, 1]"
504306,7518489,3944,0,"[0, 1]"
504306,7518489,2454,0,"[0, 1]"
504306,7518489,2653,0,"[0, 1]"
504306,7518489,2497,0,"[0, 1]"
504306,7518489,3605,0,"[0, 1]"
504306,7518489,2320,0,"[0, 1]"
504306,7518489,2901,0,"[0, 1]"
504306,7518489,2535,0,"[0, 1]"
504306,7518489,3685,0,"[0, 1]"
504306,7518489,2863,0,"[0, 1]"
504306,7518489,3074,0,"[0, 1]"
504306,7518489,2405,0,"[0, 1]"
504306,7518489,3741,0,"[0, 1]"
504306,7518489,2675,0,"[0, 1]"
504306,7518489,3060,0,"[0, 1]"
504306,7518489,3957,0,"[0, 1]"
504306,7518489,3198,0,"[0, 1]"
504306,7518489,2446,0,"[0, 1]"
504306,7518489,3113,0,"[0, 1]"
504306,7518489,2909,0,"[0, 1]"
504306,7518489,3803,0,"[0, 1]"
504306,7518489,3275,0,"[0, 1]"
504306,7518489,7103895,1,"[0, 1]"
504306,7518489,7647944,1,"[0, 1]"
504306,7518489,7411535,1,"[0, 1]"
504306,7518489,7210453,1,"[0, 1]"
504306,7518489,7434273,1,"[0, 1]"
504306,7518489,4331,0,"[0, 1]"
504306,7518489,7536587,1,"[0, 1]"
504306,7518489,4467,0,"[0, 1]"
504306,7518489,7641623,1,"[0, 1]"
504306,7518489,7101448,1,"[0, 1]"
504306,7518489,1824038,1,"[0, 1]"
504306,7518489,7186156,1,"[0, 1]"
504306,7518489,7452937,1,"[0, 1]"
504306,7518489,2699347,1,"[0, 1]"
504306,7518489,4525,0,"[0, 1]"
504306,7518489,7111650,1,"[0, 1]"
504306,7518489,4434,0,"[0, 1]"
504306,7518489,4333,0,"[0, 1]"
504306,7518489,7436417,1,"[0, 1]"
504306,7518489,7385663,1,"[0, 1]"
504306,7518489,4564,0,"[0, 1]"
504306,7518489,7188993,1,"[0, 1]"
504306,7518489,7264266,1,"[0, 1]"
504306,7518489,7094280,1,"[0, 1]"
436249,7518538,7518538,1,"[1, 0]"
436249,7518538,4170,0,"[1, 0]"
436249,7518538,2215,0,"[1, 0]"
436249,7518538,1107,0,"[1, 0]"
436249,7518538,553,0,"[1, 0]"
436249,7518538,276,0,"[1, 0]"
436249,7518538,137,0,"[1, 0]"
436249,7518538,68,0,"[1, 0]"
436249,7518538,33,0,"[1, 0]"
436249,7518538,16,0,"[1, 0]"
436249,7518538,7,0,"[1, 0]"
436249,7518538,3,0,"[1, 0]"
436249,7518538,1,0,"[1, 0]"
436249,7518538,0,0,"[1, 0]"
436249,7518538,2,0,"[0, 1]"
436249,7518538,1,0,"[0, 1]"
436249,7518538,4,0,"[0, 1]"
436249,7518538,5,0,"[0, 1]"
436249,7518538,3,0,"[0, 1]"
436249,7518538,6,0,"[0, 1]"
436249,7518538,10,0,"[0, 1]"
436249,7518538,8,0,"[0, 1]"
436249,7518538,11,0,"[0, 1]"
436249,7518538,9,0,"[0, 1]"
436249,7518538,7,0,"[0, 1]"
436249,7518538,14,0,"[0, 1]"
436249,7518538,15,0,"[0, 1]"
436249,7518538,27,0,"[0, 1]"
436249,7518538,19,0,"[0, 1]"
436249,7518538,18,0,"[0, 1]"
436249,7518538,30,0,"[0, 1]"
436249,7518538,28,0,"[0, 1]"
436249,7518538,16,0,"[0, 1]"
436249,7518538,20,0,"[0, 1]"
436249,7518538,57,0,"[0, 1]"
436249,7518538,46,0,"[0, 1]"
436249,7518538,31,0,"[0, 1]"
436249,7518538,60,0,"[0, 1]"
436249,7518538,51,0,"[0, 1]"
436249,7518538,48,0,"[0, 1]"
436249,7518538,58,0,"[0, 1]"
436249,7518538,40,0,"[0, 1]"
436249,7518538,43,0,"[0, 1]"
436249,7518538,59,0,"[0, 1]"
436249,7518538,78,0,"[0, 1]"
436249,7518538,119,0,"[0, 1]"
436249,7518538,125,0,"[0, 1]"
436249,7518538,63,0,"[0, 1]"
436249,7518538,92,0,"[0, 1]"
436249,7518538,102,0,"[0, 1]"
436249,7518538,83,0,"[0, 1]"
436249,7518538,97,0,"[0, 1]"
436249,7518538,74,0,"[0, 1]"
436249,7518538,88,0,"[0, 1]"
436249,7518538,79,0,"[0, 1]"
436249,7518538,80,0,"[0, 1]"
436249,7518538,140,0,"[0, 1]"
436249,7518538,161,0,"[0, 1]"
436249,7518538,177,0,"[0, 1]"
436249,7518538,158,0,"[0, 1]"
436249,7518538,245,0,"[0, 1]"
436249,7518538,129,0,"[0, 1]"
436249,7518538,216,0,"[0, 1]"
436249,7518538,220,0,"[0, 1]"
436249,7518538,178,0,"[0, 1]"
436249,7518538,208,0,"[0, 1]"
436249,7518538,190,0,"[0, 1]"
436249,7518538,133,0,"[0, 1]"
436249,7518538,243,0,"[0, 1]"
436249,7518538,184,0,"[0, 1]"
436249,7518538,283,0,"[0, 1]"
436249,7518538,507,0,"[0, 1]"
436249,7518538,286,0,"[0, 1]"
436249,7518538,346,0,"[0, 1]"
436249,7518538,447,0,"[0, 1]"
436249,7518538,304,0,"[0, 1]"
436249,7518538,274,0,"[0, 1]"
436249,7518538,411,0,"[0, 1]"
436249,7518538,408,0,"[0, 1]"
436249,7518538,483,0,"[0, 1]"
436249,7518538,292,0,"[0, 1]"
436249,7518538,478,0,"[0, 1]"
436249,7518538,477,0,"[0, 1]"
436249,7518538,431,0,"[0, 1]"
436249,7518538,426,0,"[0, 1]"
436249,7518538,439,0,"[0, 1]"
436249,7518538,643,0,"[0, 1]"
436249,7518538,609,0,"[0, 1]"
436249,7518538,585,0,"[0, 1]"
436249,7518538,687,0,"[0, 1]"
436249,7518538,777,0,"[0, 1]"
436249,7518538,983,0,"[0, 1]"
436249,7518538,893,0,"[0, 1]"
436249,7518538,888,0,"[0, 1]"
436249,7518538,1014,0,"[0, 1]"
436249,7518538,940,0,"[0, 1]"
436249,7518538,678,0,"[0, 1]"
436249,7518538,881,0,"[0, 1]"
436249,7518538,884,0,"[0, 1]"
436249,7518538,589,0,"[0, 1]"
436249,7518538,907,0,"[0, 1]"
436249,7518538,565,0,"[0, 1]"
436249,7518538,999,0,"[0, 1]"
436249,7518538,642,0,"[0, 1]"
436249,7518538,1042,0,"[0, 1]"
436249,7518538,1585,0,"[0, 1]"
436249,7518538,1506,0,"[0, 1]"
436249,7518538,1702,0,"[0, 1]"
436249,7518538,1818,0,"[0, 1]"
436249,7518538,1120,0,"[0, 1]"
436249,7518538,1380,0,"[0, 1]"
436249,7518538,1727,0,"[0, 1]"
436249,7518538,1929,0,"[0, 1]"
436249,7518538,1745,0,"[0, 1]"
436249,7518538,1553,0,"[0, 1]"
436249,7518538,1814,0,"[0, 1]"
436249,7518538,1804,0,"[0, 1]"
436249,7518538,1461,0,"[0, 1]"
436249,7518538,1750,0,"[0, 1]"
436249,7518538,1193,0,"[0, 1]"
436249,7518538,1405,0,"[0, 1]"
436249,7518538,1462,0,"[0, 1]"
436249,7518538,1387,0,"[0, 1]"
436249,7518538,1420,0,"[0, 1]"
436249,7518538,2219,0,"[0, 1]"
436249,7518538,2468,0,"[0, 1]"
436249,7518538,2436,0,"[0, 1]"
436249,7518538,3187,0,"[0, 1]"
436249,7518538,3113,0,"[0, 1]"
436249,7518538,3173,0,"[0, 1]"
436249,7518538,3704,0,"[0, 1]"
436249,7518538,2593,0,"[0, 1]"
436249,7518538,3607,0,"[0, 1]"
436249,7518538,3086,0,"[0, 1]"
436249,7518538,3870,0,"[0, 1]"
436249,7518538,3875,0,"[0, 1]"
436249,7518538,3050,0,"[0, 1]"
436249,7518538,2314,0,"[0, 1]"
436249,7518538,3918,0,"[0, 1]"
436249,7518538,2083,0,"[0, 1]"
436249,7518538,2595,0,"[0, 1]"
436249,7518538,2167,0,"[0, 1]"
436249,7518538,3128,0,"[0, 1]"
436249,7518538,4011,0,"[0, 1]"
436249,7518538,3074,0,"[0, 1]"
436249,7518538,2417,0,"[0, 1]"
436249,7518538,7386099,1,"[0, 1]"
436249,7518538,7359238,1,"[0, 1]"
436249,7518538,7545792,1,"[0, 1]"
436249,7518538,2266319,1,"[0, 1]"
436249,7518538,7353071,1,"[0, 1]"
436249,7518538,7349282,1,"[0, 1]"
436249,7518538,7564301,1,"[0, 1]"
436249,7518538,7395888,1,"[0, 1]"
436249,7518538,7221542,1,"[0, 1]"
436249,7518538,7304789,1,"[0, 1]"
436249,7518538,1319516,1,"[0, 1]"
436249,7518538,7171905,1,"[0, 1]"
436249,7518538,7179705,1,"[0, 1]"
436249,7518538,7325139,1,"[0, 1]"
436249,7518538,7207608,1,"[0, 1]"
436249,7518538,7162357,1,"[0, 1]"
436249,7518538,7417207,1,"[0, 1]"
436249,7518538,7453985,1,"[0, 1]"
436249,7518538,844915,1,"[0, 1]"
436249,7518538,7432783,1,"[0, 1]"
436249,7518538,7492473,1,"[0, 1]"
436249,7518538,7433767,1,"[0, 1]"
436249,7518538,7474705,1,"[0, 1]"
436249,7518538,7200213,1,"[0, 1]"
436249,7518538,7185490,1,"[0, 1]"
436249,7518538,7431188,1,"[0, 1]"
436249,7518538,7310891,1,"[0, 1]"
436249,7518538,7082303,1,"[0, 1]"
436249,7518538,7561367,1,"[0, 1]"
436249,7518538,1954925,1,"[0, 1]"
436249,7518538,7478788,1,"[0, 1]"
436249,7518538,7497558,1,"[0, 1]"
436249,7518538,4905388,1,"[0, 1]"
436249,7518538,6121038,1,"[0, 1]"
436249,7518538,7625308,1,"[0, 1]"
436249,7518538,7532006,1,"[0, 1]"
436249,7518538,7637307,1,"[0, 1]"
436249,7518538,7424055,1,"[0, 1]"
436249,7518538,7178272,1,"[0, 1]"
436249,7518538,7658766,1,"[0, 1]"
436249,7518538,7570903,1,"[0, 1]"
436249,7518538,7649422,1,"[0, 1]"
436249,7518538,7185448,1,"[0, 1]"
436249,7518538,7556499,1,"[0, 1]"
436249,7518538,7574651,1,"[0, 1]"
436249,7518538,7682611,1,"[0, 1]"
436249,7518538,7221920,1,"[0, 1]"
436249,7518538,7161745,1,"[0, 1]"
436249,7518538,7211854,1,"[0, 1]"
436249,7518538,7117569,1,"[0, 1]"
1096268,7518616,7518616,1,"[1, 0]"
1096268,7518616,2638,0,"[1, 0]"
1096268,7518616,1318,0,"[1, 0]"
1096268,7518616,658,0,"[1, 0]"
1096268,7518616,328,0,"[1, 0]"
1096268,7518616,163,0,"[1, 0]"
1096268,7518616,81,0,"[1, 0]"
1096268,7518616,40,0,"[1, 0]"
1096268,7518616,19,0,"[1, 0]"
1096268,7518616,9,0,"[1, 0]"
1096268,7518616,4,0,"[1, 0]"
1096268,7518616,1,0,"[1, 0]"
1096268,7518616,0,0,"[1, 0]"
1096268,7518616,2,0,"[0, 1]"
1096268,7518616,1,0,"[0, 1]"
1096268,7518616,4,0,"[0, 1]"
1096268,7518616,5,0,"[0, 1]"
1096268,7518616,6,0,"[0, 1]"
1096268,7518616,3,0,"[0, 1]"
1096268,7518616,9,0,"[0, 1]"
1096268,7518616,10,0,"[0, 1]"
1096268,7518616,13,0,"[0, 1]"
1096268,7518616,8,0,"[0, 1]"
1096268,7518616,7,0,"[0, 1]"
1096268,7518616,11,0,"[0, 1]"
1096268,7518616,22,0,"[0, 1]"
1096268,7518616,21,0,"[0, 1]"
1096268,7518616,24,0,"[0, 1]"
1096268,7518616,17,0,"[0, 1]"
1096268,7518616,15,0,"[0, 1]"
1096268,7518616,20,0,"[0, 1]"
1096268,7518616,26,0,"[0, 1]"
1096268,7518616,29,0,"[0, 1]"
1096268,7518616,37,0,"[0, 1]"
1096268,7518616,43,0,"[0, 1]"
1096268,7518616,61,0,"[0, 1]"
1096268,7518616,36,0,"[0, 1]"
1096268,7518616,53,0,"[0, 1]"
1096268,7518616,44,0,"[0, 1]"
1096268,7518616,31,0,"[0, 1]"
1096268,7518616,33,0,"[0, 1]"
1096268,7518616,42,0,"[0, 1]"
1096268,7518616,50,0,"[0, 1]"
1096268,7518616,77,0,"[0, 1]"
1096268,7518616,79,0,"[0, 1]"
1096268,7518616,93,0,"[0, 1]"
1096268,7518616,65,0,"[0, 1]"
1096268,7518616,71,0,"[0, 1]"
1096268,7518616,112,0,"[0, 1]"
1096268,7518616,83,0,"[0, 1]"
1096268,7518616,99,0,"[0, 1]"
1096268,7518616,120,0,"[0, 1]"
1096268,7518616,84,0,"[0, 1]"
1096268,7518616,85,0,"[0, 1]"
1096268,7518616,115,0,"[0, 1]"
1096268,7518616,216,0,"[0, 1]"
1096268,7518616,243,0,"[0, 1]"
1096268,7518616,155,0,"[0, 1]"
1096268,7518616,212,0,"[0, 1]"
1096268,7518616,187,0,"[0, 1]"
1096268,7518616,178,0,"[0, 1]"
1096268,7518616,166,0,"[0, 1]"
1096268,7518616,168,0,"[0, 1]"
1096268,7518616,173,0,"[0, 1]"
1096268,7518616,209,0,"[0, 1]"
1096268,7518616,150,0,"[0, 1]"
1096268,7518616,141,0,"[0, 1]"
1096268,7518616,247,0,"[0, 1]"
1096268,7518616,144,0,"[0, 1]"
1096268,7518616,421,0,"[0, 1]"
1096268,7518616,275,0,"[0, 1]"
1096268,7518616,468,0,"[0, 1]"
1096268,7518616,309,0,"[0, 1]"
1096268,7518616,487,0,"[0, 1]"
1096268,7518616,274,0,"[0, 1]"
1096268,7518616,461,0,"[0, 1]"
1096268,7518616,257,0,"[0, 1]"
1096268,7518616,283,0,"[0, 1]"
1096268,7518616,500,0,"[0, 1]"
1096268,7518616,282,0,"[0, 1]"
1096268,7518616,503,0,"[0, 1]"
1096268,7518616,466,0,"[0, 1]"
1096268,7518616,256,0,"[0, 1]"
1096268,7518616,276,0,"[0, 1]"
1096268,7518616,307,0,"[0, 1]"
1096268,7518616,680,0,"[0, 1]"
1096268,7518616,1020,0,"[0, 1]"
1096268,7518616,996,0,"[0, 1]"
1096268,7518616,652,0,"[0, 1]"
1096268,7518616,742,0,"[0, 1]"
1096268,7518616,621,0,"[0, 1]"
1096268,7518616,685,0,"[0, 1]"
1096268,7518616,985,0,"[0, 1]"
1096268,7518616,833,0,"[0, 1]"
1096268,7518616,576,0,"[0, 1]"
1096268,7518616,831,0,"[0, 1]"
1096268,7518616,633,0,"[0, 1]"
1096268,7518616,1012,0,"[0, 1]"
1096268,7518616,1016,0,"[0, 1]"
1096268,7518616,704,0,"[0, 1]"
1096268,7518616,666,0,"[0, 1]"
1096268,7518616,863,0,"[0, 1]"
1096268,7518616,925,0,"[0, 1]"
1096268,7518616,1788,0,"[0, 1]"
1096268,7518616,1920,0,"[0, 1]"
1096268,7518616,1333,0,"[0, 1]"
1096268,7518616,1846,0,"[0, 1]"
1096268,7518616,1814,0,"[0, 1]"
1096268,7518616,1584,0,"[0, 1]"
1096268,7518616,1755,0,"[0, 1]"
1096268,7518616,1900,0,"[0, 1]"
1096268,7518616,1492,0,"[0, 1]"
1096268,7518616,1340,0,"[0, 1]"
1096268,7518616,1620,0,"[0, 1]"
1096268,7518616,1220,0,"[0, 1]"
1096268,7518616,1830,0,"[0, 1]"
1096268,7518616,1243,0,"[0, 1]"
1096268,7518616,1509,0,"[0, 1]"
1096268,7518616,1939,0,"[0, 1]"
1096268,7518616,1961,0,"[0, 1]"
1096268,7518616,1955,0,"[0, 1]"
1096268,7518616,1291,0,"[0, 1]"
1096268,7518616,1987,0,"[0, 1]"
1096268,7518616,3767,0,"[0, 1]"
1096268,7518616,2977,0,"[0, 1]"
1096268,7518616,4008,0,"[0, 1]"
1096268,7518616,3398,0,"[0, 1]"
1096268,7518616,2850,0,"[0, 1]"
1096268,7518616,2402,0,"[0, 1]"
1096268,7518616,2494,0,"[0, 1]"
1096268,7518616,3630,0,"[0, 1]"
1096268,7518616,2711,0,"[0, 1]"
1096268,7518616,3250,0,"[0, 1]"
1096268,7518616,3979,0,"[0, 1]"
1096268,7518616,2191,0,"[0, 1]"
1096268,7518616,2088,0,"[0, 1]"
1096268,7518616,4003,0,"[0, 1]"
1096268,7518616,2861,0,"[0, 1]"
1096268,7518616,3225,0,"[0, 1]"
1096268,7518616,4022,0,"[0, 1]"
1096268,7518616,2458,0,"[0, 1]"
1096268,7518616,3996,0,"[0, 1]"
1096268,7518616,3027,0,"[0, 1]"
1096268,7518616,2069,0,"[0, 1]"
1096268,7518616,2491,0,"[0, 1]"
1096268,7518616,7315405,1,"[0, 1]"
1096268,7518616,7334648,1,"[0, 1]"
1096268,7518616,7380270,1,"[0, 1]"
1096268,7518616,7573433,1,"[0, 1]"
1096268,7518616,7093680,1,"[0, 1]"
1096268,7518616,7494148,1,"[0, 1]"
1096268,7518616,1243823,1,"[0, 1]"
1096268,7518616,7344388,1,"[0, 1]"
1096268,7518616,7444555,1,"[0, 1]"
1096268,7518616,5626608,1,"[0, 1]"
1096268,7518616,7368239,1,"[0, 1]"
1096268,7518616,7519535,1,"[0, 1]"
1096268,7518616,7544209,1,"[0, 1]"
1096268,7518616,4723,0,"[0, 1]"
1096268,7518616,7556469,1,"[0, 1]"
1096268,7518616,7193046,1,"[0, 1]"
1096268,7518616,2495184,1,"[0, 1]"
1096268,7518616,7153978,1,"[0, 1]"
1096268,7518616,4158,0,"[0, 1]"
1096268,7518616,4154,0,"[0, 1]"
1096268,7518616,4852,0,"[0, 1]"
1096268,7518616,7521584,1,"[0, 1]"
1096268,7518616,7434606,1,"[0, 1]"
1096268,7518616,7115322,1,"[0, 1]"
448035,7518857,7518857,1,"[1, 0]"
448035,7518857,3120,0,"[1, 0]"
448035,7518857,1559,0,"[1, 0]"
448035,7518857,779,0,"[1, 0]"
448035,7518857,389,0,"[1, 0]"
448035,7518857,194,0,"[1, 0]"
448035,7518857,96,0,"[1, 0]"
448035,7518857,47,0,"[1, 0]"
448035,7518857,23,0,"[1, 0]"
448035,7518857,11,0,"[1, 0]"
448035,7518857,5,0,"[1, 0]"
448035,7518857,2,0,"[1, 0]"
448035,7518857,0,0,"[1, 0]"
448035,7518857,2,0,"[0, 1]"
448035,7518857,1,0,"[0, 1]"
448035,7518857,5,0,"[0, 1]"
448035,7518857,3,0,"[0, 1]"
448035,7518857,4,0,"[0, 1]"
448035,7518857,6,0,"[0, 1]"
448035,7518857,8,0,"[0, 1]"
448035,7518857,9,0,"[0, 1]"
448035,7518857,7,0,"[0, 1]"
448035,7518857,10,0,"[0, 1]"
448035,7518857,11,0,"[0, 1]"
448035,7518857,13,0,"[0, 1]"
448035,7518857,29,0,"[0, 1]"
448035,7518857,24,0,"[0, 1]"
448035,7518857,18,0,"[0, 1]"
448035,7518857,19,0,"[0, 1]"
448035,7518857,16,0,"[0, 1]"
448035,7518857,30,0,"[0, 1]"
448035,7518857,23,0,"[0, 1]"
448035,7518857,22,0,"[0, 1]"
448035,7518857,56,0,"[0, 1]"
448035,7518857,49,0,"[0, 1]"
448035,7518857,55,0,"[0, 1]"
448035,7518857,54,0,"[0, 1]"
448035,7518857,58,0,"[0, 1]"
448035,7518857,43,0,"[0, 1]"
448035,7518857,44,0,"[0, 1]"
448035,7518857,38,0,"[0, 1]"
448035,7518857,37,0,"[0, 1]"
448035,7518857,46,0,"[0, 1]"
448035,7518857,123,0,"[0, 1]"
448035,7518857,86,0,"[0, 1]"
448035,7518857,105,0,"[0, 1]"
448035,7518857,100,0,"[0, 1]"
448035,7518857,113,0,"[0, 1]"
448035,7518857,85,0,"[0, 1]"
448035,7518857,96,0,"[0, 1]"
448035,7518857,81,0,"[0, 1]"
448035,7518857,104,0,"[0, 1]"
448035,7518857,115,0,"[0, 1]"
448035,7518857,112,0,"[0, 1]"
448035,7518857,83,0,"[0, 1]"
448035,7518857,215,0,"[0, 1]"
448035,7518857,182,0,"[0, 1]"
448035,7518857,202,0,"[0, 1]"
448035,7518857,217,0,"[0, 1]"
448035,7518857,213,0,"[0, 1]"
448035,7518857,237,0,"[0, 1]"
448035,7518857,221,0,"[0, 1]"
448035,7518857,219,0,"[0, 1]"
448035,7518857,181,0,"[0, 1]"
448035,7518857,214,0,"[0, 1]"
448035,7518857,167,0,"[0, 1]"
448035,7518857,187,0,"[0, 1]"
448035,7518857,250,0,"[0, 1]"
448035,7518857,166,0,"[0, 1]"
448035,7518857,343,0,"[0, 1]"
448035,7518857,307,0,"[0, 1]"
448035,7518857,266,0,"[0, 1]"
448035,7518857,340,0,"[0, 1]"
448035,7518857,317,0,"[0, 1]"
448035,7518857,299,0,"[0, 1]"
448035,7518857,312,0,"[0, 1]"
448035,7518857,407,0,"[0, 1]"
448035,7518857,482,0,"[0, 1]"
448035,7518857,506,0,"[0, 1]"
448035,7518857,404,0,"[0, 1]"
448035,7518857,256,0,"[0, 1]"
448035,7518857,418,0,"[0, 1]"
448035,7518857,384,0,"[0, 1]"
448035,7518857,291,0,"[0, 1]"
448035,7518857,360,0,"[0, 1]"
448035,7518857,614,0,"[0, 1]"
448035,7518857,661,0,"[0, 1]"
448035,7518857,718,0,"[0, 1]"
448035,7518857,852,0,"[0, 1]"
448035,7518857,666,0,"[0, 1]"
448035,7518857,977,0,"[0, 1]"
448035,7518857,665,0,"[0, 1]"
448035,7518857,673,0,"[0, 1]"
448035,7518857,974,0,"[0, 1]"
448035,7518857,583,0,"[0, 1]"
448035,7518857,1020,0,"[0, 1]"
448035,7518857,816,0,"[0, 1]"
448035,7518857,932,0,"[0, 1]"
448035,7518857,574,0,"[0, 1]"
448035,7518857,860,0,"[0, 1]"
448035,7518857,854,0,"[0, 1]"
448035,7518857,785,0,"[0, 1]"
448035,7518857,939,0,"[0, 1]"
448035,7518857,1916,0,"[0, 1]"
448035,7518857,1693,0,"[0, 1]"
448035,7518857,1492,0,"[0, 1]"
448035,7518857,1556,0,"[0, 1]"
448035,7518857,1437,0,"[0, 1]"
448035,7518857,1273,0,"[0, 1]"
448035,7518857,2003,0,"[0, 1]"
448035,7518857,1431,0,"[0, 1]"
448035,7518857,1261,0,"[0, 1]"
448035,7518857,1362,0,"[0, 1]"
448035,7518857,1442,0,"[0, 1]"
448035,7518857,1576,0,"[0, 1]"
448035,7518857,1971,0,"[0, 1]"
448035,7518857,1736,0,"[0, 1]"
448035,7518857,1923,0,"[0, 1]"
448035,7518857,1351,0,"[0, 1]"
448035,7518857,2006,0,"[0, 1]"
448035,7518857,1929,0,"[0, 1]"
448035,7518857,1538,0,"[0, 1]"
448035,7518857,1446,0,"[0, 1]"
448035,7518857,2307,0,"[0, 1]"
448035,7518857,3516,0,"[0, 1]"
448035,7518857,2077,0,"[0, 1]"
448035,7518857,2938,0,"[0, 1]"
448035,7518857,2344,0,"[0, 1]"
448035,7518857,3054,0,"[0, 1]"
448035,7518857,3960,0,"[0, 1]"
448035,7518857,3877,0,"[0, 1]"
448035,7518857,2734,0,"[0, 1]"
448035,7518857,3587,0,"[0, 1]"
448035,7518857,3625,0,"[0, 1]"
448035,7518857,2377,0,"[0, 1]"
448035,7518857,3028,0,"[0, 1]"
448035,7518857,2429,0,"[0, 1]"
448035,7518857,3151,0,"[0, 1]"
448035,7518857,3527,0,"[0, 1]"
448035,7518857,2757,0,"[0, 1]"
448035,7518857,3016,0,"[0, 1]"
448035,7518857,3041,0,"[0, 1]"
448035,7518857,2492,0,"[0, 1]"
448035,7518857,3519,0,"[0, 1]"
448035,7518857,3974,0,"[0, 1]"
448035,7518857,4685,0,"[0, 1]"
448035,7518857,7216035,1,"[0, 1]"
448035,7518857,7539763,1,"[0, 1]"
448035,7518857,7649219,1,"[0, 1]"
448035,7518857,7149086,1,"[0, 1]"
448035,7518857,6519900,1,"[0, 1]"
448035,7518857,7254039,1,"[0, 1]"
448035,7518857,7635087,1,"[0, 1]"
448035,7518857,4103,0,"[0, 1]"
448035,7518857,4464,0,"[0, 1]"
448035,7518857,614329,1,"[0, 1]"
448035,7518857,7273891,1,"[0, 1]"
448035,7518857,4242,0,"[0, 1]"
448035,7518857,7152150,1,"[0, 1]"
448035,7518857,4446,0,"[0, 1]"
448035,7518857,126823,1,"[0, 1]"
448035,7518857,7230049,1,"[0, 1]"
448035,7518857,7419949,1,"[0, 1]"
448035,7518857,7417933,1,"[0, 1]"
448035,7518857,7280757,1,"[0, 1]"
448035,7518857,7495487,1,"[0, 1]"
448035,7518857,4353,0,"[0, 1]"
448035,7518857,286523,1,"[0, 1]"
448035,7518857,7306463,1,"[0, 1]"
530572,7519104,7519104,1,"[1, 0]"
530572,7519104,2607,0,"[1, 0]"
530572,7519104,1303,0,"[1, 0]"
530572,7519104,651,0,"[1, 0]"
530572,7519104,325,0,"[1, 0]"
530572,7519104,162,0,"[1, 0]"
530572,7519104,80,0,"[1, 0]"
530572,7519104,39,0,"[1, 0]"
530572,7519104,19,0,"[1, 0]"
530572,7519104,9,0,"[1, 0]"
530572,7519104,4,0,"[1, 0]"
530572,7519104,1,0,"[1, 0]"
530572,7519104,0,0,"[1, 0]"
530572,7519104,2,0,"[0, 1]"
530572,7519104,1,0,"[0, 1]"
530572,7519104,4,0,"[0, 1]"
530572,7519104,5,0,"[0, 1]"
530572,7519104,6,0,"[0, 1]"
530572,7519104,3,0,"[0, 1]"
530572,7519104,10,0,"[0, 1]"
530572,7519104,9,0,"[0, 1]"
530572,7519104,13,0,"[0, 1]"
530572,7519104,12,0,"[0, 1]"
530572,7519104,8,0,"[0, 1]"
530572,7519104,14,0,"[0, 1]"
530572,7519104,27,0,"[0, 1]"
530572,7519104,22,0,"[0, 1]"
530572,7519104,23,0,"[0, 1]"
530572,7519104,25,0,"[0, 1]"
530572,7519104,30,0,"[0, 1]"
530572,7519104,24,0,"[0, 1]"
530572,7519104,18,0,"[0, 1]"
530572,7519104,16,0,"[0, 1]"
530572,7519104,52,0,"[0, 1]"
530572,7519104,44,0,"[0, 1]"
530572,7519104,36,0,"[0, 1]"
530572,7519104,33,0,"[0, 1]"
530572,7519104,55,0,"[0, 1]"
530572,7519104,59,0,"[0, 1]"
530572,7519104,37,0,"[0, 1]"
530572,7519104,40,0,"[0, 1]"
530572,7519104,62,0,"[0, 1]"
530572,7519104,51,0,"[0, 1]"
530572,7519104,84,0,"[0, 1]"
530572,7519104,117,0,"[0, 1]"
530572,7519104,109,0,"[0, 1]"
530572,7519104,63,0,"[0, 1]"
530572,7519104,108,0,"[0, 1]"
530572,7519104,119,0,"[0, 1]"
530572,7519104,80,0,"[0, 1]"
530572,7519104,98,0,"[0, 1]"
530572,7519104,110,0,"[0, 1]"
530572,7519104,82,0,"[0, 1]"
530572,7519104,69,0,"[0, 1]"
530572,7519104,70,0,"[0, 1]"
530572,7519104,133,0,"[0, 1]"
530572,7519104,163,0,"[0, 1]"
530572,7519104,238,0,"[0, 1]"
530572,7519104,139,0,"[0, 1]"
530572,7519104,243,0,"[0, 1]"
530572,7519104,159,0,"[0, 1]"
530572,7519104,209,0,"[0, 1]"
530572,7519104,203,0,"[0, 1]"
530572,7519104,138,0,"[0, 1]"
530572,7519104,250,0,"[0, 1]"
530572,7519104,210,0,"[0, 1]"
530572,7519104,142,0,"[0, 1]"
530572,7519104,181,0,"[0, 1]"
530572,7519104,221,0,"[0, 1]"
530572,7519104,483,0,"[0, 1]"
530572,7519104,267,0,"[0, 1]"
530572,7519104,321,0,"[0, 1]"
530572,7519104,411,0,"[0, 1]"
530572,7519104,493,0,"[0, 1]"
530572,7519104,376,0,"[0, 1]"
530572,7519104,283,0,"[0, 1]"
530572,7519104,280,0,"[0, 1]"
530572,7519104,446,0,"[0, 1]"
530572,7519104,427,0,"[0, 1]"
530572,7519104,423,0,"[0, 1]"
530572,7519104,419,0,"[0, 1]"
530572,7519104,273,0,"[0, 1]"
530572,7519104,369,0,"[0, 1]"
530572,7519104,275,0,"[0, 1]"
530572,7519104,320,0,"[0, 1]"
530572,7519104,673,0,"[0, 1]"
530572,7519104,806,0,"[0, 1]"
530572,7519104,730,0,"[0, 1]"
530572,7519104,633,0,"[0, 1]"
530572,7519104,783,0,"[0, 1]"
530572,7519104,756,0,"[0, 1]"
530572,7519104,720,0,"[0, 1]"
530572,7519104,782,0,"[0, 1]"
530572,7519104,893,0,"[0, 1]"
530572,7519104,870,0,"[0, 1]"
530572,7519104,737,0,"[0, 1]"
530572,7519104,521,0,"[0, 1]"
530572,7519104,919,0,"[0, 1]"
530572,7519104,1007,0,"[0, 1]"
530572,7519104,903,0,"[0, 1]"
530572,7519104,797,0,"[0, 1]"
530572,7519104,922,0,"[0, 1]"
530572,7519104,639,0,"[0, 1]"
530572,7519104,1072,0,"[0, 1]"
530572,7519104,1601,0,"[0, 1]"
530572,7519104,1965,0,"[0, 1]"
530572,7519104,1879,0,"[0, 1]"
530572,7519104,1057,0,"[0, 1]"
530572,7519104,1348,0,"[0, 1]"
530572,7519104,1175,0,"[0, 1]"
530572,7519104,1428,0,"[0, 1]"
530572,7519104,1671,0,"[0, 1]"
530572,7519104,1210,0,"[0, 1]"
530572,7519104,1153,0,"[0, 1]"
530572,7519104,1235,0,"[0, 1]"
530572,7519104,1077,0,"[0, 1]"
530572,7519104,1234,0,"[0, 1]"
530572,7519104,1106,0,"[0, 1]"
530572,7519104,1760,0,"[0, 1]"
530572,7519104,1836,0,"[0, 1]"
530572,7519104,2005,0,"[0, 1]"
530572,7519104,1768,0,"[0, 1]"
530572,7519104,1148,0,"[0, 1]"
530572,7519104,3296,0,"[0, 1]"
530572,7519104,3015,0,"[0, 1]"
530572,7519104,3105,0,"[0, 1]"
530572,7519104,2841,0,"[0, 1]"
530572,7519104,3324,0,"[0, 1]"
530572,7519104,3647,0,"[0, 1]"
530572,7519104,3724,0,"[0, 1]"
530572,7519104,2258,0,"[0, 1]"
530572,7519104,2249,0,"[0, 1]"
530572,7519104,2381,0,"[0, 1]"
530572,7519104,4012,0,"[0, 1]"
530572,7519104,3313,0,"[0, 1]"
530572,7519104,2074,0,"[0, 1]"
530572,7519104,2929,0,"[0, 1]"
530572,7519104,2734,0,"[0, 1]"
530572,7519104,2463,0,"[0, 1]"
530572,7519104,3839,0,"[0, 1]"
530572,7519104,3601,0,"[0, 1]"
530572,7519104,2858,0,"[0, 1]"
530572,7519104,2434,0,"[0, 1]"
530572,7519104,4047,0,"[0, 1]"
530572,7519104,2942,0,"[0, 1]"
530572,7519104,7684748,1,"[0, 1]"
530572,7519104,7374886,1,"[0, 1]"
530572,7519104,7359307,1,"[0, 1]"
530572,7519104,7143439,1,"[0, 1]"
530572,7519104,4742,0,"[0, 1]"
530572,7519104,7543852,1,"[0, 1]"
530572,7519104,184742,1,"[0, 1]"
530572,7519104,7511352,1,"[0, 1]"
530572,7519104,7113372,1,"[0, 1]"
530572,7519104,4223,0,"[0, 1]"
530572,7519104,7173996,1,"[0, 1]"
530572,7519104,7472728,1,"[0, 1]"
530572,7519104,4582,0,"[0, 1]"
530572,7519104,4859,0,"[0, 1]"
530572,7519104,7314108,1,"[0, 1]"
530572,7519104,7565509,1,"[0, 1]"
530572,7519104,4492,0,"[0, 1]"
530572,7519104,7581740,1,"[0, 1]"
530572,7519104,7162717,1,"[0, 1]"
530572,7519104,7568903,1,"[0, 1]"
530572,7519104,4846,0,"[0, 1]"
530572,7519104,7268941,1,"[0, 1]"
530572,7519104,7393590,1,"[0, 1]"
530572,7519104,7614562,1,"[0, 1]"
530572,7519106,7519106,1,"[1, 0]"
530572,7519106,2610,0,"[1, 0]"
530572,7519106,1304,0,"[1, 0]"
530572,7519106,651,0,"[1, 0]"
530572,7519106,325,0,"[1, 0]"
530572,7519106,162,0,"[1, 0]"
530572,7519106,80,0,"[1, 0]"
530572,7519106,39,0,"[1, 0]"
530572,7519106,19,0,"[1, 0]"
530572,7519106,9,0,"[1, 0]"
530572,7519106,4,0,"[1, 0]"
530572,7519106,1,0,"[1, 0]"
530572,7519106,0,0,"[1, 0]"
530572,7519106,1,0,"[0, 1]"
530572,7519106,2,0,"[0, 1]"
530572,7519106,5,0,"[0, 1]"
530572,7519106,6,0,"[0, 1]"
530572,7519106,4,0,"[0, 1]"
530572,7519106,3,0,"[0, 1]"
530572,7519106,12,0,"[0, 1]"
530572,7519106,9,0,"[0, 1]"
530572,7519106,13,0,"[0, 1]"
530572,7519106,14,0,"[0, 1]"
530572,7519106,10,0,"[0, 1]"
530572,7519106,11,0,"[0, 1]"
530572,7519106,16,0,"[0, 1]"
530572,7519106,26,0,"[0, 1]"
530572,7519106,25,0,"[0, 1]"
530572,7519106,27,0,"[0, 1]"
530572,7519106,22,0,"[0, 1]"
530572,7519106,18,0,"[0, 1]"
530572,7519106,19,0,"[0, 1]"
530572,7519106,21,0,"[0, 1]"
530572,7519106,52,0,"[0, 1]"
530572,7519106,47,0,"[0, 1]"
530572,7519106,33,0,"[0, 1]"
530572,7519106,50,0,"[0, 1]"
530572,7519106,42,0,"[0, 1]"
530572,7519106,36,0,"[0, 1]"
530572,7519106,44,0,"[0, 1]"
530572,7519106,45,0,"[0, 1]"
530572,7519106,49,0,"[0, 1]"
530572,7519106,55,0,"[0, 1]"
530572,7519106,78,0,"[0, 1]"
530572,7519106,63,0,"[0, 1]"
530572,7519106,88,0,"[0, 1]"
530572,7519106,111,0,"[0, 1]"
530572,7519106,99,0,"[0, 1]"
530572,7519106,83,0,"[0, 1]"
530572,7519106,98,0,"[0, 1]"
530572,7519106,66,0,"[0, 1]"
530572,7519106,97,0,"[0, 1]"
530572,7519106,113,0,"[0, 1]"
530572,7519106,73,0,"[0, 1]"
530572,7519106,80,0,"[0, 1]"
530572,7519106,168,0,"[0, 1]"
530572,7519106,207,0,"[0, 1]"
530572,7519106,190,0,"[0, 1]"
530572,7519106,212,0,"[0, 1]"
530572,7519106,158,0,"[0, 1]"
530572,7519106,199,0,"[0, 1]"
530572,7519106,244,0,"[0, 1]"
530572,7519106,195,0,"[0, 1]"
530572,7519106,238,0,"[0, 1]"
530572,7519106,163,0,"[0, 1]"
530572,7519106,130,0,"[0, 1]"
530572,7519106,239,0,"[0, 1]"
530572,7519106,148,0,"[0, 1]"
530572,7519106,204,0,"[0, 1]"
530572,7519106,273,0,"[0, 1]"
530572,7519106,489,0,"[0, 1]"
530572,7519106,298,0,"[0, 1]"
530572,7519106,487,0,"[0, 1]"
530572,7519106,455,0,"[0, 1]"
530572,7519106,380,0,"[0, 1]"
530572,7519106,351,0,"[0, 1]"
530572,7519106,427,0,"[0, 1]"
530572,7519106,457,0,"[0, 1]"
530572,7519106,344,0,"[0, 1]"
530572,7519106,320,0,"[0, 1]"
530572,7519106,309,0,"[0, 1]"
530572,7519106,458,0,"[0, 1]"
530572,7519106,363,0,"[0, 1]"
530572,7519106,289,0,"[0, 1]"
530572,7519106,422,0,"[0, 1]"
530572,7519106,685,0,"[0, 1]"
530572,7519106,839,0,"[0, 1]"
530572,7519106,1017,0,"[0, 1]"
530572,7519106,990,0,"[0, 1]"
530572,7519106,804,0,"[0, 1]"
530572,7519106,672,0,"[0, 1]"
530572,7519106,973,0,"[0, 1]"
530572,7519106,984,0,"[0, 1]"
530572,7519106,531,0,"[0, 1]"
530572,7519106,553,0,"[0, 1]"
530572,7519106,844,0,"[0, 1]"
530572,7519106,832,0,"[0, 1]"
530572,7519106,895,0,"[0, 1]"
530572,7519106,776,0,"[0, 1]"
530572,7519106,831,0,"[0, 1]"
530572,7519106,820,0,"[0, 1]"
530572,7519106,527,0,"[0, 1]"
530572,7519106,803,0,"[0, 1]"
530572,7519106,1091,0,"[0, 1]"
530572,7519106,1910,0,"[0, 1]"
530572,7519106,1113,0,"[0, 1]"
530572,7519106,1290,0,"[0, 1]"
530572,7519106,1231,0,"[0, 1]"
530572,7519106,1718,0,"[0, 1]"
530572,7519106,1482,0,"[0, 1]"
530572,7519106,1520,0,"[0, 1]"
530572,7519106,1116,0,"[0, 1]"
530572,7519106,1869,0,"[0, 1]"
530572,7519106,1124,0,"[0, 1]"
530572,7519106,1691,0,"[0, 1]"
530572,7519106,1692,0,"[0, 1]"
530572,7519106,1806,0,"[0, 1]"
530572,7519106,1673,0,"[0, 1]"
530572,7519106,1042,0,"[0, 1]"
530572,7519106,1120,0,"[0, 1]"
530572,7519106,1893,0,"[0, 1]"
530572,7519106,1448,0,"[0, 1]"
530572,7519106,1988,0,"[0, 1]"
530572,7519106,2481,0,"[0, 1]"
530572,7519106,3916,0,"[0, 1]"
530572,7519106,2409,0,"[0, 1]"
530572,7519106,2144,0,"[0, 1]"
530572,7519106,2750,0,"[0, 1]"
530572,7519106,3440,0,"[0, 1]"
530572,7519106,2830,0,"[0, 1]"
530572,7519106,2540,0,"[0, 1]"
530572,7519106,2969,0,"[0, 1]"
530572,7519106,2777,0,"[0, 1]"
530572,7519106,2983,0,"[0, 1]"
530572,7519106,2050,0,"[0, 1]"
530572,7519106,3125,0,"[0, 1]"
530572,7519106,3795,0,"[0, 1]"
530572,7519106,2233,0,"[0, 1]"
530572,7519106,3134,0,"[0, 1]"
530572,7519106,2892,0,"[0, 1]"
530572,7519106,4052,0,"[0, 1]"
530572,7519106,3816,0,"[0, 1]"
530572,7519106,2246,0,"[0, 1]"
530572,7519106,3088,0,"[0, 1]"
530572,7519106,2554,0,"[0, 1]"
530572,7519106,7678784,1,"[0, 1]"
530572,7519106,7196268,1,"[0, 1]"
530572,7519106,3192747,1,"[0, 1]"
530572,7519106,4297,0,"[0, 1]"
530572,7519106,7582912,1,"[0, 1]"
530572,7519106,7300747,1,"[0, 1]"
530572,7519106,7416980,1,"[0, 1]"
530572,7519106,7544224,1,"[0, 1]"
530572,7519106,7104908,1,"[0, 1]"
530572,7519106,7107525,1,"[0, 1]"
530572,7519106,7106232,1,"[0, 1]"
530572,7519106,4563,0,"[0, 1]"
530572,7519106,7399606,1,"[0, 1]"
530572,7519106,7098857,1,"[0, 1]"
530572,7519106,4272,0,"[0, 1]"
530572,7519106,4597,0,"[0, 1]"
530572,7519106,7173901,1,"[0, 1]"
530572,7519106,7198180,1,"[0, 1]"
530572,7519106,7183615,1,"[0, 1]"
530572,7519106,7146139,1,"[0, 1]"
530572,7519106,7463700,1,"[0, 1]"
530572,7519106,7575647,1,"[0, 1]"
530572,7519106,7188025,1,"[0, 1]"
530572,7519106,7315405,1,"[0, 1]"
527853,4262196,4262196,1,"[1, 0]"
527853,4262196,2190,0,"[1, 0]"
527853,4262196,1094,0,"[1, 0]"
527853,4262196,546,0,"[1, 0]"
527853,4262196,272,0,"[1, 0]"
527853,4262196,135,0,"[1, 0]"
527853,4262196,67,0,"[1, 0]"
527853,4262196,33,0,"[1, 0]"
527853,4262196,16,0,"[1, 0]"
527853,4262196,7,0,"[1, 0]"
527853,4262196,3,0,"[1, 0]"
527853,4262196,1,0,"[1, 0]"
527853,4262196,0,0,"[1, 0]"
527853,4262196,1,0,"[0, 1]"
527853,4262196,2,0,"[0, 1]"
527853,4262196,6,0,"[0, 1]"
527853,4262196,4,0,"[0, 1]"
527853,4262196,5,0,"[0, 1]"
527853,4262196,3,0,"[0, 1]"
527853,4262196,14,0,"[0, 1]"
527853,4262196,8,0,"[0, 1]"
527853,4262196,11,0,"[0, 1]"
527853,4262196,12,0,"[0, 1]"
527853,4262196,9,0,"[0, 1]"
527853,4262196,13,0,"[0, 1]"
527853,4262196,27,0,"[0, 1]"
527853,4262196,23,0,"[0, 1]"
527853,4262196,21,0,"[0, 1]"
527853,4262196,24,0,"[0, 1]"
527853,4262196,15,0,"[0, 1]"
527853,4262196,22,0,"[0, 1]"
527853,4262196,30,0,"[0, 1]"
527853,4262196,20,0,"[0, 1]"
527853,4262196,53,0,"[0, 1]"
527853,4262196,48,0,"[0, 1]"
527853,4262196,36,0,"[0, 1]"
527853,4262196,49,0,"[0, 1]"
527853,4262196,44,0,"[0, 1]"
527853,4262196,58,0,"[0, 1]"
527853,4262196,40,0,"[0, 1]"
527853,4262196,62,0,"[0, 1]"
527853,4262196,51,0,"[0, 1]"
527853,4262196,60,0,"[0, 1]"
527853,4262196,73,0,"[0, 1]"
527853,4262196,102,0,"[0, 1]"
527853,4262196,122,0,"[0, 1]"
527853,4262196,90,0,"[0, 1]"
527853,4262196,118,0,"[0, 1]"
527853,4262196,119,0,"[0, 1]"
527853,4262196,112,0,"[0, 1]"
527853,4262196,121,0,"[0, 1]"
527853,4262196,76,0,"[0, 1]"
527853,4262196,72,0,"[0, 1]"
527853,4262196,101,0,"[0, 1]"
527853,4262196,81,0,"[0, 1]"
527853,4262196,229,0,"[0, 1]"
527853,4262196,129,0,"[0, 1]"
527853,4262196,183,0,"[0, 1]"
527853,4262196,131,0,"[0, 1]"
527853,4262196,141,0,"[0, 1]"
527853,4262196,198,0,"[0, 1]"
527853,4262196,225,0,"[0, 1]"
527853,4262196,171,0,"[0, 1]"
527853,4262196,137,0,"[0, 1]"
527853,4262196,157,0,"[0, 1]"
527853,4262196,213,0,"[0, 1]"
527853,4262196,238,0,"[0, 1]"
527853,4262196,202,0,"[0, 1]"
527853,4262196,245,0,"[0, 1]"
527853,4262196,303,0,"[0, 1]"
527853,4262196,445,0,"[0, 1]"
527853,4262196,463,0,"[0, 1]"
527853,4262196,433,0,"[0, 1]"
527853,4262196,316,0,"[0, 1]"
527853,4262196,310,0,"[0, 1]"
527853,4262196,362,0,"[0, 1]"
527853,4262196,377,0,"[0, 1]"
527853,4262196,450,0,"[0, 1]"
527853,4262196,395,0,"[0, 1]"
527853,4262196,421,0,"[0, 1]"
527853,4262196,302,0,"[0, 1]"
527853,4262196,449,0,"[0, 1]"
527853,4262196,428,0,"[0, 1]"
527853,4262196,504,0,"[0, 1]"
527853,4262196,321,0,"[0, 1]"
527853,4262196,635,0,"[0, 1]"
527853,4262196,702,0,"[0, 1]"
527853,4262196,638,0,"[0, 1]"
527853,4262196,933,0,"[0, 1]"
527853,4262196,946,0,"[0, 1]"
527853,4262196,890,0,"[0, 1]"
527853,4262196,917,0,"[0, 1]"
527853,4262196,959,0,"[0, 1]"
527853,4262196,602,0,"[0, 1]"
527853,4262196,1018,0,"[0, 1]"
527853,4262196,616,0,"[0, 1]"
527853,4262196,534,0,"[0, 1]"
527853,4262196,841,0,"[0, 1]"
527853,4262196,711,0,"[0, 1]"
527853,4262196,934,0,"[0, 1]"
527853,4262196,827,0,"[0, 1]"
527853,4262196,825,0,"[0, 1]"
527853,4262196,523,0,"[0, 1]"
527853,4262196,2041,0,"[0, 1]"
527853,4262196,1888,0,"[0, 1]"
527853,4262196,1177,0,"[0, 1]"
527853,4262196,1043,0,"[0, 1]"
527853,4262196,1232,0,"[0, 1]"
527853,4262196,1976,0,"[0, 1]"
527853,4262196,1294,0,"[0, 1]"
527853,4262196,1679,0,"[0, 1]"
527853,4262196,1821,0,"[0, 1]"
527853,4262196,1208,0,"[0, 1]"
527853,4262196,1814,0,"[0, 1]"
527853,4262196,1150,0,"[0, 1]"
527853,4262196,2037,0,"[0, 1]"
527853,4262196,1746,0,"[0, 1]"
527853,4262196,1892,0,"[0, 1]"
527853,4262196,1471,0,"[0, 1]"
527853,4262196,1747,0,"[0, 1]"
527853,4262196,1655,0,"[0, 1]"
527853,4262196,1091,0,"[0, 1]"
527853,4262196,1549,0,"[0, 1]"
527853,4262196,2766,0,"[0, 1]"
527853,4262196,4044,0,"[0, 1]"
527853,4262196,3963,0,"[0, 1]"
527853,4262196,3490,0,"[0, 1]"
527853,4262196,2226,0,"[0, 1]"
527853,4262196,3796,0,"[0, 1]"
527853,4262196,2789,0,"[0, 1]"
527853,4262196,2676,0,"[0, 1]"
527853,4262196,2775,0,"[0, 1]"
527853,4262196,2502,0,"[0, 1]"
527853,4262196,2191,0,"[0, 1]"
527853,4262196,2270,0,"[0, 1]"
527853,4262196,3852,0,"[0, 1]"
527853,4262196,2398,0,"[0, 1]"
527853,4262196,2375,0,"[0, 1]"
527853,4262196,2635,0,"[0, 1]"
527853,4262196,2822,0,"[0, 1]"
527853,4262196,2609,0,"[0, 1]"
527853,4262196,3066,0,"[0, 1]"
527853,4262196,2237,0,"[0, 1]"
527853,4262196,3365,0,"[0, 1]"
527853,4262196,2950,0,"[0, 1]"
527853,4262196,7494327,1,"[0, 1]"
527853,4262196,4545,0,"[0, 1]"
527853,4262196,7148217,1,"[0, 1]"
527853,4262196,7153842,1,"[0, 1]"
527853,4262196,1602468,1,"[0, 1]"
527853,4262196,7327314,1,"[0, 1]"
527853,4262196,7135580,1,"[0, 1]"
527853,4262196,7183442,1,"[0, 1]"
527853,4262196,7227476,1,"[0, 1]"
527853,4262196,92150,1,"[0, 1]"
527853,4262196,7638955,1,"[0, 1]"
527853,4262196,4955,0,"[0, 1]"
527853,4262196,4226,0,"[0, 1]"
527853,4262196,4642,0,"[0, 1]"
527853,4262196,7549947,1,"[0, 1]"
527853,4262196,4998,0,"[0, 1]"
527853,4262196,4213956,1,"[0, 1]"
527853,4262196,7180637,1,"[0, 1]"
527853,4262196,7359057,1,"[0, 1]"
527853,4262196,7672252,1,"[0, 1]"
527853,4262196,7392290,1,"[0, 1]"
527853,4262196,4688552,1,"[0, 1]"
527853,4262196,7500732,1,"[0, 1]"
527853,4262196,4270,0,"[0, 1]"
1096262,7213778,7213778,1,"[1, 0]"
1096262,7213778,2898,0,"[1, 0]"
1096262,7213778,1448,0,"[1, 0]"
1096262,7213778,723,0,"[1, 0]"
1096262,7213778,361,0,"[1, 0]"
1096262,7213778,180,0,"[1, 0]"
1096262,7213778,89,0,"[1, 0]"
1096262,7213778,44,0,"[1, 0]"
1096262,7213778,21,0,"[1, 0]"
1096262,7213778,10,0,"[1, 0]"
1096262,7213778,4,0,"[1, 0]"
1096262,7213778,1,0,"[1, 0]"
1096262,7213778,0,0,"[1, 0]"
1096262,7213778,1,0,"[0, 1]"
1096262,7213778,2,0,"[0, 1]"
1096262,7213778,3,0,"[0, 1]"
1096262,7213778,4,0,"[0, 1]"
1096262,7213778,6,0,"[0, 1]"
1096262,7213778,5,0,"[0, 1]"
1096262,7213778,9,0,"[0, 1]"
1096262,7213778,10,0,"[0, 1]"
1096262,7213778,7,0,"[0, 1]"
1096262,7213778,12,0,"[0, 1]"
1096262,7213778,11,0,"[0, 1]"
1096262,7213778,13,0,"[0, 1]"
1096262,7213778,28,0,"[0, 1]"
1096262,7213778,24,0,"[0, 1]"
1096262,7213778,29,0,"[0, 1]"
1096262,7213778,30,0,"[0, 1]"
1096262,7213778,18,0,"[0, 1]"
1096262,7213778,17,0,"[0, 1]"
1096262,7213778,20,0,"[0, 1]"
1096262,7213778,22,0,"[0, 1]"
1096262,7213778,50,0,"[0, 1]"
1096262,7213778,62,0,"[0, 1]"
1096262,7213778,47,0,"[0, 1]"
1096262,7213778,59,0,"[0, 1]"
1096262,7213778,49,0,"[0, 1]"
1096262,7213778,39,0,"[0, 1]"
1096262,7213778,33,0,"[0, 1]"
1096262,7213778,32,0,"[0, 1]"
1096262,7213778,35,0,"[0, 1]"
1096262,7213778,57,0,"[0, 1]"
1096262,7213778,73,0,"[0, 1]"
1096262,7213778,74,0,"[0, 1]"
1096262,7213778,86,0,"[0, 1]"
1096262,7213778,111,0,"[0, 1]"
1096262,7213778,69,0,"[0, 1]"
1096262,7213778,87,0,"[0, 1]"
1096262,7213778,104,0,"[0, 1]"
1096262,7213778,88,0,"[0, 1]"
1096262,7213778,98,0,"[0, 1]"
1096262,7213778,117,0,"[0, 1]"
1096262,7213778,101,0,"[0, 1]"
1096262,7213778,97,0,"[0, 1]"
1096262,7213778,223,0,"[0, 1]"
1096262,7213778,245,0,"[0, 1]"
1096262,7213778,200,0,"[0, 1]"
1096262,7213778,153,0,"[0, 1]"
1096262,7213778,138,0,"[0, 1]"
1096262,7213778,147,0,"[0, 1]"
1096262,7213778,215,0,"[0, 1]"
1096262,7213778,174,0,"[0, 1]"
1096262,7213778,220,0,"[0, 1]"
1096262,7213778,238,0,"[0, 1]"
1096262,7213778,139,0,"[0, 1]"
1096262,7213778,160,0,"[0, 1]"
1096262,7213778,199,0,"[0, 1]"
1096262,7213778,250,0,"[0, 1]"
1096262,7213778,455,0,"[0, 1]"
1096262,7213778,310,0,"[0, 1]"
1096262,7213778,375,0,"[0, 1]"
1096262,7213778,296,0,"[0, 1]"
1096262,7213778,256,0,"[0, 1]"
1096262,7213778,343,0,"[0, 1]"
1096262,7213778,294,0,"[0, 1]"
1096262,7213778,314,0,"[0, 1]"
1096262,7213778,490,0,"[0, 1]"
1096262,7213778,407,0,"[0, 1]"
1096262,7213778,264,0,"[0, 1]"
1096262,7213778,346,0,"[0, 1]"
1096262,7213778,302,0,"[0, 1]"
1096262,7213778,340,0,"[0, 1]"
1096262,7213778,309,0,"[0, 1]"
1096262,7213778,372,0,"[0, 1]"
1096262,7213778,873,0,"[0, 1]"
1096262,7213778,546,0,"[0, 1]"
1096262,7213778,531,0,"[0, 1]"
1096262,7213778,806,0,"[0, 1]"
1096262,7213778,741,0,"[0, 1]"
1096262,7213778,695,0,"[0, 1]"
1096262,7213778,652,0,"[0, 1]"
1096262,7213778,689,0,"[0, 1]"
1096262,7213778,738,0,"[0, 1]"
1096262,7213778,941,0,"[0, 1]"
1096262,7213778,616,0,"[0, 1]"
1096262,7213778,787,0,"[0, 1]"
1096262,7213778,819,0,"[0, 1]"
1096262,7213778,779,0,"[0, 1]"
1096262,7213778,942,0,"[0, 1]"
1096262,7213778,827,0,"[0, 1]"
1096262,7213778,988,0,"[0, 1]"
1096262,7213778,736,0,"[0, 1]"
1096262,7213778,1265,0,"[0, 1]"
1096262,7213778,1519,0,"[0, 1]"
1096262,7213778,1659,0,"[0, 1]"
1096262,7213778,1234,0,"[0, 1]"
1096262,7213778,1192,0,"[0, 1]"
1096262,7213778,1515,0,"[0, 1]"
1096262,7213778,1498,0,"[0, 1]"
1096262,7213778,1990,0,"[0, 1]"
1096262,7213778,1106,0,"[0, 1]"
1096262,7213778,1997,0,"[0, 1]"
1096262,7213778,1069,0,"[0, 1]"
1096262,7213778,1535,0,"[0, 1]"
1096262,7213778,1875,0,"[0, 1]"
1096262,7213778,1993,0,"[0, 1]"
1096262,7213778,1913,0,"[0, 1]"
1096262,7213778,1598,0,"[0, 1]"
1096262,7213778,1312,0,"[0, 1]"
1096262,7213778,1609,0,"[0, 1]"
1096262,7213778,1497,0,"[0, 1]"
1096262,7213778,1066,0,"[0, 1]"
1096262,7213778,2843,0,"[0, 1]"
1096262,7213778,3662,0,"[0, 1]"
1096262,7213778,3728,0,"[0, 1]"
1096262,7213778,3910,0,"[0, 1]"
1096262,7213778,3562,0,"[0, 1]"
1096262,7213778,3132,0,"[0, 1]"
1096262,7213778,3337,0,"[0, 1]"
1096262,7213778,2555,0,"[0, 1]"
1096262,7213778,2073,0,"[0, 1]"
1096262,7213778,2168,0,"[0, 1]"
1096262,7213778,3820,0,"[0, 1]"
1096262,7213778,3695,0,"[0, 1]"
1096262,7213778,2936,0,"[0, 1]"
1096262,7213778,2950,0,"[0, 1]"
1096262,7213778,3760,0,"[0, 1]"
1096262,7213778,3160,0,"[0, 1]"
1096262,7213778,3839,0,"[0, 1]"
1096262,7213778,2299,0,"[0, 1]"
1096262,7213778,2411,0,"[0, 1]"
1096262,7213778,2763,0,"[0, 1]"
1096262,7213778,3430,0,"[0, 1]"
1096262,7213778,3947,0,"[0, 1]"
1096262,7213778,7158532,1,"[0, 1]"
1096262,7213778,7301814,1,"[0, 1]"
1096262,7213778,4958,0,"[0, 1]"
1096262,7213778,7202337,1,"[0, 1]"
1096262,7213778,7541334,1,"[0, 1]"
1096262,7213778,7092963,1,"[0, 1]"
1096262,7213778,7646257,1,"[0, 1]"
1096262,7213778,7129543,1,"[0, 1]"
1096262,7213778,4771,0,"[0, 1]"
1096262,7213778,7395044,1,"[0, 1]"
1096262,7213778,7553018,1,"[0, 1]"
1096262,7213778,7128560,1,"[0, 1]"
1096262,7213778,7317831,1,"[0, 1]"
1096262,7213778,7094260,1,"[0, 1]"
1096262,7213778,7258706,1,"[0, 1]"
1096262,7213778,4839,0,"[0, 1]"
1096262,7213778,4134,0,"[0, 1]"
1096262,7213778,7290481,1,"[0, 1]"
1096262,7213778,146223,1,"[0, 1]"
1096262,7213778,4557,0,"[0, 1]"
1096262,7213778,7181518,1,"[0, 1]"
1096262,7213778,7294846,1,"[0, 1]"
1096262,7213778,7220206,1,"[0, 1]"
1096262,7213778,7505469,1,"[0, 1]"
573899,4792479,4792479,1,"[1, 0]"
573899,4792479,4258,0,"[1, 0]"
573899,4792479,2417,0,"[1, 0]"
573899,4792479,1208,0,"[1, 0]"
573899,4792479,603,0,"[1, 0]"
573899,4792479,301,0,"[1, 0]"
573899,4792479,150,0,"[1, 0]"
573899,4792479,74,0,"[1, 0]"
573899,4792479,36,0,"[1, 0]"
573899,4792479,17,0,"[1, 0]"
573899,4792479,8,0,"[1, 0]"
573899,4792479,3,0,"[1, 0]"
573899,4792479,1,0,"[1, 0]"
573899,4792479,0,0,"[1, 0]"
573899,4792479,2,0,"[0, 1]"
573899,4792479,1,0,"[0, 1]"
573899,4792479,5,0,"[0, 1]"
573899,4792479,6,0,"[0, 1]"
573899,4792479,3,0,"[0, 1]"
573899,4792479,4,0,"[0, 1]"
573899,4792479,13,0,"[0, 1]"
573899,4792479,10,0,"[0, 1]"
573899,4792479,7,0,"[0, 1]"
573899,4792479,12,0,"[0, 1]"
573899,4792479,8,0,"[0, 1]"
573899,4792479,11,0,"[0, 1]"
573899,4792479,22,0,"[0, 1]"
573899,4792479,18,0,"[0, 1]"
573899,4792479,29,0,"[0, 1]"
573899,4792479,30,0,"[0, 1]"
573899,4792479,20,0,"[0, 1]"
573899,4792479,19,0,"[0, 1]"
573899,4792479,26,0,"[0, 1]"
573899,4792479,17,0,"[0, 1]"
573899,4792479,32,0,"[0, 1]"
573899,4792479,53,0,"[0, 1]"
573899,4792479,55,0,"[0, 1]"
573899,4792479,48,0,"[0, 1]"
573899,4792479,51,0,"[0, 1]"
573899,4792479,49,0,"[0, 1]"
573899,4792479,47,0,"[0, 1]"
573899,4792479,60,0,"[0, 1]"
573899,4792479,43,0,"[0, 1]"
573899,4792479,31,0,"[0, 1]"
573899,4792479,109,0,"[0, 1]"
573899,4792479,66,0,"[0, 1]"
573899,4792479,72,0,"[0, 1]"
573899,4792479,75,0,"[0, 1]"
573899,4792479,90,0,"[0, 1]"
573899,4792479,106,0,"[0, 1]"
573899,4792479,119,0,"[0, 1]"
573899,4792479,81,0,"[0, 1]"
573899,4792479,73,0,"[0, 1]"
573899,4792479,120,0,"[0, 1]"
573899,4792479,76,0,"[0, 1]"
573899,4792479,82,0,"[0, 1]"
573899,4792479,141,0,"[0, 1]"
573899,4792479,171,0,"[0, 1]"
573899,4792479,249,0,"[0, 1]"
573899,4792479,224,0,"[0, 1]"
573899,4792479,225,0,"[0, 1]"
573899,4792479,158,0,"[0, 1]"
573899,4792479,202,0,"[0, 1]"
573899,4792479,236,0,"[0, 1]"
573899,4792479,233,0,"[0, 1]"
573899,4792479,248,0,"[0, 1]"
573899,4792479,150,0,"[0, 1]"
573899,4792479,189,0,"[0, 1]"
573899,4792479,174,0,"[0, 1]"
573899,4792479,217,0,"[0, 1]"
573899,4792479,354,0,"[0, 1]"
573899,4792479,285,0,"[0, 1]"
573899,4792479,327,0,"[0, 1]"
573899,4792479,328,0,"[0, 1]"
573899,4792479,434,0,"[0, 1]"
573899,4792479,445,0,"[0, 1]"
573899,4792479,398,0,"[0, 1]"
573899,4792479,463,0,"[0, 1]"
573899,4792479,426,0,"[0, 1]"
573899,4792479,338,0,"[0, 1]"
573899,4792479,503,0,"[0, 1]"
573899,4792479,312,0,"[0, 1]"
573899,4792479,491,0,"[0, 1]"
573899,4792479,317,0,"[0, 1]"
573899,4792479,316,0,"[0, 1]"
573899,4792479,379,0,"[0, 1]"
573899,4792479,660,0,"[0, 1]"
573899,4792479,762,0,"[0, 1]"
573899,4792479,795,0,"[0, 1]"
573899,4792479,776,0,"[0, 1]"
573899,4792479,718,0,"[0, 1]"
573899,4792479,942,0,"[0, 1]"
573899,4792479,771,0,"[0, 1]"
573899,4792479,1005,0,"[0, 1]"
573899,4792479,949,0,"[0, 1]"
573899,4792479,620,0,"[0, 1]"
573899,4792479,974,0,"[0, 1]"
573899,4792479,711,0,"[0, 1]"
573899,4792479,746,0,"[0, 1]"
573899,4792479,663,0,"[0, 1]"
573899,4792479,598,0,"[0, 1]"
573899,4792479,686,0,"[0, 1]"
573899,4792479,736,0,"[0, 1]"
573899,4792479,921,0,"[0, 1]"
573899,4792479,1251,0,"[0, 1]"
573899,4792479,1729,0,"[0, 1]"
573899,4792479,1268,0,"[0, 1]"
573899,4792479,1794,0,"[0, 1]"
573899,4792479,1615,0,"[0, 1]"
573899,4792479,1302,0,"[0, 1]"
573899,4792479,1101,0,"[0, 1]"
573899,4792479,1872,0,"[0, 1]"
573899,4792479,2002,0,"[0, 1]"
573899,4792479,1909,0,"[0, 1]"
573899,4792479,1447,0,"[0, 1]"
573899,4792479,1835,0,"[0, 1]"
573899,4792479,1732,0,"[0, 1]"
573899,4792479,1047,0,"[0, 1]"
573899,4792479,1445,0,"[0, 1]"
573899,4792479,1226,0,"[0, 1]"
573899,4792479,1291,0,"[0, 1]"
573899,4792479,1472,0,"[0, 1]"
573899,4792479,1412,0,"[0, 1]"
573899,4792479,1330,0,"[0, 1]"
573899,4792479,2230,0,"[0, 1]"
573899,4792479,2205,0,"[0, 1]"
573899,4792479,3277,0,"[0, 1]"
573899,4792479,2871,0,"[0, 1]"
573899,4792479,3966,0,"[0, 1]"
573899,4792479,3556,0,"[0, 1]"
573899,4792479,3677,0,"[0, 1]"
573899,4792479,2904,0,"[0, 1]"
573899,4792479,3044,0,"[0, 1]"
573899,4792479,2627,0,"[0, 1]"
573899,4792479,3250,0,"[0, 1]"
573899,4792479,2245,0,"[0, 1]"
573899,4792479,4082,0,"[0, 1]"
573899,4792479,2421,0,"[0, 1]"
573899,4792479,2864,0,"[0, 1]"
573899,4792479,2428,0,"[0, 1]"
573899,4792479,2780,0,"[0, 1]"
573899,4792479,2067,0,"[0, 1]"
573899,4792479,2313,0,"[0, 1]"
573899,4792479,2524,0,"[0, 1]"
573899,4792479,3938,0,"[0, 1]"
573899,4792479,2425,0,"[0, 1]"
573899,4792479,7103585,1,"[0, 1]"
573899,4792479,4482,0,"[0, 1]"
573899,4792479,7203363,1,"[0, 1]"
573899,4792479,7553263,1,"[0, 1]"
573899,4792479,7359558,1,"[0, 1]"
573899,4792479,7465742,1,"[0, 1]"
573899,4792479,4391,0,"[0, 1]"
573899,4792479,7250297,1,"[0, 1]"
573899,4792479,7245227,1,"[0, 1]"
573899,4792479,4893,0,"[0, 1]"
573899,4792479,7169564,1,"[0, 1]"
573899,4792479,7115471,1,"[0, 1]"
573899,4792479,4121,0,"[0, 1]"
573899,4792479,7460936,1,"[0, 1]"
573899,4792479,7299269,1,"[0, 1]"
573899,4792479,7591471,1,"[0, 1]"
573899,4792479,7118963,1,"[0, 1]"
573899,4792479,7125967,1,"[0, 1]"
573899,4792479,4739,0,"[0, 1]"
573899,4792479,7210452,1,"[0, 1]"
573899,4792479,7304789,1,"[0, 1]"
573899,4792479,7409861,1,"[0, 1]"
573899,4792479,7472063,1,"[0, 1]"
573899,4792479,7342150,1,"[0, 1]"
573899,4792479,7569535,1,"[0, 1]"
573899,4792479,7190556,1,"[0, 1]"
573899,4792479,7429625,1,"[0, 1]"
573899,4792479,7647720,1,"[0, 1]"
573899,4792479,7556353,1,"[0, 1]"
573899,4792479,7078956,1,"[0, 1]"
573899,4792479,7638762,1,"[0, 1]"
573899,4792479,7520282,1,"[0, 1]"
573899,4792479,7216281,1,"[0, 1]"
573899,4792479,7627224,1,"[0, 1]"
573899,4792479,395796,1,"[0, 1]"
573899,4792479,1361892,1,"[0, 1]"
573899,4792479,7376967,1,"[0, 1]"
573899,4792479,6327761,1,"[0, 1]"
573899,4792479,7578203,1,"[0, 1]"
573899,4792479,5228964,1,"[0, 1]"
573899,4792479,7290134,1,"[0, 1]"
573899,4792479,7403506,1,"[0, 1]"
573899,4792479,7200025,1,"[0, 1]"
573899,4792479,7292455,1,"[0, 1]"
573899,4792479,7215382,1,"[0, 1]"
573899,4792479,7561410,1,"[0, 1]"
573899,4792479,7370908,1,"[0, 1]"
573899,4792479,7216577,1,"[0, 1]"
573899,4792479,7475195,1,"[0, 1]"
573899,4792479,7143620,1,"[0, 1]"
97972,7519332,7519332,1,"[1, 0]"
97972,7519332,3388,0,"[1, 0]"
97972,7519332,1693,0,"[1, 0]"
97972,7519332,846,0,"[1, 0]"
97972,7519332,422,0,"[1, 0]"
97972,7519332,210,0,"[1, 0]"
97972,7519332,104,0,"[1, 0]"
97972,7519332,51,0,"[1, 0]"
97972,7519332,25,0,"[1, 0]"
97972,7519332,12,0,"[1, 0]"
97972,7519332,5,0,"[1, 0]"
97972,7519332,2,0,"[1, 0]"
97972,7519332,0,0,"[1, 0]"
97972,7519332,2,0,"[0, 1]"
97972,7519332,1,0,"[0, 1]"
97972,7519332,5,0,"[0, 1]"
97972,7519332,3,0,"[0, 1]"
97972,7519332,4,0,"[0, 1]"
97972,7519332,6,0,"[0, 1]"
97972,7519332,11,0,"[0, 1]"
97972,7519332,12,0,"[0, 1]"
97972,7519332,9,0,"[0, 1]"
97972,7519332,10,0,"[0, 1]"
97972,7519332,8,0,"[0, 1]"
97972,7519332,13,0,"[0, 1]"
97972,7519332,21,0,"[0, 1]"
97972,7519332,20,0,"[0, 1]"
97972,7519332,15,0,"[0, 1]"
97972,7519332,19,0,"[0, 1]"
97972,7519332,16,0,"[0, 1]"
97972,7519332,26,0,"[0, 1]"
97972,7519332,18,0,"[0, 1]"
97972,7519332,23,0,"[0, 1]"
97972,7519332,61,0,"[0, 1]"
97972,7519332,38,0,"[0, 1]"
97972,7519332,45,0,"[0, 1]"
97972,7519332,42,0,"[0, 1]"
97972,7519332,52,0,"[0, 1]"
97972,7519332,51,0,"[0, 1]"
97972,7519332,41,0,"[0, 1]"
97972,7519332,35,0,"[0, 1]"
97972,7519332,33,0,"[0, 1]"
97972,7519332,53,0,"[0, 1]"
97972,7519332,80,0,"[0, 1]"
97972,7519332,125,0,"[0, 1]"
97972,7519332,66,0,"[0, 1]"
97972,7519332,77,0,"[0, 1]"
97972,7519332,114,0,"[0, 1]"
97972,7519332,67,0,"[0, 1]"
97972,7519332,79,0,"[0, 1]"
97972,7519332,74,0,"[0, 1]"
97972,7519332,98,0,"[0, 1]"
97972,7519332,104,0,"[0, 1]"
97972,7519332,105,0,"[0, 1]"
97972,7519332,123,0,"[0, 1]"
97972,7519332,187,0,"[0, 1]"
97972,7519332,227,0,"[0, 1]"
97972,7519332,245,0,"[0, 1]"
97972,7519332,173,0,"[0, 1]"
97972,7519332,248,0,"[0, 1]"
97972,7519332,158,0,"[0, 1]"
97972,7519332,142,0,"[0, 1]"
97972,7519332,132,0,"[0, 1]"
97972,7519332,241,0,"[0, 1]"
97972,7519332,249,0,"[0, 1]"
97972,7519332,222,0,"[0, 1]"
97972,7519332,140,0,"[0, 1]"
97972,7519332,231,0,"[0, 1]"
97972,7519332,174,0,"[0, 1]"
97972,7519332,473,0,"[0, 1]"
97972,7519332,362,0,"[0, 1]"
97972,7519332,325,0,"[0, 1]"
97972,7519332,384,0,"[0, 1]"
97972,7519332,463,0,"[0, 1]"
97972,7519332,352,0,"[0, 1]"
97972,7519332,271,0,"[0, 1]"
97972,7519332,460,0,"[0, 1]"
97972,7519332,413,0,"[0, 1]"
97972,7519332,501,0,"[0, 1]"
97972,7519332,390,0,"[0, 1]"
97972,7519332,398,0,"[0, 1]"
97972,7519332,287,0,"[0, 1]"
97972,7519332,478,0,"[0, 1]"
97972,7519332,444,0,"[0, 1]"
97972,7519332,368,0,"[0, 1]"
97972,7519332,526,0,"[0, 1]"
97972,7519332,682,0,"[0, 1]"
97972,7519332,653,0,"[0, 1]"
97972,7519332,924,0,"[0, 1]"
97972,7519332,535,0,"[0, 1]"
97972,7519332,892,0,"[0, 1]"
97972,7519332,991,0,"[0, 1]"
97972,7519332,990,0,"[0, 1]"
97972,7519332,588,0,"[0, 1]"
97972,7519332,569,0,"[0, 1]"
97972,7519332,926,0,"[0, 1]"
97972,7519332,886,0,"[0, 1]"
97972,7519332,758,0,"[0, 1]"
97972,7519332,910,0,"[0, 1]"
97972,7519332,646,0,"[0, 1]"
97972,7519332,738,0,"[0, 1]"
97972,7519332,627,0,"[0, 1]"
97972,7519332,973,0,"[0, 1]"
97972,7519332,1681,0,"[0, 1]"
97972,7519332,1918,0,"[0, 1]"
97972,7519332,1466,0,"[0, 1]"
97972,7519332,1645,0,"[0, 1]"
97972,7519332,1557,0,"[0, 1]"
97972,7519332,1509,0,"[0, 1]"
97972,7519332,1806,0,"[0, 1]"
97972,7519332,1205,0,"[0, 1]"
97972,7519332,1926,0,"[0, 1]"
97972,7519332,1041,0,"[0, 1]"
97972,7519332,1610,0,"[0, 1]"
97972,7519332,1864,0,"[0, 1]"
97972,7519332,1946,0,"[0, 1]"
97972,7519332,1723,0,"[0, 1]"
97972,7519332,1800,0,"[0, 1]"
97972,7519332,1533,0,"[0, 1]"
97972,7519332,1026,0,"[0, 1]"
97972,7519332,1271,0,"[0, 1]"
97972,7519332,1587,0,"[0, 1]"
97972,7519332,1461,0,"[0, 1]"
97972,7519332,3014,0,"[0, 1]"
97972,7519332,2229,0,"[0, 1]"
97972,7519332,2685,0,"[0, 1]"
97972,7519332,4088,0,"[0, 1]"
97972,7519332,3762,0,"[0, 1]"
97972,7519332,2946,0,"[0, 1]"
97972,7519332,2310,0,"[0, 1]"
97972,7519332,3177,0,"[0, 1]"
97972,7519332,2182,0,"[0, 1]"
97972,7519332,3264,0,"[0, 1]"
97972,7519332,3424,0,"[0, 1]"
97972,7519332,2828,0,"[0, 1]"
97972,7519332,3276,0,"[0, 1]"
97972,7519332,3506,0,"[0, 1]"
97972,7519332,2967,0,"[0, 1]"
97972,7519332,3969,0,"[0, 1]"
97972,7519332,2737,0,"[0, 1]"
97972,7519332,2214,0,"[0, 1]"
97972,7519332,2952,0,"[0, 1]"
97972,7519332,4046,0,"[0, 1]"
97972,7519332,3512,0,"[0, 1]"
97972,7519332,3460,0,"[0, 1]"
97972,7519332,7633169,1,"[0, 1]"
97972,7519332,5034699,1,"[0, 1]"
97972,7519332,7119187,1,"[0, 1]"
97972,7519332,7519332,1,"[0, 1]"
97972,7519332,7331507,1,"[0, 1]"
97972,7519332,4819,0,"[0, 1]"
97972,7519332,7674432,1,"[0, 1]"
97972,7519332,7294838,1,"[0, 1]"
97972,7519332,4215,0,"[0, 1]"
97972,7519332,7222347,1,"[0, 1]"
97972,7519332,7628155,1,"[0, 1]"
97972,7519332,4526,0,"[0, 1]"
97972,7519332,4977,0,"[0, 1]"
97972,7519332,7499518,1,"[0, 1]"
97972,7519332,7118963,1,"[0, 1]"
97972,7519332,7212499,1,"[0, 1]"
97972,7519332,1260909,1,"[0, 1]"
97972,7519332,7257114,1,"[0, 1]"
97972,7519332,7290481,1,"[0, 1]"
97972,7519332,7412199,1,"[0, 1]"
97972,7519332,7177597,1,"[0, 1]"
97972,7519332,6105995,1,"[0, 1]"
97972,7519332,691855,1,"[0, 1]"
97972,7519332,7450366,1,"[0, 1]"
422827,7519478,7519478,1,"[1, 0]"
422827,7519478,4887,0,"[1, 0]"
422827,7519478,3844,0,"[1, 0]"
422827,7519478,1921,0,"[1, 0]"
422827,7519478,960,0,"[1, 0]"
422827,7519478,479,0,"[1, 0]"
422827,7519478,239,0,"[1, 0]"
422827,7519478,119,0,"[1, 0]"
422827,7519478,59,0,"[1, 0]"
422827,7519478,29,0,"[1, 0]"
422827,7519478,14,0,"[1, 0]"
422827,7519478,6,0,"[1, 0]"
422827,7519478,2,0,"[1, 0]"
422827,7519478,0,0,"[1, 0]"
422827,7519478,2,0,"[0, 1]"
422827,7519478,1,0,"[0, 1]"
422827,7519478,3,0,"[0, 1]"
422827,7519478,6,0,"[0, 1]"
422827,7519478,5,0,"[0, 1]"
422827,7519478,4,0,"[0, 1]"
422827,7519478,7,0,"[0, 1]"
422827,7519478,14,0,"[0, 1]"
422827,7519478,13,0,"[0, 1]"
422827,7519478,12,0,"[0, 1]"
422827,7519478,9,0,"[0, 1]"
422827,7519478,10,0,"[0, 1]"
422827,7519478,25,0,"[0, 1]"
422827,7519478,26,0,"[0, 1]"
422827,7519478,21,0,"[0, 1]"
422827,7519478,24,0,"[0, 1]"
422827,7519478,20,0,"[0, 1]"
422827,7519478,17,0,"[0, 1]"
422827,7519478,19,0,"[0, 1]"
422827,7519478,28,0,"[0, 1]"
422827,7519478,49,0,"[0, 1]"
422827,7519478,40,0,"[0, 1]"
422827,7519478,61,0,"[0, 1]"
422827,7519478,45,0,"[0, 1]"
422827,7519478,34,0,"[0, 1]"
422827,7519478,35,0,"[0, 1]"
422827,7519478,54,0,"[0, 1]"
422827,7519478,48,0,"[0, 1]"
422827,7519478,32,0,"[0, 1]"
422827,7519478,56,0,"[0, 1]"
422827,7519478,108,0,"[0, 1]"
422827,7519478,110,0,"[0, 1]"
422827,7519478,117,0,"[0, 1]"
422827,7519478,82,0,"[0, 1]"
422827,7519478,106,0,"[0, 1]"
422827,7519478,126,0,"[0, 1]"
422827,7519478,88,0,"[0, 1]"
422827,7519478,92,0,"[0, 1]"
422827,7519478,71,0,"[0, 1]"
422827,7519478,122,0,"[0, 1]"
422827,7519478,116,0,"[0, 1]"
422827,7519478,86,0,"[0, 1]"
422827,7519478,246,0,"[0, 1]"
422827,7519478,156,0,"[0, 1]"
422827,7519478,209,0,"[0, 1]"
422827,7519478,158,0,"[0, 1]"
422827,7519478,234,0,"[0, 1]"
422827,7519478,181,0,"[0, 1]"
422827,7519478,210,0,"[0, 1]"
422827,7519478,221,0,"[0, 1]"
422827,7519478,237,0,"[0, 1]"
422827,7519478,254,0,"[0, 1]"
422827,7519478,220,0,"[0, 1]"
422827,7519478,252,0,"[0, 1]"
422827,7519478,226,0,"[0, 1]"
422827,7519478,154,0,"[0, 1]"
422827,7519478,416,0,"[0, 1]"
422827,7519478,483,0,"[0, 1]"
422827,7519478,280,0,"[0, 1]"
422827,7519478,447,0,"[0, 1]"
422827,7519478,488,0,"[0, 1]"
422827,7519478,384,0,"[0, 1]"
422827,7519478,468,0,"[0, 1]"
422827,7519478,308,0,"[0, 1]"
422827,7519478,473,0,"[0, 1]"
422827,7519478,499,0,"[0, 1]"
422827,7519478,319,0,"[0, 1]"
422827,7519478,481,0,"[0, 1]"
422827,7519478,498,0,"[0, 1]"
422827,7519478,393,0,"[0, 1]"
422827,7519478,465,0,"[0, 1]"
422827,7519478,428,0,"[0, 1]"
422827,7519478,712,0,"[0, 1]"
422827,7519478,701,0,"[0, 1]"
422827,7519478,946,0,"[0, 1]"
422827,7519478,770,0,"[0, 1]"
422827,7519478,706,0,"[0, 1]"
422827,7519478,545,0,"[0, 1]"
422827,7519478,1012,0,"[0, 1]"
422827,7519478,829,0,"[0, 1]"
422827,7519478,827,0,"[0, 1]"
422827,7519478,754,0,"[0, 1]"
422827,7519478,623,0,"[0, 1]"
422827,7519478,521,0,"[0, 1]"
422827,7519478,970,0,"[0, 1]"
422827,7519478,573,0,"[0, 1]"
422827,7519478,813,0,"[0, 1]"
422827,7519478,708,0,"[0, 1]"
422827,7519478,756,0,"[0, 1]"
422827,7519478,547,0,"[0, 1]"
422827,7519478,1272,0,"[0, 1]"
422827,7519478,1033,0,"[0, 1]"
422827,7519478,1870,0,"[0, 1]"
422827,7519478,1134,0,"[0, 1]"
422827,7519478,1462,0,"[0, 1]"
422827,7519478,1273,0,"[0, 1]"
422827,7519478,1328,0,"[0, 1]"
422827,7519478,1402,0,"[0, 1]"
422827,7519478,1844,0,"[0, 1]"
422827,7519478,1173,0,"[0, 1]"
422827,7519478,1795,0,"[0, 1]"
422827,7519478,1666,0,"[0, 1]"
422827,7519478,1279,0,"[0, 1]"
422827,7519478,1522,0,"[0, 1]"
422827,7519478,1901,0,"[0, 1]"
422827,7519478,1909,0,"[0, 1]"
422827,7519478,1629,0,"[0, 1]"
422827,7519478,1379,0,"[0, 1]"
422827,7519478,1476,0,"[0, 1]"
422827,7519478,1229,0,"[0, 1]"
422827,7519478,2496,0,"[0, 1]"
422827,7519478,2763,0,"[0, 1]"
422827,7519478,2405,0,"[0, 1]"
422827,7519478,3113,0,"[0, 1]"
422827,7519478,2628,0,"[0, 1]"
422827,7519478,3851,0,"[0, 1]"
422827,7519478,2958,0,"[0, 1]"
422827,7519478,3586,0,"[0, 1]"
422827,7519478,2844,0,"[0, 1]"
422827,7519478,3313,0,"[0, 1]"
422827,7519478,2968,0,"[0, 1]"
422827,7519478,3333,0,"[0, 1]"
422827,7519478,3252,0,"[0, 1]"
422827,7519478,3232,0,"[0, 1]"
422827,7519478,2989,0,"[0, 1]"
422827,7519478,2105,0,"[0, 1]"
422827,7519478,3105,0,"[0, 1]"
422827,7519478,2695,0,"[0, 1]"
422827,7519478,2823,0,"[0, 1]"
422827,7519478,2747,0,"[0, 1]"
422827,7519478,4039,0,"[0, 1]"
422827,7519478,3784,0,"[0, 1]"
422827,7519478,7443692,1,"[0, 1]"
422827,7519478,7269674,1,"[0, 1]"
422827,7519478,7371294,1,"[0, 1]"
422827,7519478,4558,0,"[0, 1]"
422827,7519478,7545792,1,"[0, 1]"
422827,7519478,7405041,1,"[0, 1]"
422827,7519478,7223153,1,"[0, 1]"
422827,7519478,7612278,1,"[0, 1]"
422827,7519478,7609417,1,"[0, 1]"
422827,7519478,7518857,1,"[0, 1]"
422827,7519478,7081127,1,"[0, 1]"
422827,7519478,4303,0,"[0, 1]"
422827,7519478,324011,1,"[0, 1]"
422827,7519478,7625918,1,"[0, 1]"
422827,7519478,7162717,1,"[0, 1]"
422827,7519478,4109,0,"[0, 1]"
422827,7519478,7180637,1,"[0, 1]"
422827,7519478,7497667,1,"[0, 1]"
422827,7519478,4575,0,"[0, 1]"
422827,7519478,7220975,1,"[0, 1]"
422827,7519478,7682644,1,"[0, 1]"
422827,7519478,4544,0,"[0, 1]"
422827,7519478,4844,0,"[0, 1]"
422827,7519478,7135798,1,"[0, 1]"
422827,7519478,7108813,1,"[0, 1]"
422827,7519478,7568492,1,"[0, 1]"
422827,7519478,7620494,1,"[0, 1]"
422827,7519478,7092969,1,"[0, 1]"
422827,7519478,7339748,1,"[0, 1]"
422827,7519478,4678758,1,"[0, 1]"
422827,7519478,7194681,1,"[0, 1]"
422827,7519478,7369774,1,"[0, 1]"
422827,7519478,7679443,1,"[0, 1]"
422827,7519478,7246357,1,"[0, 1]"
422827,7519478,7161677,1,"[0, 1]"
422827,7519478,7182169,1,"[0, 1]"
422827,7519478,5660676,1,"[0, 1]"
422827,7519478,7673341,1,"[0, 1]"
422827,7519478,7557843,1,"[0, 1]"
422827,7519478,7550146,1,"[0, 1]"
422827,7519478,7226565,1,"[0, 1]"
422827,7519478,7481497,1,"[0, 1]"
422827,7519478,7574651,1,"[0, 1]"
422827,7519478,7548961,1,"[0, 1]"
422827,7519478,7588810,1,"[0, 1]"
422827,7519478,7147522,1,"[0, 1]"
422827,7519478,1727593,1,"[0, 1]"
422827,7519478,7632390,1,"[0, 1]"
422827,7519478,7629139,1,"[0, 1]"
422827,7519478,7616104,1,"[0, 1]"
185397,4821690,4821690,1,"[1, 0]"
185397,4821690,2612,0,"[1, 0]"
185397,4821690,1305,0,"[1, 0]"
185397,4821690,652,0,"[1, 0]"
185397,4821690,325,0,"[1, 0]"
185397,4821690,162,0,"[1, 0]"
185397,4821690,80,0,"[1, 0]"
185397,4821690,39,0,"[1, 0]"
185397,4821690,19,0,"[1, 0]"
185397,4821690,9,0,"[1, 0]"
185397,4821690,4,0,"[1, 0]"
185397,4821690,1,0,"[1, 0]"
185397,4821690,0,0,"[1, 0]"
185397,4821690,2,0,"[0, 1]"
185397,4821690,1,0,"[0, 1]"
185397,4821690,3,0,"[0, 1]"
185397,4821690,5,0,"[0, 1]"
185397,4821690,6,0,"[0, 1]"
185397,4821690,4,0,"[0, 1]"
185397,4821690,10,0,"[0, 1]"
185397,4821690,13,0,"[0, 1]"
185397,4821690,12,0,"[0, 1]"
185397,4821690,7,0,"[0, 1]"
185397,4821690,8,0,"[0, 1]"
185397,4821690,9,0,"[0, 1]"
185397,4821690,21,0,"[0, 1]"
185397,4821690,27,0,"[0, 1]"
185397,4821690,25,0,"[0, 1]"
185397,4821690,28,0,"[0, 1]"
185397,4821690,16,0,"[0, 1]"
185397,4821690,24,0,"[0, 1]"
185397,4821690,30,0,"[0, 1]"
185397,4821690,17,0,"[0, 1]"
185397,4821690,42,0,"[0, 1]"
185397,4821690,49,0,"[0, 1]"
185397,4821690,35,0,"[0, 1]"
185397,4821690,51,0,"[0, 1]"
185397,4821690,61,0,"[0, 1]"
185397,4821690,43,0,"[0, 1]"
185397,4821690,39,0,"[0, 1]"
185397,4821690,52,0,"[0, 1]"
185397,4821690,47,0,"[0, 1]"
185397,4821690,57,0,"[0, 1]"
185397,4821690,126,0,"[0, 1]"
185397,4821690,83,0,"[0, 1]"
185397,4821690,78,0,"[0, 1]"
185397,4821690,93,0,"[0, 1]"
185397,4821690,117,0,"[0, 1]"
185397,4821690,71,0,"[0, 1]"
185397,4821690,115,0,"[0, 1]"
185397,4821690,92,0,"[0, 1]"
185397,4821690,119,0,"[0, 1]"
185397,4821690,84,0,"[0, 1]"
185397,4821690,96,0,"[0, 1]"
185397,4821690,72,0,"[0, 1]"
185397,4821690,157,0,"[0, 1]"
185397,4821690,127,0,"[0, 1]"
185397,4821690,172,0,"[0, 1]"
185397,4821690,164,0,"[0, 1]"
185397,4821690,236,0,"[0, 1]"
185397,4821690,197,0,"[0, 1]"
185397,4821690,204,0,"[0, 1]"
185397,4821690,190,0,"[0, 1]"
185397,4821690,169,0,"[0, 1]"
185397,4821690,140,0,"[0, 1]"
185397,4821690,232,0,"[0, 1]"
185397,4821690,183,0,"[0, 1]"
185397,4821690,238,0,"[0, 1]"
185397,4821690,141,0,"[0, 1]"
185397,4821690,309,0,"[0, 1]"
185397,4821690,359,0,"[0, 1]"
185397,4821690,325,0,"[0, 1]"
185397,4821690,439,0,"[0, 1]"
185397,4821690,266,0,"[0, 1]"
185397,4821690,298,0,"[0, 1]"
185397,4821690,449,0,"[0, 1]"
185397,4821690,272,0,"[0, 1]"
185397,4821690,407,0,"[0, 1]"
185397,4821690,310,0,"[0, 1]"
185397,4821690,373,0,"[0, 1]"
185397,4821690,282,0,"[0, 1]"
185397,4821690,384,0,"[0, 1]"
185397,4821690,371,0,"[0, 1]"
185397,4821690,314,0,"[0, 1]"
185397,4821690,402,0,"[0, 1]"
185397,4821690,831,0,"[0, 1]"
185397,4821690,873,0,"[0, 1]"
185397,4821690,1002,0,"[0, 1]"
185397,4821690,514,0,"[0, 1]"
185397,4821690,898,0,"[0, 1]"
185397,4821690,859,0,"[0, 1]"
185397,4821690,766,0,"[0, 1]"
185397,4821690,1003,0,"[0, 1]"
185397,4821690,928,0,"[0, 1]"
185397,4821690,854,0,"[0, 1]"
185397,4821690,798,0,"[0, 1]"
185397,4821690,678,0,"[0, 1]"
185397,4821690,920,0,"[0, 1]"
185397,4821690,656,0,"[0, 1]"
185397,4821690,906,0,"[0, 1]"
185397,4821690,850,0,"[0, 1]"
185397,4821690,688,0,"[0, 1]"
185397,4821690,800,0,"[0, 1]"
185397,4821690,1453,0,"[0, 1]"
185397,4821690,1383,0,"[0, 1]"
185397,4821690,1372,0,"[0, 1]"
185397,4821690,1987,0,"[0, 1]"
185397,4821690,1091,0,"[0, 1]"
185397,4821690,1153,0,"[0, 1]"
185397,4821690,1561,0,"[0, 1]"
185397,4821690,1548,0,"[0, 1]"
185397,4821690,1233,0,"[0, 1]"
185397,4821690,1244,0,"[0, 1]"
185397,4821690,1881,0,"[0, 1]"
185397,4821690,1702,0,"[0, 1]"
185397,4821690,1969,0,"[0, 1]"
185397,4821690,1988,0,"[0, 1]"
185397,4821690,1566,0,"[0, 1]"
185397,4821690,1387,0,"[0, 1]"
185397,4821690,1368,0,"[0, 1]"
185397,4821690,1278,0,"[0, 1]"
185397,4821690,1406,0,"[0, 1]"
185397,4821690,1456,0,"[0, 1]"
185397,4821690,3144,0,"[0, 1]"
185397,4821690,3399,0,"[0, 1]"
185397,4821690,2296,0,"[0, 1]"
185397,4821690,2340,0,"[0, 1]"
185397,4821690,3083,0,"[0, 1]"
185397,4821690,2370,0,"[0, 1]"
185397,4821690,3674,0,"[0, 1]"
185397,4821690,2506,0,"[0, 1]"
185397,4821690,2750,0,"[0, 1]"
185397,4821690,3292,0,"[0, 1]"
185397,4821690,2850,0,"[0, 1]"
185397,4821690,3332,0,"[0, 1]"
185397,4821690,2820,0,"[0, 1]"
185397,4821690,3021,0,"[0, 1]"
185397,4821690,2117,0,"[0, 1]"
185397,4821690,4054,0,"[0, 1]"
185397,4821690,2251,0,"[0, 1]"
185397,4821690,3675,0,"[0, 1]"
185397,4821690,3325,0,"[0, 1]"
185397,4821690,2698,0,"[0, 1]"
185397,4821690,2945,0,"[0, 1]"
185397,4821690,4045,0,"[0, 1]"
185397,4821690,4619,0,"[0, 1]"
185397,4821690,4878,0,"[0, 1]"
185397,4821690,4820,0,"[0, 1]"
185397,4821690,7067181,1,"[0, 1]"
185397,4821690,7175200,1,"[0, 1]"
185397,4821690,404219,1,"[0, 1]"
185397,4821690,4488,0,"[0, 1]"
185397,4821690,4245,0,"[0, 1]"
185397,4821690,7387720,1,"[0, 1]"
185397,4821690,4762,0,"[0, 1]"
185397,4821690,4426,0,"[0, 1]"
185397,4821690,4799,0,"[0, 1]"
185397,4821690,7205200,1,"[0, 1]"
185397,4821690,146223,1,"[0, 1]"
185397,4821690,7586101,1,"[0, 1]"
185397,4821690,4387,0,"[0, 1]"
185397,4821690,7365439,1,"[0, 1]"
185397,4821690,7208363,1,"[0, 1]"
185397,4821690,7207097,1,"[0, 1]"
185397,4821690,7653899,1,"[0, 1]"
185397,4821690,7560913,1,"[0, 1]"
185397,4821690,7516558,1,"[0, 1]"
185397,4821690,4743,0,"[0, 1]"
185397,4821690,7547357,1,"[0, 1]"
506985,7519535,7519535,1,"[1, 0]"
506985,7519535,4086,0,"[1, 0]"
506985,7519535,2042,0,"[1, 0]"
506985,7519535,1020,0,"[1, 0]"
506985,7519535,509,0,"[1, 0]"
506985,7519535,254,0,"[1, 0]"
506985,7519535,126,0,"[1, 0]"
506985,7519535,62,0,"[1, 0]"
506985,7519535,30,0,"[1, 0]"
506985,7519535,14,0,"[1, 0]"
506985,7519535,6,0,"[1, 0]"
506985,7519535,2,0,"[1, 0]"
506985,7519535,0,0,"[1, 0]"
506985,7519535,2,0,"[0, 1]"
506985,7519535,1,0,"[0, 1]"
506985,7519535,5,0,"[0, 1]"
506985,7519535,6,0,"[0, 1]"
506985,7519535,4,0,"[0, 1]"
506985,7519535,3,0,"[0, 1]"
506985,7519535,8,0,"[0, 1]"
506985,7519535,14,0,"[0, 1]"
506985,7519535,10,0,"[0, 1]"
506985,7519535,11,0,"[0, 1]"
506985,7519535,12,0,"[0, 1]"
506985,7519535,9,0,"[0, 1]"
506985,7519535,21,0,"[0, 1]"
506985,7519535,17,0,"[0, 1]"
506985,7519535,25,0,"[0, 1]"
506985,7519535,30,0,"[0, 1]"
506985,7519535,15,0,"[0, 1]"
506985,7519535,29,0,"[0, 1]"
506985,7519535,24,0,"[0, 1]"
506985,7519535,27,0,"[0, 1]"
506985,7519535,55,0,"[0, 1]"
506985,7519535,57,0,"[0, 1]"
506985,7519535,43,0,"[0, 1]"
506985,7519535,32,0,"[0, 1]"
506985,7519535,33,0,"[0, 1]"
506985,7519535,34,0,"[0, 1]"
506985,7519535,39,0,"[0, 1]"
506985,7519535,48,0,"[0, 1]"
506985,7519535,49,0,"[0, 1]"
506985,7519535,44,0,"[0, 1]"
506985,7519535,68,0,"[0, 1]"
506985,7519535,102,0,"[0, 1]"
506985,7519535,112,0,"[0, 1]"
506985,7519535,111,0,"[0, 1]"
506985,7519535,88,0,"[0, 1]"
506985,7519535,81,0,"[0, 1]"
506985,7519535,65,0,"[0, 1]"
506985,7519535,73,0,"[0, 1]"
506985,7519535,75,0,"[0, 1]"
506985,7519535,72,0,"[0, 1]"
506985,7519535,103,0,"[0, 1]"
506985,7519535,77,0,"[0, 1]"
506985,7519535,129,0,"[0, 1]"
506985,7519535,244,0,"[0, 1]"
506985,7519535,150,0,"[0, 1]"
506985,7519535,215,0,"[0, 1]"
506985,7519535,161,0,"[0, 1]"
506985,7519535,174,0,"[0, 1]"
506985,7519535,223,0,"[0, 1]"
506985,7519535,205,0,"[0, 1]"
506985,7519535,143,0,"[0, 1]"
506985,7519535,230,0,"[0, 1]"
506985,7519535,222,0,"[0, 1]"
506985,7519535,218,0,"[0, 1]"
506985,7519535,240,0,"[0, 1]"
506985,7519535,156,0,"[0, 1]"
506985,7519535,466,0,"[0, 1]"
506985,7519535,341,0,"[0, 1]"
506985,7519535,403,0,"[0, 1]"
506985,7519535,350,0,"[0, 1]"
506985,7519535,349,0,"[0, 1]"
506985,7519535,292,0,"[0, 1]"
506985,7519535,444,0,"[0, 1]"
506985,7519535,369,0,"[0, 1]"
506985,7519535,421,0,"[0, 1]"
506985,7519535,503,0,"[0, 1]"
506985,7519535,381,0,"[0, 1]"
506985,7519535,410,0,"[0, 1]"
506985,7519535,365,0,"[0, 1]"
506985,7519535,322,0,"[0, 1]"
506985,7519535,400,0,"[0, 1]"
506985,7519535,504,0,"[0, 1]"
506985,7519535,530,0,"[0, 1]"
506985,7519535,1013,0,"[0, 1]"
506985,7519535,874,0,"[0, 1]"
506985,7519535,911,0,"[0, 1]"
506985,7519535,575,0,"[0, 1]"
506985,7519535,697,0,"[0, 1]"
506985,7519535,908,0,"[0, 1]"
506985,7519535,822,0,"[0, 1]"
506985,7519535,934,0,"[0, 1]"
506985,7519535,723,0,"[0, 1]"
506985,7519535,521,0,"[0, 1]"
506985,7519535,548,0,"[0, 1]"
506985,7519535,890,0,"[0, 1]"
506985,7519535,837,0,"[0, 1]"
506985,7519535,905,0,"[0, 1]"
506985,7519535,992,0,"[0, 1]"
506985,7519535,545,0,"[0, 1]"
506985,7519535,646,0,"[0, 1]"
506985,7519535,1964,0,"[0, 1]"
506985,7519535,1032,0,"[0, 1]"
506985,7519535,1981,0,"[0, 1]"
506985,7519535,1173,0,"[0, 1]"
506985,7519535,1549,0,"[0, 1]"
506985,7519535,1956,0,"[0, 1]"
506985,7519535,1855,0,"[0, 1]"
506985,7519535,1657,0,"[0, 1]"
506985,7519535,1304,0,"[0, 1]"
506985,7519535,1263,0,"[0, 1]"
506985,7519535,1522,0,"[0, 1]"
506985,7519535,1331,0,"[0, 1]"
506985,7519535,1451,0,"[0, 1]"
506985,7519535,1958,0,"[0, 1]"
506985,7519535,1175,0,"[0, 1]"
506985,7519535,1833,0,"[0, 1]"
506985,7519535,1742,0,"[0, 1]"
506985,7519535,1884,0,"[0, 1]"
506985,7519535,1434,0,"[0, 1]"
506985,7519535,1385,0,"[0, 1]"
506985,7519535,2091,0,"[0, 1]"
506985,7519535,2165,0,"[0, 1]"
506985,7519535,2109,0,"[0, 1]"
506985,7519535,3849,0,"[0, 1]"
506985,7519535,2529,0,"[0, 1]"
506985,7519535,2724,0,"[0, 1]"
506985,7519535,2158,0,"[0, 1]"
506985,7519535,2747,0,"[0, 1]"
506985,7519535,3166,0,"[0, 1]"
506985,7519535,2652,0,"[0, 1]"
506985,7519535,2927,0,"[0, 1]"
506985,7519535,2898,0,"[0, 1]"
506985,7519535,2899,0,"[0, 1]"
506985,7519535,2976,0,"[0, 1]"
506985,7519535,3141,0,"[0, 1]"
506985,7519535,3473,0,"[0, 1]"
506985,7519535,2182,0,"[0, 1]"
506985,7519535,2802,0,"[0, 1]"
506985,7519535,2554,0,"[0, 1]"
506985,7519535,3613,0,"[0, 1]"
506985,7519535,3659,0,"[0, 1]"
506985,7519535,2201,0,"[0, 1]"
506985,7519535,7371853,1,"[0, 1]"
506985,7519535,7203623,1,"[0, 1]"
506985,7519535,7248275,1,"[0, 1]"
506985,7519535,4794,0,"[0, 1]"
506985,7519535,7106343,1,"[0, 1]"
506985,7519535,7327207,1,"[0, 1]"
506985,7519535,4315,0,"[0, 1]"
506985,7519535,7319931,1,"[0, 1]"
506985,7519535,7074377,1,"[0, 1]"
506985,7519535,7624224,1,"[0, 1]"
506985,7519535,7126763,1,"[0, 1]"
506985,7519535,7518300,1,"[0, 1]"
506985,7519535,7248353,1,"[0, 1]"
506985,7519535,7117859,1,"[0, 1]"
506985,7519535,4272,0,"[0, 1]"
506985,7519535,4814,0,"[0, 1]"
506985,7519535,4905,0,"[0, 1]"
506985,7519535,7309672,1,"[0, 1]"
506985,7519535,1452156,1,"[0, 1]"
506985,7519535,7290481,1,"[0, 1]"
506985,7519535,7302992,1,"[0, 1]"
506985,7519535,4927,0,"[0, 1]"
506985,7519535,3724143,1,"[0, 1]"
506985,7519535,7604698,1,"[0, 1]"
1096258,7519664,7519664,1,"[1, 0]"
1096258,7519664,2920,0,"[1, 0]"
1096258,7519664,1459,0,"[1, 0]"
1096258,7519664,729,0,"[1, 0]"
1096258,7519664,364,0,"[1, 0]"
1096258,7519664,181,0,"[1, 0]"
1096258,7519664,90,0,"[1, 0]"
1096258,7519664,44,0,"[1, 0]"
1096258,7519664,21,0,"[1, 0]"
1096258,7519664,10,0,"[1, 0]"
1096258,7519664,4,0,"[1, 0]"
1096258,7519664,1,0,"[1, 0]"
1096258,7519664,0,0,"[1, 0]"
1096258,7519664,2,0,"[0, 1]"
1096258,7519664,1,0,"[0, 1]"
1096258,7519664,6,0,"[0, 1]"
1096258,7519664,3,0,"[0, 1]"
1096258,7519664,4,0,"[0, 1]"
1096258,7519664,5,0,"[0, 1]"
1096258,7519664,12,0,"[0, 1]"
1096258,7519664,13,0,"[0, 1]"
1096258,7519664,10,0,"[0, 1]"
1096258,7519664,8,0,"[0, 1]"
1096258,7519664,14,0,"[0, 1]"
1096258,7519664,9,0,"[0, 1]"
1096258,7519664,16,0,"[0, 1]"
1096258,7519664,26,0,"[0, 1]"
1096258,7519664,18,0,"[0, 1]"
1096258,7519664,19,0,"[0, 1]"
1096258,7519664,21,0,"[0, 1]"
1096258,7519664,22,0,"[0, 1]"
1096258,7519664,29,0,"[0, 1]"
1096258,7519664,25,0,"[0, 1]"
1096258,7519664,35,0,"[0, 1]"
1096258,7519664,62,0,"[0, 1]"
1096258,7519664,34,0,"[0, 1]"
1096258,7519664,45,0,"[0, 1]"
1096258,7519664,51,0,"[0, 1]"
1096258,7519664,33,0,"[0, 1]"
1096258,7519664,53,0,"[0, 1]"
1096258,7519664,31,0,"[0, 1]"
1096258,7519664,37,0,"[0, 1]"
1096258,7519664,57,0,"[0, 1]"
1096258,7519664,88,0,"[0, 1]"
1096258,7519664,97,0,"[0, 1]"
1096258,7519664,120,0,"[0, 1]"
1096258,7519664,119,0,"[0, 1]"
1096258,7519664,85,0,"[0, 1]"
1096258,7519664,72,0,"[0, 1]"
1096258,7519664,94,0,"[0, 1]"
1096258,7519664,80,0,"[0, 1]"
1096258,7519664,106,0,"[0, 1]"
1096258,7519664,107,0,"[0, 1]"
1096258,7519664,83,0,"[0, 1]"
1096258,7519664,105,0,"[0, 1]"
1096258,7519664,225,0,"[0, 1]"
1096258,7519664,212,0,"[0, 1]"
1096258,7519664,182,0,"[0, 1]"
1096258,7519664,148,0,"[0, 1]"
1096258,7519664,170,0,"[0, 1]"
1096258,7519664,213,0,"[0, 1]"
1096258,7519664,250,0,"[0, 1]"
1096258,7519664,232,0,"[0, 1]"
1096258,7519664,167,0,"[0, 1]"
1096258,7519664,242,0,"[0, 1]"
1096258,7519664,224,0,"[0, 1]"
1096258,7519664,245,0,"[0, 1]"
1096258,7519664,131,0,"[0, 1]"
1096258,7519664,187,0,"[0, 1]"
1096258,7519664,492,0,"[0, 1]"
1096258,7519664,375,0,"[0, 1]"
1096258,7519664,407,0,"[0, 1]"
1096258,7519664,466,0,"[0, 1]"
1096258,7519664,278,0,"[0, 1]"
1096258,7519664,374,0,"[0, 1]"
1096258,7519664,490,0,"[0, 1]"
1096258,7519664,498,0,"[0, 1]"
1096258,7519664,477,0,"[0, 1]"
1096258,7519664,303,0,"[0, 1]"
1096258,7519664,336,0,"[0, 1]"
1096258,7519664,497,0,"[0, 1]"
1096258,7519664,385,0,"[0, 1]"
1096258,7519664,446,0,"[0, 1]"
1096258,7519664,404,0,"[0, 1]"
1096258,7519664,354,0,"[0, 1]"
1096258,7519664,809,0,"[0, 1]"
1096258,7519664,767,0,"[0, 1]"
1096258,7519664,698,0,"[0, 1]"
1096258,7519664,875,0,"[0, 1]"
1096258,7519664,605,0,"[0, 1]"
1096258,7519664,719,0,"[0, 1]"
1096258,7519664,539,0,"[0, 1]"
1096258,7519664,807,0,"[0, 1]"
1096258,7519664,839,0,"[0, 1]"
1096258,7519664,694,0,"[0, 1]"
1096258,7519664,734,0,"[0, 1]"
1096258,7519664,913,0,"[0, 1]"
1096258,7519664,763,0,"[0, 1]"
1096258,7519664,927,0,"[0, 1]"
1096258,7519664,611,0,"[0, 1]"
1096258,7519664,562,0,"[0, 1]"
1096258,7519664,644,0,"[0, 1]"
1096258,7519664,882,0,"[0, 1]"
1096258,7519664,1743,0,"[0, 1]"
1096258,7519664,1581,0,"[0, 1]"
1096258,7519664,1182,0,"[0, 1]"
1096258,7519664,1605,0,"[0, 1]"
1096258,7519664,1904,0,"[0, 1]"
1096258,7519664,1540,0,"[0, 1]"
1096258,7519664,1328,0,"[0, 1]"
1096258,7519664,1972,0,"[0, 1]"
1096258,7519664,1737,0,"[0, 1]"
1096258,7519664,1943,0,"[0, 1]"
1096258,7519664,1067,0,"[0, 1]"
1096258,7519664,1429,0,"[0, 1]"
1096258,7519664,1551,0,"[0, 1]"
1096258,7519664,1361,0,"[0, 1]"
1096258,7519664,1871,0,"[0, 1]"
1096258,7519664,1439,0,"[0, 1]"
1096258,7519664,1870,0,"[0, 1]"
1096258,7519664,1881,0,"[0, 1]"
1096258,7519664,1332,0,"[0, 1]"
1096258,7519664,1313,0,"[0, 1]"
1096258,7519664,2578,0,"[0, 1]"
1096258,7519664,3522,0,"[0, 1]"
1096258,7519664,3369,0,"[0, 1]"
1096258,7519664,2108,0,"[0, 1]"
1096258,7519664,2380,0,"[0, 1]"
1096258,7519664,3886,0,"[0, 1]"
1096258,7519664,2139,0,"[0, 1]"
1096258,7519664,2651,0,"[0, 1]"
1096258,7519664,2345,0,"[0, 1]"
1096258,7519664,2798,0,"[0, 1]"
1096258,7519664,2074,0,"[0, 1]"
1096258,7519664,3414,0,"[0, 1]"
1096258,7519664,2115,0,"[0, 1]"
1096258,7519664,3050,0,"[0, 1]"
1096258,7519664,3401,0,"[0, 1]"
1096258,7519664,3670,0,"[0, 1]"
1096258,7519664,3018,0,"[0, 1]"
1096258,7519664,3465,0,"[0, 1]"
1096258,7519664,2401,0,"[0, 1]"
1096258,7519664,2773,0,"[0, 1]"
1096258,7519664,2782,0,"[0, 1]"
1096258,7519664,3367,0,"[0, 1]"
1096258,7519664,7489189,1,"[0, 1]"
1096258,7519664,3504966,1,"[0, 1]"
1096258,7519664,7402569,1,"[0, 1]"
1096258,7519664,7101742,1,"[0, 1]"
1096258,7519664,4301,0,"[0, 1]"
1096258,7519664,7390162,1,"[0, 1]"
1096258,7519664,4371,0,"[0, 1]"
1096258,7519664,7640068,1,"[0, 1]"
1096258,7519664,7330431,1,"[0, 1]"
1096258,7519664,7560913,1,"[0, 1]"
1096258,7519664,7078051,1,"[0, 1]"
1096258,7519664,4730,0,"[0, 1]"
1096258,7519664,7638955,1,"[0, 1]"
1096258,7519664,7339966,1,"[0, 1]"
1096258,7519664,7188993,1,"[0, 1]"
1096258,7519664,7092272,1,"[0, 1]"
1096258,7519664,4307,0,"[0, 1]"
1096258,7519664,7423398,1,"[0, 1]"
1096258,7519664,7610158,1,"[0, 1]"
1096258,7519664,7158640,1,"[0, 1]"
1096258,7519664,7341001,1,"[0, 1]"
1096258,7519664,7587373,1,"[0, 1]"
1096258,7519664,4354,0,"[0, 1]"
1096258,7519664,7330528,1,"[0, 1]"
1096257,7519784,7519784,1,"[1, 0]"
1096257,7519784,2896,0,"[1, 0]"
1096257,7519784,1447,0,"[1, 0]"
1096257,7519784,723,0,"[1, 0]"
1096257,7519784,361,0,"[1, 0]"
1096257,7519784,180,0,"[1, 0]"
1096257,7519784,89,0,"[1, 0]"
1096257,7519784,44,0,"[1, 0]"
1096257,7519784,21,0,"[1, 0]"
1096257,7519784,10,0,"[1, 0]"
1096257,7519784,4,0,"[1, 0]"
1096257,7519784,1,0,"[1, 0]"
1096257,7519784,0,0,"[1, 0]"
1096257,7519784,1,0,"[0, 1]"
1096257,7519784,2,0,"[0, 1]"
1096257,7519784,5,0,"[0, 1]"
1096257,7519784,6,0,"[0, 1]"
1096257,7519784,3,0,"[0, 1]"
1096257,7519784,4,0,"[0, 1]"
1096257,7519784,7,0,"[0, 1]"
1096257,7519784,13,0,"[0, 1]"
1096257,7519784,9,0,"[0, 1]"
1096257,7519784,11,0,"[0, 1]"
1096257,7519784,14,0,"[0, 1]"
1096257,7519784,10,0,"[0, 1]"
1096257,7519784,29,0,"[0, 1]"
1096257,7519784,26,0,"[0, 1]"
1096257,7519784,20,0,"[0, 1]"
1096257,7519784,21,0,"[0, 1]"
1096257,7519784,25,0,"[0, 1]"
1096257,7519784,28,0,"[0, 1]"
1096257,7519784,23,0,"[0, 1]"
1096257,7519784,16,0,"[0, 1]"
1096257,7519784,40,0,"[0, 1]"
1096257,7519784,44,0,"[0, 1]"
1096257,7519784,46,0,"[0, 1]"
1096257,7519784,52,0,"[0, 1]"
1096257,7519784,49,0,"[0, 1]"
1096257,7519784,55,0,"[0, 1]"
1096257,7519784,51,0,"[0, 1]"
1096257,7519784,41,0,"[0, 1]"
1096257,7519784,56,0,"[0, 1]"
1096257,7519784,59,0,"[0, 1]"
1096257,7519784,66,0,"[0, 1]"
1096257,7519784,63,0,"[0, 1]"
1096257,7519784,93,0,"[0, 1]"
1096257,7519784,115,0,"[0, 1]"
1096257,7519784,101,0,"[0, 1]"
1096257,7519784,86,0,"[0, 1]"
1096257,7519784,112,0,"[0, 1]"
1096257,7519784,74,0,"[0, 1]"
1096257,7519784,97,0,"[0, 1]"
1096257,7519784,111,0,"[0, 1]"
1096257,7519784,83,0,"[0, 1]"
1096257,7519784,69,0,"[0, 1]"
1096257,7519784,209,0,"[0, 1]"
1096257,7519784,175,0,"[0, 1]"
1096257,7519784,144,0,"[0, 1]"
1096257,7519784,236,0,"[0, 1]"
1096257,7519784,246,0,"[0, 1]"
1096257,7519784,197,0,"[0, 1]"
1096257,7519784,206,0,"[0, 1]"
1096257,7519784,157,0,"[0, 1]"
1096257,7519784,245,0,"[0, 1]"
1096257,7519784,162,0,"[0, 1]"
1096257,7519784,237,0,"[0, 1]"
1096257,7519784,201,0,"[0, 1]"
1096257,7519784,146,0,"[0, 1]"
1096257,7519784,239,0,"[0, 1]"
1096257,7519784,350,0,"[0, 1]"
1096257,7519784,476,0,"[0, 1]"
1096257,7519784,490,0,"[0, 1]"
1096257,7519784,461,0,"[0, 1]"
1096257,7519784,326,0,"[0, 1]"
1096257,7519784,404,0,"[0, 1]"
1096257,7519784,445,0,"[0, 1]"
1096257,7519784,270,0,"[0, 1]"
1096257,7519784,378,0,"[0, 1]"
1096257,7519784,480,0,"[0, 1]"
1096257,7519784,370,0,"[0, 1]"
1096257,7519784,278,0,"[0, 1]"
1096257,7519784,393,0,"[0, 1]"
1096257,7519784,471,0,"[0, 1]"
1096257,7519784,262,0,"[0, 1]"
1096257,7519784,468,0,"[0, 1]"
1096257,7519784,818,0,"[0, 1]"
1096257,7519784,809,0,"[0, 1]"
1096257,7519784,958,0,"[0, 1]"
1096257,7519784,816,0,"[0, 1]"
1096257,7519784,835,0,"[0, 1]"
1096257,7519784,869,0,"[0, 1]"
1096257,7519784,546,0,"[0, 1]"
1096257,7519784,941,0,"[0, 1]"
1096257,7519784,830,0,"[0, 1]"
1096257,7519784,629,0,"[0, 1]"
1096257,7519784,841,0,"[0, 1]"
1096257,7519784,622,0,"[0, 1]"
1096257,7519784,916,0,"[0, 1]"
1096257,7519784,579,0,"[0, 1]"
1096257,7519784,676,0,"[0, 1]"
1096257,7519784,582,0,"[0, 1]"
1096257,7519784,823,0,"[0, 1]"
1096257,7519784,634,0,"[0, 1]"
1096257,7519784,1940,0,"[0, 1]"
1096257,7519784,2015,0,"[0, 1]"
1096257,7519784,1639,0,"[0, 1]"
1096257,7519784,1909,0,"[0, 1]"
1096257,7519784,1157,0,"[0, 1]"
1096257,7519784,1103,0,"[0, 1]"
1096257,7519784,1865,0,"[0, 1]"
1096257,7519784,1579,0,"[0, 1]"
1096257,7519784,1083,0,"[0, 1]"
1096257,7519784,1868,0,"[0, 1]"
1096257,7519784,1740,0,"[0, 1]"
1096257,7519784,1642,0,"[0, 1]"
1096257,7519784,1899,0,"[0, 1]"
1096257,7519784,1409,0,"[0, 1]"
1096257,7519784,1981,0,"[0, 1]"
1096257,7519784,1367,0,"[0, 1]"
1096257,7519784,1590,0,"[0, 1]"
1096257,7519784,1611,0,"[0, 1]"
1096257,7519784,1532,0,"[0, 1]"
1096257,7519784,1887,0,"[0, 1]"
1096257,7519784,3813,0,"[0, 1]"
1096257,7519784,3907,0,"[0, 1]"
1096257,7519784,3273,0,"[0, 1]"
1096257,7519784,3977,0,"[0, 1]"
1096257,7519784,3646,0,"[0, 1]"
1096257,7519784,3699,0,"[0, 1]"
1096257,7519784,2076,0,"[0, 1]"
1096257,7519784,3461,0,"[0, 1]"
1096257,7519784,3134,0,"[0, 1]"
1096257,7519784,4077,0,"[0, 1]"
1096257,7519784,3335,0,"[0, 1]"
1096257,7519784,3342,0,"[0, 1]"
1096257,7519784,3654,0,"[0, 1]"
1096257,7519784,2336,0,"[0, 1]"
1096257,7519784,3656,0,"[0, 1]"
1096257,7519784,3302,0,"[0, 1]"
1096257,7519784,3920,0,"[0, 1]"
1096257,7519784,3586,0,"[0, 1]"
1096257,7519784,2458,0,"[0, 1]"
1096257,7519784,2633,0,"[0, 1]"
1096257,7519784,3407,0,"[0, 1]"
1096257,7519784,2647,0,"[0, 1]"
1096257,7519784,4265,0,"[0, 1]"
1096257,7519784,4212,0,"[0, 1]"
1096257,7519784,617180,1,"[0, 1]"
1096257,7519784,4671,0,"[0, 1]"
1096257,7519784,7149425,1,"[0, 1]"
1096257,7519784,7431817,1,"[0, 1]"
1096257,7519784,7086918,1,"[0, 1]"
1096257,7519784,4348,0,"[0, 1]"
1096257,7519784,3168607,1,"[0, 1]"
1096257,7519784,4530,0,"[0, 1]"
1096257,7519784,7268909,1,"[0, 1]"
1096257,7519784,4940,0,"[0, 1]"
1096257,7519784,7585777,1,"[0, 1]"
1096257,7519784,7160861,1,"[0, 1]"
1096257,7519784,4668,0,"[0, 1]"
1096257,7519784,4898,0,"[0, 1]"
1096257,7519784,7295281,1,"[0, 1]"
1096257,7519784,7195770,1,"[0, 1]"
1096257,7519784,7562944,1,"[0, 1]"
1096257,7519784,7345666,1,"[0, 1]"
1096257,7519784,7654456,1,"[0, 1]"
1096257,7519784,7472063,1,"[0, 1]"
1096257,7519784,7179316,1,"[0, 1]"
1096257,7519784,7434272,1,"[0, 1]"
1096256,2009392,2009392,1,"[1, 0]"
1096256,2009392,2860,0,"[1, 0]"
1096256,2009392,1429,0,"[1, 0]"
1096256,2009392,714,0,"[1, 0]"
1096256,2009392,356,0,"[1, 0]"
1096256,2009392,177,0,"[1, 0]"
1096256,2009392,88,0,"[1, 0]"
1096256,2009392,43,0,"[1, 0]"
1096256,2009392,21,0,"[1, 0]"
1096256,2009392,10,0,"[1, 0]"
1096256,2009392,4,0,"[1, 0]"
1096256,2009392,1,0,"[1, 0]"
1096256,2009392,0,0,"[1, 0]"
1096256,2009392,1,0,"[0, 1]"
1096256,2009392,2,0,"[0, 1]"
1096256,2009392,5,0,"[0, 1]"
1096256,2009392,3,0,"[0, 1]"
1096256,2009392,6,0,"[0, 1]"
1096256,2009392,4,0,"[0, 1]"
1096256,2009392,12,0,"[0, 1]"
1096256,2009392,7,0,"[0, 1]"
1096256,2009392,14,0,"[0, 1]"
1096256,2009392,13,0,"[0, 1]"
1096256,2009392,11,0,"[0, 1]"
1096256,2009392,10,0,"[0, 1]"
1096256,2009392,23,0,"[0, 1]"
1096256,2009392,15,0,"[0, 1]"
1096256,2009392,29,0,"[0, 1]"
1096256,2009392,22,0,"[0, 1]"
1096256,2009392,20,0,"[0, 1]"
1096256,2009392,24,0,"[0, 1]"
1096256,2009392,28,0,"[0, 1]"
1096256,2009392,18,0,"[0, 1]"
1096256,2009392,48,0,"[0, 1]"
1096256,2009392,59,0,"[0, 1]"
1096256,2009392,49,0,"[0, 1]"
1096256,2009392,56,0,"[0, 1]"
1096256,2009392,33,0,"[0, 1]"
1096256,2009392,45,0,"[0, 1]"
1096256,2009392,31,0,"[0, 1]"
1096256,2009392,36,0,"[0, 1]"
1096256,2009392,54,0,"[0, 1]"
1096256,2009392,53,0,"[0, 1]"
1096256,2009392,93,0,"[0, 1]"
1096256,2009392,87,0,"[0, 1]"
1096256,2009392,121,0,"[0, 1]"
1096256,2009392,107,0,"[0, 1]"
1096256,2009392,124,0,"[0, 1]"
1096256,2009392,71,0,"[0, 1]"
1096256,2009392,92,0,"[0, 1]"
1096256,2009392,83,0,"[0, 1]"
1096256,2009392,122,0,"[0, 1]"
1096256,2009392,70,0,"[0, 1]"
1096256,2009392,100,0,"[0, 1]"
1096256,2009392,64,0,"[0, 1]"
1096256,2009392,222,0,"[0, 1]"
1096256,2009392,191,0,"[0, 1]"
1096256,2009392,223,0,"[0, 1]"
1096256,2009392,244,0,"[0, 1]"
1096256,2009392,218,0,"[0, 1]"
1096256,2009392,241,0,"[0, 1]"
1096256,2009392,228,0,"[0, 1]"
1096256,2009392,168,0,"[0, 1]"
1096256,2009392,211,0,"[0, 1]"
1096256,2009392,214,0,"[0, 1]"
1096256,2009392,144,0,"[0, 1]"
1096256,2009392,226,0,"[0, 1]"
1096256,2009392,216,0,"[0, 1]"
1096256,2009392,254,0,"[0, 1]"
1096256,2009392,287,0,"[0, 1]"
1096256,2009392,362,0,"[0, 1]"
1096256,2009392,261,0,"[0, 1]"
1096256,2009392,461,0,"[0, 1]"
1096256,2009392,365,0,"[0, 1]"
1096256,2009392,438,0,"[0, 1]"
1096256,2009392,300,0,"[0, 1]"
1096256,2009392,392,0,"[0, 1]"
1096256,2009392,276,0,"[0, 1]"
1096256,2009392,341,0,"[0, 1]"
1096256,2009392,289,0,"[0, 1]"
1096256,2009392,443,0,"[0, 1]"
1096256,2009392,486,0,"[0, 1]"
1096256,2009392,323,0,"[0, 1]"
1096256,2009392,348,0,"[0, 1]"
1096256,2009392,475,0,"[0, 1]"
1096256,2009392,668,0,"[0, 1]"
1096256,2009392,573,0,"[0, 1]"
1096256,2009392,899,0,"[0, 1]"
1096256,2009392,850,0,"[0, 1]"
1096256,2009392,922,0,"[0, 1]"
1096256,2009392,866,0,"[0, 1]"
1096256,2009392,868,0,"[0, 1]"
1096256,2009392,643,0,"[0, 1]"
1096256,2009392,562,0,"[0, 1]"
1096256,2009392,557,0,"[0, 1]"
1096256,2009392,849,0,"[0, 1]"
1096256,2009392,796,0,"[0, 1]"
1096256,2009392,584,0,"[0, 1]"
1096256,2009392,782,0,"[0, 1]"
1096256,2009392,846,0,"[0, 1]"
1096256,2009392,881,0,"[0, 1]"
1096256,2009392,973,0,"[0, 1]"
1096256,2009392,961,0,"[0, 1]"
1096256,2009392,1104,0,"[0, 1]"
1096256,2009392,1371,0,"[0, 1]"
1096256,2009392,2007,0,"[0, 1]"
1096256,2009392,1540,0,"[0, 1]"
1096256,2009392,1907,0,"[0, 1]"
1096256,2009392,1414,0,"[0, 1]"
1096256,2009392,1518,0,"[0, 1]"
1096256,2009392,1311,0,"[0, 1]"
1096256,2009392,1614,0,"[0, 1]"
1096256,2009392,1534,0,"[0, 1]"
1096256,2009392,1454,0,"[0, 1]"
1096256,2009392,1758,0,"[0, 1]"
1096256,2009392,1933,0,"[0, 1]"
1096256,2009392,1167,0,"[0, 1]"
1096256,2009392,1868,0,"[0, 1]"
1096256,2009392,1611,0,"[0, 1]"
1096256,2009392,1657,0,"[0, 1]"
1096256,2009392,1294,0,"[0, 1]"
1096256,2009392,1672,0,"[0, 1]"
1096256,2009392,1826,0,"[0, 1]"
1096256,2009392,2361,0,"[0, 1]"
1096256,2009392,3921,0,"[0, 1]"
1096256,2009392,2052,0,"[0, 1]"
1096256,2009392,2962,0,"[0, 1]"
1096256,2009392,3238,0,"[0, 1]"
1096256,2009392,3440,0,"[0, 1]"
1096256,2009392,3468,0,"[0, 1]"
1096256,2009392,2067,0,"[0, 1]"
1096256,2009392,2898,0,"[0, 1]"
1096256,2009392,3530,0,"[0, 1]"
1096256,2009392,3492,0,"[0, 1]"
1096256,2009392,3457,0,"[0, 1]"
1096256,2009392,2814,0,"[0, 1]"
1096256,2009392,2369,0,"[0, 1]"
1096256,2009392,3828,0,"[0, 1]"
1096256,2009392,3881,0,"[0, 1]"
1096256,2009392,3906,0,"[0, 1]"
1096256,2009392,3284,0,"[0, 1]"
1096256,2009392,2233,0,"[0, 1]"
1096256,2009392,2880,0,"[0, 1]"
1096256,2009392,3259,0,"[0, 1]"
1096256,2009392,2525,0,"[0, 1]"
1096256,2009392,7079883,1,"[0, 1]"
1096256,2009392,7541334,1,"[0, 1]"
1096256,2009392,7380037,1,"[0, 1]"
1096256,2009392,7571100,1,"[0, 1]"
1096256,2009392,7671331,1,"[0, 1]"
1096256,2009392,7646087,1,"[0, 1]"
1096256,2009392,7210452,1,"[0, 1]"
1096256,2009392,5403877,1,"[0, 1]"
1096256,2009392,7237217,1,"[0, 1]"
1096256,2009392,6519900,1,"[0, 1]"
1096256,2009392,4615,0,"[0, 1]"
1096256,2009392,7252662,1,"[0, 1]"
1096256,2009392,4127,0,"[0, 1]"
1096256,2009392,7422965,1,"[0, 1]"
1096256,2009392,7183600,1,"[0, 1]"
1096256,2009392,7276806,1,"[0, 1]"
1096256,2009392,7280044,1,"[0, 1]"
1096256,2009392,7156564,1,"[0, 1]"
1096256,2009392,7085473,1,"[0, 1]"
1096256,2009392,7250309,1,"[0, 1]"
1096256,2009392,7529727,1,"[0, 1]"
1096256,2009392,4506,0,"[0, 1]"
1096256,2009392,4522,0,"[0, 1]"
1096256,2009392,7583985,1,"[0, 1]"
610716,7519905,7519905,1,"[1, 0]"
610716,7519905,4143,0,"[1, 0]"
610716,7519905,2155,0,"[1, 0]"
610716,7519905,1077,0,"[1, 0]"
610716,7519905,538,0,"[1, 0]"
610716,7519905,268,0,"[1, 0]"
610716,7519905,133,0,"[1, 0]"
610716,7519905,66,0,"[1, 0]"
610716,7519905,32,0,"[1, 0]"
610716,7519905,15,0,"[1, 0]"
610716,7519905,7,0,"[1, 0]"
610716,7519905,3,0,"[1, 0]"
610716,7519905,1,0,"[1, 0]"
610716,7519905,0,0,"[1, 0]"
610716,7519905,2,0,"[0, 1]"
610716,7519905,1,0,"[0, 1]"
610716,7519905,3,0,"[0, 1]"
610716,7519905,4,0,"[0, 1]"
610716,7519905,5,0,"[0, 1]"
610716,7519905,6,0,"[0, 1]"
610716,7519905,10,0,"[0, 1]"
610716,7519905,9,0,"[0, 1]"
610716,7519905,8,0,"[0, 1]"
610716,7519905,14,0,"[0, 1]"
610716,7519905,13,0,"[0, 1]"
610716,7519905,7,0,"[0, 1]"
610716,7519905,23,0,"[0, 1]"
610716,7519905,24,0,"[0, 1]"
610716,7519905,30,0,"[0, 1]"
610716,7519905,25,0,"[0, 1]"
610716,7519905,18,0,"[0, 1]"
610716,7519905,20,0,"[0, 1]"
610716,7519905,27,0,"[0, 1]"
610716,7519905,15,0,"[0, 1]"
610716,7519905,58,0,"[0, 1]"
610716,7519905,46,0,"[0, 1]"
610716,7519905,34,0,"[0, 1]"
610716,7519905,53,0,"[0, 1]"
610716,7519905,47,0,"[0, 1]"
610716,7519905,36,0,"[0, 1]"
610716,7519905,39,0,"[0, 1]"
610716,7519905,57,0,"[0, 1]"
610716,7519905,62,0,"[0, 1]"
610716,7519905,56,0,"[0, 1]"
610716,7519905,126,0,"[0, 1]"
610716,7519905,93,0,"[0, 1]"
610716,7519905,72,0,"[0, 1]"
610716,7519905,117,0,"[0, 1]"
610716,7519905,90,0,"[0, 1]"
610716,7519905,111,0,"[0, 1]"
610716,7519905,89,0,"[0, 1]"
610716,7519905,96,0,"[0, 1]"
610716,7519905,113,0,"[0, 1]"
610716,7519905,80,0,"[0, 1]"
610716,7519905,85,0,"[0, 1]"
610716,7519905,118,0,"[0, 1]"
610716,7519905,211,0,"[0, 1]"
610716,7519905,193,0,"[0, 1]"
610716,7519905,214,0,"[0, 1]"
610716,7519905,164,0,"[0, 1]"
610716,7519905,205,0,"[0, 1]"
610716,7519905,199,0,"[0, 1]"
610716,7519905,232,0,"[0, 1]"
610716,7519905,147,0,"[0, 1]"
610716,7519905,168,0,"[0, 1]"
610716,7519905,229,0,"[0, 1]"
610716,7519905,253,0,"[0, 1]"
610716,7519905,127,0,"[0, 1]"
610716,7519905,144,0,"[0, 1]"
610716,7519905,176,0,"[0, 1]"
610716,7519905,469,0,"[0, 1]"
610716,7519905,499,0,"[0, 1]"
610716,7519905,497,0,"[0, 1]"
610716,7519905,322,0,"[0, 1]"
610716,7519905,470,0,"[0, 1]"
610716,7519905,481,0,"[0, 1]"
610716,7519905,310,0,"[0, 1]"
610716,7519905,416,0,"[0, 1]"
610716,7519905,490,0,"[0, 1]"
610716,7519905,397,0,"[0, 1]"
610716,7519905,506,0,"[0, 1]"
610716,7519905,336,0,"[0, 1]"
610716,7519905,417,0,"[0, 1]"
610716,7519905,300,0,"[0, 1]"
610716,7519905,462,0,"[0, 1]"
610716,7519905,284,0,"[0, 1]"
610716,7519905,758,0,"[0, 1]"
610716,7519905,611,0,"[0, 1]"
610716,7519905,966,0,"[0, 1]"
610716,7519905,944,0,"[0, 1]"
610716,7519905,719,0,"[0, 1]"
610716,7519905,610,0,"[0, 1]"
610716,7519905,1000,0,"[0, 1]"
610716,7519905,905,0,"[0, 1]"
610716,7519905,730,0,"[0, 1]"
610716,7519905,875,0,"[0, 1]"
610716,7519905,551,0,"[0, 1]"
610716,7519905,747,0,"[0, 1]"
610716,7519905,889,0,"[0, 1]"
610716,7519905,713,0,"[0, 1]"
610716,7519905,834,0,"[0, 1]"
610716,7519905,725,0,"[0, 1]"
610716,7519905,790,0,"[0, 1]"
610716,7519905,908,0,"[0, 1]"
610716,7519905,1966,0,"[0, 1]"
610716,7519905,1236,0,"[0, 1]"
610716,7519905,1244,0,"[0, 1]"
610716,7519905,2035,0,"[0, 1]"
610716,7519905,1034,0,"[0, 1]"
610716,7519905,1876,0,"[0, 1]"
610716,7519905,1147,0,"[0, 1]"
610716,7519905,1490,0,"[0, 1]"
610716,7519905,1933,0,"[0, 1]"
610716,7519905,1173,0,"[0, 1]"
610716,7519905,1796,0,"[0, 1]"
610716,7519905,1199,0,"[0, 1]"
610716,7519905,1809,0,"[0, 1]"
610716,7519905,1054,0,"[0, 1]"
610716,7519905,1783,0,"[0, 1]"
610716,7519905,1883,0,"[0, 1]"
610716,7519905,1349,0,"[0, 1]"
610716,7519905,1666,0,"[0, 1]"
610716,7519905,1977,0,"[0, 1]"
610716,7519905,1932,0,"[0, 1]"
610716,7519905,3641,0,"[0, 1]"
610716,7519905,3979,0,"[0, 1]"
610716,7519905,2836,0,"[0, 1]"
610716,7519905,3371,0,"[0, 1]"
610716,7519905,3147,0,"[0, 1]"
610716,7519905,3309,0,"[0, 1]"
610716,7519905,3079,0,"[0, 1]"
610716,7519905,3118,0,"[0, 1]"
610716,7519905,3420,0,"[0, 1]"
610716,7519905,3064,0,"[0, 1]"
610716,7519905,2768,0,"[0, 1]"
610716,7519905,3477,0,"[0, 1]"
610716,7519905,3031,0,"[0, 1]"
610716,7519905,3157,0,"[0, 1]"
610716,7519905,2420,0,"[0, 1]"
610716,7519905,2115,0,"[0, 1]"
610716,7519905,2498,0,"[0, 1]"
610716,7519905,3693,0,"[0, 1]"
610716,7519905,4043,0,"[0, 1]"
610716,7519905,3122,0,"[0, 1]"
610716,7519905,3684,0,"[0, 1]"
610716,7519905,3578,0,"[0, 1]"
610716,7519905,4778,0,"[0, 1]"
610716,7519905,7424148,1,"[0, 1]"
610716,7519905,4431,0,"[0, 1]"
610716,7519905,7242268,1,"[0, 1]"
610716,7519905,7349555,1,"[0, 1]"
610716,7519905,7326072,1,"[0, 1]"
610716,7519905,7559349,1,"[0, 1]"
610716,7519905,7603386,1,"[0, 1]"
610716,7519905,6147967,1,"[0, 1]"
610716,7519905,7430131,1,"[0, 1]"
610716,7519905,7232021,1,"[0, 1]"
610716,7519905,7212843,1,"[0, 1]"
610716,7519905,7163878,1,"[0, 1]"
610716,7519905,4481,0,"[0, 1]"
610716,7519905,4385,0,"[0, 1]"
610716,7519905,7453985,1,"[0, 1]"
610716,7519905,7435832,1,"[0, 1]"
610716,7519905,7156891,1,"[0, 1]"
610716,7519905,4780,0,"[0, 1]"
610716,7519905,7308132,1,"[0, 1]"
610716,7519905,7380576,1,"[0, 1]"
610716,7519905,7087829,1,"[0, 1]"
610716,7519905,4960,0,"[0, 1]"
610716,7519905,7179733,1,"[0, 1]"
610716,7519905,7499533,1,"[0, 1]"
610716,7519905,767271,1,"[0, 1]"
610716,7519905,2145881,1,"[0, 1]"
610716,7519905,2554945,1,"[0, 1]"
610716,7519905,7355250,1,"[0, 1]"
610716,7519905,7456369,1,"[0, 1]"
610716,7519905,7130174,1,"[0, 1]"
610716,7519905,7593941,1,"[0, 1]"
610716,7519905,7409132,1,"[0, 1]"
610716,7519905,7476513,1,"[0, 1]"
610716,7519905,7221920,1,"[0, 1]"
610716,7519905,7450295,1,"[0, 1]"
610716,7519905,7466306,1,"[0, 1]"
610716,7519905,7416571,1,"[0, 1]"
610716,7519905,4452479,1,"[0, 1]"
610716,7519905,7656709,1,"[0, 1]"
610716,7519905,6010807,1,"[0, 1]"
610716,7519905,7183163,1,"[0, 1]"
610716,7519905,7168155,1,"[0, 1]"
610716,7519905,7271568,1,"[0, 1]"
610716,7519905,7410675,1,"[0, 1]"
610716,7519905,1401075,1,"[0, 1]"
610716,7519905,6227469,1,"[0, 1]"
610716,7519905,7405704,1,"[0, 1]"
610716,7519905,7306611,1,"[0, 1]"
610716,7519905,7293101,1,"[0, 1]"
19552,1320723,1320723,1,"[1, 0]"
19552,1320723,3470,0,"[1, 0]"
19552,1320723,1734,0,"[1, 0]"
19552,1320723,866,0,"[1, 0]"
19552,1320723,432,0,"[1, 0]"
19552,1320723,215,0,"[1, 0]"
19552,1320723,107,0,"[1, 0]"
19552,1320723,53,0,"[1, 0]"
19552,1320723,26,0,"[1, 0]"
19552,1320723,12,0,"[1, 0]"
19552,1320723,5,0,"[1, 0]"
19552,1320723,2,0,"[1, 0]"
19552,1320723,0,0,"[1, 0]"
19552,1320723,1,0,"[0, 1]"
19552,1320723,2,0,"[0, 1]"
19552,1320723,5,0,"[0, 1]"
19552,1320723,4,0,"[0, 1]"
19552,1320723,6,0,"[0, 1]"
19552,1320723,3,0,"[0, 1]"
19552,1320723,8,0,"[0, 1]"
19552,1320723,10,0,"[0, 1]"
19552,1320723,14,0,"[0, 1]"
19552,1320723,11,0,"[0, 1]"
19552,1320723,12,0,"[0, 1]"
19552,1320723,13,0,"[0, 1]"
19552,1320723,26,0,"[0, 1]"
19552,1320723,29,0,"[0, 1]"
19552,1320723,20,0,"[0, 1]"
19552,1320723,18,0,"[0, 1]"
19552,1320723,19,0,"[0, 1]"
19552,1320723,30,0,"[0, 1]"
19552,1320723,24,0,"[0, 1]"
19552,1320723,21,0,"[0, 1]"
19552,1320723,53,0,"[0, 1]"
19552,1320723,45,0,"[0, 1]"
19552,1320723,51,0,"[0, 1]"
19552,1320723,37,0,"[0, 1]"
19552,1320723,58,0,"[0, 1]"
19552,1320723,50,0,"[0, 1]"
19552,1320723,44,0,"[0, 1]"
19552,1320723,32,0,"[0, 1]"
19552,1320723,39,0,"[0, 1]"
19552,1320723,34,0,"[0, 1]"
19552,1320723,73,0,"[0, 1]"
19552,1320723,67,0,"[0, 1]"
19552,1320723,82,0,"[0, 1]"
19552,1320723,85,0,"[0, 1]"
19552,1320723,100,0,"[0, 1]"
19552,1320723,72,0,"[0, 1]"
19552,1320723,66,0,"[0, 1]"
19552,1320723,126,0,"[0, 1]"
19552,1320723,71,0,"[0, 1]"
19552,1320723,63,0,"[0, 1]"
19552,1320723,113,0,"[0, 1]"
19552,1320723,112,0,"[0, 1]"
19552,1320723,168,0,"[0, 1]"
19552,1320723,195,0,"[0, 1]"
19552,1320723,248,0,"[0, 1]"
19552,1320723,250,0,"[0, 1]"
19552,1320723,183,0,"[0, 1]"
19552,1320723,133,0,"[0, 1]"
19552,1320723,233,0,"[0, 1]"
19552,1320723,244,0,"[0, 1]"
19552,1320723,181,0,"[0, 1]"
19552,1320723,178,0,"[0, 1]"
19552,1320723,213,0,"[0, 1]"
19552,1320723,239,0,"[0, 1]"
19552,1320723,167,0,"[0, 1]"
19552,1320723,251,0,"[0, 1]"
19552,1320723,429,0,"[0, 1]"
19552,1320723,364,0,"[0, 1]"
19552,1320723,267,0,"[0, 1]"
19552,1320723,417,0,"[0, 1]"
19552,1320723,363,0,"[0, 1]"
19552,1320723,369,0,"[0, 1]"
19552,1320723,443,0,"[0, 1]"
19552,1320723,394,0,"[0, 1]"
19552,1320723,439,0,"[0, 1]"
19552,1320723,436,0,"[0, 1]"
19552,1320723,286,0,"[0, 1]"
19552,1320723,510,0,"[0, 1]"
19552,1320723,483,0,"[0, 1]"
19552,1320723,303,0,"[0, 1]"
19552,1320723,390,0,"[0, 1]"
19552,1320723,342,0,"[0, 1]"
19552,1320723,587,0,"[0, 1]"
19552,1320723,528,0,"[0, 1]"
19552,1320723,974,0,"[0, 1]"
19552,1320723,619,0,"[0, 1]"
19552,1320723,687,0,"[0, 1]"
19552,1320723,764,0,"[0, 1]"
19552,1320723,703,0,"[0, 1]"
19552,1320723,673,0,"[0, 1]"
19552,1320723,989,0,"[0, 1]"
19552,1320723,694,0,"[0, 1]"
19552,1320723,844,0,"[0, 1]"
19552,1320723,680,0,"[0, 1]"
19552,1320723,857,0,"[0, 1]"
19552,1320723,1007,0,"[0, 1]"
19552,1320723,529,0,"[0, 1]"
19552,1320723,657,0,"[0, 1]"
19552,1320723,919,0,"[0, 1]"
19552,1320723,961,0,"[0, 1]"
19552,1320723,1217,0,"[0, 1]"
19552,1320723,1359,0,"[0, 1]"
19552,1320723,1130,0,"[0, 1]"
19552,1320723,1929,0,"[0, 1]"
19552,1320723,1370,0,"[0, 1]"
19552,1320723,1299,0,"[0, 1]"
19552,1320723,1492,0,"[0, 1]"
19552,1320723,1280,0,"[0, 1]"
19552,1320723,1620,0,"[0, 1]"
19552,1320723,1547,0,"[0, 1]"
19552,1320723,1317,0,"[0, 1]"
19552,1320723,1636,0,"[0, 1]"
19552,1320723,1160,0,"[0, 1]"
19552,1320723,1490,0,"[0, 1]"
19552,1320723,1318,0,"[0, 1]"
19552,1320723,1723,0,"[0, 1]"
19552,1320723,1168,0,"[0, 1]"
19552,1320723,2011,0,"[0, 1]"
19552,1320723,1133,0,"[0, 1]"
19552,1320723,1510,0,"[0, 1]"
19552,1320723,3796,0,"[0, 1]"
19552,1320723,2929,0,"[0, 1]"
19552,1320723,2533,0,"[0, 1]"
19552,1320723,3078,0,"[0, 1]"
19552,1320723,3043,0,"[0, 1]"
19552,1320723,3750,0,"[0, 1]"
19552,1320723,4032,0,"[0, 1]"
19552,1320723,2223,0,"[0, 1]"
19552,1320723,2249,0,"[0, 1]"
19552,1320723,2416,0,"[0, 1]"
19552,1320723,2297,0,"[0, 1]"
19552,1320723,3321,0,"[0, 1]"
19552,1320723,3896,0,"[0, 1]"
19552,1320723,2156,0,"[0, 1]"
19552,1320723,3667,0,"[0, 1]"
19552,1320723,3289,0,"[0, 1]"
19552,1320723,3589,0,"[0, 1]"
19552,1320723,3488,0,"[0, 1]"
19552,1320723,3507,0,"[0, 1]"
19552,1320723,2421,0,"[0, 1]"
19552,1320723,3869,0,"[0, 1]"
19552,1320723,3697,0,"[0, 1]"
19552,1320723,2098508,1,"[0, 1]"
19552,1320723,7126756,1,"[0, 1]"
19552,1320723,7606373,1,"[0, 1]"
19552,1320723,2459032,1,"[0, 1]"
19552,1320723,7421115,1,"[0, 1]"
19552,1320723,7129866,1,"[0, 1]"
19552,1320723,7498584,1,"[0, 1]"
19552,1320723,4912,0,"[0, 1]"
19552,1320723,7327127,1,"[0, 1]"
19552,1320723,4492,0,"[0, 1]"
19552,1320723,7556581,1,"[0, 1]"
19552,1320723,7407951,1,"[0, 1]"
19552,1320723,7358221,1,"[0, 1]"
19552,1320723,7487828,1,"[0, 1]"
19552,1320723,7456507,1,"[0, 1]"
19552,1320723,7245148,1,"[0, 1]"
19552,1320723,4927,0,"[0, 1]"
19552,1320723,4241,0,"[0, 1]"
19552,1320723,7398606,1,"[0, 1]"
19552,1320723,4714,0,"[0, 1]"
19552,1320723,7628015,1,"[0, 1]"
19552,1320723,7162884,1,"[0, 1]"
19552,1320723,7614556,1,"[0, 1]"
19552,1320723,7170234,1,"[0, 1]"
436475,7520157,7520157,1,"[1, 0]"
436475,7520157,2145,0,"[1, 0]"
436475,7520157,1072,0,"[1, 0]"
436475,7520157,535,0,"[1, 0]"
436475,7520157,267,0,"[1, 0]"
436475,7520157,133,0,"[1, 0]"
436475,7520157,66,0,"[1, 0]"
436475,7520157,32,0,"[1, 0]"
436475,7520157,15,0,"[1, 0]"
436475,7520157,7,0,"[1, 0]"
436475,7520157,3,0,"[1, 0]"
436475,7520157,1,0,"[1, 0]"
436475,7520157,0,0,"[1, 0]"
436475,7520157,1,0,"[0, 1]"
436475,7520157,2,0,"[0, 1]"
436475,7520157,5,0,"[0, 1]"
436475,7520157,3,0,"[0, 1]"
436475,7520157,4,0,"[0, 1]"
436475,7520157,6,0,"[0, 1]"
436475,7520157,9,0,"[0, 1]"
436475,7520157,13,0,"[0, 1]"
436475,7520157,14,0,"[0, 1]"
436475,7520157,11,0,"[0, 1]"
436475,7520157,10,0,"[0, 1]"
436475,7520157,7,0,"[0, 1]"
436475,7520157,27,0,"[0, 1]"
436475,7520157,28,0,"[0, 1]"
436475,7520157,17,0,"[0, 1]"
436475,7520157,19,0,"[0, 1]"
436475,7520157,23,0,"[0, 1]"
436475,7520157,20,0,"[0, 1]"
436475,7520157,30,0,"[0, 1]"
436475,7520157,15,0,"[0, 1]"
436475,7520157,34,0,"[0, 1]"
436475,7520157,45,0,"[0, 1]"
436475,7520157,48,0,"[0, 1]"
436475,7520157,46,0,"[0, 1]"
436475,7520157,35,0,"[0, 1]"
436475,7520157,60,0,"[0, 1]"
436475,7520157,40,0,"[0, 1]"
436475,7520157,52,0,"[0, 1]"
436475,7520157,31,0,"[0, 1]"
436475,7520157,51,0,"[0, 1]"
436475,7520157,71,0,"[0, 1]"
436475,7520157,90,0,"[0, 1]"
436475,7520157,76,0,"[0, 1]"
436475,7520157,84,0,"[0, 1]"
436475,7520157,103,0,"[0, 1]"
436475,7520157,65,0,"[0, 1]"
436475,7520157,117,0,"[0, 1]"
436475,7520157,114,0,"[0, 1]"
436475,7520157,91,0,"[0, 1]"
436475,7520157,86,0,"[0, 1]"
436475,7520157,97,0,"[0, 1]"
436475,7520157,69,0,"[0, 1]"
436475,7520157,252,0,"[0, 1]"
436475,7520157,167,0,"[0, 1]"
436475,7520157,188,0,"[0, 1]"
436475,7520157,185,0,"[0, 1]"
436475,7520157,131,0,"[0, 1]"
436475,7520157,179,0,"[0, 1]"
436475,7520157,153,0,"[0, 1]"
436475,7520157,157,0,"[0, 1]"
436475,7520157,222,0,"[0, 1]"
436475,7520157,204,0,"[0, 1]"
436475,7520157,220,0,"[0, 1]"
436475,7520157,132,0,"[0, 1]"
436475,7520157,228,0,"[0, 1]"
436475,7520157,182,0,"[0, 1]"
436475,7520157,435,0,"[0, 1]"
436475,7520157,394,0,"[0, 1]"
436475,7520157,297,0,"[0, 1]"
436475,7520157,360,0,"[0, 1]"
436475,7520157,256,0,"[0, 1]"
436475,7520157,311,0,"[0, 1]"
436475,7520157,418,0,"[0, 1]"
436475,7520157,339,0,"[0, 1]"
436475,7520157,312,0,"[0, 1]"
436475,7520157,443,0,"[0, 1]"
436475,7520157,399,0,"[0, 1]"
436475,7520157,407,0,"[0, 1]"
436475,7520157,258,0,"[0, 1]"
436475,7520157,303,0,"[0, 1]"
436475,7520157,323,0,"[0, 1]"
436475,7520157,462,0,"[0, 1]"
436475,7520157,624,0,"[0, 1]"
436475,7520157,937,0,"[0, 1]"
436475,7520157,918,0,"[0, 1]"
436475,7520157,774,0,"[0, 1]"
436475,7520157,646,0,"[0, 1]"
436475,7520157,602,0,"[0, 1]"
436475,7520157,762,0,"[0, 1]"
436475,7520157,673,0,"[0, 1]"
436475,7520157,1022,0,"[0, 1]"
436475,7520157,511,0,"[0, 1]"
436475,7520157,821,0,"[0, 1]"
436475,7520157,713,0,"[0, 1]"
436475,7520157,790,0,"[0, 1]"
436475,7520157,739,0,"[0, 1]"
436475,7520157,697,0,"[0, 1]"
436475,7520157,1006,0,"[0, 1]"
436475,7520157,870,0,"[0, 1]"
436475,7520157,527,0,"[0, 1]"
436475,7520157,1521,0,"[0, 1]"
436475,7520157,1596,0,"[0, 1]"
436475,7520157,1266,0,"[0, 1]"
436475,7520157,1118,0,"[0, 1]"
436475,7520157,1766,0,"[0, 1]"
436475,7520157,1054,0,"[0, 1]"
436475,7520157,1150,0,"[0, 1]"
436475,7520157,1433,0,"[0, 1]"
436475,7520157,1284,0,"[0, 1]"
436475,7520157,1825,0,"[0, 1]"
436475,7520157,1324,0,"[0, 1]"
436475,7520157,1540,0,"[0, 1]"
436475,7520157,1277,0,"[0, 1]"
436475,7520157,1041,0,"[0, 1]"
436475,7520157,1347,0,"[0, 1]"
436475,7520157,1814,0,"[0, 1]"
436475,7520157,1341,0,"[0, 1]"
436475,7520157,1163,0,"[0, 1]"
436475,7520157,1597,0,"[0, 1]"
436475,7520157,1780,0,"[0, 1]"
436475,7520157,2109,0,"[0, 1]"
436475,7520157,3516,0,"[0, 1]"
436475,7520157,2702,0,"[0, 1]"
436475,7520157,3083,0,"[0, 1]"
436475,7520157,3734,0,"[0, 1]"
436475,7520157,2641,0,"[0, 1]"
436475,7520157,3550,0,"[0, 1]"
436475,7520157,2105,0,"[0, 1]"
436475,7520157,3303,0,"[0, 1]"
436475,7520157,2620,0,"[0, 1]"
436475,7520157,3348,0,"[0, 1]"
436475,7520157,2191,0,"[0, 1]"
436475,7520157,3347,0,"[0, 1]"
436475,7520157,4002,0,"[0, 1]"
436475,7520157,3239,0,"[0, 1]"
436475,7520157,4005,0,"[0, 1]"
436475,7520157,2720,0,"[0, 1]"
436475,7520157,2536,0,"[0, 1]"
436475,7520157,4042,0,"[0, 1]"
436475,7520157,3708,0,"[0, 1]"
436475,7520157,3815,0,"[0, 1]"
436475,7520157,3381,0,"[0, 1]"
436475,7520157,5774598,1,"[0, 1]"
436475,7520157,4610,0,"[0, 1]"
436475,7520157,7080803,1,"[0, 1]"
436475,7520157,4292,0,"[0, 1]"
436475,7520157,7428853,1,"[0, 1]"
436475,7520157,7200948,1,"[0, 1]"
436475,7520157,7125687,1,"[0, 1]"
436475,7520157,7113578,1,"[0, 1]"
436475,7520157,7276263,1,"[0, 1]"
436475,7520157,7089522,1,"[0, 1]"
436475,7520157,4254,0,"[0, 1]"
436475,7520157,4290,0,"[0, 1]"
436475,7520157,7315031,1,"[0, 1]"
436475,7520157,7232727,1,"[0, 1]"
436475,7520157,4770,0,"[0, 1]"
436475,7520157,4220,0,"[0, 1]"
436475,7520157,7478869,1,"[0, 1]"
436475,7520157,7217875,1,"[0, 1]"
436475,7520157,7419141,1,"[0, 1]"
436475,7520157,7235642,1,"[0, 1]"
436475,7520157,7158303,1,"[0, 1]"
436475,7520157,654791,1,"[0, 1]"
436475,7520157,7568821,1,"[0, 1]"
436475,7520157,7334526,1,"[0, 1]"
1096252,7520282,7520282,1,"[1, 0]"
1096252,7520282,4435,0,"[1, 0]"
1096252,7520282,2818,0,"[1, 0]"
1096252,7520282,1408,0,"[1, 0]"
1096252,7520282,703,0,"[1, 0]"
1096252,7520282,351,0,"[1, 0]"
1096252,7520282,175,0,"[1, 0]"
1096252,7520282,87,0,"[1, 0]"
1096252,7520282,43,0,"[1, 0]"
1096252,7520282,21,0,"[1, 0]"
1096252,7520282,10,0,"[1, 0]"
1096252,7520282,4,0,"[1, 0]"
1096252,7520282,1,0,"[1, 0]"
1096252,7520282,0,0,"[1, 0]"
1096252,7520282,1,0,"[0, 1]"
1096252,7520282,2,0,"[0, 1]"
1096252,7520282,5,0,"[0, 1]"
1096252,7520282,3,0,"[0, 1]"
1096252,7520282,6,0,"[0, 1]"
1096252,7520282,4,0,"[0, 1]"
1096252,7520282,12,0,"[0, 1]"
1096252,7520282,7,0,"[0, 1]"
1096252,7520282,10,0,"[0, 1]"
1096252,7520282,14,0,"[0, 1]"
1096252,7520282,13,0,"[0, 1]"
1096252,7520282,9,0,"[0, 1]"
1096252,7520282,21,0,"[0, 1]"
1096252,7520282,18,0,"[0, 1]"
1096252,7520282,25,0,"[0, 1]"
1096252,7520282,30,0,"[0, 1]"
1096252,7520282,20,0,"[0, 1]"
1096252,7520282,19,0,"[0, 1]"
1096252,7520282,15,0,"[0, 1]"
1096252,7520282,27,0,"[0, 1]"
1096252,7520282,57,0,"[0, 1]"
1096252,7520282,38,0,"[0, 1]"
1096252,7520282,34,0,"[0, 1]"
1096252,7520282,36,0,"[0, 1]"
1096252,7520282,59,0,"[0, 1]"
1096252,7520282,49,0,"[0, 1]"
1096252,7520282,45,0,"[0, 1]"
1096252,7520282,56,0,"[0, 1]"
1096252,7520282,50,0,"[0, 1]"
1096252,7520282,55,0,"[0, 1]"
1096252,7520282,83,0,"[0, 1]"
1096252,7520282,125,0,"[0, 1]"
1096252,7520282,93,0,"[0, 1]"
1096252,7520282,64,0,"[0, 1]"
1096252,7520282,107,0,"[0, 1]"
1096252,7520282,63,0,"[0, 1]"
1096252,7520282,67,0,"[0, 1]"
1096252,7520282,89,0,"[0, 1]"
1096252,7520282,103,0,"[0, 1]"
1096252,7520282,65,0,"[0, 1]"
1096252,7520282,97,0,"[0, 1]"
1096252,7520282,119,0,"[0, 1]"
1096252,7520282,147,0,"[0, 1]"
1096252,7520282,232,0,"[0, 1]"
1096252,7520282,180,0,"[0, 1]"
1096252,7520282,185,0,"[0, 1]"
1096252,7520282,245,0,"[0, 1]"
1096252,7520282,194,0,"[0, 1]"
1096252,7520282,249,0,"[0, 1]"
1096252,7520282,139,0,"[0, 1]"
1096252,7520282,198,0,"[0, 1]"
1096252,7520282,134,0,"[0, 1]"
1096252,7520282,158,0,"[0, 1]"
1096252,7520282,218,0,"[0, 1]"
1096252,7520282,175,0,"[0, 1]"
1096252,7520282,127,0,"[0, 1]"
1096252,7520282,381,0,"[0, 1]"
1096252,7520282,320,0,"[0, 1]"
1096252,7520282,260,0,"[0, 1]"
1096252,7520282,489,0,"[0, 1]"
1096252,7520282,429,0,"[0, 1]"
1096252,7520282,315,0,"[0, 1]"
1096252,7520282,363,0,"[0, 1]"
1096252,7520282,294,0,"[0, 1]"
1096252,7520282,414,0,"[0, 1]"
1096252,7520282,340,0,"[0, 1]"
1096252,7520282,383,0,"[0, 1]"
1096252,7520282,499,0,"[0, 1]"
1096252,7520282,493,0,"[0, 1]"
1096252,7520282,371,0,"[0, 1]"
1096252,7520282,454,0,"[0, 1]"
1096252,7520282,411,0,"[0, 1]"
1096252,7520282,755,0,"[0, 1]"
1096252,7520282,627,0,"[0, 1]"
1096252,7520282,715,0,"[0, 1]"
1096252,7520282,905,0,"[0, 1]"
1096252,7520282,734,0,"[0, 1]"
1096252,7520282,771,0,"[0, 1]"
1096252,7520282,584,0,"[0, 1]"
1096252,7520282,823,0,"[0, 1]"
1096252,7520282,861,0,"[0, 1]"
1096252,7520282,580,0,"[0, 1]"
1096252,7520282,851,0,"[0, 1]"
1096252,7520282,1009,0,"[0, 1]"
1096252,7520282,604,0,"[0, 1]"
1096252,7520282,769,0,"[0, 1]"
1096252,7520282,595,0,"[0, 1]"
1096252,7520282,588,0,"[0, 1]"
1096252,7520282,970,0,"[0, 1]"
1096252,7520282,643,0,"[0, 1]"
1096252,7520282,1863,0,"[0, 1]"
1096252,7520282,2040,0,"[0, 1]"
1096252,7520282,1777,0,"[0, 1]"
1096252,7520282,1131,0,"[0, 1]"
1096252,7520282,1691,0,"[0, 1]"
1096252,7520282,2027,0,"[0, 1]"
1096252,7520282,1335,0,"[0, 1]"
1096252,7520282,1573,0,"[0, 1]"
1096252,7520282,1970,0,"[0, 1]"
1096252,7520282,1679,0,"[0, 1]"
1096252,7520282,1736,0,"[0, 1]"
1096252,7520282,1605,0,"[0, 1]"
1096252,7520282,1337,0,"[0, 1]"
1096252,7520282,1265,0,"[0, 1]"
1096252,7520282,1822,0,"[0, 1]"
1096252,7520282,2044,0,"[0, 1]"
1096252,7520282,1132,0,"[0, 1]"
1096252,7520282,1959,0,"[0, 1]"
1096252,7520282,1635,0,"[0, 1]"
1096252,7520282,1551,0,"[0, 1]"
1096252,7520282,2203,0,"[0, 1]"
1096252,7520282,2636,0,"[0, 1]"
1096252,7520282,3671,0,"[0, 1]"
1096252,7520282,4070,0,"[0, 1]"
1096252,7520282,3644,0,"[0, 1]"
1096252,7520282,2258,0,"[0, 1]"
1096252,7520282,3735,0,"[0, 1]"
1096252,7520282,2908,0,"[0, 1]"
1096252,7520282,3553,0,"[0, 1]"
1096252,7520282,2673,0,"[0, 1]"
1096252,7520282,3909,0,"[0, 1]"
1096252,7520282,3821,0,"[0, 1]"
1096252,7520282,3107,0,"[0, 1]"
1096252,7520282,2110,0,"[0, 1]"
1096252,7520282,3896,0,"[0, 1]"
1096252,7520282,2208,0,"[0, 1]"
1096252,7520282,2608,0,"[0, 1]"
1096252,7520282,3531,0,"[0, 1]"
1096252,7520282,2213,0,"[0, 1]"
1096252,7520282,2917,0,"[0, 1]"
1096252,7520282,3212,0,"[0, 1]"
1096252,7520282,3520,0,"[0, 1]"
1096252,7520282,7140336,1,"[0, 1]"
1096252,7520282,7556469,1,"[0, 1]"
1096252,7520282,7370862,1,"[0, 1]"
1096252,7520282,7209267,1,"[0, 1]"
1096252,7520282,7604184,1,"[0, 1]"
1096252,7520282,7289397,1,"[0, 1]"
1096252,7520282,7188594,1,"[0, 1]"
1096252,7520282,7220998,1,"[0, 1]"
1096252,7520282,4197,0,"[0, 1]"
1096252,7520282,7534191,1,"[0, 1]"
1096252,7520282,7434273,1,"[0, 1]"
1096252,7520282,4740,0,"[0, 1]"
1096252,7520282,7643455,1,"[0, 1]"
1096252,7520282,448393,1,"[0, 1]"
1096252,7520282,2850054,1,"[0, 1]"
1096252,7520282,7137810,1,"[0, 1]"
1096252,7520282,7193418,1,"[0, 1]"
1096252,7520282,7110954,1,"[0, 1]"
1096252,7520282,7180308,1,"[0, 1]"
1096252,7520282,4748,0,"[0, 1]"
1096252,7520282,7235073,1,"[0, 1]"
1096252,7520282,7334323,1,"[0, 1]"
1096252,7520282,7384323,1,"[0, 1]"
1096252,7520282,7108236,1,"[0, 1]"
1096252,7520282,7184191,1,"[0, 1]"
1096252,7520282,7164219,1,"[0, 1]"
1096252,7520282,7083912,1,"[0, 1]"
1096252,7520282,7155089,1,"[0, 1]"
1096252,7520282,5475009,1,"[0, 1]"
1096252,7520282,7404959,1,"[0, 1]"
1096252,7520282,7368447,1,"[0, 1]"
1096252,7520282,594812,1,"[0, 1]"
1096252,7520282,7161745,1,"[0, 1]"
1096252,7520282,1721889,1,"[0, 1]"
1096252,7520282,7588231,1,"[0, 1]"
1096252,7520282,5324342,1,"[0, 1]"
1096252,7520282,7417368,1,"[0, 1]"
1096252,7520282,7658766,1,"[0, 1]"
1096252,7520282,407030,1,"[0, 1]"
1096252,7520282,7078842,1,"[0, 1]"
1096252,7520282,7189386,1,"[0, 1]"
1096252,7520282,7297061,1,"[0, 1]"
1096252,7520282,7118416,1,"[0, 1]"
1096252,7520282,7068520,1,"[0, 1]"
1096252,7520282,7329577,1,"[0, 1]"
1096252,7520282,7518538,1,"[0, 1]"
1096252,7520282,7267822,1,"[0, 1]"
1096252,7520282,7474233,1,"[0, 1]"
1096252,7520282,7187845,1,"[0, 1]"
1096252,7520282,1727593,1,"[0, 1]"
648049,7520483,7520483,1,"[1, 0]"
648049,7520483,3198,0,"[1, 0]"
648049,7520483,1598,0,"[1, 0]"
648049,7520483,798,0,"[1, 0]"
648049,7520483,398,0,"[1, 0]"
648049,7520483,198,0,"[1, 0]"
648049,7520483,98,0,"[1, 0]"
648049,7520483,48,0,"[1, 0]"
648049,7520483,23,0,"[1, 0]"
648049,7520483,11,0,"[1, 0]"
648049,7520483,5,0,"[1, 0]"
648049,7520483,2,0,"[1, 0]"
648049,7520483,0,0,"[1, 0]"
648049,7520483,1,0,"[0, 1]"
648049,7520483,2,0,"[0, 1]"
648049,7520483,5,0,"[0, 1]"
648049,7520483,4,0,"[0, 1]"
648049,7520483,3,0,"[0, 1]"
648049,7520483,6,0,"[0, 1]"
648049,7520483,10,0,"[0, 1]"
648049,7520483,14,0,"[0, 1]"
648049,7520483,12,0,"[0, 1]"
648049,7520483,9,0,"[0, 1]"
648049,7520483,8,0,"[0, 1]"
648049,7520483,11,0,"[0, 1]"
648049,7520483,28,0,"[0, 1]"
648049,7520483,17,0,"[0, 1]"
648049,7520483,29,0,"[0, 1]"
648049,7520483,16,0,"[0, 1]"
648049,7520483,19,0,"[0, 1]"
648049,7520483,25,0,"[0, 1]"
648049,7520483,18,0,"[0, 1]"
648049,7520483,30,0,"[0, 1]"
648049,7520483,42,0,"[0, 1]"
648049,7520483,46,0,"[0, 1]"
648049,7520483,57,0,"[0, 1]"
648049,7520483,59,0,"[0, 1]"
648049,7520483,37,0,"[0, 1]"
648049,7520483,36,0,"[0, 1]"
648049,7520483,45,0,"[0, 1]"
648049,7520483,62,0,"[0, 1]"
648049,7520483,54,0,"[0, 1]"
648049,7520483,35,0,"[0, 1]"
648049,7520483,111,0,"[0, 1]"
648049,7520483,115,0,"[0, 1]"
648049,7520483,84,0,"[0, 1]"
648049,7520483,81,0,"[0, 1]"
648049,7520483,124,0,"[0, 1]"
648049,7520483,88,0,"[0, 1]"
648049,7520483,117,0,"[0, 1]"
648049,7520483,112,0,"[0, 1]"
648049,7520483,92,0,"[0, 1]"
648049,7520483,101,0,"[0, 1]"
648049,7520483,74,0,"[0, 1]"
648049,7520483,71,0,"[0, 1]"
648049,7520483,229,0,"[0, 1]"
648049,7520483,187,0,"[0, 1]"
648049,7520483,167,0,"[0, 1]"
648049,7520483,205,0,"[0, 1]"
648049,7520483,150,0,"[0, 1]"
648049,7520483,145,0,"[0, 1]"
648049,7520483,159,0,"[0, 1]"
648049,7520483,183,0,"[0, 1]"
648049,7520483,191,0,"[0, 1]"
648049,7520483,136,0,"[0, 1]"
648049,7520483,153,0,"[0, 1]"
648049,7520483,129,0,"[0, 1]"
648049,7520483,174,0,"[0, 1]"
648049,7520483,186,0,"[0, 1]"
648049,7520483,273,0,"[0, 1]"
648049,7520483,303,0,"[0, 1]"
648049,7520483,398,0,"[0, 1]"
648049,7520483,386,0,"[0, 1]"
648049,7520483,417,0,"[0, 1]"
648049,7520483,359,0,"[0, 1]"
648049,7520483,494,0,"[0, 1]"
648049,7520483,326,0,"[0, 1]"
648049,7520483,389,0,"[0, 1]"
648049,7520483,388,0,"[0, 1]"
648049,7520483,444,0,"[0, 1]"
648049,7520483,438,0,"[0, 1]"
648049,7520483,429,0,"[0, 1]"
648049,7520483,504,0,"[0, 1]"
648049,7520483,409,0,"[0, 1]"
648049,7520483,332,0,"[0, 1]"
648049,7520483,998,0,"[0, 1]"
648049,7520483,876,0,"[0, 1]"
648049,7520483,562,0,"[0, 1]"
648049,7520483,698,0,"[0, 1]"
648049,7520483,613,0,"[0, 1]"
648049,7520483,672,0,"[0, 1]"
648049,7520483,920,0,"[0, 1]"
648049,7520483,986,0,"[0, 1]"
648049,7520483,528,0,"[0, 1]"
648049,7520483,706,0,"[0, 1]"
648049,7520483,715,0,"[0, 1]"
648049,7520483,689,0,"[0, 1]"
648049,7520483,598,0,"[0, 1]"
648049,7520483,747,0,"[0, 1]"
648049,7520483,602,0,"[0, 1]"
648049,7520483,737,0,"[0, 1]"
648049,7520483,900,0,"[0, 1]"
648049,7520483,995,0,"[0, 1]"
648049,7520483,1364,0,"[0, 1]"
648049,7520483,1137,0,"[0, 1]"
648049,7520483,2039,0,"[0, 1]"
648049,7520483,1904,0,"[0, 1]"
648049,7520483,1456,0,"[0, 1]"
648049,7520483,1756,0,"[0, 1]"
648049,7520483,1420,0,"[0, 1]"
648049,7520483,1501,0,"[0, 1]"
648049,7520483,1545,0,"[0, 1]"
648049,7520483,1508,0,"[0, 1]"
648049,7520483,1898,0,"[0, 1]"
648049,7520483,1945,0,"[0, 1]"
648049,7520483,1035,0,"[0, 1]"
648049,7520483,1979,0,"[0, 1]"
648049,7520483,1518,0,"[0, 1]"
648049,7520483,1286,0,"[0, 1]"
648049,7520483,1116,0,"[0, 1]"
648049,7520483,1241,0,"[0, 1]"
648049,7520483,1278,0,"[0, 1]"
648049,7520483,1450,0,"[0, 1]"
648049,7520483,3382,0,"[0, 1]"
648049,7520483,2843,0,"[0, 1]"
648049,7520483,3015,0,"[0, 1]"
648049,7520483,3601,0,"[0, 1]"
648049,7520483,3014,0,"[0, 1]"
648049,7520483,2624,0,"[0, 1]"
648049,7520483,3956,0,"[0, 1]"
648049,7520483,3535,0,"[0, 1]"
648049,7520483,2246,0,"[0, 1]"
648049,7520483,3591,0,"[0, 1]"
648049,7520483,3991,0,"[0, 1]"
648049,7520483,3205,0,"[0, 1]"
648049,7520483,3393,0,"[0, 1]"
648049,7520483,3521,0,"[0, 1]"
648049,7520483,2690,0,"[0, 1]"
648049,7520483,2488,0,"[0, 1]"
648049,7520483,2094,0,"[0, 1]"
648049,7520483,2948,0,"[0, 1]"
648049,7520483,3350,0,"[0, 1]"
648049,7520483,2845,0,"[0, 1]"
648049,7520483,2913,0,"[0, 1]"
648049,7520483,3440,0,"[0, 1]"
648049,7520483,4544,0,"[0, 1]"
648049,7520483,4878458,1,"[0, 1]"
648049,7520483,4576,0,"[0, 1]"
648049,7520483,7400587,1,"[0, 1]"
648049,7520483,3835100,1,"[0, 1]"
648049,7520483,7094260,1,"[0, 1]"
648049,7520483,7384901,1,"[0, 1]"
648049,7520483,7622697,1,"[0, 1]"
648049,7520483,7495100,1,"[0, 1]"
648049,7520483,7563026,1,"[0, 1]"
648049,7520483,4228,0,"[0, 1]"
648049,7520483,7582912,1,"[0, 1]"
648049,7520483,7274572,1,"[0, 1]"
648049,7520483,7230403,1,"[0, 1]"
648049,7520483,7162357,1,"[0, 1]"
648049,7520483,2298353,1,"[0, 1]"
648049,7520483,7124637,1,"[0, 1]"
648049,7520483,7299671,1,"[0, 1]"
648049,7520483,7634698,1,"[0, 1]"
648049,7520483,7373458,1,"[0, 1]"
648049,7520483,7198175,1,"[0, 1]"
648049,7520483,7223320,1,"[0, 1]"
648049,7520483,7292470,1,"[0, 1]"
648049,7520483,4702,0,"[0, 1]"
662436,7008901,7008901,1,"[1, 0]"
662436,7008901,3952,0,"[1, 0]"
662436,7008901,1975,0,"[1, 0]"
662436,7008901,987,0,"[1, 0]"
662436,7008901,493,0,"[1, 0]"
662436,7008901,246,0,"[1, 0]"
662436,7008901,122,0,"[1, 0]"
662436,7008901,60,0,"[1, 0]"
662436,7008901,29,0,"[1, 0]"
662436,7008901,14,0,"[1, 0]"
662436,7008901,6,0,"[1, 0]"
662436,7008901,2,0,"[1, 0]"
662436,7008901,0,0,"[1, 0]"
662436,7008901,2,0,"[0, 1]"
662436,7008901,1,0,"[0, 1]"
662436,7008901,3,0,"[0, 1]"
662436,7008901,6,0,"[0, 1]"
662436,7008901,5,0,"[0, 1]"
662436,7008901,4,0,"[0, 1]"
662436,7008901,11,0,"[0, 1]"
662436,7008901,9,0,"[0, 1]"
662436,7008901,12,0,"[0, 1]"
662436,7008901,14,0,"[0, 1]"
662436,7008901,10,0,"[0, 1]"
662436,7008901,7,0,"[0, 1]"
662436,7008901,24,0,"[0, 1]"
662436,7008901,27,0,"[0, 1]"
662436,7008901,19,0,"[0, 1]"
662436,7008901,30,0,"[0, 1]"
662436,7008901,28,0,"[0, 1]"
662436,7008901,17,0,"[0, 1]"
662436,7008901,16,0,"[0, 1]"
662436,7008901,21,0,"[0, 1]"
662436,7008901,61,0,"[0, 1]"
662436,7008901,57,0,"[0, 1]"
662436,7008901,53,0,"[0, 1]"
662436,7008901,34,0,"[0, 1]"
662436,7008901,36,0,"[0, 1]"
662436,7008901,40,0,"[0, 1]"
662436,7008901,43,0,"[0, 1]"
662436,7008901,54,0,"[0, 1]"
662436,7008901,56,0,"[0, 1]"
662436,7008901,44,0,"[0, 1]"
662436,7008901,96,0,"[0, 1]"
662436,7008901,109,0,"[0, 1]"
662436,7008901,92,0,"[0, 1]"
662436,7008901,69,0,"[0, 1]"
662436,7008901,103,0,"[0, 1]"
662436,7008901,99,0,"[0, 1]"
662436,7008901,106,0,"[0, 1]"
662436,7008901,121,0,"[0, 1]"
662436,7008901,74,0,"[0, 1]"
662436,7008901,108,0,"[0, 1]"
662436,7008901,64,0,"[0, 1]"
662436,7008901,123,0,"[0, 1]"
662436,7008901,166,0,"[0, 1]"
662436,7008901,203,0,"[0, 1]"
662436,7008901,222,0,"[0, 1]"
662436,7008901,234,0,"[0, 1]"
662436,7008901,229,0,"[0, 1]"
662436,7008901,201,0,"[0, 1]"
662436,7008901,188,0,"[0, 1]"
662436,7008901,212,0,"[0, 1]"
662436,7008901,228,0,"[0, 1]"
662436,7008901,161,0,"[0, 1]"
662436,7008901,241,0,"[0, 1]"
662436,7008901,190,0,"[0, 1]"
662436,7008901,246,0,"[0, 1]"
662436,7008901,146,0,"[0, 1]"
662436,7008901,510,0,"[0, 1]"
662436,7008901,393,0,"[0, 1]"
662436,7008901,460,0,"[0, 1]"
662436,7008901,396,0,"[0, 1]"
662436,7008901,339,0,"[0, 1]"
662436,7008901,360,0,"[0, 1]"
662436,7008901,450,0,"[0, 1]"
662436,7008901,298,0,"[0, 1]"
662436,7008901,295,0,"[0, 1]"
662436,7008901,466,0,"[0, 1]"
662436,7008901,314,0,"[0, 1]"
662436,7008901,462,0,"[0, 1]"
662436,7008901,337,0,"[0, 1]"
662436,7008901,413,0,"[0, 1]"
662436,7008901,428,0,"[0, 1]"
662436,7008901,508,0,"[0, 1]"
662436,7008901,786,0,"[0, 1]"
662436,7008901,538,0,"[0, 1]"
662436,7008901,930,0,"[0, 1]"
662436,7008901,843,0,"[0, 1]"
662436,7008901,588,0,"[0, 1]"
662436,7008901,842,0,"[0, 1]"
662436,7008901,776,0,"[0, 1]"
662436,7008901,619,0,"[0, 1]"
662436,7008901,867,0,"[0, 1]"
662436,7008901,568,0,"[0, 1]"
662436,7008901,741,0,"[0, 1]"
662436,7008901,813,0,"[0, 1]"
662436,7008901,633,0,"[0, 1]"
662436,7008901,765,0,"[0, 1]"
662436,7008901,975,0,"[0, 1]"
662436,7008901,716,0,"[0, 1]"
662436,7008901,698,0,"[0, 1]"
662436,7008901,1015,0,"[0, 1]"
662436,7008901,1548,0,"[0, 1]"
662436,7008901,1595,0,"[0, 1]"
662436,7008901,1224,0,"[0, 1]"
662436,7008901,1026,0,"[0, 1]"
662436,7008901,1069,0,"[0, 1]"
662436,7008901,1564,0,"[0, 1]"
662436,7008901,1837,0,"[0, 1]"
662436,7008901,1852,0,"[0, 1]"
662436,7008901,1850,0,"[0, 1]"
662436,7008901,1086,0,"[0, 1]"
662436,7008901,1640,0,"[0, 1]"
662436,7008901,2037,0,"[0, 1]"
662436,7008901,1284,0,"[0, 1]"
662436,7008901,1667,0,"[0, 1]"
662436,7008901,1860,0,"[0, 1]"
662436,7008901,1453,0,"[0, 1]"
662436,7008901,1141,0,"[0, 1]"
662436,7008901,1935,0,"[0, 1]"
662436,7008901,1647,0,"[0, 1]"
662436,7008901,1629,0,"[0, 1]"
662436,7008901,3578,0,"[0, 1]"
662436,7008901,2979,0,"[0, 1]"
662436,7008901,3262,0,"[0, 1]"
662436,7008901,2084,0,"[0, 1]"
662436,7008901,3368,0,"[0, 1]"
662436,7008901,2478,0,"[0, 1]"
662436,7008901,2316,0,"[0, 1]"
662436,7008901,3166,0,"[0, 1]"
662436,7008901,2179,0,"[0, 1]"
662436,7008901,3011,0,"[0, 1]"
662436,7008901,2087,0,"[0, 1]"
662436,7008901,3178,0,"[0, 1]"
662436,7008901,3230,0,"[0, 1]"
662436,7008901,3218,0,"[0, 1]"
662436,7008901,2954,0,"[0, 1]"
662436,7008901,2990,0,"[0, 1]"
662436,7008901,3637,0,"[0, 1]"
662436,7008901,2213,0,"[0, 1]"
662436,7008901,2098,0,"[0, 1]"
662436,7008901,2540,0,"[0, 1]"
662436,7008901,2815,0,"[0, 1]"
662436,7008901,3244,0,"[0, 1]"
662436,7008901,7472819,1,"[0, 1]"
662436,7008901,4584,0,"[0, 1]"
662436,7008901,7555802,1,"[0, 1]"
662436,7008901,3165836,1,"[0, 1]"
662436,7008901,7222808,1,"[0, 1]"
662436,7008901,7160750,1,"[0, 1]"
662436,7008901,7502716,1,"[0, 1]"
662436,7008901,7598745,1,"[0, 1]"
662436,7008901,7296401,1,"[0, 1]"
662436,7008901,7101448,1,"[0, 1]"
662436,7008901,7383302,1,"[0, 1]"
662436,7008901,7671637,1,"[0, 1]"
662436,7008901,7556469,1,"[0, 1]"
662436,7008901,7352415,1,"[0, 1]"
662436,7008901,7360952,1,"[0, 1]"
662436,7008901,4315,0,"[0, 1]"
662436,7008901,4052584,1,"[0, 1]"
662436,7008901,7489438,1,"[0, 1]"
662436,7008901,4252,0,"[0, 1]"
662436,7008901,3192747,1,"[0, 1]"
662436,7008901,7272807,1,"[0, 1]"
662436,7008901,7274238,1,"[0, 1]"
662436,7008901,7164845,1,"[0, 1]"
662436,7008901,7461739,1,"[0, 1]"
709802,7521010,7521010,1,"[1, 0]"
709802,7521010,3419,0,"[1, 0]"
709802,7521010,1709,0,"[1, 0]"
709802,7521010,854,0,"[1, 0]"
709802,7521010,426,0,"[1, 0]"
709802,7521010,212,0,"[1, 0]"
709802,7521010,105,0,"[1, 0]"
709802,7521010,52,0,"[1, 0]"
709802,7521010,25,0,"[1, 0]"
709802,7521010,12,0,"[1, 0]"
709802,7521010,5,0,"[1, 0]"
709802,7521010,2,0,"[1, 0]"
709802,7521010,0,0,"[1, 0]"
709802,7521010,2,0,"[0, 1]"
709802,7521010,1,0,"[0, 1]"
709802,7521010,5,0,"[0, 1]"
709802,7521010,4,0,"[0, 1]"
709802,7521010,6,0,"[0, 1]"
709802,7521010,3,0,"[0, 1]"
709802,7521010,7,0,"[0, 1]"
709802,7521010,8,0,"[0, 1]"
709802,7521010,14,0,"[0, 1]"
709802,7521010,10,0,"[0, 1]"
709802,7521010,12,0,"[0, 1]"
709802,7521010,9,0,"[0, 1]"
709802,7521010,28,0,"[0, 1]"
709802,7521010,27,0,"[0, 1]"
709802,7521010,19,0,"[0, 1]"
709802,7521010,22,0,"[0, 1]"
709802,7521010,15,0,"[0, 1]"
709802,7521010,29,0,"[0, 1]"
709802,7521010,18,0,"[0, 1]"
709802,7521010,17,0,"[0, 1]"
709802,7521010,57,0,"[0, 1]"
709802,7521010,47,0,"[0, 1]"
709802,7521010,37,0,"[0, 1]"
709802,7521010,58,0,"[0, 1]"
709802,7521010,48,0,"[0, 1]"
709802,7521010,62,0,"[0, 1]"
709802,7521010,55,0,"[0, 1]"
709802,7521010,61,0,"[0, 1]"
709802,7521010,51,0,"[0, 1]"
709802,7521010,33,0,"[0, 1]"
709802,7521010,110,0,"[0, 1]"
709802,7521010,98,0,"[0, 1]"
709802,7521010,70,0,"[0, 1]"
709802,7521010,114,0,"[0, 1]"
709802,7521010,88,0,"[0, 1]"
709802,7521010,106,0,"[0, 1]"
709802,7521010,126,0,"[0, 1]"
709802,7521010,77,0,"[0, 1]"
709802,7521010,87,0,"[0, 1]"
709802,7521010,82,0,"[0, 1]"
709802,7521010,92,0,"[0, 1]"
709802,7521010,78,0,"[0, 1]"
709802,7521010,250,0,"[0, 1]"
709802,7521010,158,0,"[0, 1]"
709802,7521010,137,0,"[0, 1]"
709802,7521010,221,0,"[0, 1]"
709802,7521010,152,0,"[0, 1]"
709802,7521010,138,0,"[0, 1]"
709802,7521010,206,0,"[0, 1]"
709802,7521010,207,0,"[0, 1]"
709802,7521010,128,0,"[0, 1]"
709802,7521010,224,0,"[0, 1]"
709802,7521010,161,0,"[0, 1]"
709802,7521010,133,0,"[0, 1]"
709802,7521010,195,0,"[0, 1]"
709802,7521010,145,0,"[0, 1]"
709802,7521010,412,0,"[0, 1]"
709802,7521010,428,0,"[0, 1]"
709802,7521010,409,0,"[0, 1]"
709802,7521010,423,0,"[0, 1]"
709802,7521010,492,0,"[0, 1]"
709802,7521010,422,0,"[0, 1]"
709802,7521010,320,0,"[0, 1]"
709802,7521010,355,0,"[0, 1]"
709802,7521010,338,0,"[0, 1]"
709802,7521010,447,0,"[0, 1]"
709802,7521010,331,0,"[0, 1]"
709802,7521010,495,0,"[0, 1]"
709802,7521010,440,0,"[0, 1]"
709802,7521010,436,0,"[0, 1]"
709802,7521010,323,0,"[0, 1]"
709802,7521010,505,0,"[0, 1]"
709802,7521010,667,0,"[0, 1]"
709802,7521010,515,0,"[0, 1]"
709802,7521010,867,0,"[0, 1]"
709802,7521010,922,0,"[0, 1]"
709802,7521010,959,0,"[0, 1]"
709802,7521010,624,0,"[0, 1]"
709802,7521010,615,0,"[0, 1]"
709802,7521010,572,0,"[0, 1]"
709802,7521010,690,0,"[0, 1]"
709802,7521010,853,0,"[0, 1]"
709802,7521010,975,0,"[0, 1]"
709802,7521010,1014,0,"[0, 1]"
709802,7521010,630,0,"[0, 1]"
709802,7521010,660,0,"[0, 1]"
709802,7521010,558,0,"[0, 1]"
709802,7521010,951,0,"[0, 1]"
709802,7521010,944,0,"[0, 1]"
709802,7521010,758,0,"[0, 1]"
709802,7521010,1460,0,"[0, 1]"
709802,7521010,2034,0,"[0, 1]"
709802,7521010,1718,0,"[0, 1]"
709802,7521010,1475,0,"[0, 1]"
709802,7521010,1268,0,"[0, 1]"
709802,7521010,1691,0,"[0, 1]"
709802,7521010,1197,0,"[0, 1]"
709802,7521010,1690,0,"[0, 1]"
709802,7521010,1516,0,"[0, 1]"
709802,7521010,1150,0,"[0, 1]"
709802,7521010,1941,0,"[0, 1]"
709802,7521010,1117,0,"[0, 1]"
709802,7521010,1885,0,"[0, 1]"
709802,7521010,1482,0,"[0, 1]"
709802,7521010,1433,0,"[0, 1]"
709802,7521010,1887,0,"[0, 1]"
709802,7521010,1712,0,"[0, 1]"
709802,7521010,1574,0,"[0, 1]"
709802,7521010,1506,0,"[0, 1]"
709802,7521010,1254,0,"[0, 1]"
709802,7521010,2699,0,"[0, 1]"
709802,7521010,2211,0,"[0, 1]"
709802,7521010,2047,0,"[0, 1]"
709802,7521010,2444,0,"[0, 1]"
709802,7521010,3829,0,"[0, 1]"
709802,7521010,3021,0,"[0, 1]"
709802,7521010,3017,0,"[0, 1]"
709802,7521010,2903,0,"[0, 1]"
709802,7521010,2550,0,"[0, 1]"
709802,7521010,3521,0,"[0, 1]"
709802,7521010,2250,0,"[0, 1]"
709802,7521010,3392,0,"[0, 1]"
709802,7521010,2530,0,"[0, 1]"
709802,7521010,2598,0,"[0, 1]"
709802,7521010,2248,0,"[0, 1]"
709802,7521010,2335,0,"[0, 1]"
709802,7521010,2522,0,"[0, 1]"
709802,7521010,2803,0,"[0, 1]"
709802,7521010,2054,0,"[0, 1]"
709802,7521010,3869,0,"[0, 1]"
709802,7521010,2688,0,"[0, 1]"
709802,7521010,2336,0,"[0, 1]"
709802,7521010,4316,0,"[0, 1]"
709802,7521010,7539156,1,"[0, 1]"
709802,7521010,7437034,1,"[0, 1]"
709802,7521010,4224,0,"[0, 1]"
709802,7521010,1152650,1,"[0, 1]"
709802,7521010,7495889,1,"[0, 1]"
709802,7521010,7421862,1,"[0, 1]"
709802,7521010,7140654,1,"[0, 1]"
709802,7521010,3192747,1,"[0, 1]"
709802,7521010,7105842,1,"[0, 1]"
709802,7521010,4634,0,"[0, 1]"
709802,7521010,4190,0,"[0, 1]"
709802,7521010,7339751,1,"[0, 1]"
709802,7521010,7349555,1,"[0, 1]"
709802,7521010,7340514,1,"[0, 1]"
709802,7521010,7282524,1,"[0, 1]"
709802,7521010,4601,0,"[0, 1]"
709802,7521010,7098058,1,"[0, 1]"
709802,7521010,7129076,1,"[0, 1]"
709802,7521010,7488637,1,"[0, 1]"
709802,7521010,7135014,1,"[0, 1]"
709802,7521010,7075801,1,"[0, 1]"
709802,7521010,7559424,1,"[0, 1]"
709802,7521010,7117981,1,"[0, 1]"
652556,6327761,6327761,1,"[1, 0]"
652556,6327761,4622,0,"[1, 0]"
652556,6327761,3242,0,"[1, 0]"
652556,6327761,1620,0,"[1, 0]"
652556,6327761,809,0,"[1, 0]"
652556,6327761,404,0,"[1, 0]"
652556,6327761,201,0,"[1, 0]"
652556,6327761,100,0,"[1, 0]"
652556,6327761,49,0,"[1, 0]"
652556,6327761,24,0,"[1, 0]"
652556,6327761,11,0,"[1, 0]"
652556,6327761,5,0,"[1, 0]"
652556,6327761,2,0,"[1, 0]"
652556,6327761,0,0,"[1, 0]"
652556,6327761,1,0,"[0, 1]"
652556,6327761,2,0,"[0, 1]"
652556,6327761,3,0,"[0, 1]"
652556,6327761,5,0,"[0, 1]"
652556,6327761,6,0,"[0, 1]"
652556,6327761,4,0,"[0, 1]"
652556,6327761,8,0,"[0, 1]"
652556,6327761,13,0,"[0, 1]"
652556,6327761,14,0,"[0, 1]"
652556,6327761,9,0,"[0, 1]"
652556,6327761,12,0,"[0, 1]"
652556,6327761,7,0,"[0, 1]"
652556,6327761,15,0,"[0, 1]"
652556,6327761,17,0,"[0, 1]"
652556,6327761,16,0,"[0, 1]"
652556,6327761,28,0,"[0, 1]"
652556,6327761,29,0,"[0, 1]"
652556,6327761,26,0,"[0, 1]"
652556,6327761,20,0,"[0, 1]"
652556,6327761,18,0,"[0, 1]"
652556,6327761,60,0,"[0, 1]"
652556,6327761,32,0,"[0, 1]"
652556,6327761,46,0,"[0, 1]"
652556,6327761,33,0,"[0, 1]"
652556,6327761,59,0,"[0, 1]"
652556,6327761,51,0,"[0, 1]"
652556,6327761,61,0,"[0, 1]"
652556,6327761,50,0,"[0, 1]"
652556,6327761,41,0,"[0, 1]"
652556,6327761,54,0,"[0, 1]"
652556,6327761,94,0,"[0, 1]"
652556,6327761,111,0,"[0, 1]"
652556,6327761,68,0,"[0, 1]"
652556,6327761,105,0,"[0, 1]"
652556,6327761,101,0,"[0, 1]"
652556,6327761,122,0,"[0, 1]"
652556,6327761,84,0,"[0, 1]"
652556,6327761,124,0,"[0, 1]"
652556,6327761,112,0,"[0, 1]"
652556,6327761,92,0,"[0, 1]"
652556,6327761,113,0,"[0, 1]"
652556,6327761,79,0,"[0, 1]"
652556,6327761,168,0,"[0, 1]"
652556,6327761,133,0,"[0, 1]"
652556,6327761,250,0,"[0, 1]"
652556,6327761,246,0,"[0, 1]"
652556,6327761,192,0,"[0, 1]"
652556,6327761,245,0,"[0, 1]"
652556,6327761,238,0,"[0, 1]"
652556,6327761,221,0,"[0, 1]"
652556,6327761,240,0,"[0, 1]"
652556,6327761,198,0,"[0, 1]"
652556,6327761,205,0,"[0, 1]"
652556,6327761,219,0,"[0, 1]"
652556,6327761,187,0,"[0, 1]"
652556,6327761,222,0,"[0, 1]"
652556,6327761,269,0,"[0, 1]"
652556,6327761,293,0,"[0, 1]"
652556,6327761,256,0,"[0, 1]"
652556,6327761,466,0,"[0, 1]"
652556,6327761,375,0,"[0, 1]"
652556,6327761,393,0,"[0, 1]"
652556,6327761,311,0,"[0, 1]"
652556,6327761,287,0,"[0, 1]"
652556,6327761,451,0,"[0, 1]"
652556,6327761,430,0,"[0, 1]"
652556,6327761,296,0,"[0, 1]"
652556,6327761,389,0,"[0, 1]"
652556,6327761,337,0,"[0, 1]"
652556,6327761,482,0,"[0, 1]"
652556,6327761,316,0,"[0, 1]"
652556,6327761,442,0,"[0, 1]"
652556,6327761,970,0,"[0, 1]"
652556,6327761,543,0,"[0, 1]"
652556,6327761,899,0,"[0, 1]"
652556,6327761,877,0,"[0, 1]"
652556,6327761,882,0,"[0, 1]"
652556,6327761,890,0,"[0, 1]"
652556,6327761,530,0,"[0, 1]"
652556,6327761,697,0,"[0, 1]"
652556,6327761,602,0,"[0, 1]"
652556,6327761,570,0,"[0, 1]"
652556,6327761,653,0,"[0, 1]"
652556,6327761,739,0,"[0, 1]"
652556,6327761,955,0,"[0, 1]"
652556,6327761,593,0,"[0, 1]"
652556,6327761,1009,0,"[0, 1]"
652556,6327761,681,0,"[0, 1]"
652556,6327761,538,0,"[0, 1]"
652556,6327761,746,0,"[0, 1]"
652556,6327761,2030,0,"[0, 1]"
652556,6327761,1177,0,"[0, 1]"
652556,6327761,1369,0,"[0, 1]"
652556,6327761,1483,0,"[0, 1]"
652556,6327761,1844,0,"[0, 1]"
652556,6327761,1074,0,"[0, 1]"
652556,6327761,1932,0,"[0, 1]"
652556,6327761,1440,0,"[0, 1]"
652556,6327761,1169,0,"[0, 1]"
652556,6327761,1463,0,"[0, 1]"
652556,6327761,1615,0,"[0, 1]"
652556,6327761,1212,0,"[0, 1]"
652556,6327761,1730,0,"[0, 1]"
652556,6327761,1099,0,"[0, 1]"
652556,6327761,1842,0,"[0, 1]"
652556,6327761,1467,0,"[0, 1]"
652556,6327761,1325,0,"[0, 1]"
652556,6327761,1210,0,"[0, 1]"
652556,6327761,1485,0,"[0, 1]"
652556,6327761,1866,0,"[0, 1]"
652556,6327761,3441,0,"[0, 1]"
652556,6327761,2494,0,"[0, 1]"
652556,6327761,2235,0,"[0, 1]"
652556,6327761,2827,0,"[0, 1]"
652556,6327761,3247,0,"[0, 1]"
652556,6327761,3557,0,"[0, 1]"
652556,6327761,2504,0,"[0, 1]"
652556,6327761,3607,0,"[0, 1]"
652556,6327761,3661,0,"[0, 1]"
652556,6327761,2695,0,"[0, 1]"
652556,6327761,3573,0,"[0, 1]"
652556,6327761,2865,0,"[0, 1]"
652556,6327761,3119,0,"[0, 1]"
652556,6327761,3108,0,"[0, 1]"
652556,6327761,3218,0,"[0, 1]"
652556,6327761,3134,0,"[0, 1]"
652556,6327761,3679,0,"[0, 1]"
652556,6327761,3894,0,"[0, 1]"
652556,6327761,3046,0,"[0, 1]"
652556,6327761,3403,0,"[0, 1]"
652556,6327761,2715,0,"[0, 1]"
652556,6327761,3751,0,"[0, 1]"
652556,6327761,4166,0,"[0, 1]"
652556,6327761,7241951,1,"[0, 1]"
652556,6327761,7427824,1,"[0, 1]"
652556,6327761,3826784,1,"[0, 1]"
652556,6327761,7114135,1,"[0, 1]"
652556,6327761,4667,0,"[0, 1]"
652556,6327761,7067796,1,"[0, 1]"
652556,6327761,4100,0,"[0, 1]"
652556,6327761,7190983,1,"[0, 1]"
652556,6327761,4508,0,"[0, 1]"
652556,6327761,7536587,1,"[0, 1]"
652556,6327761,7377307,1,"[0, 1]"
652556,6327761,7436847,1,"[0, 1]"
652556,6327761,7205532,1,"[0, 1]"
652556,6327761,1082693,1,"[0, 1]"
652556,6327761,4224,0,"[0, 1]"
652556,6327761,7125687,1,"[0, 1]"
652556,6327761,1152650,1,"[0, 1]"
652556,6327761,4928,0,"[0, 1]"
652556,6327761,7396499,1,"[0, 1]"
652556,6327761,7358052,1,"[0, 1]"
652556,6327761,4569,0,"[0, 1]"
652556,6327761,7279567,1,"[0, 1]"
652556,6327761,4802,0,"[0, 1]"
652556,6327761,7637307,1,"[0, 1]"
652556,6327761,7430627,1,"[0, 1]"
652556,6327761,7279289,1,"[0, 1]"
652556,6327761,1374917,1,"[0, 1]"
652556,6327761,7215701,1,"[0, 1]"
652556,6327761,7131962,1,"[0, 1]"
652556,6327761,7200210,1,"[0, 1]"
652556,6327761,7237129,1,"[0, 1]"
652556,6327761,7256015,1,"[0, 1]"
652556,6327761,7155329,1,"[0, 1]"
652556,6327761,7582932,1,"[0, 1]"
652556,6327761,7296382,1,"[0, 1]"
652556,6327761,7466306,1,"[0, 1]"
652556,6327761,7532087,1,"[0, 1]"
652556,6327761,7230437,1,"[0, 1]"
652556,6327761,7217129,1,"[0, 1]"
652556,6327761,7072156,1,"[0, 1]"
652556,6327761,7227444,1,"[0, 1]"
652556,6327761,7580864,1,"[0, 1]"
652556,6327761,7484421,1,"[0, 1]"
652556,6327761,7576344,1,"[0, 1]"
652556,6327761,7655567,1,"[0, 1]"
652556,6327761,383715,1,"[0, 1]"
652556,6327761,7400747,1,"[0, 1]"
652556,6327761,7447046,1,"[0, 1]"
652556,6327761,7116282,1,"[0, 1]"
613179,7521584,7521584,1,"[1, 0]"
613179,7521584,2105,0,"[1, 0]"
613179,7521584,1052,0,"[1, 0]"
613179,7521584,525,0,"[1, 0]"
613179,7521584,262,0,"[1, 0]"
613179,7521584,130,0,"[1, 0]"
613179,7521584,64,0,"[1, 0]"
613179,7521584,31,0,"[1, 0]"
613179,7521584,15,0,"[1, 0]"
613179,7521584,7,0,"[1, 0]"
613179,7521584,3,0,"[1, 0]"
613179,7521584,1,0,"[1, 0]"
613179,7521584,0,0,"[1, 0]"
613179,7521584,1,0,"[0, 1]"
613179,7521584,2,0,"[0, 1]"
613179,7521584,6,0,"[0, 1]"
613179,7521584,4,0,"[0, 1]"
613179,7521584,5,0,"[0, 1]"
613179,7521584,3,0,"[0, 1]"
613179,7521584,12,0,"[0, 1]"
613179,7521584,8,0,"[0, 1]"
613179,7521584,7,0,"[0, 1]"
613179,7521584,14,0,"[0, 1]"
613179,7521584,9,0,"[0, 1]"
613179,7521584,11,0,"[0, 1]"
613179,7521584,29,0,"[0, 1]"
613179,7521584,17,0,"[0, 1]"
613179,7521584,22,0,"[0, 1]"
613179,7521584,24,0,"[0, 1]"
613179,7521584,25,0,"[0, 1]"
613179,7521584,27,0,"[0, 1]"
613179,7521584,15,0,"[0, 1]"
613179,7521584,23,0,"[0, 1]"
613179,7521584,34,0,"[0, 1]"
613179,7521584,46,0,"[0, 1]"
613179,7521584,47,0,"[0, 1]"
613179,7521584,45,0,"[0, 1]"
613179,7521584,51,0,"[0, 1]"
613179,7521584,54,0,"[0, 1]"
613179,7521584,57,0,"[0, 1]"
613179,7521584,55,0,"[0, 1]"
613179,7521584,40,0,"[0, 1]"
613179,7521584,56,0,"[0, 1]"
613179,7521584,78,0,"[0, 1]"
613179,7521584,89,0,"[0, 1]"
613179,7521584,108,0,"[0, 1]"
613179,7521584,126,0,"[0, 1]"
613179,7521584,111,0,"[0, 1]"
613179,7521584,71,0,"[0, 1]"
613179,7521584,69,0,"[0, 1]"
613179,7521584,116,0,"[0, 1]"
613179,7521584,96,0,"[0, 1]"
613179,7521584,101,0,"[0, 1]"
613179,7521584,123,0,"[0, 1]"
613179,7521584,86,0,"[0, 1]"
613179,7521584,242,0,"[0, 1]"
613179,7521584,248,0,"[0, 1]"
613179,7521584,174,0,"[0, 1]"
613179,7521584,213,0,"[0, 1]"
613179,7521584,148,0,"[0, 1]"
613179,7521584,194,0,"[0, 1]"
613179,7521584,128,0,"[0, 1]"
613179,7521584,140,0,"[0, 1]"
613179,7521584,150,0,"[0, 1]"
613179,7521584,190,0,"[0, 1]"
613179,7521584,212,0,"[0, 1]"
613179,7521584,167,0,"[0, 1]"
613179,7521584,252,0,"[0, 1]"
613179,7521584,187,0,"[0, 1]"
613179,7521584,432,0,"[0, 1]"
613179,7521584,404,0,"[0, 1]"
613179,7521584,350,0,"[0, 1]"
613179,7521584,390,0,"[0, 1]"
613179,7521584,292,0,"[0, 1]"
613179,7521584,466,0,"[0, 1]"
613179,7521584,453,0,"[0, 1]"
613179,7521584,261,0,"[0, 1]"
613179,7521584,374,0,"[0, 1]"
613179,7521584,416,0,"[0, 1]"
613179,7521584,381,0,"[0, 1]"
613179,7521584,399,0,"[0, 1]"
613179,7521584,306,0,"[0, 1]"
613179,7521584,438,0,"[0, 1]"
613179,7521584,303,0,"[0, 1]"
613179,7521584,379,0,"[0, 1]"
613179,7521584,633,0,"[0, 1]"
613179,7521584,904,0,"[0, 1]"
613179,7521584,726,0,"[0, 1]"
613179,7521584,895,0,"[0, 1]"
613179,7521584,843,0,"[0, 1]"
613179,7521584,944,0,"[0, 1]"
613179,7521584,574,0,"[0, 1]"
613179,7521584,808,0,"[0, 1]"
613179,7521584,722,0,"[0, 1]"
613179,7521584,985,0,"[0, 1]"
613179,7521584,683,0,"[0, 1]"
613179,7521584,988,0,"[0, 1]"
613179,7521584,703,0,"[0, 1]"
613179,7521584,1021,0,"[0, 1]"
613179,7521584,571,0,"[0, 1]"
613179,7521584,975,0,"[0, 1]"
613179,7521584,979,0,"[0, 1]"
613179,7521584,675,0,"[0, 1]"
613179,7521584,1570,0,"[0, 1]"
613179,7521584,1880,0,"[0, 1]"
613179,7521584,1750,0,"[0, 1]"
613179,7521584,1388,0,"[0, 1]"
613179,7521584,1744,0,"[0, 1]"
613179,7521584,1478,0,"[0, 1]"
613179,7521584,1561,0,"[0, 1]"
613179,7521584,1720,0,"[0, 1]"
613179,7521584,1902,0,"[0, 1]"
613179,7521584,2014,0,"[0, 1]"
613179,7521584,1077,0,"[0, 1]"
613179,7521584,1446,0,"[0, 1]"
613179,7521584,1422,0,"[0, 1]"
613179,7521584,1435,0,"[0, 1]"
613179,7521584,1645,0,"[0, 1]"
613179,7521584,1337,0,"[0, 1]"
613179,7521584,1406,0,"[0, 1]"
613179,7521584,1681,0,"[0, 1]"
613179,7521584,1891,0,"[0, 1]"
613179,7521584,2013,0,"[0, 1]"
613179,7521584,3766,0,"[0, 1]"
613179,7521584,2959,0,"[0, 1]"
613179,7521584,3775,0,"[0, 1]"
613179,7521584,3934,0,"[0, 1]"
613179,7521584,2654,0,"[0, 1]"
613179,7521584,2106,0,"[0, 1]"
613179,7521584,2363,0,"[0, 1]"
613179,7521584,3083,0,"[0, 1]"
613179,7521584,2180,0,"[0, 1]"
613179,7521584,2752,0,"[0, 1]"
613179,7521584,3200,0,"[0, 1]"
613179,7521584,2858,0,"[0, 1]"
613179,7521584,3872,0,"[0, 1]"
613179,7521584,3737,0,"[0, 1]"
613179,7521584,3472,0,"[0, 1]"
613179,7521584,3790,0,"[0, 1]"
613179,7521584,2116,0,"[0, 1]"
613179,7521584,2421,0,"[0, 1]"
613179,7521584,2274,0,"[0, 1]"
613179,7521584,2592,0,"[0, 1]"
613179,7521584,3541,0,"[0, 1]"
613179,7521584,2269,0,"[0, 1]"
613179,7521584,7429501,1,"[0, 1]"
613179,7521584,7543289,1,"[0, 1]"
613179,7521584,7259880,1,"[0, 1]"
613179,7521584,4378,0,"[0, 1]"
613179,7521584,4253,0,"[0, 1]"
613179,7521584,4627,0,"[0, 1]"
613179,7521584,7503832,1,"[0, 1]"
613179,7521584,7528547,1,"[0, 1]"
613179,7521584,4435,0,"[0, 1]"
613179,7521584,7263962,1,"[0, 1]"
613179,7521584,4286,0,"[0, 1]"
613179,7521584,4403,0,"[0, 1]"
613179,7521584,7209225,1,"[0, 1]"
613179,7521584,7603149,1,"[0, 1]"
613179,7521584,7682183,1,"[0, 1]"
613179,7521584,4982,0,"[0, 1]"
613179,7521584,7211610,1,"[0, 1]"
613179,7521584,7313297,1,"[0, 1]"
613179,7521584,599391,1,"[0, 1]"
613179,7521584,7339751,1,"[0, 1]"
613179,7521584,7621202,1,"[0, 1]"
613179,7521584,7598530,1,"[0, 1]"
613179,7521584,7488908,1,"[0, 1]"
613179,7521584,4265,0,"[0, 1]"
613179,7521587,7521587,1,"[1, 0]"
613179,7521587,4130,0,"[1, 0]"
613179,7521587,2128,0,"[1, 0]"
613179,7521587,1063,0,"[1, 0]"
613179,7521587,531,0,"[1, 0]"
613179,7521587,265,0,"[1, 0]"
613179,7521587,132,0,"[1, 0]"
613179,7521587,65,0,"[1, 0]"
613179,7521587,32,0,"[1, 0]"
613179,7521587,15,0,"[1, 0]"
613179,7521587,7,0,"[1, 0]"
613179,7521587,3,0,"[1, 0]"
613179,7521587,1,0,"[1, 0]"
613179,7521587,0,0,"[1, 0]"
613179,7521587,1,0,"[0, 1]"
613179,7521587,2,0,"[0, 1]"
613179,7521587,3,0,"[0, 1]"
613179,7521587,4,0,"[0, 1]"
613179,7521587,5,0,"[0, 1]"
613179,7521587,6,0,"[0, 1]"
613179,7521587,14,0,"[0, 1]"
613179,7521587,9,0,"[0, 1]"
613179,7521587,7,0,"[0, 1]"
613179,7521587,8,0,"[0, 1]"
613179,7521587,11,0,"[0, 1]"
613179,7521587,12,0,"[0, 1]"
613179,7521587,15,0,"[0, 1]"
613179,7521587,29,0,"[0, 1]"
613179,7521587,19,0,"[0, 1]"
613179,7521587,20,0,"[0, 1]"
613179,7521587,24,0,"[0, 1]"
613179,7521587,27,0,"[0, 1]"
613179,7521587,25,0,"[0, 1]"
613179,7521587,16,0,"[0, 1]"
613179,7521587,49,0,"[0, 1]"
613179,7521587,62,0,"[0, 1]"
613179,7521587,39,0,"[0, 1]"
613179,7521587,44,0,"[0, 1]"
613179,7521587,51,0,"[0, 1]"
613179,7521587,59,0,"[0, 1]"
613179,7521587,36,0,"[0, 1]"
613179,7521587,35,0,"[0, 1]"
613179,7521587,50,0,"[0, 1]"
613179,7521587,46,0,"[0, 1]"
613179,7521587,95,0,"[0, 1]"
613179,7521587,114,0,"[0, 1]"
613179,7521587,89,0,"[0, 1]"
613179,7521587,111,0,"[0, 1]"
613179,7521587,74,0,"[0, 1]"
613179,7521587,64,0,"[0, 1]"
613179,7521587,84,0,"[0, 1]"
613179,7521587,78,0,"[0, 1]"
613179,7521587,63,0,"[0, 1]"
613179,7521587,76,0,"[0, 1]"
613179,7521587,94,0,"[0, 1]"
613179,7521587,87,0,"[0, 1]"
613179,7521587,217,0,"[0, 1]"
613179,7521587,213,0,"[0, 1]"
613179,7521587,236,0,"[0, 1]"
613179,7521587,223,0,"[0, 1]"
613179,7521587,186,0,"[0, 1]"
613179,7521587,173,0,"[0, 1]"
613179,7521587,212,0,"[0, 1]"
613179,7521587,191,0,"[0, 1]"
613179,7521587,211,0,"[0, 1]"
613179,7521587,245,0,"[0, 1]"
613179,7521587,214,0,"[0, 1]"
613179,7521587,155,0,"[0, 1]"
613179,7521587,229,0,"[0, 1]"
613179,7521587,167,0,"[0, 1]"
613179,7521587,450,0,"[0, 1]"
613179,7521587,286,0,"[0, 1]"
613179,7521587,399,0,"[0, 1]"
613179,7521587,361,0,"[0, 1]"
613179,7521587,457,0,"[0, 1]"
613179,7521587,379,0,"[0, 1]"
613179,7521587,452,0,"[0, 1]"
613179,7521587,309,0,"[0, 1]"
613179,7521587,336,0,"[0, 1]"
613179,7521587,376,0,"[0, 1]"
613179,7521587,331,0,"[0, 1]"
613179,7521587,296,0,"[0, 1]"
613179,7521587,475,0,"[0, 1]"
613179,7521587,438,0,"[0, 1]"
613179,7521587,411,0,"[0, 1]"
613179,7521587,397,0,"[0, 1]"
613179,7521587,567,0,"[0, 1]"
613179,7521587,566,0,"[0, 1]"
613179,7521587,648,0,"[0, 1]"
613179,7521587,661,0,"[0, 1]"
613179,7521587,634,0,"[0, 1]"
613179,7521587,1017,0,"[0, 1]"
613179,7521587,815,0,"[0, 1]"
613179,7521587,671,0,"[0, 1]"
613179,7521587,838,0,"[0, 1]"
613179,7521587,1019,0,"[0, 1]"
613179,7521587,908,0,"[0, 1]"
613179,7521587,831,0,"[0, 1]"
613179,7521587,515,0,"[0, 1]"
613179,7521587,806,0,"[0, 1]"
613179,7521587,697,0,"[0, 1]"
613179,7521587,743,0,"[0, 1]"
613179,7521587,940,0,"[0, 1]"
613179,7521587,819,0,"[0, 1]"
613179,7521587,1416,0,"[0, 1]"
613179,7521587,1096,0,"[0, 1]"
613179,7521587,1143,0,"[0, 1]"
613179,7521587,1860,0,"[0, 1]"
613179,7521587,1929,0,"[0, 1]"
613179,7521587,1721,0,"[0, 1]"
613179,7521587,1429,0,"[0, 1]"
613179,7521587,1030,0,"[0, 1]"
613179,7521587,1141,0,"[0, 1]"
613179,7521587,1307,0,"[0, 1]"
613179,7521587,1740,0,"[0, 1]"
613179,7521587,1578,0,"[0, 1]"
613179,7521587,1730,0,"[0, 1]"
613179,7521587,1163,0,"[0, 1]"
613179,7521587,1076,0,"[0, 1]"
613179,7521587,1674,0,"[0, 1]"
613179,7521587,1790,0,"[0, 1]"
613179,7521587,1478,0,"[0, 1]"
613179,7521587,1028,0,"[0, 1]"
613179,7521587,1325,0,"[0, 1]"
613179,7521587,3576,0,"[0, 1]"
613179,7521587,2210,0,"[0, 1]"
613179,7521587,2174,0,"[0, 1]"
613179,7521587,3498,0,"[0, 1]"
613179,7521587,3270,0,"[0, 1]"
613179,7521587,3561,0,"[0, 1]"
613179,7521587,2989,0,"[0, 1]"
613179,7521587,2714,0,"[0, 1]"
613179,7521587,2246,0,"[0, 1]"
613179,7521587,3253,0,"[0, 1]"
613179,7521587,3580,0,"[0, 1]"
613179,7521587,2838,0,"[0, 1]"
613179,7521587,3053,0,"[0, 1]"
613179,7521587,2828,0,"[0, 1]"
613179,7521587,2832,0,"[0, 1]"
613179,7521587,2930,0,"[0, 1]"
613179,7521587,2398,0,"[0, 1]"
613179,7521587,2318,0,"[0, 1]"
613179,7521587,2734,0,"[0, 1]"
613179,7521587,3199,0,"[0, 1]"
613179,7521587,2327,0,"[0, 1]"
613179,7521587,2261,0,"[0, 1]"
613179,7521587,7242969,1,"[0, 1]"
613179,7521587,7240345,1,"[0, 1]"
613179,7521587,7247204,1,"[0, 1]"
613179,7521587,4790,0,"[0, 1]"
613179,7521587,7662903,1,"[0, 1]"
613179,7521587,7385639,1,"[0, 1]"
613179,7521587,7462026,1,"[0, 1]"
613179,7521587,7156447,1,"[0, 1]"
613179,7521587,4256,0,"[0, 1]"
613179,7521587,4696,0,"[0, 1]"
613179,7521587,1193200,1,"[0, 1]"
613179,7521587,7651062,1,"[0, 1]"
613179,7521587,5080241,1,"[0, 1]"
613179,7521587,4923,0,"[0, 1]"
613179,7521587,7197777,1,"[0, 1]"
613179,7521587,7660579,1,"[0, 1]"
613179,7521587,7572321,1,"[0, 1]"
613179,7521587,490553,1,"[0, 1]"
613179,7521587,7257719,1,"[0, 1]"
613179,7521587,4630,0,"[0, 1]"
613179,7521587,4653,0,"[0, 1]"
613179,7521587,7094594,1,"[0, 1]"
613179,7521587,4760,0,"[0, 1]"
613179,7521587,7305235,1,"[0, 1]"
613179,7521587,7385217,1,"[0, 1]"
613179,7521587,7682611,1,"[0, 1]"
613179,7521587,7210561,1,"[0, 1]"
613179,7521587,7100512,1,"[0, 1]"
613179,7521587,4261341,1,"[0, 1]"
613179,7521587,7155798,1,"[0, 1]"
613179,7521587,7263672,1,"[0, 1]"
613179,7521587,7365930,1,"[0, 1]"
613179,7521587,7474149,1,"[0, 1]"
613179,7521587,7218988,1,"[0, 1]"
613179,7521587,7373194,1,"[0, 1]"
613179,7521587,7431953,1,"[0, 1]"
613179,7521587,7200758,1,"[0, 1]"
613179,7521587,7520282,1,"[0, 1]"
613179,7521587,7158201,1,"[0, 1]"
613179,7521587,7190556,1,"[0, 1]"
613179,7521587,7570903,1,"[0, 1]"
613179,7521587,5228964,1,"[0, 1]"
613179,7521587,7148073,1,"[0, 1]"
613179,7521587,7678527,1,"[0, 1]"
613179,7521587,7544458,1,"[0, 1]"
613179,7521587,7226565,1,"[0, 1]"
613179,7521587,7214524,1,"[0, 1]"
613179,7521587,7600085,1,"[0, 1]"
613179,7521587,7234243,1,"[0, 1]"
613179,7521587,7268026,1,"[0, 1]"
536480,7521718,7521718,1,"[1, 0]"
536480,7521718,2218,0,"[1, 0]"
536480,7521718,1108,0,"[1, 0]"
536480,7521718,553,0,"[1, 0]"
536480,7521718,276,0,"[1, 0]"
536480,7521718,137,0,"[1, 0]"
536480,7521718,68,0,"[1, 0]"
536480,7521718,33,0,"[1, 0]"
536480,7521718,16,0,"[1, 0]"
536480,7521718,7,0,"[1, 0]"
536480,7521718,3,0,"[1, 0]"
536480,7521718,1,0,"[1, 0]"
536480,7521718,0,0,"[1, 0]"
536480,7521718,1,0,"[0, 1]"
536480,7521718,2,0,"[0, 1]"
536480,7521718,4,0,"[0, 1]"
536480,7521718,3,0,"[0, 1]"
536480,7521718,6,0,"[0, 1]"
536480,7521718,5,0,"[0, 1]"
536480,7521718,12,0,"[0, 1]"
536480,7521718,11,0,"[0, 1]"
536480,7521718,10,0,"[0, 1]"
536480,7521718,8,0,"[0, 1]"
536480,7521718,7,0,"[0, 1]"
536480,7521718,14,0,"[0, 1]"
536480,7521718,30,0,"[0, 1]"
536480,7521718,25,0,"[0, 1]"
536480,7521718,15,0,"[0, 1]"
536480,7521718,24,0,"[0, 1]"
536480,7521718,29,0,"[0, 1]"
536480,7521718,18,0,"[0, 1]"
536480,7521718,16,0,"[0, 1]"
536480,7521718,20,0,"[0, 1]"
536480,7521718,46,0,"[0, 1]"
536480,7521718,38,0,"[0, 1]"
536480,7521718,43,0,"[0, 1]"
536480,7521718,50,0,"[0, 1]"
536480,7521718,39,0,"[0, 1]"
536480,7521718,32,0,"[0, 1]"
536480,7521718,51,0,"[0, 1]"
536480,7521718,36,0,"[0, 1]"
536480,7521718,37,0,"[0, 1]"
536480,7521718,48,0,"[0, 1]"
536480,7521718,87,0,"[0, 1]"
536480,7521718,125,0,"[0, 1]"
536480,7521718,86,0,"[0, 1]"
536480,7521718,107,0,"[0, 1]"
536480,7521718,82,0,"[0, 1]"
536480,7521718,126,0,"[0, 1]"
536480,7521718,93,0,"[0, 1]"
536480,7521718,119,0,"[0, 1]"
536480,7521718,69,0,"[0, 1]"
536480,7521718,73,0,"[0, 1]"
536480,7521718,83,0,"[0, 1]"
536480,7521718,94,0,"[0, 1]"
536480,7521718,195,0,"[0, 1]"
536480,7521718,168,0,"[0, 1]"
536480,7521718,208,0,"[0, 1]"
536480,7521718,178,0,"[0, 1]"
536480,7521718,136,0,"[0, 1]"
536480,7521718,135,0,"[0, 1]"
536480,7521718,201,0,"[0, 1]"
536480,7521718,144,0,"[0, 1]"
536480,7521718,242,0,"[0, 1]"
536480,7521718,153,0,"[0, 1]"
536480,7521718,152,0,"[0, 1]"
536480,7521718,220,0,"[0, 1]"
536480,7521718,151,0,"[0, 1]"
536480,7521718,235,0,"[0, 1]"
536480,7521718,294,0,"[0, 1]"
536480,7521718,291,0,"[0, 1]"
536480,7521718,289,0,"[0, 1]"
536480,7521718,414,0,"[0, 1]"
536480,7521718,447,0,"[0, 1]"
536480,7521718,307,0,"[0, 1]"
536480,7521718,366,0,"[0, 1]"
536480,7521718,276,0,"[0, 1]"
536480,7521718,373,0,"[0, 1]"
536480,7521718,323,0,"[0, 1]"
536480,7521718,433,0,"[0, 1]"
536480,7521718,420,0,"[0, 1]"
536480,7521718,297,0,"[0, 1]"
536480,7521718,476,0,"[0, 1]"
536480,7521718,423,0,"[0, 1]"
536480,7521718,384,0,"[0, 1]"
536480,7521718,562,0,"[0, 1]"
536480,7521718,986,0,"[0, 1]"
536480,7521718,690,0,"[0, 1]"
536480,7521718,612,0,"[0, 1]"
536480,7521718,792,0,"[0, 1]"
536480,7521718,958,0,"[0, 1]"
536480,7521718,735,0,"[0, 1]"
536480,7521718,818,0,"[0, 1]"
536480,7521718,786,0,"[0, 1]"
536480,7521718,879,0,"[0, 1]"
536480,7521718,573,0,"[0, 1]"
536480,7521718,826,0,"[0, 1]"
536480,7521718,837,0,"[0, 1]"
536480,7521718,627,0,"[0, 1]"
536480,7521718,517,0,"[0, 1]"
536480,7521718,614,0,"[0, 1]"
536480,7521718,574,0,"[0, 1]"
536480,7521718,780,0,"[0, 1]"
536480,7521718,1425,0,"[0, 1]"
536480,7521718,1971,0,"[0, 1]"
536480,7521718,1296,0,"[0, 1]"
536480,7521718,1525,0,"[0, 1]"
536480,7521718,1621,0,"[0, 1]"
536480,7521718,1795,0,"[0, 1]"
536480,7521718,1114,0,"[0, 1]"
536480,7521718,1680,0,"[0, 1]"
536480,7521718,1248,0,"[0, 1]"
536480,7521718,2041,0,"[0, 1]"
536480,7521718,1207,0,"[0, 1]"
536480,7521718,1581,0,"[0, 1]"
536480,7521718,1361,0,"[0, 1]"
536480,7521718,1661,0,"[0, 1]"
536480,7521718,1565,0,"[0, 1]"
536480,7521718,1169,0,"[0, 1]"
536480,7521718,1964,0,"[0, 1]"
536480,7521718,1367,0,"[0, 1]"
536480,7521718,1919,0,"[0, 1]"
536480,7521718,1446,0,"[0, 1]"
536480,7521718,3349,0,"[0, 1]"
536480,7521718,3246,0,"[0, 1]"
536480,7521718,3157,0,"[0, 1]"
536480,7521718,4014,0,"[0, 1]"
536480,7521718,3764,0,"[0, 1]"
536480,7521718,2403,0,"[0, 1]"
536480,7521718,2884,0,"[0, 1]"
536480,7521718,3833,0,"[0, 1]"
536480,7521718,3112,0,"[0, 1]"
536480,7521718,3750,0,"[0, 1]"
536480,7521718,2723,0,"[0, 1]"
536480,7521718,3221,0,"[0, 1]"
536480,7521718,3505,0,"[0, 1]"
536480,7521718,3410,0,"[0, 1]"
536480,7521718,2825,0,"[0, 1]"
536480,7521718,3376,0,"[0, 1]"
536480,7521718,2052,0,"[0, 1]"
536480,7521718,3267,0,"[0, 1]"
536480,7521718,3035,0,"[0, 1]"
536480,7521718,2457,0,"[0, 1]"
536480,7521718,2097,0,"[0, 1]"
536480,7521718,3062,0,"[0, 1]"
536480,7521718,7682793,1,"[0, 1]"
536480,7521718,4144,0,"[0, 1]"
536480,7521718,7148446,1,"[0, 1]"
536480,7521718,4334,0,"[0, 1]"
536480,7521718,7311598,1,"[0, 1]"
536480,7521718,4361,0,"[0, 1]"
536480,7521718,5578949,1,"[0, 1]"
536480,7521718,7597032,1,"[0, 1]"
536480,7521718,4712,0,"[0, 1]"
536480,7521718,4670,0,"[0, 1]"
536480,7521718,7621843,1,"[0, 1]"
536480,7521718,7402569,1,"[0, 1]"
536480,7521718,7162357,1,"[0, 1]"
536480,7521718,4593,0,"[0, 1]"
536480,7521718,7104520,1,"[0, 1]"
536480,7521718,7153433,1,"[0, 1]"
536480,7521718,7102407,1,"[0, 1]"
536480,7521718,303786,1,"[0, 1]"
536480,7521718,4180,0,"[0, 1]"
536480,7521718,4680,0,"[0, 1]"
536480,7521718,7372120,1,"[0, 1]"
536480,7521718,7148217,1,"[0, 1]"
536480,7521718,7541807,1,"[0, 1]"
536480,7521718,7498056,1,"[0, 1]"
488711,7522243,7522243,1,"[1, 0]"
488711,7522243,4582,0,"[1, 0]"
488711,7522243,3149,0,"[1, 0]"
488711,7522243,1574,0,"[1, 0]"
488711,7522243,786,0,"[1, 0]"
488711,7522243,392,0,"[1, 0]"
488711,7522243,195,0,"[1, 0]"
488711,7522243,97,0,"[1, 0]"
488711,7522243,48,0,"[1, 0]"
488711,7522243,23,0,"[1, 0]"
488711,7522243,11,0,"[1, 0]"
488711,7522243,5,0,"[1, 0]"
488711,7522243,2,0,"[1, 0]"
488711,7522243,0,0,"[1, 0]"
488711,7522243,1,0,"[0, 1]"
488711,7522243,2,0,"[0, 1]"
488711,7522243,3,0,"[0, 1]"
488711,7522243,6,0,"[0, 1]"
488711,7522243,4,0,"[0, 1]"
488711,7522243,5,0,"[0, 1]"
488711,7522243,10,0,"[0, 1]"
488711,7522243,14,0,"[0, 1]"
488711,7522243,12,0,"[0, 1]"
488711,7522243,13,0,"[0, 1]"
488711,7522243,8,0,"[0, 1]"
488711,7522243,9,0,"[0, 1]"
488711,7522243,30,0,"[0, 1]"
488711,7522243,17,0,"[0, 1]"
488711,7522243,22,0,"[0, 1]"
488711,7522243,25,0,"[0, 1]"
488711,7522243,21,0,"[0, 1]"
488711,7522243,29,0,"[0, 1]"
488711,7522243,20,0,"[0, 1]"
488711,7522243,26,0,"[0, 1]"
488711,7522243,59,0,"[0, 1]"
488711,7522243,41,0,"[0, 1]"
488711,7522243,61,0,"[0, 1]"
488711,7522243,60,0,"[0, 1]"
488711,7522243,37,0,"[0, 1]"
488711,7522243,51,0,"[0, 1]"
488711,7522243,50,0,"[0, 1]"
488711,7522243,58,0,"[0, 1]"
488711,7522243,52,0,"[0, 1]"
488711,7522243,45,0,"[0, 1]"
488711,7522243,112,0,"[0, 1]"
488711,7522243,66,0,"[0, 1]"
488711,7522243,116,0,"[0, 1]"
488711,7522243,120,0,"[0, 1]"
488711,7522243,64,0,"[0, 1]"
488711,7522243,82,0,"[0, 1]"
488711,7522243,104,0,"[0, 1]"
488711,7522243,121,0,"[0, 1]"
488711,7522243,106,0,"[0, 1]"
488711,7522243,73,0,"[0, 1]"
488711,7522243,67,0,"[0, 1]"
488711,7522243,72,0,"[0, 1]"
488711,7522243,209,0,"[0, 1]"
488711,7522243,169,0,"[0, 1]"
488711,7522243,205,0,"[0, 1]"
488711,7522243,180,0,"[0, 1]"
488711,7522243,172,0,"[0, 1]"
488711,7522243,231,0,"[0, 1]"
488711,7522243,150,0,"[0, 1]"
488711,7522243,162,0,"[0, 1]"
488711,7522243,132,0,"[0, 1]"
488711,7522243,190,0,"[0, 1]"
488711,7522243,134,0,"[0, 1]"
488711,7522243,181,0,"[0, 1]"
488711,7522243,215,0,"[0, 1]"
488711,7522243,230,0,"[0, 1]"
488711,7522243,265,0,"[0, 1]"
488711,7522243,266,0,"[0, 1]"
488711,7522243,304,0,"[0, 1]"
488711,7522243,317,0,"[0, 1]"
488711,7522243,347,0,"[0, 1]"
488711,7522243,414,0,"[0, 1]"
488711,7522243,417,0,"[0, 1]"
488711,7522243,285,0,"[0, 1]"
488711,7522243,310,0,"[0, 1]"
488711,7522243,371,0,"[0, 1]"
488711,7522243,318,0,"[0, 1]"
488711,7522243,434,0,"[0, 1]"
488711,7522243,299,0,"[0, 1]"
488711,7522243,357,0,"[0, 1]"
488711,7522243,495,0,"[0, 1]"
488711,7522243,468,0,"[0, 1]"
488711,7522243,938,0,"[0, 1]"
488711,7522243,982,0,"[0, 1]"
488711,7522243,602,0,"[0, 1]"
488711,7522243,547,0,"[0, 1]"
488711,7522243,912,0,"[0, 1]"
488711,7522243,516,0,"[0, 1]"
488711,7522243,769,0,"[0, 1]"
488711,7522243,626,0,"[0, 1]"
488711,7522243,898,0,"[0, 1]"
488711,7522243,861,0,"[0, 1]"
488711,7522243,862,0,"[0, 1]"
488711,7522243,716,0,"[0, 1]"
488711,7522243,822,0,"[0, 1]"
488711,7522243,653,0,"[0, 1]"
488711,7522243,758,0,"[0, 1]"
488711,7522243,759,0,"[0, 1]"
488711,7522243,612,0,"[0, 1]"
488711,7522243,987,0,"[0, 1]"
488711,7522243,1761,0,"[0, 1]"
488711,7522243,1738,0,"[0, 1]"
488711,7522243,1248,0,"[0, 1]"
488711,7522243,1275,0,"[0, 1]"
488711,7522243,1835,0,"[0, 1]"
488711,7522243,1458,0,"[0, 1]"
488711,7522243,1540,0,"[0, 1]"
488711,7522243,1943,0,"[0, 1]"
488711,7522243,1911,0,"[0, 1]"
488711,7522243,1979,0,"[0, 1]"
488711,7522243,1906,0,"[0, 1]"
488711,7522243,1847,0,"[0, 1]"
488711,7522243,1376,0,"[0, 1]"
488711,7522243,1550,0,"[0, 1]"
488711,7522243,1465,0,"[0, 1]"
488711,7522243,1478,0,"[0, 1]"
488711,7522243,1938,0,"[0, 1]"
488711,7522243,1965,0,"[0, 1]"
488711,7522243,1440,0,"[0, 1]"
488711,7522243,1166,0,"[0, 1]"
488711,7522243,3532,0,"[0, 1]"
488711,7522243,3480,0,"[0, 1]"
488711,7522243,4000,0,"[0, 1]"
488711,7522243,3999,0,"[0, 1]"
488711,7522243,2968,0,"[0, 1]"
488711,7522243,3632,0,"[0, 1]"
488711,7522243,3319,0,"[0, 1]"
488711,7522243,2227,0,"[0, 1]"
488711,7522243,3962,0,"[0, 1]"
488711,7522243,2051,0,"[0, 1]"
488711,7522243,3197,0,"[0, 1]"
488711,7522243,2914,0,"[0, 1]"
488711,7522243,2619,0,"[0, 1]"
488711,7522243,3366,0,"[0, 1]"
488711,7522243,3325,0,"[0, 1]"
488711,7522243,3266,0,"[0, 1]"
488711,7522243,2570,0,"[0, 1]"
488711,7522243,2146,0,"[0, 1]"
488711,7522243,2708,0,"[0, 1]"
488711,7522243,2421,0,"[0, 1]"
488711,7522243,3501,0,"[0, 1]"
488711,7522243,3086,0,"[0, 1]"
488711,7522243,7243485,1,"[0, 1]"
488711,7522243,4347,0,"[0, 1]"
488711,7522243,4199,0,"[0, 1]"
488711,7522243,7093487,1,"[0, 1]"
488711,7522243,7400409,1,"[0, 1]"
488711,7522243,4791,0,"[0, 1]"
488711,7522243,7141204,1,"[0, 1]"
488711,7522243,7422965,1,"[0, 1]"
488711,7522243,7454642,1,"[0, 1]"
488711,7522243,7104178,1,"[0, 1]"
488711,7522243,7108258,1,"[0, 1]"
488711,7522243,3624309,1,"[0, 1]"
488711,7522243,7420141,1,"[0, 1]"
488711,7522243,7430645,1,"[0, 1]"
488711,7522243,7341084,1,"[0, 1]"
488711,7522243,4924,0,"[0, 1]"
488711,7522243,7212883,1,"[0, 1]"
488711,7522243,3314229,1,"[0, 1]"
488711,7522243,7529565,1,"[0, 1]"
488711,7522243,7297666,1,"[0, 1]"
488711,7522243,7528547,1,"[0, 1]"
488711,7522243,7099448,1,"[0, 1]"
488711,7522243,4491,0,"[0, 1]"
488711,7522243,7422612,1,"[0, 1]"
488711,7522243,7432617,1,"[0, 1]"
488711,7522243,7154420,1,"[0, 1]"
488711,7522243,329164,1,"[0, 1]"
488711,7522243,7073272,1,"[0, 1]"
488711,7522243,7138276,1,"[0, 1]"
488711,7522243,7681649,1,"[0, 1]"
488711,7522243,3161368,1,"[0, 1]"
488711,7522243,5492263,1,"[0, 1]"
488711,7522243,7535730,1,"[0, 1]"
488711,7522243,7579535,1,"[0, 1]"
488711,7522243,7229202,1,"[0, 1]"
488711,7522243,7396051,1,"[0, 1]"
488711,7522243,6743770,1,"[0, 1]"
488711,7522243,4102612,1,"[0, 1]"
488711,7522243,7476907,1,"[0, 1]"
488711,7522243,7626279,1,"[0, 1]"
488711,7522243,7367411,1,"[0, 1]"
488711,7522243,3025548,1,"[0, 1]"
488711,7522243,7561410,1,"[0, 1]"
488711,7522243,7556521,1,"[0, 1]"
488711,7522243,7275505,1,"[0, 1]"
488711,7522243,7134010,1,"[0, 1]"
488711,7522243,7647720,1,"[0, 1]"
488711,7522243,7081141,1,"[0, 1]"
488711,7522243,7245812,1,"[0, 1]"
488711,7522243,7539040,1,"[0, 1]"
418032,7522269,7522269,1,"[1, 0]"
418032,7522269,2519,0,"[1, 0]"
418032,7522269,1259,0,"[1, 0]"
418032,7522269,629,0,"[1, 0]"
418032,7522269,314,0,"[1, 0]"
418032,7522269,156,0,"[1, 0]"
418032,7522269,77,0,"[1, 0]"
418032,7522269,38,0,"[1, 0]"
418032,7522269,18,0,"[1, 0]"
418032,7522269,8,0,"[1, 0]"
418032,7522269,3,0,"[1, 0]"
418032,7522269,1,0,"[1, 0]"
418032,7522269,0,0,"[1, 0]"
418032,7522269,2,0,"[0, 1]"
418032,7522269,1,0,"[0, 1]"
418032,7522269,4,0,"[0, 1]"
418032,7522269,6,0,"[0, 1]"
418032,7522269,3,0,"[0, 1]"
418032,7522269,5,0,"[0, 1]"
418032,7522269,8,0,"[0, 1]"
418032,7522269,11,0,"[0, 1]"
418032,7522269,13,0,"[0, 1]"
418032,7522269,9,0,"[0, 1]"
418032,7522269,10,0,"[0, 1]"
418032,7522269,12,0,"[0, 1]"
418032,7522269,19,0,"[0, 1]"
418032,7522269,22,0,"[0, 1]"
418032,7522269,24,0,"[0, 1]"
418032,7522269,16,0,"[0, 1]"
418032,7522269,26,0,"[0, 1]"
418032,7522269,20,0,"[0, 1]"
418032,7522269,29,0,"[0, 1]"
418032,7522269,18,0,"[0, 1]"
418032,7522269,34,0,"[0, 1]"
418032,7522269,40,0,"[0, 1]"
418032,7522269,48,0,"[0, 1]"
418032,7522269,42,0,"[0, 1]"
418032,7522269,41,0,"[0, 1]"
418032,7522269,53,0,"[0, 1]"
418032,7522269,32,0,"[0, 1]"
418032,7522269,36,0,"[0, 1]"
418032,7522269,45,0,"[0, 1]"
418032,7522269,33,0,"[0, 1]"
418032,7522269,118,0,"[0, 1]"
418032,7522269,121,0,"[0, 1]"
418032,7522269,85,0,"[0, 1]"
418032,7522269,88,0,"[0, 1]"
418032,7522269,117,0,"[0, 1]"
418032,7522269,81,0,"[0, 1]"
418032,7522269,95,0,"[0, 1]"
418032,7522269,72,0,"[0, 1]"
418032,7522269,68,0,"[0, 1]"
418032,7522269,91,0,"[0, 1]"
418032,7522269,94,0,"[0, 1]"
418032,7522269,77,0,"[0, 1]"
418032,7522269,197,0,"[0, 1]"
418032,7522269,202,0,"[0, 1]"
418032,7522269,243,0,"[0, 1]"
418032,7522269,170,0,"[0, 1]"
418032,7522269,212,0,"[0, 1]"
418032,7522269,185,0,"[0, 1]"
418032,7522269,145,0,"[0, 1]"
418032,7522269,230,0,"[0, 1]"
418032,7522269,140,0,"[0, 1]"
418032,7522269,227,0,"[0, 1]"
418032,7522269,228,0,"[0, 1]"
418032,7522269,213,0,"[0, 1]"
418032,7522269,215,0,"[0, 1]"
418032,7522269,198,0,"[0, 1]"
418032,7522269,410,0,"[0, 1]"
418032,7522269,470,0,"[0, 1]"
418032,7522269,264,0,"[0, 1]"
418032,7522269,447,0,"[0, 1]"
418032,7522269,363,0,"[0, 1]"
418032,7522269,279,0,"[0, 1]"
418032,7522269,287,0,"[0, 1]"
418032,7522269,492,0,"[0, 1]"
418032,7522269,507,0,"[0, 1]"
418032,7522269,267,0,"[0, 1]"
418032,7522269,499,0,"[0, 1]"
418032,7522269,292,0,"[0, 1]"
418032,7522269,436,0,"[0, 1]"
418032,7522269,408,0,"[0, 1]"
418032,7522269,349,0,"[0, 1]"
418032,7522269,308,0,"[0, 1]"
418032,7522269,815,0,"[0, 1]"
418032,7522269,570,0,"[0, 1]"
418032,7522269,679,0,"[0, 1]"
418032,7522269,820,0,"[0, 1]"
418032,7522269,574,0,"[0, 1]"
418032,7522269,616,0,"[0, 1]"
418032,7522269,554,0,"[0, 1]"
418032,7522269,798,0,"[0, 1]"
418032,7522269,661,0,"[0, 1]"
418032,7522269,981,0,"[0, 1]"
418032,7522269,900,0,"[0, 1]"
418032,7522269,1013,0,"[0, 1]"
418032,7522269,696,0,"[0, 1]"
418032,7522269,889,0,"[0, 1]"
418032,7522269,717,0,"[0, 1]"
418032,7522269,516,0,"[0, 1]"
418032,7522269,611,0,"[0, 1]"
418032,7522269,618,0,"[0, 1]"
418032,7522269,1711,0,"[0, 1]"
418032,7522269,1257,0,"[0, 1]"
418032,7522269,1659,0,"[0, 1]"
418032,7522269,1036,0,"[0, 1]"
418032,7522269,1105,0,"[0, 1]"
418032,7522269,1755,0,"[0, 1]"
418032,7522269,1866,0,"[0, 1]"
418032,7522269,1317,0,"[0, 1]"
418032,7522269,2030,0,"[0, 1]"
418032,7522269,1717,0,"[0, 1]"
418032,7522269,1772,0,"[0, 1]"
418032,7522269,1452,0,"[0, 1]"
418032,7522269,1459,0,"[0, 1]"
418032,7522269,1119,0,"[0, 1]"
418032,7522269,1139,0,"[0, 1]"
418032,7522269,1528,0,"[0, 1]"
418032,7522269,1870,0,"[0, 1]"
418032,7522269,2037,0,"[0, 1]"
418032,7522269,1756,0,"[0, 1]"
418032,7522269,1873,0,"[0, 1]"
418032,7522269,3277,0,"[0, 1]"
418032,7522269,2666,0,"[0, 1]"
418032,7522269,3917,0,"[0, 1]"
418032,7522269,3521,0,"[0, 1]"
418032,7522269,3252,0,"[0, 1]"
418032,7522269,2860,0,"[0, 1]"
418032,7522269,3764,0,"[0, 1]"
418032,7522269,3232,0,"[0, 1]"
418032,7522269,3968,0,"[0, 1]"
418032,7522269,2633,0,"[0, 1]"
418032,7522269,3875,0,"[0, 1]"
418032,7522269,3983,0,"[0, 1]"
418032,7522269,4011,0,"[0, 1]"
418032,7522269,3817,0,"[0, 1]"
418032,7522269,2424,0,"[0, 1]"
418032,7522269,2538,0,"[0, 1]"
418032,7522269,2096,0,"[0, 1]"
418032,7522269,2422,0,"[0, 1]"
418032,7522269,2712,0,"[0, 1]"
418032,7522269,2498,0,"[0, 1]"
418032,7522269,4050,0,"[0, 1]"
418032,7522269,2520,0,"[0, 1]"
418032,7522269,7676222,1,"[0, 1]"
418032,7522269,7452505,1,"[0, 1]"
418032,7522269,7136911,1,"[0, 1]"
418032,7522269,7498356,1,"[0, 1]"
418032,7522269,4477,0,"[0, 1]"
418032,7522269,7341497,1,"[0, 1]"
418032,7522269,7542697,1,"[0, 1]"
418032,7522269,3099567,1,"[0, 1]"
418032,7522269,3232379,1,"[0, 1]"
418032,7522269,4973,0,"[0, 1]"
418032,7522269,4212,0,"[0, 1]"
418032,7522269,4968,0,"[0, 1]"
418032,7522269,7463460,1,"[0, 1]"
418032,7522269,7359292,1,"[0, 1]"
418032,7522269,7088654,1,"[0, 1]"
418032,7522269,7613233,1,"[0, 1]"
418032,7522269,4821690,1,"[0, 1]"
418032,7522269,7157715,1,"[0, 1]"
418032,7522269,7166234,1,"[0, 1]"
418032,7522269,4586,0,"[0, 1]"
418032,7522269,7086918,1,"[0, 1]"
418032,7522269,7115471,1,"[0, 1]"
418032,7522269,4178,0,"[0, 1]"
418032,7522269,7466906,1,"[0, 1]"
1096227,1265701,1265701,1,"[1, 0]"
1096227,1265701,2838,0,"[1, 0]"
1096227,1265701,1418,0,"[1, 0]"
1096227,1265701,708,0,"[1, 0]"
1096227,1265701,353,0,"[1, 0]"
1096227,1265701,176,0,"[1, 0]"
1096227,1265701,87,0,"[1, 0]"
1096227,1265701,43,0,"[1, 0]"
1096227,1265701,21,0,"[1, 0]"
1096227,1265701,10,0,"[1, 0]"
1096227,1265701,4,0,"[1, 0]"
1096227,1265701,1,0,"[1, 0]"
1096227,1265701,0,0,"[1, 0]"
1096227,1265701,2,0,"[0, 1]"
1096227,1265701,1,0,"[0, 1]"
1096227,1265701,4,0,"[0, 1]"
1096227,1265701,3,0,"[0, 1]"
1096227,1265701,5,0,"[0, 1]"
1096227,1265701,6,0,"[0, 1]"
1096227,1265701,10,0,"[0, 1]"
1096227,1265701,9,0,"[0, 1]"
1096227,1265701,11,0,"[0, 1]"
1096227,1265701,12,0,"[0, 1]"
1096227,1265701,8,0,"[0, 1]"
1096227,1265701,7,0,"[0, 1]"
1096227,1265701,29,0,"[0, 1]"
1096227,1265701,19,0,"[0, 1]"
1096227,1265701,21,0,"[0, 1]"
1096227,1265701,18,0,"[0, 1]"
1096227,1265701,17,0,"[0, 1]"
1096227,1265701,24,0,"[0, 1]"
1096227,1265701,22,0,"[0, 1]"
1096227,1265701,16,0,"[0, 1]"
1096227,1265701,44,0,"[0, 1]"
1096227,1265701,50,0,"[0, 1]"
1096227,1265701,34,0,"[0, 1]"
1096227,1265701,36,0,"[0, 1]"
1096227,1265701,62,0,"[0, 1]"
1096227,1265701,43,0,"[0, 1]"
1096227,1265701,45,0,"[0, 1]"
1096227,1265701,31,0,"[0, 1]"
1096227,1265701,41,0,"[0, 1]"
1096227,1265701,61,0,"[0, 1]"
1096227,1265701,115,0,"[0, 1]"
1096227,1265701,92,0,"[0, 1]"
1096227,1265701,112,0,"[0, 1]"
1096227,1265701,65,0,"[0, 1]"
1096227,1265701,116,0,"[0, 1]"
1096227,1265701,114,0,"[0, 1]"
1096227,1265701,93,0,"[0, 1]"
1096227,1265701,73,0,"[0, 1]"
1096227,1265701,84,0,"[0, 1]"
1096227,1265701,99,0,"[0, 1]"
1096227,1265701,108,0,"[0, 1]"
1096227,1265701,83,0,"[0, 1]"
1096227,1265701,231,0,"[0, 1]"
1096227,1265701,237,0,"[0, 1]"
1096227,1265701,205,0,"[0, 1]"
1096227,1265701,127,0,"[0, 1]"
1096227,1265701,233,0,"[0, 1]"
1096227,1265701,194,0,"[0, 1]"
1096227,1265701,207,0,"[0, 1]"
1096227,1265701,174,0,"[0, 1]"
1096227,1265701,180,0,"[0, 1]"
1096227,1265701,160,0,"[0, 1]"
1096227,1265701,238,0,"[0, 1]"
1096227,1265701,150,0,"[0, 1]"
1096227,1265701,165,0,"[0, 1]"
1096227,1265701,239,0,"[0, 1]"
1096227,1265701,340,0,"[0, 1]"
1096227,1265701,389,0,"[0, 1]"
1096227,1265701,298,0,"[0, 1]"
1096227,1265701,418,0,"[0, 1]"
1096227,1265701,425,0,"[0, 1]"
1096227,1265701,376,0,"[0, 1]"
1096227,1265701,282,0,"[0, 1]"
1096227,1265701,452,0,"[0, 1]"
1096227,1265701,374,0,"[0, 1]"
1096227,1265701,497,0,"[0, 1]"
1096227,1265701,392,0,"[0, 1]"
1096227,1265701,355,0,"[0, 1]"
1096227,1265701,449,0,"[0, 1]"
1096227,1265701,382,0,"[0, 1]"
1096227,1265701,275,0,"[0, 1]"
1096227,1265701,419,0,"[0, 1]"
1096227,1265701,525,0,"[0, 1]"
1096227,1265701,828,0,"[0, 1]"
1096227,1265701,648,0,"[0, 1]"
1096227,1265701,532,0,"[0, 1]"
1096227,1265701,957,0,"[0, 1]"
1096227,1265701,607,0,"[0, 1]"
1096227,1265701,558,0,"[0, 1]"
1096227,1265701,967,0,"[0, 1]"
1096227,1265701,580,0,"[0, 1]"
1096227,1265701,914,0,"[0, 1]"
1096227,1265701,945,0,"[0, 1]"
1096227,1265701,597,0,"[0, 1]"
1096227,1265701,682,0,"[0, 1]"
1096227,1265701,778,0,"[0, 1]"
1096227,1265701,587,0,"[0, 1]"
1096227,1265701,838,0,"[0, 1]"
1096227,1265701,1007,0,"[0, 1]"
1096227,1265701,632,0,"[0, 1]"
1096227,1265701,2015,0,"[0, 1]"
1096227,1265701,1575,0,"[0, 1]"
1096227,1265701,1343,0,"[0, 1]"
1096227,1265701,1023,0,"[0, 1]"
1096227,1265701,1643,0,"[0, 1]"
1096227,1265701,1445,0,"[0, 1]"
1096227,1265701,1960,0,"[0, 1]"
1096227,1265701,1177,0,"[0, 1]"
1096227,1265701,1945,0,"[0, 1]"
1096227,1265701,1517,0,"[0, 1]"
1096227,1265701,1496,0,"[0, 1]"
1096227,1265701,2023,0,"[0, 1]"
1096227,1265701,1708,0,"[0, 1]"
1096227,1265701,1875,0,"[0, 1]"
1096227,1265701,1966,0,"[0, 1]"
1096227,1265701,1888,0,"[0, 1]"
1096227,1265701,1590,0,"[0, 1]"
1096227,1265701,1982,0,"[0, 1]"
1096227,1265701,1605,0,"[0, 1]"
1096227,1265701,1657,0,"[0, 1]"
1096227,1265701,3149,0,"[0, 1]"
1096227,1265701,2177,0,"[0, 1]"
1096227,1265701,2352,0,"[0, 1]"
1096227,1265701,3318,0,"[0, 1]"
1096227,1265701,3951,0,"[0, 1]"
1096227,1265701,2864,0,"[0, 1]"
1096227,1265701,2900,0,"[0, 1]"
1096227,1265701,2964,0,"[0, 1]"
1096227,1265701,2538,0,"[0, 1]"
1096227,1265701,3722,0,"[0, 1]"
1096227,1265701,3525,0,"[0, 1]"
1096227,1265701,3464,0,"[0, 1]"
1096227,1265701,2131,0,"[0, 1]"
1096227,1265701,2100,0,"[0, 1]"
1096227,1265701,3397,0,"[0, 1]"
1096227,1265701,2754,0,"[0, 1]"
1096227,1265701,2163,0,"[0, 1]"
1096227,1265701,2693,0,"[0, 1]"
1096227,1265701,3949,0,"[0, 1]"
1096227,1265701,3714,0,"[0, 1]"
1096227,1265701,2474,0,"[0, 1]"
1096227,1265701,2739,0,"[0, 1]"
1096227,1265701,4136,0,"[0, 1]"
1096227,1265701,7384901,1,"[0, 1]"
1096227,1265701,4178175,1,"[0, 1]"
1096227,1265701,7271076,1,"[0, 1]"
1096227,1265701,4782,0,"[0, 1]"
1096227,1265701,3182069,1,"[0, 1]"
1096227,1265701,7557471,1,"[0, 1]"
1096227,1265701,4306,0,"[0, 1]"
1096227,1265701,4585,0,"[0, 1]"
1096227,1265701,7120073,1,"[0, 1]"
1096227,1265701,7663389,1,"[0, 1]"
1096227,1265701,7460930,1,"[0, 1]"
1096227,1265701,7492473,1,"[0, 1]"
1096227,1265701,490553,1,"[0, 1]"
1096227,1265701,4776,0,"[0, 1]"
1096227,1265701,7660821,1,"[0, 1]"
1096227,1265701,4513,0,"[0, 1]"
1096227,1265701,7406660,1,"[0, 1]"
1096227,1265701,7562245,1,"[0, 1]"
1096227,1265701,4706,0,"[0, 1]"
1096227,1265701,4344,0,"[0, 1]"
1096227,1265701,4463,0,"[0, 1]"
1096227,1265701,2026902,1,"[0, 1]"
1096227,1265701,4957,0,"[0, 1]"
414714,7522719,7522719,1,"[1, 0]"
414714,7522719,4932,0,"[1, 0]"
414714,7522719,3945,0,"[1, 0]"
414714,7522719,1972,0,"[1, 0]"
414714,7522719,985,0,"[1, 0]"
414714,7522719,492,0,"[1, 0]"
414714,7522719,245,0,"[1, 0]"
414714,7522719,122,0,"[1, 0]"
414714,7522719,60,0,"[1, 0]"
414714,7522719,29,0,"[1, 0]"
414714,7522719,14,0,"[1, 0]"
414714,7522719,6,0,"[1, 0]"
414714,7522719,2,0,"[1, 0]"
414714,7522719,0,0,"[1, 0]"
414714,7522719,1,0,"[0, 1]"
414714,7522719,2,0,"[0, 1]"
414714,7522719,6,0,"[0, 1]"
414714,7522719,4,0,"[0, 1]"
414714,7522719,3,0,"[0, 1]"
414714,7522719,5,0,"[0, 1]"
414714,7522719,9,0,"[0, 1]"
414714,7522719,12,0,"[0, 1]"
414714,7522719,11,0,"[0, 1]"
414714,7522719,8,0,"[0, 1]"
414714,7522719,13,0,"[0, 1]"
414714,7522719,10,0,"[0, 1]"
414714,7522719,19,0,"[0, 1]"
414714,7522719,18,0,"[0, 1]"
414714,7522719,21,0,"[0, 1]"
414714,7522719,25,0,"[0, 1]"
414714,7522719,16,0,"[0, 1]"
414714,7522719,28,0,"[0, 1]"
414714,7522719,15,0,"[0, 1]"
414714,7522719,26,0,"[0, 1]"
414714,7522719,58,0,"[0, 1]"
414714,7522719,62,0,"[0, 1]"
414714,7522719,39,0,"[0, 1]"
414714,7522719,32,0,"[0, 1]"
414714,7522719,46,0,"[0, 1]"
414714,7522719,54,0,"[0, 1]"
414714,7522719,37,0,"[0, 1]"
414714,7522719,36,0,"[0, 1]"
414714,7522719,33,0,"[0, 1]"
414714,7522719,42,0,"[0, 1]"
414714,7522719,86,0,"[0, 1]"
414714,7522719,97,0,"[0, 1]"
414714,7522719,82,0,"[0, 1]"
414714,7522719,103,0,"[0, 1]"
414714,7522719,76,0,"[0, 1]"
414714,7522719,67,0,"[0, 1]"
414714,7522719,119,0,"[0, 1]"
414714,7522719,72,0,"[0, 1]"
414714,7522719,96,0,"[0, 1]"
414714,7522719,85,0,"[0, 1]"
414714,7522719,123,0,"[0, 1]"
414714,7522719,113,0,"[0, 1]"
414714,7522719,190,0,"[0, 1]"
414714,7522719,194,0,"[0, 1]"
414714,7522719,242,0,"[0, 1]"
414714,7522719,154,0,"[0, 1]"
414714,7522719,210,0,"[0, 1]"
414714,7522719,201,0,"[0, 1]"
414714,7522719,223,0,"[0, 1]"
414714,7522719,224,0,"[0, 1]"
414714,7522719,138,0,"[0, 1]"
414714,7522719,226,0,"[0, 1]"
414714,7522719,221,0,"[0, 1]"
414714,7522719,219,0,"[0, 1]"
414714,7522719,163,0,"[0, 1]"
414714,7522719,150,0,"[0, 1]"
414714,7522719,326,0,"[0, 1]"
414714,7522719,415,0,"[0, 1]"
414714,7522719,319,0,"[0, 1]"
414714,7522719,487,0,"[0, 1]"
414714,7522719,272,0,"[0, 1]"
414714,7522719,489,0,"[0, 1]"
414714,7522719,385,0,"[0, 1]"
414714,7522719,423,0,"[0, 1]"
414714,7522719,498,0,"[0, 1]"
414714,7522719,416,0,"[0, 1]"
414714,7522719,270,0,"[0, 1]"
414714,7522719,325,0,"[0, 1]"
414714,7522719,267,0,"[0, 1]"
414714,7522719,350,0,"[0, 1]"
414714,7522719,278,0,"[0, 1]"
414714,7522719,256,0,"[0, 1]"
414714,7522719,631,0,"[0, 1]"
414714,7522719,556,0,"[0, 1]"
414714,7522719,869,0,"[0, 1]"
414714,7522719,715,0,"[0, 1]"
414714,7522719,805,0,"[0, 1]"
414714,7522719,816,0,"[0, 1]"
414714,7522719,973,0,"[0, 1]"
414714,7522719,822,0,"[0, 1]"
414714,7522719,564,0,"[0, 1]"
414714,7522719,727,0,"[0, 1]"
414714,7522719,709,0,"[0, 1]"
414714,7522719,928,0,"[0, 1]"
414714,7522719,1001,0,"[0, 1]"
414714,7522719,840,0,"[0, 1]"
414714,7522719,950,0,"[0, 1]"
414714,7522719,807,0,"[0, 1]"
414714,7522719,839,0,"[0, 1]"
414714,7522719,882,0,"[0, 1]"
414714,7522719,1326,0,"[0, 1]"
414714,7522719,1412,0,"[0, 1]"
414714,7522719,1270,0,"[0, 1]"
414714,7522719,1100,0,"[0, 1]"
414714,7522719,1511,0,"[0, 1]"
414714,7522719,1161,0,"[0, 1]"
414714,7522719,1224,0,"[0, 1]"
414714,7522719,1090,0,"[0, 1]"
414714,7522719,1625,0,"[0, 1]"
414714,7522719,1702,0,"[0, 1]"
414714,7522719,1865,0,"[0, 1]"
414714,7522719,1139,0,"[0, 1]"
414714,7522719,1978,0,"[0, 1]"
414714,7522719,1254,0,"[0, 1]"
414714,7522719,1513,0,"[0, 1]"
414714,7522719,1393,0,"[0, 1]"
414714,7522719,1603,0,"[0, 1]"
414714,7522719,1926,0,"[0, 1]"
414714,7522719,1444,0,"[0, 1]"
414714,7522719,1107,0,"[0, 1]"
414714,7522719,3377,0,"[0, 1]"
414714,7522719,3958,0,"[0, 1]"
414714,7522719,2559,0,"[0, 1]"
414714,7522719,4089,0,"[0, 1]"
414714,7522719,3805,0,"[0, 1]"
414714,7522719,2437,0,"[0, 1]"
414714,7522719,2456,0,"[0, 1]"
414714,7522719,3312,0,"[0, 1]"
414714,7522719,2416,0,"[0, 1]"
414714,7522719,2290,0,"[0, 1]"
414714,7522719,2522,0,"[0, 1]"
414714,7522719,2543,0,"[0, 1]"
414714,7522719,2266,0,"[0, 1]"
414714,7522719,2786,0,"[0, 1]"
414714,7522719,3018,0,"[0, 1]"
414714,7522719,2590,0,"[0, 1]"
414714,7522719,2823,0,"[0, 1]"
414714,7522719,3533,0,"[0, 1]"
414714,7522719,2952,0,"[0, 1]"
414714,7522719,2481,0,"[0, 1]"
414714,7522719,3140,0,"[0, 1]"
414714,7522719,2352,0,"[0, 1]"
414714,7522719,4923,0,"[0, 1]"
414714,7522719,7070877,1,"[0, 1]"
414714,7522719,1216143,1,"[0, 1]"
414714,7522719,7179185,1,"[0, 1]"
414714,7522719,7644819,1,"[0, 1]"
414714,7522719,7219200,1,"[0, 1]"
414714,7522719,7332373,1,"[0, 1]"
414714,7522719,7154492,1,"[0, 1]"
414714,7522719,7681665,1,"[0, 1]"
414714,7522719,7577745,1,"[0, 1]"
414714,7522719,7545517,1,"[0, 1]"
414714,7522719,7470816,1,"[0, 1]"
414714,7522719,7673682,1,"[0, 1]"
414714,7522719,1497612,1,"[0, 1]"
414714,7522719,7281622,1,"[0, 1]"
414714,7522719,4863,0,"[0, 1]"
414714,7522719,7203426,1,"[0, 1]"
414714,7522719,7173446,1,"[0, 1]"
414714,7522719,4671,0,"[0, 1]"
414714,7522719,7493515,1,"[0, 1]"
414714,7522719,7534090,1,"[0, 1]"
414714,7522719,7430595,1,"[0, 1]"
414714,7522719,4402,0,"[0, 1]"
414714,7522719,7689536,1,"[0, 1]"
414714,7522719,7436974,1,"[0, 1]"
414714,7522719,4261341,1,"[0, 1]"
414714,7522719,7249211,1,"[0, 1]"
414714,7522719,7544671,1,"[0, 1]"
414714,7522719,7397316,1,"[0, 1]"
414714,7522719,7545140,1,"[0, 1]"
414714,7522719,89161,1,"[0, 1]"
414714,7522719,7524898,1,"[0, 1]"
414714,7522719,7426998,1,"[0, 1]"
414714,7522719,7305780,1,"[0, 1]"
414714,7522719,7679349,1,"[0, 1]"
414714,7522719,7461523,1,"[0, 1]"
414714,7522719,1357096,1,"[0, 1]"
414714,7522719,7409132,1,"[0, 1]"
414714,7522719,7170528,1,"[0, 1]"
414714,7522719,7495319,1,"[0, 1]"
414714,7522719,7159542,1,"[0, 1]"
414714,7522719,7609703,1,"[0, 1]"
414714,7522719,7263722,1,"[0, 1]"
414714,7522719,7137904,1,"[0, 1]"
414714,7522719,695187,1,"[0, 1]"
414714,7522719,7192436,1,"[0, 1]"
414714,7522719,7541530,1,"[0, 1]"
414714,7522719,7093179,1,"[0, 1]"
414714,7522719,5832346,1,"[0, 1]"
414714,7522719,7373194,1,"[0, 1]"
1101845,7522849,7522849,1,"[1, 0]"
1101845,7522849,4364,0,"[1, 0]"
1101845,7522849,2659,0,"[1, 0]"
1101845,7522849,1329,0,"[1, 0]"
1101845,7522849,664,0,"[1, 0]"
1101845,7522849,331,0,"[1, 0]"
1101845,7522849,165,0,"[1, 0]"
1101845,7522849,82,0,"[1, 0]"
1101845,7522849,40,0,"[1, 0]"
1101845,7522849,19,0,"[1, 0]"
1101845,7522849,9,0,"[1, 0]"
1101845,7522849,4,0,"[1, 0]"
1101845,7522849,1,0,"[1, 0]"
1101845,7522849,0,0,"[1, 0]"
1101845,7522849,1,0,"[0, 1]"
1101845,7522849,2,0,"[0, 1]"
1101845,7522849,6,0,"[0, 1]"
1101845,7522849,5,0,"[0, 1]"
1101845,7522849,4,0,"[0, 1]"
1101845,7522849,3,0,"[0, 1]"
1101845,7522849,13,0,"[0, 1]"
1101845,7522849,9,0,"[0, 1]"
1101845,7522849,8,0,"[0, 1]"
1101845,7522849,12,0,"[0, 1]"
1101845,7522849,7,0,"[0, 1]"
1101845,7522849,10,0,"[0, 1]"
1101845,7522849,29,0,"[0, 1]"
1101845,7522849,23,0,"[0, 1]"
1101845,7522849,20,0,"[0, 1]"
1101845,7522849,30,0,"[0, 1]"
1101845,7522849,27,0,"[0, 1]"
1101845,7522849,28,0,"[0, 1]"
1101845,7522849,26,0,"[0, 1]"
1101845,7522849,25,0,"[0, 1]"
1101845,7522849,59,0,"[0, 1]"
1101845,7522849,51,0,"[0, 1]"
1101845,7522849,49,0,"[0, 1]"
1101845,7522849,37,0,"[0, 1]"
1101845,7522849,46,0,"[0, 1]"
1101845,7522849,34,0,"[0, 1]"
1101845,7522849,54,0,"[0, 1]"
1101845,7522849,31,0,"[0, 1]"
1101845,7522849,62,0,"[0, 1]"
1101845,7522849,44,0,"[0, 1]"
1101845,7522849,116,0,"[0, 1]"
1101845,7522849,101,0,"[0, 1]"
1101845,7522849,63,0,"[0, 1]"
1101845,7522849,82,0,"[0, 1]"
1101845,7522849,70,0,"[0, 1]"
1101845,7522849,73,0,"[0, 1]"
1101845,7522849,97,0,"[0, 1]"
1101845,7522849,104,0,"[0, 1]"
1101845,7522849,110,0,"[0, 1]"
1101845,7522849,108,0,"[0, 1]"
1101845,7522849,112,0,"[0, 1]"
1101845,7522849,66,0,"[0, 1]"
1101845,7522849,184,0,"[0, 1]"
1101845,7522849,154,0,"[0, 1]"
1101845,7522849,165,0,"[0, 1]"
1101845,7522849,158,0,"[0, 1]"
1101845,7522849,235,0,"[0, 1]"
1101845,7522849,186,0,"[0, 1]"
1101845,7522849,233,0,"[0, 1]"
1101845,7522849,199,0,"[0, 1]"
1101845,7522849,254,0,"[0, 1]"
1101845,7522849,130,0,"[0, 1]"
1101845,7522849,144,0,"[0, 1]"
1101845,7522849,215,0,"[0, 1]"
1101845,7522849,132,0,"[0, 1]"
1101845,7522849,201,0,"[0, 1]"
1101845,7522849,351,0,"[0, 1]"
1101845,7522849,367,0,"[0, 1]"
1101845,7522849,444,0,"[0, 1]"
1101845,7522849,343,0,"[0, 1]"
1101845,7522849,439,0,"[0, 1]"
1101845,7522849,275,0,"[0, 1]"
1101845,7522849,355,0,"[0, 1]"
1101845,7522849,488,0,"[0, 1]"
1101845,7522849,496,0,"[0, 1]"
1101845,7522849,300,0,"[0, 1]"
1101845,7522849,338,0,"[0, 1]"
1101845,7522849,384,0,"[0, 1]"
1101845,7522849,278,0,"[0, 1]"
1101845,7522849,303,0,"[0, 1]"
1101845,7522849,362,0,"[0, 1]"
1101845,7522849,408,0,"[0, 1]"
1101845,7522849,1018,0,"[0, 1]"
1101845,7522849,826,0,"[0, 1]"
1101845,7522849,605,0,"[0, 1]"
1101845,7522849,802,0,"[0, 1]"
1101845,7522849,535,0,"[0, 1]"
1101845,7522849,882,0,"[0, 1]"
1101845,7522849,801,0,"[0, 1]"
1101845,7522849,975,0,"[0, 1]"
1101845,7522849,763,0,"[0, 1]"
1101845,7522849,644,0,"[0, 1]"
1101845,7522849,544,0,"[0, 1]"
1101845,7522849,585,0,"[0, 1]"
1101845,7522849,549,0,"[0, 1]"
1101845,7522849,992,0,"[0, 1]"
1101845,7522849,823,0,"[0, 1]"
1101845,7522849,616,0,"[0, 1]"
1101845,7522849,872,0,"[0, 1]"
1101845,7522849,864,0,"[0, 1]"
1101845,7522849,1685,0,"[0, 1]"
1101845,7522849,1271,0,"[0, 1]"
1101845,7522849,1138,0,"[0, 1]"
1101845,7522849,1564,0,"[0, 1]"
1101845,7522849,1755,0,"[0, 1]"
1101845,7522849,1467,0,"[0, 1]"
1101845,7522849,1881,0,"[0, 1]"
1101845,7522849,1340,0,"[0, 1]"
1101845,7522849,1312,0,"[0, 1]"
1101845,7522849,1534,0,"[0, 1]"
1101845,7522849,1853,0,"[0, 1]"
1101845,7522849,1352,0,"[0, 1]"
1101845,7522849,1495,0,"[0, 1]"
1101845,7522849,1106,0,"[0, 1]"
1101845,7522849,2044,0,"[0, 1]"
1101845,7522849,1048,0,"[0, 1]"
1101845,7522849,1588,0,"[0, 1]"
1101845,7522849,1449,0,"[0, 1]"
1101845,7522849,1582,0,"[0, 1]"
1101845,7522849,1288,0,"[0, 1]"
1101845,7522849,3699,0,"[0, 1]"
1101845,7522849,2973,0,"[0, 1]"
1101845,7522849,3777,0,"[0, 1]"
1101845,7522849,3293,0,"[0, 1]"
1101845,7522849,3891,0,"[0, 1]"
1101845,7522849,2547,0,"[0, 1]"
1101845,7522849,3702,0,"[0, 1]"
1101845,7522849,3704,0,"[0, 1]"
1101845,7522849,3849,0,"[0, 1]"
1101845,7522849,2676,0,"[0, 1]"
1101845,7522849,3995,0,"[0, 1]"
1101845,7522849,2403,0,"[0, 1]"
1101845,7522849,2690,0,"[0, 1]"
1101845,7522849,2467,0,"[0, 1]"
1101845,7522849,3728,0,"[0, 1]"
1101845,7522849,3294,0,"[0, 1]"
1101845,7522849,2234,0,"[0, 1]"
1101845,7522849,4030,0,"[0, 1]"
1101845,7522849,3632,0,"[0, 1]"
1101845,7522849,3751,0,"[0, 1]"
1101845,7522849,2404,0,"[0, 1]"
1101845,7522849,3374,0,"[0, 1]"
1101845,7522849,4353583,1,"[0, 1]"
1101845,7522849,7473138,1,"[0, 1]"
1101845,7522849,2091170,1,"[0, 1]"
1101845,7522849,7444555,1,"[0, 1]"
1101845,7522849,7274620,1,"[0, 1]"
1101845,7522849,7255219,1,"[0, 1]"
1101845,7522849,7597855,1,"[0, 1]"
1101845,7522849,7568615,1,"[0, 1]"
1101845,7522849,7322579,1,"[0, 1]"
1101845,7522849,7686516,1,"[0, 1]"
1101845,7522849,7547873,1,"[0, 1]"
1101845,7522849,4215483,1,"[0, 1]"
1101845,7522849,4817,0,"[0, 1]"
1101845,7522849,7121818,1,"[0, 1]"
1101845,7522849,366583,1,"[0, 1]"
1101845,7522849,7104460,1,"[0, 1]"
1101845,7522849,4238,0,"[0, 1]"
1101845,7522849,7553527,1,"[0, 1]"
1101845,7522849,7231966,1,"[0, 1]"
1101845,7522849,7499577,1,"[0, 1]"
1101845,7522849,7629602,1,"[0, 1]"
1101845,7522849,7664738,1,"[0, 1]"
1101845,7522849,7567576,1,"[0, 1]"
1101845,7522849,4632,0,"[0, 1]"
1101845,7522849,1213268,1,"[0, 1]"
1101845,7522849,661943,1,"[0, 1]"
1101845,7522849,7503570,1,"[0, 1]"
1101845,7522849,7495369,1,"[0, 1]"
1101845,7522849,4920146,1,"[0, 1]"
1101845,7522849,7213486,1,"[0, 1]"
1101845,7522849,6743770,1,"[0, 1]"
1101845,7522849,7680049,1,"[0, 1]"
1101845,7522849,1954925,1,"[0, 1]"
1101845,7522849,7279808,1,"[0, 1]"
1101845,7522849,7245709,1,"[0, 1]"
1101845,7522849,7218988,1,"[0, 1]"
1101845,7522849,7237410,1,"[0, 1]"
1101845,7522849,4885390,1,"[0, 1]"
1101845,7522849,2459114,1,"[0, 1]"
1101845,7522849,7090589,1,"[0, 1]"
1101845,7522849,7384687,1,"[0, 1]"
1101845,7522849,7278030,1,"[0, 1]"
1101845,7522849,7423351,1,"[0, 1]"
1101845,7522849,7118416,1,"[0, 1]"
1101845,7522849,7274778,1,"[0, 1]"
1101845,7522849,7261899,1,"[0, 1]"
1101845,7522849,7232251,1,"[0, 1]"
1101845,7522849,76335,1,"[0, 1]"
1101845,7522849,7614155,1,"[0, 1]"
1101845,7522849,999958,1,"[0, 1]"
330640,70468,70468,1,"[1, 0]"
330640,70468,2864,0,"[1, 0]"
330640,70468,1431,0,"[1, 0]"
330640,70468,715,0,"[1, 0]"
330640,70468,357,0,"[1, 0]"
330640,70468,178,0,"[1, 0]"
330640,70468,88,0,"[1, 0]"
330640,70468,43,0,"[1, 0]"
330640,70468,21,0,"[1, 0]"
330640,70468,10,0,"[1, 0]"
330640,70468,4,0,"[1, 0]"
330640,70468,1,0,"[1, 0]"
330640,70468,0,0,"[1, 0]"
330640,70468,2,0,"[0, 1]"
330640,70468,1,0,"[0, 1]"
330640,70468,4,0,"[0, 1]"
330640,70468,6,0,"[0, 1]"
330640,70468,5,0,"[0, 1]"
330640,70468,3,0,"[0, 1]"
330640,70468,11,0,"[0, 1]"
330640,70468,13,0,"[0, 1]"
330640,70468,9,0,"[0, 1]"
330640,70468,10,0,"[0, 1]"
330640,70468,12,0,"[0, 1]"
330640,70468,7,0,"[0, 1]"
330640,70468,18,0,"[0, 1]"
330640,70468,17,0,"[0, 1]"
330640,70468,19,0,"[0, 1]"
330640,70468,23,0,"[0, 1]"
330640,70468,30,0,"[0, 1]"
330640,70468,24,0,"[0, 1]"
330640,70468,25,0,"[0, 1]"
330640,70468,20,0,"[0, 1]"
330640,70468,35,0,"[0, 1]"
330640,70468,31,0,"[0, 1]"
330640,70468,43,0,"[0, 1]"
330640,70468,53,0,"[0, 1]"
330640,70468,45,0,"[0, 1]"
330640,70468,59,0,"[0, 1]"
330640,70468,37,0,"[0, 1]"
330640,70468,58,0,"[0, 1]"
330640,70468,49,0,"[0, 1]"
330640,70468,50,0,"[0, 1]"
330640,70468,111,0,"[0, 1]"
330640,70468,72,0,"[0, 1]"
330640,70468,112,0,"[0, 1]"
330640,70468,82,0,"[0, 1]"
330640,70468,102,0,"[0, 1]"
330640,70468,78,0,"[0, 1]"
330640,70468,103,0,"[0, 1]"
330640,70468,74,0,"[0, 1]"
330640,70468,119,0,"[0, 1]"
330640,70468,118,0,"[0, 1]"
330640,70468,80,0,"[0, 1]"
330640,70468,101,0,"[0, 1]"
330640,70468,249,0,"[0, 1]"
330640,70468,209,0,"[0, 1]"
330640,70468,148,0,"[0, 1]"
330640,70468,163,0,"[0, 1]"
330640,70468,130,0,"[0, 1]"
330640,70468,189,0,"[0, 1]"
330640,70468,199,0,"[0, 1]"
330640,70468,193,0,"[0, 1]"
330640,70468,243,0,"[0, 1]"
330640,70468,168,0,"[0, 1]"
330640,70468,180,0,"[0, 1]"
330640,70468,127,0,"[0, 1]"
330640,70468,136,0,"[0, 1]"
330640,70468,227,0,"[0, 1]"
330640,70468,400,0,"[0, 1]"
330640,70468,462,0,"[0, 1]"
330640,70468,379,0,"[0, 1]"
330640,70468,322,0,"[0, 1]"
330640,70468,412,0,"[0, 1]"
330640,70468,498,0,"[0, 1]"
330640,70468,362,0,"[0, 1]"
330640,70468,275,0,"[0, 1]"
330640,70468,417,0,"[0, 1]"
330640,70468,332,0,"[0, 1]"
330640,70468,303,0,"[0, 1]"
330640,70468,409,0,"[0, 1]"
330640,70468,340,0,"[0, 1]"
330640,70468,410,0,"[0, 1]"
330640,70468,321,0,"[0, 1]"
330640,70468,341,0,"[0, 1]"
330640,70468,983,0,"[0, 1]"
330640,70468,620,0,"[0, 1]"
330640,70468,855,0,"[0, 1]"
330640,70468,725,0,"[0, 1]"
330640,70468,736,0,"[0, 1]"
330640,70468,906,0,"[0, 1]"
330640,70468,588,0,"[0, 1]"
330640,70468,699,0,"[0, 1]"
330640,70468,603,0,"[0, 1]"
330640,70468,553,0,"[0, 1]"
330640,70468,687,0,"[0, 1]"
330640,70468,664,0,"[0, 1]"
330640,70468,719,0,"[0, 1]"
330640,70468,865,0,"[0, 1]"
330640,70468,602,0,"[0, 1]"
330640,70468,1009,0,"[0, 1]"
330640,70468,857,0,"[0, 1]"
330640,70468,788,0,"[0, 1]"
330640,70468,1983,0,"[0, 1]"
330640,70468,1178,0,"[0, 1]"
330640,70468,1157,0,"[0, 1]"
330640,70468,1694,0,"[0, 1]"
330640,70468,1308,0,"[0, 1]"
330640,70468,1814,0,"[0, 1]"
330640,70468,1343,0,"[0, 1]"
330640,70468,1654,0,"[0, 1]"
330640,70468,1692,0,"[0, 1]"
330640,70468,1033,0,"[0, 1]"
330640,70468,1399,0,"[0, 1]"
330640,70468,1302,0,"[0, 1]"
330640,70468,2000,0,"[0, 1]"
330640,70468,1055,0,"[0, 1]"
330640,70468,1131,0,"[0, 1]"
330640,70468,1595,0,"[0, 1]"
330640,70468,1301,0,"[0, 1]"
330640,70468,1948,0,"[0, 1]"
330640,70468,1850,0,"[0, 1]"
330640,70468,2016,0,"[0, 1]"
330640,70468,3319,0,"[0, 1]"
330640,70468,2532,0,"[0, 1]"
330640,70468,2305,0,"[0, 1]"
330640,70468,3841,0,"[0, 1]"
330640,70468,2245,0,"[0, 1]"
330640,70468,2125,0,"[0, 1]"
330640,70468,3214,0,"[0, 1]"
330640,70468,3190,0,"[0, 1]"
330640,70468,3966,0,"[0, 1]"
330640,70468,2214,0,"[0, 1]"
330640,70468,2651,0,"[0, 1]"
330640,70468,3462,0,"[0, 1]"
330640,70468,4046,0,"[0, 1]"
330640,70468,3025,0,"[0, 1]"
330640,70468,3367,0,"[0, 1]"
330640,70468,2845,0,"[0, 1]"
330640,70468,3988,0,"[0, 1]"
330640,70468,2504,0,"[0, 1]"
330640,70468,2049,0,"[0, 1]"
330640,70468,2732,0,"[0, 1]"
330640,70468,3108,0,"[0, 1]"
330640,70468,3088,0,"[0, 1]"
330640,70468,4973,0,"[0, 1]"
330640,70468,7070556,1,"[0, 1]"
330640,70468,4765747,1,"[0, 1]"
330640,70468,7416971,1,"[0, 1]"
330640,70468,7191502,1,"[0, 1]"
330640,70468,7274589,1,"[0, 1]"
330640,70468,2332638,1,"[0, 1]"
330640,70468,7617924,1,"[0, 1]"
330640,70468,7624305,1,"[0, 1]"
330640,70468,4470,0,"[0, 1]"
330640,70468,312683,1,"[0, 1]"
330640,70468,7689683,1,"[0, 1]"
330640,70468,7437021,1,"[0, 1]"
330640,70468,7203839,1,"[0, 1]"
330640,70468,7169371,1,"[0, 1]"
330640,70468,7114795,1,"[0, 1]"
330640,70468,7547737,1,"[0, 1]"
330640,70468,7160861,1,"[0, 1]"
330640,70468,7586101,1,"[0, 1]"
330640,70468,7244458,1,"[0, 1]"
330640,70468,7153433,1,"[0, 1]"
330640,70468,4709,0,"[0, 1]"
330640,70468,7301814,1,"[0, 1]"
330640,70468,7624224,1,"[0, 1]"
687615,7523050,7523050,1,"[1, 0]"
687615,7523050,3220,0,"[1, 0]"
687615,7523050,1609,0,"[1, 0]"
687615,7523050,804,0,"[1, 0]"
687615,7523050,401,0,"[1, 0]"
687615,7523050,200,0,"[1, 0]"
687615,7523050,99,0,"[1, 0]"
687615,7523050,49,0,"[1, 0]"
687615,7523050,24,0,"[1, 0]"
687615,7523050,11,0,"[1, 0]"
687615,7523050,5,0,"[1, 0]"
687615,7523050,2,0,"[1, 0]"
687615,7523050,0,0,"[1, 0]"
687615,7523050,2,0,"[0, 1]"
687615,7523050,1,0,"[0, 1]"
687615,7523050,3,0,"[0, 1]"
687615,7523050,6,0,"[0, 1]"
687615,7523050,5,0,"[0, 1]"
687615,7523050,4,0,"[0, 1]"
687615,7523050,10,0,"[0, 1]"
687615,7523050,12,0,"[0, 1]"
687615,7523050,11,0,"[0, 1]"
687615,7523050,8,0,"[0, 1]"
687615,7523050,9,0,"[0, 1]"
687615,7523050,7,0,"[0, 1]"
687615,7523050,22,0,"[0, 1]"
687615,7523050,17,0,"[0, 1]"
687615,7523050,19,0,"[0, 1]"
687615,7523050,27,0,"[0, 1]"
687615,7523050,15,0,"[0, 1]"
687615,7523050,24,0,"[0, 1]"
687615,7523050,21,0,"[0, 1]"
687615,7523050,29,0,"[0, 1]"
687615,7523050,60,0,"[0, 1]"
687615,7523050,53,0,"[0, 1]"
687615,7523050,51,0,"[0, 1]"
687615,7523050,34,0,"[0, 1]"
687615,7523050,35,0,"[0, 1]"
687615,7523050,54,0,"[0, 1]"
687615,7523050,48,0,"[0, 1]"
687615,7523050,46,0,"[0, 1]"
687615,7523050,47,0,"[0, 1]"
687615,7523050,41,0,"[0, 1]"
687615,7523050,100,0,"[0, 1]"
687615,7523050,102,0,"[0, 1]"
687615,7523050,91,0,"[0, 1]"
687615,7523050,95,0,"[0, 1]"
687615,7523050,77,0,"[0, 1]"
687615,7523050,69,0,"[0, 1]"
687615,7523050,89,0,"[0, 1]"
687615,7523050,104,0,"[0, 1]"
687615,7523050,64,0,"[0, 1]"
687615,7523050,123,0,"[0, 1]"
687615,7523050,76,0,"[0, 1]"
687615,7523050,112,0,"[0, 1]"
687615,7523050,135,0,"[0, 1]"
687615,7523050,174,0,"[0, 1]"
687615,7523050,150,0,"[0, 1]"
687615,7523050,187,0,"[0, 1]"
687615,7523050,192,0,"[0, 1]"
687615,7523050,148,0,"[0, 1]"
687615,7523050,227,0,"[0, 1]"
687615,7523050,155,0,"[0, 1]"
687615,7523050,212,0,"[0, 1]"
687615,7523050,206,0,"[0, 1]"
687615,7523050,254,0,"[0, 1]"
687615,7523050,193,0,"[0, 1]"
687615,7523050,152,0,"[0, 1]"
687615,7523050,140,0,"[0, 1]"
687615,7523050,457,0,"[0, 1]"
687615,7523050,288,0,"[0, 1]"
687615,7523050,378,0,"[0, 1]"
687615,7523050,303,0,"[0, 1]"
687615,7523050,354,0,"[0, 1]"
687615,7523050,315,0,"[0, 1]"
687615,7523050,482,0,"[0, 1]"
687615,7523050,255,0,"[0, 1]"
687615,7523050,258,0,"[0, 1]"
687615,7523050,428,0,"[0, 1]"
687615,7523050,421,0,"[0, 1]"
687615,7523050,366,0,"[0, 1]"
687615,7523050,357,0,"[0, 1]"
687615,7523050,393,0,"[0, 1]"
687615,7523050,343,0,"[0, 1]"
687615,7523050,331,0,"[0, 1]"
687615,7523050,858,0,"[0, 1]"
687615,7523050,675,0,"[0, 1]"
687615,7523050,848,0,"[0, 1]"
687615,7523050,584,0,"[0, 1]"
687615,7523050,620,0,"[0, 1]"
687615,7523050,649,0,"[0, 1]"
687615,7523050,694,0,"[0, 1]"
687615,7523050,743,0,"[0, 1]"
687615,7523050,575,0,"[0, 1]"
687615,7523050,988,0,"[0, 1]"
687615,7523050,590,0,"[0, 1]"
687615,7523050,879,0,"[0, 1]"
687615,7523050,805,0,"[0, 1]"
687615,7523050,953,0,"[0, 1]"
687615,7523050,595,0,"[0, 1]"
687615,7523050,585,0,"[0, 1]"
687615,7523050,741,0,"[0, 1]"
687615,7523050,840,0,"[0, 1]"
687615,7523050,1520,0,"[0, 1]"
687615,7523050,1798,0,"[0, 1]"
687615,7523050,1256,0,"[0, 1]"
687615,7523050,1790,0,"[0, 1]"
687615,7523050,1141,0,"[0, 1]"
687615,7523050,1744,0,"[0, 1]"
687615,7523050,1120,0,"[0, 1]"
687615,7523050,1600,0,"[0, 1]"
687615,7523050,1083,0,"[0, 1]"
687615,7523050,1961,0,"[0, 1]"
687615,7523050,1866,0,"[0, 1]"
687615,7523050,1574,0,"[0, 1]"
687615,7523050,1170,0,"[0, 1]"
687615,7523050,1970,0,"[0, 1]"
687615,7523050,1971,0,"[0, 1]"
687615,7523050,1316,0,"[0, 1]"
687615,7523050,1812,0,"[0, 1]"
687615,7523050,1396,0,"[0, 1]"
687615,7523050,1057,0,"[0, 1]"
687615,7523050,1899,0,"[0, 1]"
687615,7523050,3032,0,"[0, 1]"
687615,7523050,3489,0,"[0, 1]"
687615,7523050,2995,0,"[0, 1]"
687615,7523050,2225,0,"[0, 1]"
687615,7523050,3842,0,"[0, 1]"
687615,7523050,3303,0,"[0, 1]"
687615,7523050,2527,0,"[0, 1]"
687615,7523050,4058,0,"[0, 1]"
687615,7523050,2525,0,"[0, 1]"
687615,7523050,3231,0,"[0, 1]"
687615,7523050,3612,0,"[0, 1]"
687615,7523050,2609,0,"[0, 1]"
687615,7523050,3881,0,"[0, 1]"
687615,7523050,3799,0,"[0, 1]"
687615,7523050,2293,0,"[0, 1]"
687615,7523050,3789,0,"[0, 1]"
687615,7523050,2163,0,"[0, 1]"
687615,7523050,2373,0,"[0, 1]"
687615,7523050,2469,0,"[0, 1]"
687615,7523050,3574,0,"[0, 1]"
687615,7523050,2180,0,"[0, 1]"
687615,7523050,4061,0,"[0, 1]"
687615,7523050,4366,0,"[0, 1]"
687615,7523050,4659,0,"[0, 1]"
687615,7523050,7423398,1,"[0, 1]"
687615,7523050,7258673,1,"[0, 1]"
687615,7523050,7237947,1,"[0, 1]"
687615,7523050,7192781,1,"[0, 1]"
687615,7523050,7499926,1,"[0, 1]"
687615,7523050,7304912,1,"[0, 1]"
687615,7523050,7163370,1,"[0, 1]"
687615,7523050,860900,1,"[0, 1]"
687615,7523050,7233819,1,"[0, 1]"
687615,7523050,7547124,1,"[0, 1]"
687615,7523050,4123,0,"[0, 1]"
687615,7523050,7576782,1,"[0, 1]"
687615,7523050,7137181,1,"[0, 1]"
687615,7523050,7181095,1,"[0, 1]"
687615,7523050,7183532,1,"[0, 1]"
687615,7523050,7078525,1,"[0, 1]"
687615,7523050,4108,0,"[0, 1]"
687615,7523050,4632,0,"[0, 1]"
687615,7523050,7274432,1,"[0, 1]"
687615,7523050,850886,1,"[0, 1]"
687615,7523050,7243485,1,"[0, 1]"
687615,7523050,7285439,1,"[0, 1]"
275049,7523255,7523255,1,"[1, 0]"
275049,7523255,2547,0,"[1, 0]"
275049,7523255,1273,0,"[1, 0]"
275049,7523255,636,0,"[1, 0]"
275049,7523255,317,0,"[1, 0]"
275049,7523255,158,0,"[1, 0]"
275049,7523255,78,0,"[1, 0]"
275049,7523255,38,0,"[1, 0]"
275049,7523255,18,0,"[1, 0]"
275049,7523255,8,0,"[1, 0]"
275049,7523255,3,0,"[1, 0]"
275049,7523255,1,0,"[1, 0]"
275049,7523255,0,0,"[1, 0]"
275049,7523255,2,0,"[0, 1]"
275049,7523255,1,0,"[0, 1]"
275049,7523255,5,0,"[0, 1]"
275049,7523255,6,0,"[0, 1]"
275049,7523255,3,0,"[0, 1]"
275049,7523255,4,0,"[0, 1]"
275049,7523255,14,0,"[0, 1]"
275049,7523255,8,0,"[0, 1]"
275049,7523255,9,0,"[0, 1]"
275049,7523255,7,0,"[0, 1]"
275049,7523255,10,0,"[0, 1]"
275049,7523255,11,0,"[0, 1]"
275049,7523255,16,0,"[0, 1]"
275049,7523255,27,0,"[0, 1]"
275049,7523255,18,0,"[0, 1]"
275049,7523255,22,0,"[0, 1]"
275049,7523255,25,0,"[0, 1]"
275049,7523255,30,0,"[0, 1]"
275049,7523255,28,0,"[0, 1]"
275049,7523255,21,0,"[0, 1]"
275049,7523255,39,0,"[0, 1]"
275049,7523255,51,0,"[0, 1]"
275049,7523255,33,0,"[0, 1]"
275049,7523255,62,0,"[0, 1]"
275049,7523255,35,0,"[0, 1]"
275049,7523255,47,0,"[0, 1]"
275049,7523255,43,0,"[0, 1]"
275049,7523255,57,0,"[0, 1]"
275049,7523255,60,0,"[0, 1]"
275049,7523255,36,0,"[0, 1]"
275049,7523255,93,0,"[0, 1]"
275049,7523255,65,0,"[0, 1]"
275049,7523255,101,0,"[0, 1]"
275049,7523255,94,0,"[0, 1]"
275049,7523255,104,0,"[0, 1]"
275049,7523255,92,0,"[0, 1]"
275049,7523255,115,0,"[0, 1]"
275049,7523255,100,0,"[0, 1]"
275049,7523255,72,0,"[0, 1]"
275049,7523255,73,0,"[0, 1]"
275049,7523255,79,0,"[0, 1]"
275049,7523255,126,0,"[0, 1]"
275049,7523255,187,0,"[0, 1]"
275049,7523255,175,0,"[0, 1]"
275049,7523255,183,0,"[0, 1]"
275049,7523255,200,0,"[0, 1]"
275049,7523255,177,0,"[0, 1]"
275049,7523255,225,0,"[0, 1]"
275049,7523255,237,0,"[0, 1]"
275049,7523255,220,0,"[0, 1]"
275049,7523255,246,0,"[0, 1]"
275049,7523255,160,0,"[0, 1]"
275049,7523255,159,0,"[0, 1]"
275049,7523255,190,0,"[0, 1]"
275049,7523255,234,0,"[0, 1]"
275049,7523255,242,0,"[0, 1]"
275049,7523255,373,0,"[0, 1]"
275049,7523255,501,0,"[0, 1]"
275049,7523255,377,0,"[0, 1]"
275049,7523255,421,0,"[0, 1]"
275049,7523255,361,0,"[0, 1]"
275049,7523255,443,0,"[0, 1]"
275049,7523255,467,0,"[0, 1]"
275049,7523255,278,0,"[0, 1]"
275049,7523255,359,0,"[0, 1]"
275049,7523255,342,0,"[0, 1]"
275049,7523255,305,0,"[0, 1]"
275049,7523255,256,0,"[0, 1]"
275049,7523255,336,0,"[0, 1]"
275049,7523255,357,0,"[0, 1]"
275049,7523255,423,0,"[0, 1]"
275049,7523255,302,0,"[0, 1]"
275049,7523255,765,0,"[0, 1]"
275049,7523255,987,0,"[0, 1]"
275049,7523255,659,0,"[0, 1]"
275049,7523255,915,0,"[0, 1]"
275049,7523255,625,0,"[0, 1]"
275049,7523255,1018,0,"[0, 1]"
275049,7523255,653,0,"[0, 1]"
275049,7523255,959,0,"[0, 1]"
275049,7523255,787,0,"[0, 1]"
275049,7523255,1006,0,"[0, 1]"
275049,7523255,591,0,"[0, 1]"
275049,7523255,923,0,"[0, 1]"
275049,7523255,908,0,"[0, 1]"
275049,7523255,874,0,"[0, 1]"
275049,7523255,956,0,"[0, 1]"
275049,7523255,962,0,"[0, 1]"
275049,7523255,1020,0,"[0, 1]"
275049,7523255,666,0,"[0, 1]"
275049,7523255,1034,0,"[0, 1]"
275049,7523255,1023,0,"[0, 1]"
275049,7523255,1109,0,"[0, 1]"
275049,7523255,1355,0,"[0, 1]"
275049,7523255,1412,0,"[0, 1]"
275049,7523255,1636,0,"[0, 1]"
275049,7523255,1549,0,"[0, 1]"
275049,7523255,1901,0,"[0, 1]"
275049,7523255,1215,0,"[0, 1]"
275049,7523255,1645,0,"[0, 1]"
275049,7523255,1738,0,"[0, 1]"
275049,7523255,1026,0,"[0, 1]"
275049,7523255,1855,0,"[0, 1]"
275049,7523255,1270,0,"[0, 1]"
275049,7523255,1308,0,"[0, 1]"
275049,7523255,1031,0,"[0, 1]"
275049,7523255,1980,0,"[0, 1]"
275049,7523255,1159,0,"[0, 1]"
275049,7523255,1390,0,"[0, 1]"
275049,7523255,2001,0,"[0, 1]"
275049,7523255,3175,0,"[0, 1]"
275049,7523255,3090,0,"[0, 1]"
275049,7523255,2232,0,"[0, 1]"
275049,7523255,2674,0,"[0, 1]"
275049,7523255,4093,0,"[0, 1]"
275049,7523255,3568,0,"[0, 1]"
275049,7523255,2539,0,"[0, 1]"
275049,7523255,3137,0,"[0, 1]"
275049,7523255,3368,0,"[0, 1]"
275049,7523255,3683,0,"[0, 1]"
275049,7523255,2324,0,"[0, 1]"
275049,7523255,2397,0,"[0, 1]"
275049,7523255,2458,0,"[0, 1]"
275049,7523255,3915,0,"[0, 1]"
275049,7523255,2409,0,"[0, 1]"
275049,7523255,2461,0,"[0, 1]"
275049,7523255,2681,0,"[0, 1]"
275049,7523255,2074,0,"[0, 1]"
275049,7523255,3931,0,"[0, 1]"
275049,7523255,3711,0,"[0, 1]"
275049,7523255,3083,0,"[0, 1]"
275049,7523255,2439,0,"[0, 1]"
275049,7523255,7252995,1,"[0, 1]"
275049,7523255,7191502,1,"[0, 1]"
275049,7523255,7683923,1,"[0, 1]"
275049,7523255,4504,0,"[0, 1]"
275049,7523255,7601266,1,"[0, 1]"
275049,7523255,92150,1,"[0, 1]"
275049,7523255,4513,0,"[0, 1]"
275049,7523255,4158,0,"[0, 1]"
275049,7523255,7665868,1,"[0, 1]"
275049,7523255,4275,0,"[0, 1]"
275049,7523255,7124636,1,"[0, 1]"
275049,7523255,7114795,1,"[0, 1]"
275049,7523255,7160269,1,"[0, 1]"
275049,7523255,4258,0,"[0, 1]"
275049,7523255,7115878,1,"[0, 1]"
275049,7523255,7505572,1,"[0, 1]"
275049,7523255,4535,0,"[0, 1]"
275049,7523255,7104178,1,"[0, 1]"
275049,7523255,4970,0,"[0, 1]"
275049,7523255,7376630,1,"[0, 1]"
275049,7523255,7646494,1,"[0, 1]"
275049,7523255,7222518,1,"[0, 1]"
275049,7523255,7607818,1,"[0, 1]"
275049,7523255,7188993,1,"[0, 1]"
505541,7523425,7523425,1,"[1, 0]"
505541,7523425,3896,0,"[1, 0]"
505541,7523425,1947,0,"[1, 0]"
505541,7523425,973,0,"[1, 0]"
505541,7523425,486,0,"[1, 0]"
505541,7523425,242,0,"[1, 0]"
505541,7523425,120,0,"[1, 0]"
505541,7523425,59,0,"[1, 0]"
505541,7523425,29,0,"[1, 0]"
505541,7523425,14,0,"[1, 0]"
505541,7523425,6,0,"[1, 0]"
505541,7523425,2,0,"[1, 0]"
505541,7523425,0,0,"[1, 0]"
505541,7523425,1,0,"[0, 1]"
505541,7523425,2,0,"[0, 1]"
505541,7523425,5,0,"[0, 1]"
505541,7523425,4,0,"[0, 1]"
505541,7523425,6,0,"[0, 1]"
505541,7523425,3,0,"[0, 1]"
505541,7523425,14,0,"[0, 1]"
505541,7523425,12,0,"[0, 1]"
505541,7523425,8,0,"[0, 1]"
505541,7523425,10,0,"[0, 1]"
505541,7523425,11,0,"[0, 1]"
505541,7523425,13,0,"[0, 1]"
505541,7523425,22,0,"[0, 1]"
505541,7523425,23,0,"[0, 1]"
505541,7523425,21,0,"[0, 1]"
505541,7523425,30,0,"[0, 1]"
505541,7523425,26,0,"[0, 1]"
505541,7523425,16,0,"[0, 1]"
505541,7523425,20,0,"[0, 1]"
505541,7523425,17,0,"[0, 1]"
505541,7523425,43,0,"[0, 1]"
505541,7523425,52,0,"[0, 1]"
505541,7523425,50,0,"[0, 1]"
505541,7523425,42,0,"[0, 1]"
505541,7523425,35,0,"[0, 1]"
505541,7523425,54,0,"[0, 1]"
505541,7523425,51,0,"[0, 1]"
505541,7523425,55,0,"[0, 1]"
505541,7523425,33,0,"[0, 1]"
505541,7523425,61,0,"[0, 1]"
505541,7523425,112,0,"[0, 1]"
505541,7523425,85,0,"[0, 1]"
505541,7523425,93,0,"[0, 1]"
505541,7523425,80,0,"[0, 1]"
505541,7523425,101,0,"[0, 1]"
505541,7523425,72,0,"[0, 1]"
505541,7523425,92,0,"[0, 1]"
505541,7523425,107,0,"[0, 1]"
505541,7523425,118,0,"[0, 1]"
505541,7523425,69,0,"[0, 1]"
505541,7523425,109,0,"[0, 1]"
505541,7523425,124,0,"[0, 1]"
505541,7523425,211,0,"[0, 1]"
505541,7523425,218,0,"[0, 1]"
505541,7523425,147,0,"[0, 1]"
505541,7523425,208,0,"[0, 1]"
505541,7523425,193,0,"[0, 1]"
505541,7523425,212,0,"[0, 1]"
505541,7523425,144,0,"[0, 1]"
505541,7523425,152,0,"[0, 1]"
505541,7523425,137,0,"[0, 1]"
505541,7523425,183,0,"[0, 1]"
505541,7523425,214,0,"[0, 1]"
505541,7523425,160,0,"[0, 1]"
505541,7523425,141,0,"[0, 1]"
505541,7523425,245,0,"[0, 1]"
505541,7523425,336,0,"[0, 1]"
505541,7523425,343,0,"[0, 1]"
505541,7523425,504,0,"[0, 1]"
505541,7523425,470,0,"[0, 1]"
505541,7523425,398,0,"[0, 1]"
505541,7523425,269,0,"[0, 1]"
505541,7523425,313,0,"[0, 1]"
505541,7523425,465,0,"[0, 1]"
505541,7523425,434,0,"[0, 1]"
505541,7523425,450,0,"[0, 1]"
505541,7523425,493,0,"[0, 1]"
505541,7523425,342,0,"[0, 1]"
505541,7523425,345,0,"[0, 1]"
505541,7523425,310,0,"[0, 1]"
505541,7523425,389,0,"[0, 1]"
505541,7523425,407,0,"[0, 1]"
505541,7523425,918,0,"[0, 1]"
505541,7523425,549,0,"[0, 1]"
505541,7523425,942,0,"[0, 1]"
505541,7523425,722,0,"[0, 1]"
505541,7523425,691,0,"[0, 1]"
505541,7523425,754,0,"[0, 1]"
505541,7523425,869,0,"[0, 1]"
505541,7523425,673,0,"[0, 1]"
505541,7523425,825,0,"[0, 1]"
505541,7523425,658,0,"[0, 1]"
505541,7523425,777,0,"[0, 1]"
505541,7523425,829,0,"[0, 1]"
505541,7523425,704,0,"[0, 1]"
505541,7523425,819,0,"[0, 1]"
505541,7523425,887,0,"[0, 1]"
505541,7523425,876,0,"[0, 1]"
505541,7523425,576,0,"[0, 1]"
505541,7523425,870,0,"[0, 1]"
505541,7523425,1088,0,"[0, 1]"
505541,7523425,1465,0,"[0, 1]"
505541,7523425,1859,0,"[0, 1]"
505541,7523425,1116,0,"[0, 1]"
505541,7523425,1768,0,"[0, 1]"
505541,7523425,1244,0,"[0, 1]"
505541,7523425,1723,0,"[0, 1]"
505541,7523425,1415,0,"[0, 1]"
505541,7523425,1786,0,"[0, 1]"
505541,7523425,1031,0,"[0, 1]"
505541,7523425,1064,0,"[0, 1]"
505541,7523425,1787,0,"[0, 1]"
505541,7523425,1999,0,"[0, 1]"
505541,7523425,1124,0,"[0, 1]"
505541,7523425,1281,0,"[0, 1]"
505541,7523425,1471,0,"[0, 1]"
505541,7523425,1701,0,"[0, 1]"
505541,7523425,1192,0,"[0, 1]"
505541,7523425,1751,0,"[0, 1]"
505541,7523425,1599,0,"[0, 1]"
505541,7523425,3644,0,"[0, 1]"
505541,7523425,2769,0,"[0, 1]"
505541,7523425,3272,0,"[0, 1]"
505541,7523425,3009,0,"[0, 1]"
505541,7523425,2920,0,"[0, 1]"
505541,7523425,3766,0,"[0, 1]"
505541,7523425,2859,0,"[0, 1]"
505541,7523425,2972,0,"[0, 1]"
505541,7523425,3472,0,"[0, 1]"
505541,7523425,3642,0,"[0, 1]"
505541,7523425,2260,0,"[0, 1]"
505541,7523425,2298,0,"[0, 1]"
505541,7523425,3162,0,"[0, 1]"
505541,7523425,3554,0,"[0, 1]"
505541,7523425,3699,0,"[0, 1]"
505541,7523425,2113,0,"[0, 1]"
505541,7523425,3910,0,"[0, 1]"
505541,7523425,3732,0,"[0, 1]"
505541,7523425,2441,0,"[0, 1]"
505541,7523425,2075,0,"[0, 1]"
505541,7523425,3179,0,"[0, 1]"
505541,7523425,3052,0,"[0, 1]"
505541,7523425,7459432,1,"[0, 1]"
505541,7523425,7132812,1,"[0, 1]"
505541,7523425,4535,0,"[0, 1]"
505541,7523425,2040739,1,"[0, 1]"
505541,7523425,691855,1,"[0, 1]"
505541,7523425,7118963,1,"[0, 1]"
505541,7523425,4136,0,"[0, 1]"
505541,7523425,7240637,1,"[0, 1]"
505541,7523425,7267194,1,"[0, 1]"
505541,7523425,4628,0,"[0, 1]"
505541,7523425,7421115,1,"[0, 1]"
505541,7523425,7295424,1,"[0, 1]"
505541,7523425,7279141,1,"[0, 1]"
505541,7523425,7623736,1,"[0, 1]"
505541,7523425,4459,0,"[0, 1]"
505541,7523425,4320,0,"[0, 1]"
505541,7523425,7325139,1,"[0, 1]"
505541,7523425,7593070,1,"[0, 1]"
505541,7523425,7674790,1,"[0, 1]"
505541,7523425,7531219,1,"[0, 1]"
505541,7523425,7114492,1,"[0, 1]"
505541,7523425,7090442,1,"[0, 1]"
505541,7523425,7337323,1,"[0, 1]"
505541,7523425,4671299,1,"[0, 1]"
651187,7523450,7523450,1,"[1, 0]"
651187,7523450,2397,0,"[1, 0]"
651187,7523450,1198,0,"[1, 0]"
651187,7523450,598,0,"[1, 0]"
651187,7523450,298,0,"[1, 0]"
651187,7523450,148,0,"[1, 0]"
651187,7523450,73,0,"[1, 0]"
651187,7523450,36,0,"[1, 0]"
651187,7523450,17,0,"[1, 0]"
651187,7523450,8,0,"[1, 0]"
651187,7523450,3,0,"[1, 0]"
651187,7523450,1,0,"[1, 0]"
651187,7523450,0,0,"[1, 0]"
651187,7523450,1,0,"[0, 1]"
651187,7523450,2,0,"[0, 1]"
651187,7523450,5,0,"[0, 1]"
651187,7523450,4,0,"[0, 1]"
651187,7523450,6,0,"[0, 1]"
651187,7523450,3,0,"[0, 1]"
651187,7523450,8,0,"[0, 1]"
651187,7523450,7,0,"[0, 1]"
651187,7523450,9,0,"[0, 1]"
651187,7523450,13,0,"[0, 1]"
651187,7523450,11,0,"[0, 1]"
651187,7523450,10,0,"[0, 1]"
651187,7523450,26,0,"[0, 1]"
651187,7523450,20,0,"[0, 1]"
651187,7523450,18,0,"[0, 1]"
651187,7523450,27,0,"[0, 1]"
651187,7523450,29,0,"[0, 1]"
651187,7523450,21,0,"[0, 1]"
651187,7523450,24,0,"[0, 1]"
651187,7523450,17,0,"[0, 1]"
651187,7523450,45,0,"[0, 1]"
651187,7523450,43,0,"[0, 1]"
651187,7523450,57,0,"[0, 1]"
651187,7523450,40,0,"[0, 1]"
651187,7523450,50,0,"[0, 1]"
651187,7523450,32,0,"[0, 1]"
651187,7523450,62,0,"[0, 1]"
651187,7523450,53,0,"[0, 1]"
651187,7523450,42,0,"[0, 1]"
651187,7523450,46,0,"[0, 1]"
651187,7523450,71,0,"[0, 1]"
651187,7523450,125,0,"[0, 1]"
651187,7523450,78,0,"[0, 1]"
651187,7523450,119,0,"[0, 1]"
651187,7523450,121,0,"[0, 1]"
651187,7523450,96,0,"[0, 1]"
651187,7523450,111,0,"[0, 1]"
651187,7523450,75,0,"[0, 1]"
651187,7523450,85,0,"[0, 1]"
651187,7523450,89,0,"[0, 1]"
651187,7523450,87,0,"[0, 1]"
651187,7523450,73,0,"[0, 1]"
651187,7523450,207,0,"[0, 1]"
651187,7523450,129,0,"[0, 1]"
651187,7523450,144,0,"[0, 1]"
651187,7523450,183,0,"[0, 1]"
651187,7523450,191,0,"[0, 1]"
651187,7523450,187,0,"[0, 1]"
651187,7523450,238,0,"[0, 1]"
651187,7523450,138,0,"[0, 1]"
651187,7523450,154,0,"[0, 1]"
651187,7523450,148,0,"[0, 1]"
651187,7523450,176,0,"[0, 1]"
651187,7523450,127,0,"[0, 1]"
651187,7523450,217,0,"[0, 1]"
651187,7523450,251,0,"[0, 1]"
651187,7523450,489,0,"[0, 1]"
651187,7523450,497,0,"[0, 1]"
651187,7523450,453,0,"[0, 1]"
651187,7523450,283,0,"[0, 1]"
651187,7523450,400,0,"[0, 1]"
651187,7523450,398,0,"[0, 1]"
651187,7523450,312,0,"[0, 1]"
651187,7523450,476,0,"[0, 1]"
651187,7523450,301,0,"[0, 1]"
651187,7523450,280,0,"[0, 1]"
651187,7523450,393,0,"[0, 1]"
651187,7523450,281,0,"[0, 1]"
651187,7523450,420,0,"[0, 1]"
651187,7523450,320,0,"[0, 1]"
651187,7523450,347,0,"[0, 1]"
651187,7523450,507,0,"[0, 1]"
651187,7523450,647,0,"[0, 1]"
651187,7523450,604,0,"[0, 1]"
651187,7523450,884,0,"[0, 1]"
651187,7523450,784,0,"[0, 1]"
651187,7523450,708,0,"[0, 1]"
651187,7523450,1010,0,"[0, 1]"
651187,7523450,609,0,"[0, 1]"
651187,7523450,538,0,"[0, 1]"
651187,7523450,932,0,"[0, 1]"
651187,7523450,768,0,"[0, 1]"
651187,7523450,774,0,"[0, 1]"
651187,7523450,562,0,"[0, 1]"
651187,7523450,659,0,"[0, 1]"
651187,7523450,621,0,"[0, 1]"
651187,7523450,904,0,"[0, 1]"
651187,7523450,560,0,"[0, 1]"
651187,7523450,543,0,"[0, 1]"
651187,7523450,713,0,"[0, 1]"
651187,7523450,1372,0,"[0, 1]"
651187,7523450,1120,0,"[0, 1]"
651187,7523450,1168,0,"[0, 1]"
651187,7523450,1741,0,"[0, 1]"
651187,7523450,1143,0,"[0, 1]"
651187,7523450,1705,0,"[0, 1]"
651187,7523450,1202,0,"[0, 1]"
651187,7523450,1043,0,"[0, 1]"
651187,7523450,1257,0,"[0, 1]"
651187,7523450,1315,0,"[0, 1]"
651187,7523450,1603,0,"[0, 1]"
651187,7523450,1060,0,"[0, 1]"
651187,7523450,2035,0,"[0, 1]"
651187,7523450,1757,0,"[0, 1]"
651187,7523450,1593,0,"[0, 1]"
651187,7523450,1176,0,"[0, 1]"
651187,7523450,1388,0,"[0, 1]"
651187,7523450,1354,0,"[0, 1]"
651187,7523450,1059,0,"[0, 1]"
651187,7523450,1296,0,"[0, 1]"
651187,7523450,3337,0,"[0, 1]"
651187,7523450,3456,0,"[0, 1]"
651187,7523450,2744,0,"[0, 1]"
651187,7523450,2648,0,"[0, 1]"
651187,7523450,3842,0,"[0, 1]"
651187,7523450,2215,0,"[0, 1]"
651187,7523450,2820,0,"[0, 1]"
651187,7523450,2713,0,"[0, 1]"
651187,7523450,3941,0,"[0, 1]"
651187,7523450,2697,0,"[0, 1]"
651187,7523450,3791,0,"[0, 1]"
651187,7523450,2444,0,"[0, 1]"
651187,7523450,2130,0,"[0, 1]"
651187,7523450,3802,0,"[0, 1]"
651187,7523450,3334,0,"[0, 1]"
651187,7523450,2077,0,"[0, 1]"
651187,7523450,3824,0,"[0, 1]"
651187,7523450,2952,0,"[0, 1]"
651187,7523450,2394,0,"[0, 1]"
651187,7523450,2119,0,"[0, 1]"
651187,7523450,2530,0,"[0, 1]"
651187,7523450,3790,0,"[0, 1]"
651187,7523450,4809,0,"[0, 1]"
651187,7523450,4951,0,"[0, 1]"
651187,7523450,7593070,1,"[0, 1]"
651187,7523450,7283909,1,"[0, 1]"
651187,7523450,7236861,1,"[0, 1]"
651187,7523450,7162884,1,"[0, 1]"
651187,7523450,7404784,1,"[0, 1]"
651187,7523450,7192790,1,"[0, 1]"
651187,7523450,7395774,1,"[0, 1]"
651187,7523450,4895,0,"[0, 1]"
651187,7523450,2390356,1,"[0, 1]"
651187,7523450,4806,0,"[0, 1]"
651187,7523450,4864,0,"[0, 1]"
651187,7523450,7481432,1,"[0, 1]"
651187,7523450,4178175,1,"[0, 1]"
651187,7523450,7327239,1,"[0, 1]"
651187,7523450,4724,0,"[0, 1]"
651187,7523450,7266832,1,"[0, 1]"
651187,7523450,7172798,1,"[0, 1]"
651187,7523450,4447,0,"[0, 1]"
651187,7523450,7198175,1,"[0, 1]"
651187,7523450,7222518,1,"[0, 1]"
651187,7523450,7577745,1,"[0, 1]"
651187,7523450,4201,0,"[0, 1]"
759062,7523496,7523496,1,"[1, 0]"
759062,7523496,4013,0,"[1, 0]"
759062,7523496,2006,0,"[1, 0]"
759062,7523496,1002,0,"[1, 0]"
759062,7523496,500,0,"[1, 0]"
759062,7523496,249,0,"[1, 0]"
759062,7523496,124,0,"[1, 0]"
759062,7523496,61,0,"[1, 0]"
759062,7523496,30,0,"[1, 0]"
759062,7523496,14,0,"[1, 0]"
759062,7523496,6,0,"[1, 0]"
759062,7523496,2,0,"[1, 0]"
759062,7523496,0,0,"[1, 0]"
759062,7523496,1,0,"[0, 1]"
759062,7523496,2,0,"[0, 1]"
759062,7523496,4,0,"[0, 1]"
759062,7523496,6,0,"[0, 1]"
759062,7523496,5,0,"[0, 1]"
759062,7523496,3,0,"[0, 1]"
759062,7523496,14,0,"[0, 1]"
759062,7523496,10,0,"[0, 1]"
759062,7523496,9,0,"[0, 1]"
759062,7523496,12,0,"[0, 1]"
759062,7523496,8,0,"[0, 1]"
759062,7523496,7,0,"[0, 1]"
759062,7523496,24,0,"[0, 1]"
759062,7523496,30,0,"[0, 1]"
759062,7523496,21,0,"[0, 1]"
759062,7523496,29,0,"[0, 1]"
759062,7523496,15,0,"[0, 1]"
759062,7523496,17,0,"[0, 1]"
759062,7523496,27,0,"[0, 1]"
759062,7523496,28,0,"[0, 1]"
759062,7523496,54,0,"[0, 1]"
759062,7523496,32,0,"[0, 1]"
759062,7523496,49,0,"[0, 1]"
759062,7523496,51,0,"[0, 1]"
759062,7523496,44,0,"[0, 1]"
759062,7523496,42,0,"[0, 1]"
759062,7523496,56,0,"[0, 1]"
759062,7523496,38,0,"[0, 1]"
759062,7523496,39,0,"[0, 1]"
759062,7523496,52,0,"[0, 1]"
759062,7523496,103,0,"[0, 1]"
759062,7523496,114,0,"[0, 1]"
759062,7523496,101,0,"[0, 1]"
759062,7523496,67,0,"[0, 1]"
759062,7523496,91,0,"[0, 1]"
759062,7523496,66,0,"[0, 1]"
759062,7523496,125,0,"[0, 1]"
759062,7523496,88,0,"[0, 1]"
759062,7523496,75,0,"[0, 1]"
759062,7523496,94,0,"[0, 1]"
759062,7523496,109,0,"[0, 1]"
759062,7523496,107,0,"[0, 1]"
759062,7523496,213,0,"[0, 1]"
759062,7523496,228,0,"[0, 1]"
759062,7523496,159,0,"[0, 1]"
759062,7523496,205,0,"[0, 1]"
759062,7523496,198,0,"[0, 1]"
759062,7523496,207,0,"[0, 1]"
759062,7523496,132,0,"[0, 1]"
759062,7523496,155,0,"[0, 1]"
759062,7523496,187,0,"[0, 1]"
759062,7523496,188,0,"[0, 1]"
759062,7523496,140,0,"[0, 1]"
759062,7523496,225,0,"[0, 1]"
759062,7523496,251,0,"[0, 1]"
759062,7523496,180,0,"[0, 1]"
759062,7523496,338,0,"[0, 1]"
759062,7523496,406,0,"[0, 1]"
759062,7523496,391,0,"[0, 1]"
759062,7523496,488,0,"[0, 1]"
759062,7523496,486,0,"[0, 1]"
759062,7523496,424,0,"[0, 1]"
759062,7523496,350,0,"[0, 1]"
759062,7523496,274,0,"[0, 1]"
759062,7523496,312,0,"[0, 1]"
759062,7523496,346,0,"[0, 1]"
759062,7523496,277,0,"[0, 1]"
759062,7523496,470,0,"[0, 1]"
759062,7523496,482,0,"[0, 1]"
759062,7523496,469,0,"[0, 1]"
759062,7523496,320,0,"[0, 1]"
759062,7523496,507,0,"[0, 1]"
759062,7523496,893,0,"[0, 1]"
759062,7523496,912,0,"[0, 1]"
759062,7523496,684,0,"[0, 1]"
759062,7523496,998,0,"[0, 1]"
759062,7523496,900,0,"[0, 1]"
759062,7523496,881,0,"[0, 1]"
759062,7523496,636,0,"[0, 1]"
759062,7523496,625,0,"[0, 1]"
759062,7523496,812,0,"[0, 1]"
759062,7523496,1022,0,"[0, 1]"
759062,7523496,747,0,"[0, 1]"
759062,7523496,712,0,"[0, 1]"
759062,7523496,903,0,"[0, 1]"
759062,7523496,813,0,"[0, 1]"
759062,7523496,746,0,"[0, 1]"
759062,7523496,572,0,"[0, 1]"
759062,7523496,619,0,"[0, 1]"
759062,7523496,605,0,"[0, 1]"
759062,7523496,1043,0,"[0, 1]"
759062,7523496,1708,0,"[0, 1]"
759062,7523496,1676,0,"[0, 1]"
759062,7523496,1152,0,"[0, 1]"
759062,7523496,1944,0,"[0, 1]"
759062,7523496,1654,0,"[0, 1]"
759062,7523496,1319,0,"[0, 1]"
759062,7523496,1212,0,"[0, 1]"
759062,7523496,1366,0,"[0, 1]"
759062,7523496,1924,0,"[0, 1]"
759062,7523496,1916,0,"[0, 1]"
759062,7523496,1746,0,"[0, 1]"
759062,7523496,1612,0,"[0, 1]"
759062,7523496,1873,0,"[0, 1]"
759062,7523496,1289,0,"[0, 1]"
759062,7523496,1526,0,"[0, 1]"
759062,7523496,1555,0,"[0, 1]"
759062,7523496,1900,0,"[0, 1]"
759062,7523496,1444,0,"[0, 1]"
759062,7523496,1156,0,"[0, 1]"
759062,7523496,2115,0,"[0, 1]"
759062,7523496,2631,0,"[0, 1]"
759062,7523496,2091,0,"[0, 1]"
759062,7523496,2228,0,"[0, 1]"
759062,7523496,2487,0,"[0, 1]"
759062,7523496,2214,0,"[0, 1]"
759062,7523496,3045,0,"[0, 1]"
759062,7523496,2504,0,"[0, 1]"
759062,7523496,2527,0,"[0, 1]"
759062,7523496,2573,0,"[0, 1]"
759062,7523496,2066,0,"[0, 1]"
759062,7523496,3586,0,"[0, 1]"
759062,7523496,3551,0,"[0, 1]"
759062,7523496,3128,0,"[0, 1]"
759062,7523496,3255,0,"[0, 1]"
759062,7523496,2567,0,"[0, 1]"
759062,7523496,3023,0,"[0, 1]"
759062,7523496,3797,0,"[0, 1]"
759062,7523496,2653,0,"[0, 1]"
759062,7523496,3018,0,"[0, 1]"
759062,7523496,3621,0,"[0, 1]"
759062,7523496,2774,0,"[0, 1]"
759062,7523496,7395044,1,"[0, 1]"
759062,7523496,7269447,1,"[0, 1]"
759062,7523496,7093109,1,"[0, 1]"
759062,7523496,7400409,1,"[0, 1]"
759062,7523496,4935,0,"[0, 1]"
759062,7523496,4932,0,"[0, 1]"
759062,7523496,4684,0,"[0, 1]"
759062,7523496,7126557,1,"[0, 1]"
759062,7523496,7345594,1,"[0, 1]"
759062,7523496,7540058,1,"[0, 1]"
759062,7523496,6450955,1,"[0, 1]"
759062,7523496,7223929,1,"[0, 1]"
759062,7523496,7322359,1,"[0, 1]"
759062,7523496,6519900,1,"[0, 1]"
759062,7523496,4792,0,"[0, 1]"
759062,7523496,4776,0,"[0, 1]"
759062,7523496,303786,1,"[0, 1]"
759062,7523496,1091906,1,"[0, 1]"
759062,7523496,4639,0,"[0, 1]"
759062,7523496,4495,0,"[0, 1]"
759062,7523496,4409,0,"[0, 1]"
759062,7523496,7386099,1,"[0, 1]"
759062,7523496,3087523,1,"[0, 1]"
759062,7523496,3941972,1,"[0, 1]"
754786,7523679,7523679,1,"[1, 0]"
754786,7523679,4615,0,"[1, 0]"
754786,7523679,3224,0,"[1, 0]"
754786,7523679,1611,0,"[1, 0]"
754786,7523679,805,0,"[1, 0]"
754786,7523679,402,0,"[1, 0]"
754786,7523679,200,0,"[1, 0]"
754786,7523679,99,0,"[1, 0]"
754786,7523679,49,0,"[1, 0]"
754786,7523679,24,0,"[1, 0]"
754786,7523679,11,0,"[1, 0]"
754786,7523679,5,0,"[1, 0]"
754786,7523679,2,0,"[1, 0]"
754786,7523679,0,0,"[1, 0]"
754786,7523679,2,0,"[0, 1]"
754786,7523679,1,0,"[0, 1]"
754786,7523679,6,0,"[0, 1]"
754786,7523679,5,0,"[0, 1]"
754786,7523679,4,0,"[0, 1]"
754786,7523679,3,0,"[0, 1]"
754786,7523679,11,0,"[0, 1]"
754786,7523679,14,0,"[0, 1]"
754786,7523679,7,0,"[0, 1]"
754786,7523679,10,0,"[0, 1]"
754786,7523679,9,0,"[0, 1]"
754786,7523679,12,0,"[0, 1]"
754786,7523679,29,0,"[0, 1]"
754786,7523679,17,0,"[0, 1]"
754786,7523679,23,0,"[0, 1]"
754786,7523679,22,0,"[0, 1]"
754786,7523679,28,0,"[0, 1]"
754786,7523679,20,0,"[0, 1]"
754786,7523679,25,0,"[0, 1]"
754786,7523679,30,0,"[0, 1]"
754786,7523679,49,0,"[0, 1]"
754786,7523679,50,0,"[0, 1]"
754786,7523679,61,0,"[0, 1]"
754786,7523679,60,0,"[0, 1]"
754786,7523679,55,0,"[0, 1]"
754786,7523679,54,0,"[0, 1]"
754786,7523679,37,0,"[0, 1]"
754786,7523679,46,0,"[0, 1]"
754786,7523679,32,0,"[0, 1]"
754786,7523679,62,0,"[0, 1]"
754786,7523679,75,0,"[0, 1]"
754786,7523679,125,0,"[0, 1]"
754786,7523679,103,0,"[0, 1]"
754786,7523679,94,0,"[0, 1]"
754786,7523679,74,0,"[0, 1]"
754786,7523679,110,0,"[0, 1]"
754786,7523679,78,0,"[0, 1]"
754786,7523679,95,0,"[0, 1]"
754786,7523679,97,0,"[0, 1]"
754786,7523679,104,0,"[0, 1]"
754786,7523679,76,0,"[0, 1]"
754786,7523679,98,0,"[0, 1]"
754786,7523679,249,0,"[0, 1]"
754786,7523679,191,0,"[0, 1]"
754786,7523679,165,0,"[0, 1]"
754786,7523679,229,0,"[0, 1]"
754786,7523679,216,0,"[0, 1]"
754786,7523679,219,0,"[0, 1]"
754786,7523679,168,0,"[0, 1]"
754786,7523679,238,0,"[0, 1]"
754786,7523679,176,0,"[0, 1]"
754786,7523679,222,0,"[0, 1]"
754786,7523679,209,0,"[0, 1]"
754786,7523679,173,0,"[0, 1]"
754786,7523679,227,0,"[0, 1]"
754786,7523679,215,0,"[0, 1]"
754786,7523679,456,0,"[0, 1]"
754786,7523679,429,0,"[0, 1]"
754786,7523679,380,0,"[0, 1]"
754786,7523679,324,0,"[0, 1]"
754786,7523679,427,0,"[0, 1]"
754786,7523679,359,0,"[0, 1]"
754786,7523679,340,0,"[0, 1]"
754786,7523679,460,0,"[0, 1]"
754786,7523679,502,0,"[0, 1]"
754786,7523679,372,0,"[0, 1]"
754786,7523679,490,0,"[0, 1]"
754786,7523679,473,0,"[0, 1]"
754786,7523679,386,0,"[0, 1]"
754786,7523679,497,0,"[0, 1]"
754786,7523679,256,0,"[0, 1]"
754786,7523679,383,0,"[0, 1]"
754786,7523679,754,0,"[0, 1]"
754786,7523679,738,0,"[0, 1]"
754786,7523679,895,0,"[0, 1]"
754786,7523679,817,0,"[0, 1]"
754786,7523679,799,0,"[0, 1]"
754786,7523679,704,0,"[0, 1]"
754786,7523679,886,0,"[0, 1]"
754786,7523679,850,0,"[0, 1]"
754786,7523679,566,0,"[0, 1]"
754786,7523679,650,0,"[0, 1]"
754786,7523679,840,0,"[0, 1]"
754786,7523679,962,0,"[0, 1]"
754786,7523679,994,0,"[0, 1]"
754786,7523679,571,0,"[0, 1]"
754786,7523679,879,0,"[0, 1]"
754786,7523679,766,0,"[0, 1]"
754786,7523679,705,0,"[0, 1]"
754786,7523679,876,0,"[0, 1]"
754786,7523679,2034,0,"[0, 1]"
754786,7523679,1092,0,"[0, 1]"
754786,7523679,1918,0,"[0, 1]"
754786,7523679,1372,0,"[0, 1]"
754786,7523679,1438,0,"[0, 1]"
754786,7523679,1650,0,"[0, 1]"
754786,7523679,1735,0,"[0, 1]"
754786,7523679,1142,0,"[0, 1]"
754786,7523679,1340,0,"[0, 1]"
754786,7523679,1685,0,"[0, 1]"
754786,7523679,1827,0,"[0, 1]"
754786,7523679,1508,0,"[0, 1]"
754786,7523679,1795,0,"[0, 1]"
754786,7523679,1981,0,"[0, 1]"
754786,7523679,1281,0,"[0, 1]"
754786,7523679,1486,0,"[0, 1]"
754786,7523679,1024,0,"[0, 1]"
754786,7523679,1874,0,"[0, 1]"
754786,7523679,1952,0,"[0, 1]"
754786,7523679,2019,0,"[0, 1]"
754786,7523679,4020,0,"[0, 1]"
754786,7523679,3948,0,"[0, 1]"
754786,7523679,2134,0,"[0, 1]"
754786,7523679,2356,0,"[0, 1]"
754786,7523679,3703,0,"[0, 1]"
754786,7523679,3207,0,"[0, 1]"
754786,7523679,2427,0,"[0, 1]"
754786,7523679,4038,0,"[0, 1]"
754786,7523679,3119,0,"[0, 1]"
754786,7523679,3017,0,"[0, 1]"
754786,7523679,2571,0,"[0, 1]"
754786,7523679,3353,0,"[0, 1]"
754786,7523679,3226,0,"[0, 1]"
754786,7523679,2300,0,"[0, 1]"
754786,7523679,2091,0,"[0, 1]"
754786,7523679,2466,0,"[0, 1]"
754786,7523679,3598,0,"[0, 1]"
754786,7523679,2448,0,"[0, 1]"
754786,7523679,2854,0,"[0, 1]"
754786,7523679,3830,0,"[0, 1]"
754786,7523679,2325,0,"[0, 1]"
754786,7523679,3295,0,"[0, 1]"
754786,7523679,7517764,1,"[0, 1]"
754786,7523679,7643831,1,"[0, 1]"
754786,7523679,7477789,1,"[0, 1]"
754786,7523679,7406240,1,"[0, 1]"
754786,7523679,7098181,1,"[0, 1]"
754786,7523679,7608098,1,"[0, 1]"
754786,7523679,4753,0,"[0, 1]"
754786,7523679,7106567,1,"[0, 1]"
754786,7523679,664423,1,"[0, 1]"
754786,7523679,7114515,1,"[0, 1]"
754786,7523679,4368,0,"[0, 1]"
754786,7523679,7493198,1,"[0, 1]"
754786,7523679,1696361,1,"[0, 1]"
754786,7523679,7068203,1,"[0, 1]"
754786,7523679,7414432,1,"[0, 1]"
754786,7523679,7674638,1,"[0, 1]"
754786,7523679,7163703,1,"[0, 1]"
754786,7523679,7268941,1,"[0, 1]"
754786,7523679,7324982,1,"[0, 1]"
754786,7523679,7070556,1,"[0, 1]"
754786,7523679,7072003,1,"[0, 1]"
754786,7523679,1867101,1,"[0, 1]"
754786,7523679,7108284,1,"[0, 1]"
754786,7523679,7321859,1,"[0, 1]"
754786,7523679,7574843,1,"[0, 1]"
754786,7523679,7525934,1,"[0, 1]"
754786,7523679,7141337,1,"[0, 1]"
754786,7523679,7406716,1,"[0, 1]"
754786,7523679,7237580,1,"[0, 1]"
754786,7523679,7575861,1,"[0, 1]"
754786,7523679,7383919,1,"[0, 1]"
754786,7523679,767271,1,"[0, 1]"
754786,7523679,7611574,1,"[0, 1]"
754786,7523679,7253729,1,"[0, 1]"
754786,7523679,7627262,1,"[0, 1]"
754786,7523679,7134814,1,"[0, 1]"
754786,7523679,5492263,1,"[0, 1]"
754786,7523679,6227469,1,"[0, 1]"
754786,7523679,7153793,1,"[0, 1]"
754786,7523679,7668258,1,"[0, 1]"
754786,7523679,7099149,1,"[0, 1]"
754786,7523679,7236940,1,"[0, 1]"
754786,7523679,7244033,1,"[0, 1]"
754786,7523679,7204987,1,"[0, 1]"
754786,7523679,7542609,1,"[0, 1]"
754786,7523679,7416571,1,"[0, 1]"
754786,7523679,7149211,1,"[0, 1]"
754786,7523679,7183229,1,"[0, 1]"
754786,7523679,7437867,1,"[0, 1]"
754786,7523679,7609909,1,"[0, 1]"
443489,7523778,7523778,1,"[1, 0]"
443489,7523778,3601,0,"[1, 0]"
443489,7523778,1800,0,"[1, 0]"
443489,7523778,899,0,"[1, 0]"
443489,7523778,449,0,"[1, 0]"
443489,7523778,224,0,"[1, 0]"
443489,7523778,111,0,"[1, 0]"
443489,7523778,55,0,"[1, 0]"
443489,7523778,27,0,"[1, 0]"
443489,7523778,13,0,"[1, 0]"
443489,7523778,6,0,"[1, 0]"
443489,7523778,2,0,"[1, 0]"
443489,7523778,0,0,"[1, 0]"
443489,7523778,2,0,"[0, 1]"
443489,7523778,1,0,"[0, 1]"
443489,7523778,3,0,"[0, 1]"
443489,7523778,4,0,"[0, 1]"
443489,7523778,6,0,"[0, 1]"
443489,7523778,5,0,"[0, 1]"
443489,7523778,14,0,"[0, 1]"
443489,7523778,7,0,"[0, 1]"
443489,7523778,9,0,"[0, 1]"
443489,7523778,8,0,"[0, 1]"
443489,7523778,13,0,"[0, 1]"
443489,7523778,12,0,"[0, 1]"
443489,7523778,20,0,"[0, 1]"
443489,7523778,18,0,"[0, 1]"
443489,7523778,29,0,"[0, 1]"
443489,7523778,23,0,"[0, 1]"
443489,7523778,22,0,"[0, 1]"
443489,7523778,17,0,"[0, 1]"
443489,7523778,15,0,"[0, 1]"
443489,7523778,25,0,"[0, 1]"
443489,7523778,47,0,"[0, 1]"
443489,7523778,57,0,"[0, 1]"
443489,7523778,62,0,"[0, 1]"
443489,7523778,31,0,"[0, 1]"
443489,7523778,44,0,"[0, 1]"
443489,7523778,39,0,"[0, 1]"
443489,7523778,55,0,"[0, 1]"
443489,7523778,37,0,"[0, 1]"
443489,7523778,35,0,"[0, 1]"
443489,7523778,61,0,"[0, 1]"
443489,7523778,117,0,"[0, 1]"
443489,7523778,103,0,"[0, 1]"
443489,7523778,124,0,"[0, 1]"
443489,7523778,121,0,"[0, 1]"
443489,7523778,98,0,"[0, 1]"
443489,7523778,97,0,"[0, 1]"
443489,7523778,72,0,"[0, 1]"
443489,7523778,92,0,"[0, 1]"
443489,7523778,111,0,"[0, 1]"
443489,7523778,115,0,"[0, 1]"
443489,7523778,69,0,"[0, 1]"
443489,7523778,125,0,"[0, 1]"
443489,7523778,254,0,"[0, 1]"
443489,7523778,220,0,"[0, 1]"
443489,7523778,136,0,"[0, 1]"
443489,7523778,243,0,"[0, 1]"
443489,7523778,134,0,"[0, 1]"
443489,7523778,242,0,"[0, 1]"
443489,7523778,240,0,"[0, 1]"
443489,7523778,149,0,"[0, 1]"
443489,7523778,253,0,"[0, 1]"
443489,7523778,204,0,"[0, 1]"
443489,7523778,158,0,"[0, 1]"
443489,7523778,130,0,"[0, 1]"
443489,7523778,180,0,"[0, 1]"
443489,7523778,239,0,"[0, 1]"
443489,7523778,320,0,"[0, 1]"
443489,7523778,338,0,"[0, 1]"
443489,7523778,495,0,"[0, 1]"
443489,7523778,469,0,"[0, 1]"
443489,7523778,401,0,"[0, 1]"
443489,7523778,508,0,"[0, 1]"
443489,7523778,349,0,"[0, 1]"
443489,7523778,442,0,"[0, 1]"
443489,7523778,510,0,"[0, 1]"
443489,7523778,324,0,"[0, 1]"
443489,7523778,418,0,"[0, 1]"
443489,7523778,506,0,"[0, 1]"
443489,7523778,354,0,"[0, 1]"
443489,7523778,393,0,"[0, 1]"
443489,7523778,396,0,"[0, 1]"
443489,7523778,319,0,"[0, 1]"
443489,7523778,853,0,"[0, 1]"
443489,7523778,653,0,"[0, 1]"
443489,7523778,695,0,"[0, 1]"
443489,7523778,606,0,"[0, 1]"
443489,7523778,518,0,"[0, 1]"
443489,7523778,768,0,"[0, 1]"
443489,7523778,609,0,"[0, 1]"
443489,7523778,586,0,"[0, 1]"
443489,7523778,567,0,"[0, 1]"
443489,7523778,756,0,"[0, 1]"
443489,7523778,741,0,"[0, 1]"
443489,7523778,673,0,"[0, 1]"
443489,7523778,920,0,"[0, 1]"
443489,7523778,869,0,"[0, 1]"
443489,7523778,615,0,"[0, 1]"
443489,7523778,650,0,"[0, 1]"
443489,7523778,983,0,"[0, 1]"
443489,7523778,826,0,"[0, 1]"
443489,7523778,1582,0,"[0, 1]"
443489,7523778,1187,0,"[0, 1]"
443489,7523778,1774,0,"[0, 1]"
443489,7523778,1347,0,"[0, 1]"
443489,7523778,1512,0,"[0, 1]"
443489,7523778,1141,0,"[0, 1]"
443489,7523778,1107,0,"[0, 1]"
443489,7523778,1788,0,"[0, 1]"
443489,7523778,1791,0,"[0, 1]"
443489,7523778,1336,0,"[0, 1]"
443489,7523778,1403,0,"[0, 1]"
443489,7523778,1575,0,"[0, 1]"
443489,7523778,1937,0,"[0, 1]"
443489,7523778,1095,0,"[0, 1]"
443489,7523778,1113,0,"[0, 1]"
443489,7523778,1418,0,"[0, 1]"
443489,7523778,1754,0,"[0, 1]"
443489,7523778,1075,0,"[0, 1]"
443489,7523778,1626,0,"[0, 1]"
443489,7523778,1201,0,"[0, 1]"
443489,7523778,3232,0,"[0, 1]"
443489,7523778,2399,0,"[0, 1]"
443489,7523778,2181,0,"[0, 1]"
443489,7523778,3788,0,"[0, 1]"
443489,7523778,3439,0,"[0, 1]"
443489,7523778,3414,0,"[0, 1]"
443489,7523778,3128,0,"[0, 1]"
443489,7523778,3208,0,"[0, 1]"
443489,7523778,2428,0,"[0, 1]"
443489,7523778,3671,0,"[0, 1]"
443489,7523778,2295,0,"[0, 1]"
443489,7523778,2228,0,"[0, 1]"
443489,7523778,2449,0,"[0, 1]"
443489,7523778,3888,0,"[0, 1]"
443489,7523778,3225,0,"[0, 1]"
443489,7523778,2380,0,"[0, 1]"
443489,7523778,3273,0,"[0, 1]"
443489,7523778,2912,0,"[0, 1]"
443489,7523778,3191,0,"[0, 1]"
443489,7523778,3618,0,"[0, 1]"
443489,7523778,3409,0,"[0, 1]"
443489,7523778,4017,0,"[0, 1]"
443489,7523778,7233137,1,"[0, 1]"
443489,7523778,7266832,1,"[0, 1]"
443489,7523778,7172572,1,"[0, 1]"
443489,7523778,7391872,1,"[0, 1]"
443489,7523778,7540058,1,"[0, 1]"
443489,7523778,7476956,1,"[0, 1]"
443489,7523778,7401332,1,"[0, 1]"
443489,7523778,3358283,1,"[0, 1]"
443489,7523778,4815,0,"[0, 1]"
443489,7523778,7423256,1,"[0, 1]"
443489,7523778,4434,0,"[0, 1]"
443489,7523778,4439,0,"[0, 1]"
443489,7523778,7556469,1,"[0, 1]"
443489,7523778,7282339,1,"[0, 1]"
443489,7523778,7667009,1,"[0, 1]"
443489,7523778,2438646,1,"[0, 1]"
443489,7523778,7612308,1,"[0, 1]"
443489,7523778,7203839,1,"[0, 1]"
443489,7523778,2158849,1,"[0, 1]"
443489,7523778,7617343,1,"[0, 1]"
443489,7523778,7138475,1,"[0, 1]"
443489,7523778,7460067,1,"[0, 1]"
443489,7523778,7289154,1,"[0, 1]"
443489,7523778,7550591,1,"[0, 1]"
637576,7523816,7523816,1,"[1, 0]"
637576,7523816,3249,0,"[1, 0]"
637576,7523816,1624,0,"[1, 0]"
637576,7523816,811,0,"[1, 0]"
637576,7523816,405,0,"[1, 0]"
637576,7523816,202,0,"[1, 0]"
637576,7523816,100,0,"[1, 0]"
637576,7523816,49,0,"[1, 0]"
637576,7523816,24,0,"[1, 0]"
637576,7523816,11,0,"[1, 0]"
637576,7523816,5,0,"[1, 0]"
637576,7523816,2,0,"[1, 0]"
637576,7523816,0,0,"[1, 0]"
637576,7523816,2,0,"[0, 1]"
637576,7523816,1,0,"[0, 1]"
637576,7523816,4,0,"[0, 1]"
637576,7523816,6,0,"[0, 1]"
637576,7523816,3,0,"[0, 1]"
637576,7523816,5,0,"[0, 1]"
637576,7523816,9,0,"[0, 1]"
637576,7523816,7,0,"[0, 1]"
637576,7523816,14,0,"[0, 1]"
637576,7523816,11,0,"[0, 1]"
637576,7523816,8,0,"[0, 1]"
637576,7523816,12,0,"[0, 1]"
637576,7523816,26,0,"[0, 1]"
637576,7523816,23,0,"[0, 1]"
637576,7523816,20,0,"[0, 1]"
637576,7523816,24,0,"[0, 1]"
637576,7523816,30,0,"[0, 1]"
637576,7523816,18,0,"[0, 1]"
637576,7523816,27,0,"[0, 1]"
637576,7523816,15,0,"[0, 1]"
637576,7523816,45,0,"[0, 1]"
637576,7523816,35,0,"[0, 1]"
637576,7523816,34,0,"[0, 1]"
637576,7523816,38,0,"[0, 1]"
637576,7523816,33,0,"[0, 1]"
637576,7523816,42,0,"[0, 1]"
637576,7523816,55,0,"[0, 1]"
637576,7523816,56,0,"[0, 1]"
637576,7523816,40,0,"[0, 1]"
637576,7523816,39,0,"[0, 1]"
637576,7523816,96,0,"[0, 1]"
637576,7523816,110,0,"[0, 1]"
637576,7523816,75,0,"[0, 1]"
637576,7523816,121,0,"[0, 1]"
637576,7523816,82,0,"[0, 1]"
637576,7523816,78,0,"[0, 1]"
637576,7523816,119,0,"[0, 1]"
637576,7523816,84,0,"[0, 1]"
637576,7523816,86,0,"[0, 1]"
637576,7523816,79,0,"[0, 1]"
637576,7523816,101,0,"[0, 1]"
637576,7523816,94,0,"[0, 1]"
637576,7523816,150,0,"[0, 1]"
637576,7523816,235,0,"[0, 1]"
637576,7523816,184,0,"[0, 1]"
637576,7523816,246,0,"[0, 1]"
637576,7523816,164,0,"[0, 1]"
637576,7523816,143,0,"[0, 1]"
637576,7523816,171,0,"[0, 1]"
637576,7523816,168,0,"[0, 1]"
637576,7523816,234,0,"[0, 1]"
637576,7523816,127,0,"[0, 1]"
637576,7523816,148,0,"[0, 1]"
637576,7523816,253,0,"[0, 1]"
637576,7523816,186,0,"[0, 1]"
637576,7523816,222,0,"[0, 1]"
637576,7523816,486,0,"[0, 1]"
637576,7523816,353,0,"[0, 1]"
637576,7523816,395,0,"[0, 1]"
637576,7523816,350,0,"[0, 1]"
637576,7523816,387,0,"[0, 1]"
637576,7523816,509,0,"[0, 1]"
637576,7523816,428,0,"[0, 1]"
637576,7523816,304,0,"[0, 1]"
637576,7523816,460,0,"[0, 1]"
637576,7523816,381,0,"[0, 1]"
637576,7523816,415,0,"[0, 1]"
637576,7523816,426,0,"[0, 1]"
637576,7523816,313,0,"[0, 1]"
637576,7523816,379,0,"[0, 1]"
637576,7523816,388,0,"[0, 1]"
637576,7523816,463,0,"[0, 1]"
637576,7523816,762,0,"[0, 1]"
637576,7523816,986,0,"[0, 1]"
637576,7523816,685,0,"[0, 1]"
637576,7523816,741,0,"[0, 1]"
637576,7523816,796,0,"[0, 1]"
637576,7523816,767,0,"[0, 1]"
637576,7523816,872,0,"[0, 1]"
637576,7523816,632,0,"[0, 1]"
637576,7523816,521,0,"[0, 1]"
637576,7523816,850,0,"[0, 1]"
637576,7523816,887,0,"[0, 1]"
637576,7523816,837,0,"[0, 1]"
637576,7523816,601,0,"[0, 1]"
637576,7523816,965,0,"[0, 1]"
637576,7523816,928,0,"[0, 1]"
637576,7523816,818,0,"[0, 1]"
637576,7523816,721,0,"[0, 1]"
637576,7523816,706,0,"[0, 1]"
637576,7523816,1023,0,"[0, 1]"
637576,7523816,1373,0,"[0, 1]"
637576,7523816,1314,0,"[0, 1]"
637576,7523816,1803,0,"[0, 1]"
637576,7523816,1901,0,"[0, 1]"
637576,7523816,1846,0,"[0, 1]"
637576,7523816,1548,0,"[0, 1]"
637576,7523816,2036,0,"[0, 1]"
637576,7523816,1439,0,"[0, 1]"
637576,7523816,2033,0,"[0, 1]"
637576,7523816,1784,0,"[0, 1]"
637576,7523816,1896,0,"[0, 1]"
637576,7523816,1822,0,"[0, 1]"
637576,7523816,1274,0,"[0, 1]"
637576,7523816,1593,0,"[0, 1]"
637576,7523816,2043,0,"[0, 1]"
637576,7523816,1825,0,"[0, 1]"
637576,7523816,1627,0,"[0, 1]"
637576,7523816,1228,0,"[0, 1]"
637576,7523816,1352,0,"[0, 1]"
637576,7523816,3940,0,"[0, 1]"
637576,7523816,3400,0,"[0, 1]"
637576,7523816,3079,0,"[0, 1]"
637576,7523816,3013,0,"[0, 1]"
637576,7523816,2507,0,"[0, 1]"
637576,7523816,4032,0,"[0, 1]"
637576,7523816,2850,0,"[0, 1]"
637576,7523816,3099,0,"[0, 1]"
637576,7523816,3528,0,"[0, 1]"
637576,7523816,2146,0,"[0, 1]"
637576,7523816,2315,0,"[0, 1]"
637576,7523816,3416,0,"[0, 1]"
637576,7523816,2866,0,"[0, 1]"
637576,7523816,2398,0,"[0, 1]"
637576,7523816,2817,0,"[0, 1]"
637576,7523816,3631,0,"[0, 1]"
637576,7523816,3894,0,"[0, 1]"
637576,7523816,2530,0,"[0, 1]"
637576,7523816,3562,0,"[0, 1]"
637576,7523816,2268,0,"[0, 1]"
637576,7523816,2652,0,"[0, 1]"
637576,7523816,2892,0,"[0, 1]"
637576,7523816,7199090,1,"[0, 1]"
637576,7523816,7565509,1,"[0, 1]"
637576,7523816,7028429,1,"[0, 1]"
637576,7523816,7403079,1,"[0, 1]"
637576,7523816,7647986,1,"[0, 1]"
637576,7523816,4601,0,"[0, 1]"
637576,7523816,7229846,1,"[0, 1]"
637576,7523816,4224737,1,"[0, 1]"
637576,7523816,7505572,1,"[0, 1]"
637576,7523816,7327127,1,"[0, 1]"
637576,7523816,7463161,1,"[0, 1]"
637576,7523816,4698,0,"[0, 1]"
637576,7523816,7283560,1,"[0, 1]"
637576,7523816,7553527,1,"[0, 1]"
637576,7523816,7358322,1,"[0, 1]"
637576,7523816,7430864,1,"[0, 1]"
637576,7523816,7111499,1,"[0, 1]"
637576,7523816,3746070,1,"[0, 1]"
637576,7523816,7222808,1,"[0, 1]"
637576,7523816,7343233,1,"[0, 1]"
637576,7523816,7581991,1,"[0, 1]"
637576,7523816,7174634,1,"[0, 1]"
637576,7523816,7124113,1,"[0, 1]"
637576,7523816,7519332,1,"[0, 1]"
249821,6006595,6006595,1,"[1, 0]"
249821,6006595,3032,0,"[1, 0]"
249821,6006595,1515,0,"[1, 0]"
249821,6006595,757,0,"[1, 0]"
249821,6006595,378,0,"[1, 0]"
249821,6006595,188,0,"[1, 0]"
249821,6006595,93,0,"[1, 0]"
249821,6006595,46,0,"[1, 0]"
249821,6006595,22,0,"[1, 0]"
249821,6006595,10,0,"[1, 0]"
249821,6006595,4,0,"[1, 0]"
249821,6006595,1,0,"[1, 0]"
249821,6006595,0,0,"[1, 0]"
249821,6006595,1,0,"[0, 1]"
249821,6006595,2,0,"[0, 1]"
249821,6006595,3,0,"[0, 1]"
249821,6006595,6,0,"[0, 1]"
249821,6006595,4,0,"[0, 1]"
249821,6006595,5,0,"[0, 1]"
249821,6006595,13,0,"[0, 1]"
249821,6006595,8,0,"[0, 1]"
249821,6006595,14,0,"[0, 1]"
249821,6006595,10,0,"[0, 1]"
249821,6006595,7,0,"[0, 1]"
249821,6006595,11,0,"[0, 1]"
249821,6006595,30,0,"[0, 1]"
249821,6006595,19,0,"[0, 1]"
249821,6006595,26,0,"[0, 1]"
249821,6006595,27,0,"[0, 1]"
249821,6006595,29,0,"[0, 1]"
249821,6006595,25,0,"[0, 1]"
249821,6006595,23,0,"[0, 1]"
249821,6006595,15,0,"[0, 1]"
249821,6006595,52,0,"[0, 1]"
249821,6006595,33,0,"[0, 1]"
249821,6006595,49,0,"[0, 1]"
249821,6006595,55,0,"[0, 1]"
249821,6006595,61,0,"[0, 1]"
249821,6006595,53,0,"[0, 1]"
249821,6006595,41,0,"[0, 1]"
249821,6006595,34,0,"[0, 1]"
249821,6006595,32,0,"[0, 1]"
249821,6006595,60,0,"[0, 1]"
249821,6006595,91,0,"[0, 1]"
249821,6006595,71,0,"[0, 1]"
249821,6006595,94,0,"[0, 1]"
249821,6006595,125,0,"[0, 1]"
249821,6006595,93,0,"[0, 1]"
249821,6006595,124,0,"[0, 1]"
249821,6006595,63,0,"[0, 1]"
249821,6006595,103,0,"[0, 1]"
249821,6006595,105,0,"[0, 1]"
249821,6006595,64,0,"[0, 1]"
249821,6006595,121,0,"[0, 1]"
249821,6006595,102,0,"[0, 1]"
249821,6006595,144,0,"[0, 1]"
249821,6006595,184,0,"[0, 1]"
249821,6006595,141,0,"[0, 1]"
249821,6006595,177,0,"[0, 1]"
249821,6006595,182,0,"[0, 1]"
249821,6006595,250,0,"[0, 1]"
249821,6006595,230,0,"[0, 1]"
249821,6006595,210,0,"[0, 1]"
249821,6006595,171,0,"[0, 1]"
249821,6006595,166,0,"[0, 1]"
249821,6006595,226,0,"[0, 1]"
249821,6006595,190,0,"[0, 1]"
249821,6006595,180,0,"[0, 1]"
249821,6006595,244,0,"[0, 1]"
249821,6006595,395,0,"[0, 1]"
249821,6006595,256,0,"[0, 1]"
249821,6006595,427,0,"[0, 1]"
249821,6006595,361,0,"[0, 1]"
249821,6006595,419,0,"[0, 1]"
249821,6006595,290,0,"[0, 1]"
249821,6006595,377,0,"[0, 1]"
249821,6006595,409,0,"[0, 1]"
249821,6006595,501,0,"[0, 1]"
249821,6006595,370,0,"[0, 1]"
249821,6006595,363,0,"[0, 1]"
249821,6006595,354,0,"[0, 1]"
249821,6006595,374,0,"[0, 1]"
249821,6006595,331,0,"[0, 1]"
249821,6006595,440,0,"[0, 1]"
249821,6006595,403,0,"[0, 1]"
249821,6006595,861,0,"[0, 1]"
249821,6006595,605,0,"[0, 1]"
249821,6006595,759,0,"[0, 1]"
249821,6006595,814,0,"[0, 1]"
249821,6006595,1002,0,"[0, 1]"
249821,6006595,930,0,"[0, 1]"
249821,6006595,738,0,"[0, 1]"
249821,6006595,746,0,"[0, 1]"
249821,6006595,692,0,"[0, 1]"
249821,6006595,1007,0,"[0, 1]"
249821,6006595,932,0,"[0, 1]"
249821,6006595,514,0,"[0, 1]"
249821,6006595,979,0,"[0, 1]"
249821,6006595,742,0,"[0, 1]"
249821,6006595,591,0,"[0, 1]"
249821,6006595,878,0,"[0, 1]"
249821,6006595,564,0,"[0, 1]"
249821,6006595,546,0,"[0, 1]"
249821,6006595,1863,0,"[0, 1]"
249821,6006595,1915,0,"[0, 1]"
249821,6006595,1123,0,"[0, 1]"
249821,6006595,1818,0,"[0, 1]"
249821,6006595,1448,0,"[0, 1]"
249821,6006595,1836,0,"[0, 1]"
249821,6006595,1822,0,"[0, 1]"
249821,6006595,1233,0,"[0, 1]"
249821,6006595,1528,0,"[0, 1]"
249821,6006595,1470,0,"[0, 1]"
249821,6006595,1348,0,"[0, 1]"
249821,6006595,1537,0,"[0, 1]"
249821,6006595,1816,0,"[0, 1]"
249821,6006595,1335,0,"[0, 1]"
249821,6006595,1628,0,"[0, 1]"
249821,6006595,1417,0,"[0, 1]"
249821,6006595,1527,0,"[0, 1]"
249821,6006595,1732,0,"[0, 1]"
249821,6006595,1285,0,"[0, 1]"
249821,6006595,1636,0,"[0, 1]"
249821,6006595,3170,0,"[0, 1]"
249821,6006595,2466,0,"[0, 1]"
249821,6006595,2256,0,"[0, 1]"
249821,6006595,3329,0,"[0, 1]"
249821,6006595,3729,0,"[0, 1]"
249821,6006595,3038,0,"[0, 1]"
249821,6006595,3866,0,"[0, 1]"
249821,6006595,2874,0,"[0, 1]"
249821,6006595,3010,0,"[0, 1]"
249821,6006595,3664,0,"[0, 1]"
249821,6006595,3103,0,"[0, 1]"
249821,6006595,3821,0,"[0, 1]"
249821,6006595,2078,0,"[0, 1]"
249821,6006595,3022,0,"[0, 1]"
249821,6006595,3459,0,"[0, 1]"
249821,6006595,3608,0,"[0, 1]"
249821,6006595,2757,0,"[0, 1]"
249821,6006595,2518,0,"[0, 1]"
249821,6006595,3314,0,"[0, 1]"
249821,6006595,2702,0,"[0, 1]"
249821,6006595,3652,0,"[0, 1]"
249821,6006595,3658,0,"[0, 1]"
249821,6006595,7528212,1,"[0, 1]"
249821,6006595,4724,0,"[0, 1]"
249821,6006595,4937,0,"[0, 1]"
249821,6006595,7638892,1,"[0, 1]"
249821,6006595,7111499,1,"[0, 1]"
249821,6006595,7252452,1,"[0, 1]"
249821,6006595,7528851,1,"[0, 1]"
249821,6006595,4728,0,"[0, 1]"
249821,6006595,2294786,1,"[0, 1]"
249821,6006595,7408658,1,"[0, 1]"
249821,6006595,7275128,1,"[0, 1]"
249821,6006595,7575592,1,"[0, 1]"
249821,6006595,7319497,1,"[0, 1]"
249821,6006595,7295281,1,"[0, 1]"
249821,6006595,7219200,1,"[0, 1]"
249821,6006595,7123743,1,"[0, 1]"
249821,6006595,7172696,1,"[0, 1]"
249821,6006595,7231966,1,"[0, 1]"
249821,6006595,4512,0,"[0, 1]"
249821,6006595,4282,0,"[0, 1]"
249821,6006595,7162357,1,"[0, 1]"
249821,6006595,2177965,1,"[0, 1]"
249821,6006595,7593612,1,"[0, 1]"
249821,6006595,7315472,1,"[0, 1]"
1096211,7523960,7523960,1,"[1, 0]"
1096211,7523960,2818,0,"[1, 0]"
1096211,7523960,1408,0,"[1, 0]"
1096211,7523960,703,0,"[1, 0]"
1096211,7523960,351,0,"[1, 0]"
1096211,7523960,175,0,"[1, 0]"
1096211,7523960,87,0,"[1, 0]"
1096211,7523960,43,0,"[1, 0]"
1096211,7523960,21,0,"[1, 0]"
1096211,7523960,10,0,"[1, 0]"
1096211,7523960,4,0,"[1, 0]"
1096211,7523960,1,0,"[1, 0]"
1096211,7523960,0,0,"[1, 0]"
1096211,7523960,2,0,"[0, 1]"
1096211,7523960,1,0,"[0, 1]"
1096211,7523960,5,0,"[0, 1]"
1096211,7523960,6,0,"[0, 1]"
1096211,7523960,4,0,"[0, 1]"
1096211,7523960,3,0,"[0, 1]"
1096211,7523960,9,0,"[0, 1]"
1096211,7523960,11,0,"[0, 1]"
1096211,7523960,7,0,"[0, 1]"
1096211,7523960,10,0,"[0, 1]"
1096211,7523960,8,0,"[0, 1]"
1096211,7523960,12,0,"[0, 1]"
1096211,7523960,22,0,"[0, 1]"
1096211,7523960,26,0,"[0, 1]"
1096211,7523960,29,0,"[0, 1]"
1096211,7523960,27,0,"[0, 1]"
1096211,7523960,23,0,"[0, 1]"
1096211,7523960,19,0,"[0, 1]"
1096211,7523960,25,0,"[0, 1]"
1096211,7523960,28,0,"[0, 1]"
1096211,7523960,55,0,"[0, 1]"
1096211,7523960,59,0,"[0, 1]"
1096211,7523960,54,0,"[0, 1]"
1096211,7523960,46,0,"[0, 1]"
1096211,7523960,38,0,"[0, 1]"
1096211,7523960,35,0,"[0, 1]"
1096211,7523960,52,0,"[0, 1]"
1096211,7523960,62,0,"[0, 1]"
1096211,7523960,48,0,"[0, 1]"
1096211,7523960,32,0,"[0, 1]"
1096211,7523960,94,0,"[0, 1]"
1096211,7523960,65,0,"[0, 1]"
1096211,7523960,81,0,"[0, 1]"
1096211,7523960,114,0,"[0, 1]"
1096211,7523960,95,0,"[0, 1]"
1096211,7523960,98,0,"[0, 1]"
1096211,7523960,64,0,"[0, 1]"
1096211,7523960,122,0,"[0, 1]"
1096211,7523960,88,0,"[0, 1]"
1096211,7523960,73,0,"[0, 1]"
1096211,7523960,113,0,"[0, 1]"
1096211,7523960,100,0,"[0, 1]"
1096211,7523960,165,0,"[0, 1]"
1096211,7523960,190,0,"[0, 1]"
1096211,7523960,163,0,"[0, 1]"
1096211,7523960,171,0,"[0, 1]"
1096211,7523960,136,0,"[0, 1]"
1096211,7523960,209,0,"[0, 1]"
1096211,7523960,173,0,"[0, 1]"
1096211,7523960,204,0,"[0, 1]"
1096211,7523960,213,0,"[0, 1]"
1096211,7523960,223,0,"[0, 1]"
1096211,7523960,206,0,"[0, 1]"
1096211,7523960,128,0,"[0, 1]"
1096211,7523960,246,0,"[0, 1]"
1096211,7523960,146,0,"[0, 1]"
1096211,7523960,338,0,"[0, 1]"
1096211,7523960,331,0,"[0, 1]"
1096211,7523960,485,0,"[0, 1]"
1096211,7523960,384,0,"[0, 1]"
1096211,7523960,382,0,"[0, 1]"
1096211,7523960,289,0,"[0, 1]"
1096211,7523960,467,0,"[0, 1]"
1096211,7523960,426,0,"[0, 1]"
1096211,7523960,492,0,"[0, 1]"
1096211,7523960,470,0,"[0, 1]"
1096211,7523960,405,0,"[0, 1]"
1096211,7523960,267,0,"[0, 1]"
1096211,7523960,368,0,"[0, 1]"
1096211,7523960,419,0,"[0, 1]"
1096211,7523960,496,0,"[0, 1]"
1096211,7523960,350,0,"[0, 1]"
1096211,7523960,764,0,"[0, 1]"
1096211,7523960,746,0,"[0, 1]"
1096211,7523960,772,0,"[0, 1]"
1096211,7523960,894,0,"[0, 1]"
1096211,7523960,613,0,"[0, 1]"
1096211,7523960,833,0,"[0, 1]"
1096211,7523960,617,0,"[0, 1]"
1096211,7523960,561,0,"[0, 1]"
1096211,7523960,702,0,"[0, 1]"
1096211,7523960,708,0,"[0, 1]"
1096211,7523960,935,0,"[0, 1]"
1096211,7523960,641,0,"[0, 1]"
1096211,7523960,718,0,"[0, 1]"
1096211,7523960,831,0,"[0, 1]"
1096211,7523960,930,0,"[0, 1]"
1096211,7523960,546,0,"[0, 1]"
1096211,7523960,968,0,"[0, 1]"
1096211,7523960,828,0,"[0, 1]"
1096211,7523960,1483,0,"[0, 1]"
1096211,7523960,1134,0,"[0, 1]"
1096211,7523960,1380,0,"[0, 1]"
1096211,7523960,1330,0,"[0, 1]"
1096211,7523960,1107,0,"[0, 1]"
1096211,7523960,1334,0,"[0, 1]"
1096211,7523960,1643,0,"[0, 1]"
1096211,7523960,1595,0,"[0, 1]"
1096211,7523960,1236,0,"[0, 1]"
1096211,7523960,1040,0,"[0, 1]"
1096211,7523960,1077,0,"[0, 1]"
1096211,7523960,1954,0,"[0, 1]"
1096211,7523960,2005,0,"[0, 1]"
1096211,7523960,2019,0,"[0, 1]"
1096211,7523960,1978,0,"[0, 1]"
1096211,7523960,1973,0,"[0, 1]"
1096211,7523960,1418,0,"[0, 1]"
1096211,7523960,1673,0,"[0, 1]"
1096211,7523960,1164,0,"[0, 1]"
1096211,7523960,1747,0,"[0, 1]"
1096211,7523960,2628,0,"[0, 1]"
1096211,7523960,2891,0,"[0, 1]"
1096211,7523960,2755,0,"[0, 1]"
1096211,7523960,2352,0,"[0, 1]"
1096211,7523960,3807,0,"[0, 1]"
1096211,7523960,2256,0,"[0, 1]"
1096211,7523960,2048,0,"[0, 1]"
1096211,7523960,3433,0,"[0, 1]"
1096211,7523960,2252,0,"[0, 1]"
1096211,7523960,3859,0,"[0, 1]"
1096211,7523960,3916,0,"[0, 1]"
1096211,7523960,2724,0,"[0, 1]"
1096211,7523960,2742,0,"[0, 1]"
1096211,7523960,3722,0,"[0, 1]"
1096211,7523960,2063,0,"[0, 1]"
1096211,7523960,2224,0,"[0, 1]"
1096211,7523960,3458,0,"[0, 1]"
1096211,7523960,3027,0,"[0, 1]"
1096211,7523960,3883,0,"[0, 1]"
1096211,7523960,3562,0,"[0, 1]"
1096211,7523960,3372,0,"[0, 1]"
1096211,7523960,2438,0,"[0, 1]"
1096211,7523960,7504350,1,"[0, 1]"
1096211,7523960,7669618,1,"[0, 1]"
1096211,7523960,7571100,1,"[0, 1]"
1096211,7523960,7377307,1,"[0, 1]"
1096211,7523960,7241551,1,"[0, 1]"
1096211,7523960,7511875,1,"[0, 1]"
1096211,7523960,7598745,1,"[0, 1]"
1096211,7523960,7489189,1,"[0, 1]"
1096211,7523960,7489438,1,"[0, 1]"
1096211,7523960,7123743,1,"[0, 1]"
1096211,7523960,7276263,1,"[0, 1]"
1096211,7523960,7291937,1,"[0, 1]"
1096211,7523960,4240,0,"[0, 1]"
1096211,7523960,7570218,1,"[0, 1]"
1096211,7523960,7558093,1,"[0, 1]"
1096211,7523960,7093109,1,"[0, 1]"
1096211,7523960,4983,0,"[0, 1]"
1096211,7523960,4336,0,"[0, 1]"
1096211,7523960,7072160,1,"[0, 1]"
1096211,7523960,7377277,1,"[0, 1]"
1096211,7523960,7219457,1,"[0, 1]"
1096211,7523960,7319322,1,"[0, 1]"
1096211,7523960,4781,0,"[0, 1]"
1096211,7523960,7087695,1,"[0, 1]"
506438,7524000,7524000,1,"[1, 0]"
506438,7524000,4972,0,"[1, 0]"
506438,7524000,4035,0,"[1, 0]"
506438,7524000,2017,0,"[1, 0]"
506438,7524000,1008,0,"[1, 0]"
506438,7524000,503,0,"[1, 0]"
506438,7524000,251,0,"[1, 0]"
506438,7524000,125,0,"[1, 0]"
506438,7524000,62,0,"[1, 0]"
506438,7524000,30,0,"[1, 0]"
506438,7524000,14,0,"[1, 0]"
506438,7524000,6,0,"[1, 0]"
506438,7524000,2,0,"[1, 0]"
506438,7524000,0,0,"[1, 0]"
506438,7524000,1,0,"[0, 1]"
506438,7524000,2,0,"[0, 1]"
506438,7524000,6,0,"[0, 1]"
506438,7524000,4,0,"[0, 1]"
506438,7524000,3,0,"[0, 1]"
506438,7524000,5,0,"[0, 1]"
506438,7524000,10,0,"[0, 1]"
506438,7524000,11,0,"[0, 1]"
506438,7524000,12,0,"[0, 1]"
506438,7524000,8,0,"[0, 1]"
506438,7524000,14,0,"[0, 1]"
506438,7524000,7,0,"[0, 1]"
506438,7524000,25,0,"[0, 1]"
506438,7524000,26,0,"[0, 1]"
506438,7524000,18,0,"[0, 1]"
506438,7524000,17,0,"[0, 1]"
506438,7524000,15,0,"[0, 1]"
506438,7524000,19,0,"[0, 1]"
506438,7524000,23,0,"[0, 1]"
506438,7524000,20,0,"[0, 1]"
506438,7524000,47,0,"[0, 1]"
506438,7524000,39,0,"[0, 1]"
506438,7524000,52,0,"[0, 1]"
506438,7524000,58,0,"[0, 1]"
506438,7524000,46,0,"[0, 1]"
506438,7524000,45,0,"[0, 1]"
506438,7524000,61,0,"[0, 1]"
506438,7524000,59,0,"[0, 1]"
506438,7524000,49,0,"[0, 1]"
506438,7524000,55,0,"[0, 1]"
506438,7524000,88,0,"[0, 1]"
506438,7524000,81,0,"[0, 1]"
506438,7524000,104,0,"[0, 1]"
506438,7524000,69,0,"[0, 1]"
506438,7524000,121,0,"[0, 1]"
506438,7524000,122,0,"[0, 1]"
506438,7524000,68,0,"[0, 1]"
506438,7524000,86,0,"[0, 1]"
506438,7524000,115,0,"[0, 1]"
506438,7524000,70,0,"[0, 1]"
506438,7524000,72,0,"[0, 1]"
506438,7524000,107,0,"[0, 1]"
506438,7524000,128,0,"[0, 1]"
506438,7524000,215,0,"[0, 1]"
506438,7524000,238,0,"[0, 1]"
506438,7524000,227,0,"[0, 1]"
506438,7524000,208,0,"[0, 1]"
506438,7524000,185,0,"[0, 1]"
506438,7524000,166,0,"[0, 1]"
506438,7524000,195,0,"[0, 1]"
506438,7524000,202,0,"[0, 1]"
506438,7524000,148,0,"[0, 1]"
506438,7524000,138,0,"[0, 1]"
506438,7524000,244,0,"[0, 1]"
506438,7524000,158,0,"[0, 1]"
506438,7524000,248,0,"[0, 1]"
506438,7524000,351,0,"[0, 1]"
506438,7524000,389,0,"[0, 1]"
506438,7524000,491,0,"[0, 1]"
506438,7524000,347,0,"[0, 1]"
506438,7524000,467,0,"[0, 1]"
506438,7524000,460,0,"[0, 1]"
506438,7524000,297,0,"[0, 1]"
506438,7524000,332,0,"[0, 1]"
506438,7524000,310,0,"[0, 1]"
506438,7524000,489,0,"[0, 1]"
506438,7524000,482,0,"[0, 1]"
506438,7524000,500,0,"[0, 1]"
506438,7524000,470,0,"[0, 1]"
506438,7524000,450,0,"[0, 1]"
506438,7524000,378,0,"[0, 1]"
506438,7524000,385,0,"[0, 1]"
506438,7524000,1010,0,"[0, 1]"
506438,7524000,599,0,"[0, 1]"
506438,7524000,594,0,"[0, 1]"
506438,7524000,950,0,"[0, 1]"
506438,7524000,760,0,"[0, 1]"
506438,7524000,614,0,"[0, 1]"
506438,7524000,858,0,"[0, 1]"
506438,7524000,647,0,"[0, 1]"
506438,7524000,579,0,"[0, 1]"
506438,7524000,914,0,"[0, 1]"
506438,7524000,691,0,"[0, 1]"
506438,7524000,572,0,"[0, 1]"
506438,7524000,781,0,"[0, 1]"
506438,7524000,610,0,"[0, 1]"
506438,7524000,796,0,"[0, 1]"
506438,7524000,541,0,"[0, 1]"
506438,7524000,935,0,"[0, 1]"
506438,7524000,632,0,"[0, 1]"
506438,7524000,2011,0,"[0, 1]"
506438,7524000,1510,0,"[0, 1]"
506438,7524000,1507,0,"[0, 1]"
506438,7524000,1036,0,"[0, 1]"
506438,7524000,1666,0,"[0, 1]"
506438,7524000,1033,0,"[0, 1]"
506438,7524000,1426,0,"[0, 1]"
506438,7524000,1082,0,"[0, 1]"
506438,7524000,1095,0,"[0, 1]"
506438,7524000,1370,0,"[0, 1]"
506438,7524000,1514,0,"[0, 1]"
506438,7524000,1970,0,"[0, 1]"
506438,7524000,1972,0,"[0, 1]"
506438,7524000,1551,0,"[0, 1]"
506438,7524000,1696,0,"[0, 1]"
506438,7524000,1776,0,"[0, 1]"
506438,7524000,1065,0,"[0, 1]"
506438,7524000,1115,0,"[0, 1]"
506438,7524000,2030,0,"[0, 1]"
506438,7524000,1650,0,"[0, 1]"
506438,7524000,2453,0,"[0, 1]"
506438,7524000,3668,0,"[0, 1]"
506438,7524000,3516,0,"[0, 1]"
506438,7524000,2302,0,"[0, 1]"
506438,7524000,3832,0,"[0, 1]"
506438,7524000,2523,0,"[0, 1]"
506438,7524000,3108,0,"[0, 1]"
506438,7524000,3266,0,"[0, 1]"
506438,7524000,3887,0,"[0, 1]"
506438,7524000,3453,0,"[0, 1]"
506438,7524000,2189,0,"[0, 1]"
506438,7524000,3590,0,"[0, 1]"
506438,7524000,3461,0,"[0, 1]"
506438,7524000,3282,0,"[0, 1]"
506438,7524000,3999,0,"[0, 1]"
506438,7524000,2489,0,"[0, 1]"
506438,7524000,3497,0,"[0, 1]"
506438,7524000,2888,0,"[0, 1]"
506438,7524000,2538,0,"[0, 1]"
506438,7524000,2201,0,"[0, 1]"
506438,7524000,4053,0,"[0, 1]"
506438,7524000,2424,0,"[0, 1]"
506438,7524000,770222,1,"[0, 1]"
506438,7524000,7625523,1,"[0, 1]"
506438,7524000,4514,0,"[0, 1]"
506438,7524000,7553263,1,"[0, 1]"
506438,7524000,7588406,1,"[0, 1]"
506438,7524000,4215483,1,"[0, 1]"
506438,7524000,7126557,1,"[0, 1]"
506438,7524000,7296936,1,"[0, 1]"
506438,7524000,7424071,1,"[0, 1]"
506438,7524000,7380037,1,"[0, 1]"
506438,7524000,7541334,1,"[0, 1]"
506438,7524000,7434035,1,"[0, 1]"
506438,7524000,4657,0,"[0, 1]"
506438,7524000,7331507,1,"[0, 1]"
506438,7524000,7360038,1,"[0, 1]"
506438,7524000,7140692,1,"[0, 1]"
506438,7524000,7072358,1,"[0, 1]"
506438,7524000,7431837,1,"[0, 1]"
506438,7524000,2059913,1,"[0, 1]"
506438,7524000,4585,0,"[0, 1]"
506438,7524000,7344571,1,"[0, 1]"
506438,7524000,4871,0,"[0, 1]"
506438,7524000,3041918,1,"[0, 1]"
506438,7524000,493988,1,"[0, 1]"
506438,7524000,822108,1,"[0, 1]"
506438,7524000,7386797,1,"[0, 1]"
506438,7524000,7364238,1,"[0, 1]"
506438,7524000,7596038,1,"[0, 1]"
506438,7524000,7480666,1,"[0, 1]"
506438,7524000,7297061,1,"[0, 1]"
506438,7524000,2554035,1,"[0, 1]"
506438,7524000,7426898,1,"[0, 1]"
506438,7524000,7407113,1,"[0, 1]"
506438,7524000,7359258,1,"[0, 1]"
506438,7524000,7154587,1,"[0, 1]"
506438,7524000,7186042,1,"[0, 1]"
506438,7524000,7152478,1,"[0, 1]"
506438,7524000,7262575,1,"[0, 1]"
506438,7524000,1254095,1,"[0, 1]"
506438,7524000,7433093,1,"[0, 1]"
506438,7524000,542028,1,"[0, 1]"
506438,7524000,7619495,1,"[0, 1]"
506438,7524000,313880,1,"[0, 1]"
506438,7524000,7580864,1,"[0, 1]"
506438,7524000,7472824,1,"[0, 1]"
506438,7524000,7470616,1,"[0, 1]"
506438,7524000,7346601,1,"[0, 1]"
506438,7524000,7627245,1,"[0, 1]"
506438,7524000,7247530,1,"[0, 1]"
506438,7524000,5273629,1,"[0, 1]"
1096207,7524343,7524343,1,"[1, 0]"
1096207,7524343,4477,0,"[1, 0]"
1096207,7524343,2914,0,"[1, 0]"
1096207,7524343,1456,0,"[1, 0]"
1096207,7524343,727,0,"[1, 0]"
1096207,7524343,363,0,"[1, 0]"
1096207,7524343,181,0,"[1, 0]"
1096207,7524343,90,0,"[1, 0]"
1096207,7524343,44,0,"[1, 0]"
1096207,7524343,21,0,"[1, 0]"
1096207,7524343,10,0,"[1, 0]"
1096207,7524343,4,0,"[1, 0]"
1096207,7524343,1,0,"[1, 0]"
1096207,7524343,0,0,"[1, 0]"
1096207,7524343,2,0,"[0, 1]"
1096207,7524343,1,0,"[0, 1]"
1096207,7524343,6,0,"[0, 1]"
1096207,7524343,5,0,"[0, 1]"
1096207,7524343,4,0,"[0, 1]"
1096207,7524343,3,0,"[0, 1]"
1096207,7524343,12,0,"[0, 1]"
1096207,7524343,9,0,"[0, 1]"
1096207,7524343,11,0,"[0, 1]"
1096207,7524343,14,0,"[0, 1]"
1096207,7524343,7,0,"[0, 1]"
1096207,7524343,10,0,"[0, 1]"
1096207,7524343,28,0,"[0, 1]"
1096207,7524343,16,0,"[0, 1]"
1096207,7524343,30,0,"[0, 1]"
1096207,7524343,23,0,"[0, 1]"
1096207,7524343,22,0,"[0, 1]"
1096207,7524343,17,0,"[0, 1]"
1096207,7524343,15,0,"[0, 1]"
1096207,7524343,18,0,"[0, 1]"
1096207,7524343,62,0,"[0, 1]"
1096207,7524343,57,0,"[0, 1]"
1096207,7524343,44,0,"[0, 1]"
1096207,7524343,49,0,"[0, 1]"
1096207,7524343,51,0,"[0, 1]"
1096207,7524343,32,0,"[0, 1]"
1096207,7524343,60,0,"[0, 1]"
1096207,7524343,33,0,"[0, 1]"
1096207,7524343,55,0,"[0, 1]"
1096207,7524343,40,0,"[0, 1]"
1096207,7524343,85,0,"[0, 1]"
1096207,7524343,67,0,"[0, 1]"
1096207,7524343,89,0,"[0, 1]"
1096207,7524343,73,0,"[0, 1]"
1096207,7524343,80,0,"[0, 1]"
1096207,7524343,116,0,"[0, 1]"
1096207,7524343,114,0,"[0, 1]"
1096207,7524343,64,0,"[0, 1]"
1096207,7524343,118,0,"[0, 1]"
1096207,7524343,95,0,"[0, 1]"
1096207,7524343,108,0,"[0, 1]"
1096207,7524343,124,0,"[0, 1]"
1096207,7524343,194,0,"[0, 1]"
1096207,7524343,243,0,"[0, 1]"
1096207,7524343,136,0,"[0, 1]"
1096207,7524343,216,0,"[0, 1]"
1096207,7524343,173,0,"[0, 1]"
1096207,7524343,171,0,"[0, 1]"
1096207,7524343,172,0,"[0, 1]"
1096207,7524343,139,0,"[0, 1]"
1096207,7524343,248,0,"[0, 1]"
1096207,7524343,154,0,"[0, 1]"
1096207,7524343,178,0,"[0, 1]"
1096207,7524343,181,0,"[0, 1]"
1096207,7524343,146,0,"[0, 1]"
1096207,7524343,234,0,"[0, 1]"
1096207,7524343,470,0,"[0, 1]"
1096207,7524343,488,0,"[0, 1]"
1096207,7524343,358,0,"[0, 1]"
1096207,7524343,478,0,"[0, 1]"
1096207,7524343,437,0,"[0, 1]"
1096207,7524343,282,0,"[0, 1]"
1096207,7524343,475,0,"[0, 1]"
1096207,7524343,474,0,"[0, 1]"
1096207,7524343,448,0,"[0, 1]"
1096207,7524343,467,0,"[0, 1]"
1096207,7524343,391,0,"[0, 1]"
1096207,7524343,369,0,"[0, 1]"
1096207,7524343,494,0,"[0, 1]"
1096207,7524343,338,0,"[0, 1]"
1096207,7524343,285,0,"[0, 1]"
1096207,7524343,442,0,"[0, 1]"
1096207,7524343,933,0,"[0, 1]"
1096207,7524343,857,0,"[0, 1]"
1096207,7524343,816,0,"[0, 1]"
1096207,7524343,643,0,"[0, 1]"
1096207,7524343,827,0,"[0, 1]"
1096207,7524343,670,0,"[0, 1]"
1096207,7524343,893,0,"[0, 1]"
1096207,7524343,983,0,"[0, 1]"
1096207,7524343,942,0,"[0, 1]"
1096207,7524343,540,0,"[0, 1]"
1096207,7524343,796,0,"[0, 1]"
1096207,7524343,731,0,"[0, 1]"
1096207,7524343,645,0,"[0, 1]"
1096207,7524343,705,0,"[0, 1]"
1096207,7524343,935,0,"[0, 1]"
1096207,7524343,627,0,"[0, 1]"
1096207,7524343,724,0,"[0, 1]"
1096207,7524343,834,0,"[0, 1]"
1096207,7524343,1391,0,"[0, 1]"
1096207,7524343,1874,0,"[0, 1]"
1096207,7524343,1460,0,"[0, 1]"
1096207,7524343,1486,0,"[0, 1]"
1096207,7524343,2032,0,"[0, 1]"
1096207,7524343,2044,0,"[0, 1]"
1096207,7524343,1805,0,"[0, 1]"
1096207,7524343,1467,0,"[0, 1]"
1096207,7524343,2005,0,"[0, 1]"
1096207,7524343,1923,0,"[0, 1]"
1096207,7524343,1347,0,"[0, 1]"
1096207,7524343,1251,0,"[0, 1]"
1096207,7524343,1097,0,"[0, 1]"
1096207,7524343,1559,0,"[0, 1]"
1096207,7524343,1068,0,"[0, 1]"
1096207,7524343,1522,0,"[0, 1]"
1096207,7524343,1302,0,"[0, 1]"
1096207,7524343,1782,0,"[0, 1]"
1096207,7524343,1652,0,"[0, 1]"
1096207,7524343,2003,0,"[0, 1]"
1096207,7524343,2283,0,"[0, 1]"
1096207,7524343,2098,0,"[0, 1]"
1096207,7524343,2567,0,"[0, 1]"
1096207,7524343,4033,0,"[0, 1]"
1096207,7524343,3940,0,"[0, 1]"
1096207,7524343,2906,0,"[0, 1]"
1096207,7524343,3736,0,"[0, 1]"
1096207,7524343,4086,0,"[0, 1]"
1096207,7524343,3046,0,"[0, 1]"
1096207,7524343,2949,0,"[0, 1]"
1096207,7524343,3409,0,"[0, 1]"
1096207,7524343,3495,0,"[0, 1]"
1096207,7524343,3379,0,"[0, 1]"
1096207,7524343,2827,0,"[0, 1]"
1096207,7524343,3715,0,"[0, 1]"
1096207,7524343,3203,0,"[0, 1]"
1096207,7524343,4023,0,"[0, 1]"
1096207,7524343,2486,0,"[0, 1]"
1096207,7524343,2432,0,"[0, 1]"
1096207,7524343,3159,0,"[0, 1]"
1096207,7524343,3005,0,"[0, 1]"
1096207,7524343,2472,0,"[0, 1]"
1096207,7524343,7120331,1,"[0, 1]"
1096207,7524343,7446791,1,"[0, 1]"
1096207,7524343,2123320,1,"[0, 1]"
1096207,7524343,4338,0,"[0, 1]"
1096207,7524343,7578573,1,"[0, 1]"
1096207,7524343,4381,0,"[0, 1]"
1096207,7524343,7436417,1,"[0, 1]"
1096207,7524343,7125770,1,"[0, 1]"
1096207,7524343,3470752,1,"[0, 1]"
1096207,7524343,7186309,1,"[0, 1]"
1096207,7524343,7499926,1,"[0, 1]"
1096207,7524343,7189451,1,"[0, 1]"
1096207,7524343,7321796,1,"[0, 1]"
1096207,7524343,7169984,1,"[0, 1]"
1096207,7524343,4327,0,"[0, 1]"
1096207,7524343,7599371,1,"[0, 1]"
1096207,7524343,3468566,1,"[0, 1]"
1096207,7524343,7287899,1,"[0, 1]"
1096207,7524343,7476146,1,"[0, 1]"
1096207,7524343,7223153,1,"[0, 1]"
1096207,7524343,4821,0,"[0, 1]"
1096207,7524343,7629156,1,"[0, 1]"
1096207,7524343,7558093,1,"[0, 1]"
1096207,7524343,7165423,1,"[0, 1]"
1096207,7524343,7404959,1,"[0, 1]"
1096207,7524343,7289721,1,"[0, 1]"
1096207,7524343,7534867,1,"[0, 1]"
1096207,7524343,7457216,1,"[0, 1]"
1096207,7524343,7516973,1,"[0, 1]"
1096207,7524343,7159542,1,"[0, 1]"
1096207,7524343,7601414,1,"[0, 1]"
1096207,7524343,821558,1,"[0, 1]"
1096207,7524343,395796,1,"[0, 1]"
1096207,7524343,7641971,1,"[0, 1]"
1096207,7524343,7624604,1,"[0, 1]"
1096207,7524343,7659558,1,"[0, 1]"
1096207,7524343,7183900,1,"[0, 1]"
1096207,7524343,7532087,1,"[0, 1]"
1096207,7524343,7627761,1,"[0, 1]"
1096207,7524343,7231857,1,"[0, 1]"
1096207,7524343,7142823,1,"[0, 1]"
1096207,7524343,7637756,1,"[0, 1]"
1096207,7524343,7508730,1,"[0, 1]"
1096207,7524343,7576731,1,"[0, 1]"
1096207,7524343,7499902,1,"[0, 1]"
1096207,7524343,7239542,1,"[0, 1]"
1096207,7524343,7342178,1,"[0, 1]"
1096207,7524343,1196440,1,"[0, 1]"
1096207,7524343,7167072,1,"[0, 1]"
1096207,7524343,907445,1,"[0, 1]"
499568,7524398,7524398,1,"[1, 0]"
499568,7524398,3977,0,"[1, 0]"
499568,7524398,1988,0,"[1, 0]"
499568,7524398,993,0,"[1, 0]"
499568,7524398,496,0,"[1, 0]"
499568,7524398,247,0,"[1, 0]"
499568,7524398,123,0,"[1, 0]"
499568,7524398,61,0,"[1, 0]"
499568,7524398,30,0,"[1, 0]"
499568,7524398,14,0,"[1, 0]"
499568,7524398,6,0,"[1, 0]"
499568,7524398,2,0,"[1, 0]"
499568,7524398,0,0,"[1, 0]"
499568,7524398,1,0,"[0, 1]"
499568,7524398,2,0,"[0, 1]"
499568,7524398,5,0,"[0, 1]"
499568,7524398,3,0,"[0, 1]"
499568,7524398,6,0,"[0, 1]"
499568,7524398,4,0,"[0, 1]"
499568,7524398,14,0,"[0, 1]"
499568,7524398,9,0,"[0, 1]"
499568,7524398,8,0,"[0, 1]"
499568,7524398,11,0,"[0, 1]"
499568,7524398,13,0,"[0, 1]"
499568,7524398,10,0,"[0, 1]"
499568,7524398,18,0,"[0, 1]"
499568,7524398,20,0,"[0, 1]"
499568,7524398,23,0,"[0, 1]"
499568,7524398,24,0,"[0, 1]"
499568,7524398,22,0,"[0, 1]"
499568,7524398,29,0,"[0, 1]"
499568,7524398,16,0,"[0, 1]"
499568,7524398,26,0,"[0, 1]"
499568,7524398,48,0,"[0, 1]"
499568,7524398,60,0,"[0, 1]"
499568,7524398,62,0,"[0, 1]"
499568,7524398,39,0,"[0, 1]"
499568,7524398,33,0,"[0, 1]"
499568,7524398,32,0,"[0, 1]"
499568,7524398,37,0,"[0, 1]"
499568,7524398,38,0,"[0, 1]"
499568,7524398,41,0,"[0, 1]"
499568,7524398,46,0,"[0, 1]"
499568,7524398,79,0,"[0, 1]"
499568,7524398,125,0,"[0, 1]"
499568,7524398,98,0,"[0, 1]"
499568,7524398,105,0,"[0, 1]"
499568,7524398,109,0,"[0, 1]"
499568,7524398,124,0,"[0, 1]"
499568,7524398,110,0,"[0, 1]"
499568,7524398,84,0,"[0, 1]"
499568,7524398,121,0,"[0, 1]"
499568,7524398,114,0,"[0, 1]"
499568,7524398,108,0,"[0, 1]"
499568,7524398,113,0,"[0, 1]"
499568,7524398,236,0,"[0, 1]"
499568,7524398,165,0,"[0, 1]"
499568,7524398,207,0,"[0, 1]"
499568,7524398,190,0,"[0, 1]"
499568,7524398,215,0,"[0, 1]"
499568,7524398,164,0,"[0, 1]"
499568,7524398,150,0,"[0, 1]"
499568,7524398,186,0,"[0, 1]"
499568,7524398,168,0,"[0, 1]"
499568,7524398,173,0,"[0, 1]"
499568,7524398,130,0,"[0, 1]"
499568,7524398,133,0,"[0, 1]"
499568,7524398,201,0,"[0, 1]"
499568,7524398,222,0,"[0, 1]"
499568,7524398,286,0,"[0, 1]"
499568,7524398,328,0,"[0, 1]"
499568,7524398,284,0,"[0, 1]"
499568,7524398,318,0,"[0, 1]"
499568,7524398,405,0,"[0, 1]"
499568,7524398,439,0,"[0, 1]"
499568,7524398,404,0,"[0, 1]"
499568,7524398,433,0,"[0, 1]"
499568,7524398,442,0,"[0, 1]"
499568,7524398,455,0,"[0, 1]"
499568,7524398,446,0,"[0, 1]"
499568,7524398,436,0,"[0, 1]"
499568,7524398,457,0,"[0, 1]"
499568,7524398,378,0,"[0, 1]"
499568,7524398,263,0,"[0, 1]"
499568,7524398,477,0,"[0, 1]"
499568,7524398,898,0,"[0, 1]"
499568,7524398,660,0,"[0, 1]"
499568,7524398,607,0,"[0, 1]"
499568,7524398,826,0,"[0, 1]"
499568,7524398,800,0,"[0, 1]"
499568,7524398,864,0,"[0, 1]"
499568,7524398,862,0,"[0, 1]"
499568,7524398,937,0,"[0, 1]"
499568,7524398,761,0,"[0, 1]"
499568,7524398,737,0,"[0, 1]"
499568,7524398,515,0,"[0, 1]"
499568,7524398,786,0,"[0, 1]"
499568,7524398,827,0,"[0, 1]"
499568,7524398,838,0,"[0, 1]"
499568,7524398,948,0,"[0, 1]"
499568,7524398,732,0,"[0, 1]"
499568,7524398,801,0,"[0, 1]"
499568,7524398,542,0,"[0, 1]"
499568,7524398,1904,0,"[0, 1]"
499568,7524398,1442,0,"[0, 1]"
499568,7524398,2038,0,"[0, 1]"
499568,7524398,1786,0,"[0, 1]"
499568,7524398,1731,0,"[0, 1]"
499568,7524398,1239,0,"[0, 1]"
499568,7524398,1101,0,"[0, 1]"
499568,7524398,1753,0,"[0, 1]"
499568,7524398,1683,0,"[0, 1]"
499568,7524398,1706,0,"[0, 1]"
499568,7524398,1606,0,"[0, 1]"
499568,7524398,1320,0,"[0, 1]"
499568,7524398,1045,0,"[0, 1]"
499568,7524398,1749,0,"[0, 1]"
499568,7524398,1214,0,"[0, 1]"
499568,7524398,1661,0,"[0, 1]"
499568,7524398,1172,0,"[0, 1]"
499568,7524398,1708,0,"[0, 1]"
499568,7524398,1422,0,"[0, 1]"
499568,7524398,1937,0,"[0, 1]"
499568,7524398,2975,0,"[0, 1]"
499568,7524398,2459,0,"[0, 1]"
499568,7524398,2781,0,"[0, 1]"
499568,7524398,3690,0,"[0, 1]"
499568,7524398,2807,0,"[0, 1]"
499568,7524398,2343,0,"[0, 1]"
499568,7524398,4085,0,"[0, 1]"
499568,7524398,2792,0,"[0, 1]"
499568,7524398,3900,0,"[0, 1]"
499568,7524398,3203,0,"[0, 1]"
499568,7524398,2405,0,"[0, 1]"
499568,7524398,2419,0,"[0, 1]"
499568,7524398,2632,0,"[0, 1]"
499568,7524398,3058,0,"[0, 1]"
499568,7524398,2950,0,"[0, 1]"
499568,7524398,2540,0,"[0, 1]"
499568,7524398,3392,0,"[0, 1]"
499568,7524398,2608,0,"[0, 1]"
499568,7524398,2542,0,"[0, 1]"
499568,7524398,2895,0,"[0, 1]"
499568,7524398,2931,0,"[0, 1]"
499568,7524398,2249,0,"[0, 1]"
499568,7524398,7339077,1,"[0, 1]"
499568,7524398,7570218,1,"[0, 1]"
499568,7524398,7450366,1,"[0, 1]"
499568,7524398,7596866,1,"[0, 1]"
499568,7524398,7432309,1,"[0, 1]"
499568,7524398,7322579,1,"[0, 1]"
499568,7524398,7471828,1,"[0, 1]"
499568,7524398,4880,0,"[0, 1]"
499568,7524398,7178038,1,"[0, 1]"
499568,7524398,7686944,1,"[0, 1]"
499568,7524398,7220975,1,"[0, 1]"
499568,7524398,7249620,1,"[0, 1]"
499568,7524398,4827,0,"[0, 1]"
499568,7524398,7341084,1,"[0, 1]"
499568,7524398,7591292,1,"[0, 1]"
499568,7524398,5182978,1,"[0, 1]"
499568,7524398,7358221,1,"[0, 1]"
499568,7524398,4653,0,"[0, 1]"
499568,7524398,4110,0,"[0, 1]"
499568,7524398,7505572,1,"[0, 1]"
499568,7524398,4136,0,"[0, 1]"
499568,7524398,4757,0,"[0, 1]"
499568,7524398,7406467,1,"[0, 1]"
499568,7524398,7495326,1,"[0, 1]"
663679,7524413,7524413,1,"[1, 0]"
663679,7524413,2513,0,"[1, 0]"
663679,7524413,1256,0,"[1, 0]"
663679,7524413,627,0,"[1, 0]"
663679,7524413,313,0,"[1, 0]"
663679,7524413,156,0,"[1, 0]"
663679,7524413,77,0,"[1, 0]"
663679,7524413,38,0,"[1, 0]"
663679,7524413,18,0,"[1, 0]"
663679,7524413,8,0,"[1, 0]"
663679,7524413,3,0,"[1, 0]"
663679,7524413,1,0,"[1, 0]"
663679,7524413,0,0,"[1, 0]"
663679,7524413,1,0,"[0, 1]"
663679,7524413,2,0,"[0, 1]"
663679,7524413,3,0,"[0, 1]"
663679,7524413,4,0,"[0, 1]"
663679,7524413,6,0,"[0, 1]"
663679,7524413,5,0,"[0, 1]"
663679,7524413,9,0,"[0, 1]"
663679,7524413,11,0,"[0, 1]"
663679,7524413,7,0,"[0, 1]"
663679,7524413,14,0,"[0, 1]"
663679,7524413,10,0,"[0, 1]"
663679,7524413,8,0,"[0, 1]"
663679,7524413,27,0,"[0, 1]"
663679,7524413,15,0,"[0, 1]"
663679,7524413,24,0,"[0, 1]"
663679,7524413,26,0,"[0, 1]"
663679,7524413,17,0,"[0, 1]"
663679,7524413,22,0,"[0, 1]"
663679,7524413,29,0,"[0, 1]"
663679,7524413,25,0,"[0, 1]"
663679,7524413,61,0,"[0, 1]"
663679,7524413,55,0,"[0, 1]"
663679,7524413,32,0,"[0, 1]"
663679,7524413,53,0,"[0, 1]"
663679,7524413,38,0,"[0, 1]"
663679,7524413,36,0,"[0, 1]"
663679,7524413,50,0,"[0, 1]"
663679,7524413,62,0,"[0, 1]"
663679,7524413,49,0,"[0, 1]"
663679,7524413,35,0,"[0, 1]"
663679,7524413,101,0,"[0, 1]"
663679,7524413,113,0,"[0, 1]"
663679,7524413,122,0,"[0, 1]"
663679,7524413,80,0,"[0, 1]"
663679,7524413,107,0,"[0, 1]"
663679,7524413,89,0,"[0, 1]"
663679,7524413,83,0,"[0, 1]"
663679,7524413,109,0,"[0, 1]"
663679,7524413,71,0,"[0, 1]"
663679,7524413,115,0,"[0, 1]"
663679,7524413,74,0,"[0, 1]"
663679,7524413,100,0,"[0, 1]"
663679,7524413,190,0,"[0, 1]"
663679,7524413,149,0,"[0, 1]"
663679,7524413,208,0,"[0, 1]"
663679,7524413,188,0,"[0, 1]"
663679,7524413,151,0,"[0, 1]"
663679,7524413,209,0,"[0, 1]"
663679,7524413,213,0,"[0, 1]"
663679,7524413,137,0,"[0, 1]"
663679,7524413,233,0,"[0, 1]"
663679,7524413,173,0,"[0, 1]"
663679,7524413,168,0,"[0, 1]"
663679,7524413,133,0,"[0, 1]"
663679,7524413,187,0,"[0, 1]"
663679,7524413,135,0,"[0, 1]"
663679,7524413,501,0,"[0, 1]"
663679,7524413,397,0,"[0, 1]"
663679,7524413,472,0,"[0, 1]"
663679,7524413,453,0,"[0, 1]"
663679,7524413,431,0,"[0, 1]"
663679,7524413,506,0,"[0, 1]"
663679,7524413,482,0,"[0, 1]"
663679,7524413,256,0,"[0, 1]"
663679,7524413,502,0,"[0, 1]"
663679,7524413,315,0,"[0, 1]"
663679,7524413,389,0,"[0, 1]"
663679,7524413,265,0,"[0, 1]"
663679,7524413,493,0,"[0, 1]"
663679,7524413,376,0,"[0, 1]"
663679,7524413,412,0,"[0, 1]"
663679,7524413,352,0,"[0, 1]"
663679,7524413,635,0,"[0, 1]"
663679,7524413,987,0,"[0, 1]"
663679,7524413,585,0,"[0, 1]"
663679,7524413,535,0,"[0, 1]"
663679,7524413,866,0,"[0, 1]"
663679,7524413,992,0,"[0, 1]"
663679,7524413,767,0,"[0, 1]"
663679,7524413,586,0,"[0, 1]"
663679,7524413,865,0,"[0, 1]"
663679,7524413,717,0,"[0, 1]"
663679,7524413,766,0,"[0, 1]"
663679,7524413,800,0,"[0, 1]"
663679,7524413,692,0,"[0, 1]"
663679,7524413,1022,0,"[0, 1]"
663679,7524413,730,0,"[0, 1]"
663679,7524413,775,0,"[0, 1]"
663679,7524413,976,0,"[0, 1]"
663679,7524413,941,0,"[0, 1]"
663679,7524413,1082,0,"[0, 1]"
663679,7524413,1911,0,"[0, 1]"
663679,7524413,1604,0,"[0, 1]"
663679,7524413,1690,0,"[0, 1]"
663679,7524413,1917,0,"[0, 1]"
663679,7524413,1803,0,"[0, 1]"
663679,7524413,1244,0,"[0, 1]"
663679,7524413,1267,0,"[0, 1]"
663679,7524413,1666,0,"[0, 1]"
663679,7524413,1282,0,"[0, 1]"
663679,7524413,1959,0,"[0, 1]"
663679,7524413,1179,0,"[0, 1]"
663679,7524413,1413,0,"[0, 1]"
663679,7524413,2036,0,"[0, 1]"
663679,7524413,1639,0,"[0, 1]"
663679,7524413,1218,0,"[0, 1]"
663679,7524413,2004,0,"[0, 1]"
663679,7524413,1945,0,"[0, 1]"
663679,7524413,1122,0,"[0, 1]"
663679,7524413,1201,0,"[0, 1]"
663679,7524413,2230,0,"[0, 1]"
663679,7524413,2575,0,"[0, 1]"
663679,7524413,2409,0,"[0, 1]"
663679,7524413,2634,0,"[0, 1]"
663679,7524413,2259,0,"[0, 1]"
663679,7524413,3272,0,"[0, 1]"
663679,7524413,2143,0,"[0, 1]"
663679,7524413,2258,0,"[0, 1]"
663679,7524413,3700,0,"[0, 1]"
663679,7524413,3162,0,"[0, 1]"
663679,7524413,3603,0,"[0, 1]"
663679,7524413,3866,0,"[0, 1]"
663679,7524413,3411,0,"[0, 1]"
663679,7524413,3865,0,"[0, 1]"
663679,7524413,3130,0,"[0, 1]"
663679,7524413,2741,0,"[0, 1]"
663679,7524413,3509,0,"[0, 1]"
663679,7524413,2476,0,"[0, 1]"
663679,7524413,3340,0,"[0, 1]"
663679,7524413,2168,0,"[0, 1]"
663679,7524413,3834,0,"[0, 1]"
663679,7524413,2986,0,"[0, 1]"
663679,7524413,7181518,1,"[0, 1]"
663679,7524413,7557969,1,"[0, 1]"
663679,7524413,4215483,1,"[0, 1]"
663679,7524413,7681474,1,"[0, 1]"
663679,7524413,7543313,1,"[0, 1]"
663679,7524413,7210452,1,"[0, 1]"
663679,7524413,4297,0,"[0, 1]"
663679,7524413,7182286,1,"[0, 1]"
663679,7524413,4799,0,"[0, 1]"
663679,7524413,7199352,1,"[0, 1]"
663679,7524413,7217431,1,"[0, 1]"
663679,7524413,7305067,1,"[0, 1]"
663679,7524413,7286487,1,"[0, 1]"
663679,7524413,7118226,1,"[0, 1]"
663679,7524413,7082281,1,"[0, 1]"
663679,7524413,4674,0,"[0, 1]"
663679,7524413,4578,0,"[0, 1]"
663679,7524413,7308336,1,"[0, 1]"
663679,7524413,7685094,1,"[0, 1]"
663679,7524413,7250309,1,"[0, 1]"
663679,7524413,7398766,1,"[0, 1]"
663679,7524413,4140,0,"[0, 1]"
663679,7524413,4881,0,"[0, 1]"
663679,7524413,7424087,1,"[0, 1]"
624199,7524636,7524636,1,"[1, 0]"
624199,7524636,4730,0,"[1, 0]"
624199,7524636,3487,0,"[1, 0]"
624199,7524636,1743,0,"[1, 0]"
624199,7524636,871,0,"[1, 0]"
624199,7524636,435,0,"[1, 0]"
624199,7524636,217,0,"[1, 0]"
624199,7524636,108,0,"[1, 0]"
624199,7524636,53,0,"[1, 0]"
624199,7524636,26,0,"[1, 0]"
624199,7524636,12,0,"[1, 0]"
624199,7524636,5,0,"[1, 0]"
624199,7524636,2,0,"[1, 0]"
624199,7524636,0,0,"[1, 0]"
624199,7524636,2,0,"[0, 1]"
624199,7524636,1,0,"[0, 1]"
624199,7524636,6,0,"[0, 1]"
624199,7524636,4,0,"[0, 1]"
624199,7524636,5,0,"[0, 1]"
624199,7524636,3,0,"[0, 1]"
624199,7524636,9,0,"[0, 1]"
624199,7524636,13,0,"[0, 1]"
624199,7524636,8,0,"[0, 1]"
624199,7524636,11,0,"[0, 1]"
624199,7524636,7,0,"[0, 1]"
624199,7524636,12,0,"[0, 1]"
624199,7524636,18,0,"[0, 1]"
624199,7524636,29,0,"[0, 1]"
624199,7524636,20,0,"[0, 1]"
624199,7524636,26,0,"[0, 1]"
624199,7524636,28,0,"[0, 1]"
624199,7524636,24,0,"[0, 1]"
624199,7524636,16,0,"[0, 1]"
624199,7524636,22,0,"[0, 1]"
624199,7524636,40,0,"[0, 1]"
624199,7524636,59,0,"[0, 1]"
624199,7524636,60,0,"[0, 1]"
624199,7524636,47,0,"[0, 1]"
624199,7524636,53,0,"[0, 1]"
624199,7524636,45,0,"[0, 1]"
624199,7524636,52,0,"[0, 1]"
624199,7524636,48,0,"[0, 1]"
624199,7524636,33,0,"[0, 1]"
624199,7524636,56,0,"[0, 1]"
624199,7524636,81,0,"[0, 1]"
624199,7524636,63,0,"[0, 1]"
624199,7524636,105,0,"[0, 1]"
624199,7524636,121,0,"[0, 1]"
624199,7524636,66,0,"[0, 1]"
624199,7524636,100,0,"[0, 1]"
624199,7524636,112,0,"[0, 1]"
624199,7524636,94,0,"[0, 1]"
624199,7524636,117,0,"[0, 1]"
624199,7524636,97,0,"[0, 1]"
624199,7524636,99,0,"[0, 1]"
624199,7524636,103,0,"[0, 1]"
624199,7524636,146,0,"[0, 1]"
624199,7524636,181,0,"[0, 1]"
624199,7524636,220,0,"[0, 1]"
624199,7524636,222,0,"[0, 1]"
624199,7524636,159,0,"[0, 1]"
624199,7524636,243,0,"[0, 1]"
624199,7524636,204,0,"[0, 1]"
624199,7524636,247,0,"[0, 1]"
624199,7524636,178,0,"[0, 1]"
624199,7524636,160,0,"[0, 1]"
624199,7524636,245,0,"[0, 1]"
624199,7524636,127,0,"[0, 1]"
624199,7524636,253,0,"[0, 1]"
624199,7524636,199,0,"[0, 1]"
624199,7524636,276,0,"[0, 1]"
624199,7524636,412,0,"[0, 1]"
624199,7524636,435,0,"[0, 1]"
624199,7524636,487,0,"[0, 1]"
624199,7524636,402,0,"[0, 1]"
624199,7524636,356,0,"[0, 1]"
624199,7524636,438,0,"[0, 1]"
624199,7524636,507,0,"[0, 1]"
624199,7524636,473,0,"[0, 1]"
624199,7524636,373,0,"[0, 1]"
624199,7524636,456,0,"[0, 1]"
624199,7524636,443,0,"[0, 1]"
624199,7524636,357,0,"[0, 1]"
624199,7524636,303,0,"[0, 1]"
624199,7524636,267,0,"[0, 1]"
624199,7524636,384,0,"[0, 1]"
624199,7524636,688,0,"[0, 1]"
624199,7524636,971,0,"[0, 1]"
624199,7524636,710,0,"[0, 1]"
624199,7524636,789,0,"[0, 1]"
624199,7524636,616,0,"[0, 1]"
624199,7524636,588,0,"[0, 1]"
624199,7524636,682,0,"[0, 1]"
624199,7524636,933,0,"[0, 1]"
624199,7524636,715,0,"[0, 1]"
624199,7524636,1015,0,"[0, 1]"
624199,7524636,994,0,"[0, 1]"
624199,7524636,684,0,"[0, 1]"
624199,7524636,788,0,"[0, 1]"
624199,7524636,968,0,"[0, 1]"
624199,7524636,634,0,"[0, 1]"
624199,7524636,825,0,"[0, 1]"
624199,7524636,738,0,"[0, 1]"
624199,7524636,685,0,"[0, 1]"
624199,7524636,1534,0,"[0, 1]"
624199,7524636,1048,0,"[0, 1]"
624199,7524636,1882,0,"[0, 1]"
624199,7524636,2024,0,"[0, 1]"
624199,7524636,1787,0,"[0, 1]"
624199,7524636,1633,0,"[0, 1]"
624199,7524636,1729,0,"[0, 1]"
624199,7524636,1144,0,"[0, 1]"
624199,7524636,1959,0,"[0, 1]"
624199,7524636,1740,0,"[0, 1]"
624199,7524636,1841,0,"[0, 1]"
624199,7524636,1314,0,"[0, 1]"
624199,7524636,1183,0,"[0, 1]"
624199,7524636,1247,0,"[0, 1]"
624199,7524636,1149,0,"[0, 1]"
624199,7524636,1085,0,"[0, 1]"
624199,7524636,1891,0,"[0, 1]"
624199,7524636,2019,0,"[0, 1]"
624199,7524636,1795,0,"[0, 1]"
624199,7524636,1733,0,"[0, 1]"
624199,7524636,2476,0,"[0, 1]"
624199,7524636,3643,0,"[0, 1]"
624199,7524636,3828,0,"[0, 1]"
624199,7524636,3808,0,"[0, 1]"
624199,7524636,2933,0,"[0, 1]"
624199,7524636,3895,0,"[0, 1]"
624199,7524636,2531,0,"[0, 1]"
624199,7524636,4073,0,"[0, 1]"
624199,7524636,2520,0,"[0, 1]"
624199,7524636,3220,0,"[0, 1]"
624199,7524636,2472,0,"[0, 1]"
624199,7524636,3499,0,"[0, 1]"
624199,7524636,2936,0,"[0, 1]"
624199,7524636,3541,0,"[0, 1]"
624199,7524636,2761,0,"[0, 1]"
624199,7524636,2177,0,"[0, 1]"
624199,7524636,3441,0,"[0, 1]"
624199,7524636,3190,0,"[0, 1]"
624199,7524636,3799,0,"[0, 1]"
624199,7524636,3874,0,"[0, 1]"
624199,7524636,3546,0,"[0, 1]"
624199,7524636,3737,0,"[0, 1]"
624199,7524636,7676831,1,"[0, 1]"
624199,7524636,7495326,1,"[0, 1]"
624199,7524636,4673,0,"[0, 1]"
624199,7524636,7131489,1,"[0, 1]"
624199,7524636,7587602,1,"[0, 1]"
624199,7524636,7213586,1,"[0, 1]"
624199,7524636,7246634,1,"[0, 1]"
624199,7524636,7135965,1,"[0, 1]"
624199,7524636,3583169,1,"[0, 1]"
624199,7524636,7423557,1,"[0, 1]"
624199,7524636,670741,1,"[0, 1]"
624199,7524636,7545852,1,"[0, 1]"
624199,7524636,4683,0,"[0, 1]"
624199,7524636,7376351,1,"[0, 1]"
624199,7524636,7494367,1,"[0, 1]"
624199,7524636,7092301,1,"[0, 1]"
624199,7524636,7068203,1,"[0, 1]"
624199,7524636,4316,0,"[0, 1]"
624199,7524636,7539216,1,"[0, 1]"
624199,7524636,6225607,1,"[0, 1]"
624199,7524636,7045036,1,"[0, 1]"
624199,7524636,7503832,1,"[0, 1]"
624199,7524636,7116278,1,"[0, 1]"
624199,7524636,7542942,1,"[0, 1]"
624199,7524636,7407452,1,"[0, 1]"
624199,7524636,7227444,1,"[0, 1]"
624199,7524636,4071319,1,"[0, 1]"
624199,7524636,1837502,1,"[0, 1]"
624199,7524636,7417368,1,"[0, 1]"
624199,7524636,7684421,1,"[0, 1]"
624199,7524636,7595430,1,"[0, 1]"
624199,7524636,7077382,1,"[0, 1]"
624199,7524636,7132766,1,"[0, 1]"
624199,7524636,7556521,1,"[0, 1]"
624199,7524636,7607075,1,"[0, 1]"
624199,7524636,7518538,1,"[0, 1]"
624199,7524636,7159370,1,"[0, 1]"
624199,7524636,7276238,1,"[0, 1]"
624199,7524636,7166661,1,"[0, 1]"
624199,7524636,371575,1,"[0, 1]"
624199,7524636,7132363,1,"[0, 1]"
624199,7524636,7239320,1,"[0, 1]"
624199,7524636,7611187,1,"[0, 1]"
624199,7524636,7371161,1,"[0, 1]"
624199,7524636,7654838,1,"[0, 1]"
624199,7524636,7216773,1,"[0, 1]"
624199,7524636,7157407,1,"[0, 1]"
624199,7524636,7242112,1,"[0, 1]"
624199,7524636,613301,1,"[0, 1]"
624199,7524636,1063820,1,"[0, 1]"
428773,7524666,7524666,1,"[1, 0]"
428773,7524666,3330,0,"[1, 0]"
428773,7524666,1664,0,"[1, 0]"
428773,7524666,831,0,"[1, 0]"
428773,7524666,415,0,"[1, 0]"
428773,7524666,207,0,"[1, 0]"
428773,7524666,103,0,"[1, 0]"
428773,7524666,51,0,"[1, 0]"
428773,7524666,25,0,"[1, 0]"
428773,7524666,12,0,"[1, 0]"
428773,7524666,5,0,"[1, 0]"
428773,7524666,2,0,"[1, 0]"
428773,7524666,0,0,"[1, 0]"
428773,7524666,1,0,"[0, 1]"
428773,7524666,2,0,"[0, 1]"
428773,7524666,4,0,"[0, 1]"
428773,7524666,6,0,"[0, 1]"
428773,7524666,5,0,"[0, 1]"
428773,7524666,3,0,"[0, 1]"
428773,7524666,11,0,"[0, 1]"
428773,7524666,12,0,"[0, 1]"
428773,7524666,13,0,"[0, 1]"
428773,7524666,10,0,"[0, 1]"
428773,7524666,14,0,"[0, 1]"
428773,7524666,7,0,"[0, 1]"
428773,7524666,27,0,"[0, 1]"
428773,7524666,21,0,"[0, 1]"
428773,7524666,30,0,"[0, 1]"
428773,7524666,22,0,"[0, 1]"
428773,7524666,18,0,"[0, 1]"
428773,7524666,16,0,"[0, 1]"
428773,7524666,24,0,"[0, 1]"
428773,7524666,28,0,"[0, 1]"
428773,7524666,32,0,"[0, 1]"
428773,7524666,58,0,"[0, 1]"
428773,7524666,54,0,"[0, 1]"
428773,7524666,38,0,"[0, 1]"
428773,7524666,53,0,"[0, 1]"
428773,7524666,41,0,"[0, 1]"
428773,7524666,31,0,"[0, 1]"
428773,7524666,43,0,"[0, 1]"
428773,7524666,49,0,"[0, 1]"
428773,7524666,47,0,"[0, 1]"
428773,7524666,78,0,"[0, 1]"
428773,7524666,89,0,"[0, 1]"
428773,7524666,108,0,"[0, 1]"
428773,7524666,94,0,"[0, 1]"
428773,7524666,72,0,"[0, 1]"
428773,7524666,86,0,"[0, 1]"
428773,7524666,96,0,"[0, 1]"
428773,7524666,120,0,"[0, 1]"
428773,7524666,125,0,"[0, 1]"
428773,7524666,84,0,"[0, 1]"
428773,7524666,118,0,"[0, 1]"
428773,7524666,91,0,"[0, 1]"
428773,7524666,227,0,"[0, 1]"
428773,7524666,156,0,"[0, 1]"
428773,7524666,176,0,"[0, 1]"
428773,7524666,233,0,"[0, 1]"
428773,7524666,180,0,"[0, 1]"
428773,7524666,197,0,"[0, 1]"
428773,7524666,226,0,"[0, 1]"
428773,7524666,196,0,"[0, 1]"
428773,7524666,194,0,"[0, 1]"
428773,7524666,179,0,"[0, 1]"
428773,7524666,222,0,"[0, 1]"
428773,7524666,232,0,"[0, 1]"
428773,7524666,217,0,"[0, 1]"
428773,7524666,172,0,"[0, 1]"
428773,7524666,462,0,"[0, 1]"
428773,7524666,391,0,"[0, 1]"
428773,7524666,312,0,"[0, 1]"
428773,7524666,340,0,"[0, 1]"
428773,7524666,498,0,"[0, 1]"
428773,7524666,307,0,"[0, 1]"
428773,7524666,278,0,"[0, 1]"
428773,7524666,375,0,"[0, 1]"
428773,7524666,363,0,"[0, 1]"
428773,7524666,414,0,"[0, 1]"
428773,7524666,275,0,"[0, 1]"
428773,7524666,327,0,"[0, 1]"
428773,7524666,437,0,"[0, 1]"
428773,7524666,501,0,"[0, 1]"
428773,7524666,464,0,"[0, 1]"
428773,7524666,366,0,"[0, 1]"
428773,7524666,666,0,"[0, 1]"
428773,7524666,673,0,"[0, 1]"
428773,7524666,669,0,"[0, 1]"
428773,7524666,656,0,"[0, 1]"
428773,7524666,896,0,"[0, 1]"
428773,7524666,769,0,"[0, 1]"
428773,7524666,584,0,"[0, 1]"
428773,7524666,523,0,"[0, 1]"
428773,7524666,958,0,"[0, 1]"
428773,7524666,807,0,"[0, 1]"
428773,7524666,594,0,"[0, 1]"
428773,7524666,983,0,"[0, 1]"
428773,7524666,961,0,"[0, 1]"
428773,7524666,687,0,"[0, 1]"
428773,7524666,1013,0,"[0, 1]"
428773,7524666,539,0,"[0, 1]"
428773,7524666,968,0,"[0, 1]"
428773,7524666,820,0,"[0, 1]"
428773,7524666,1410,0,"[0, 1]"
428773,7524666,1550,0,"[0, 1]"
428773,7524666,1059,0,"[0, 1]"
428773,7524666,1515,0,"[0, 1]"
428773,7524666,1672,0,"[0, 1]"
428773,7524666,1208,0,"[0, 1]"
428773,7524666,1720,0,"[0, 1]"
428773,7524666,1272,0,"[0, 1]"
428773,7524666,1082,0,"[0, 1]"
428773,7524666,1360,0,"[0, 1]"
428773,7524666,1339,0,"[0, 1]"
428773,7524666,1858,0,"[0, 1]"
428773,7524666,1918,0,"[0, 1]"
428773,7524666,1031,0,"[0, 1]"
428773,7524666,2007,0,"[0, 1]"
428773,7524666,1860,0,"[0, 1]"
428773,7524666,1299,0,"[0, 1]"
428773,7524666,1384,0,"[0, 1]"
428773,7524666,1920,0,"[0, 1]"
428773,7524666,1329,0,"[0, 1]"
428773,7524666,3937,0,"[0, 1]"
428773,7524666,2112,0,"[0, 1]"
428773,7524666,2717,0,"[0, 1]"
428773,7524666,2781,0,"[0, 1]"
428773,7524666,3219,0,"[0, 1]"
428773,7524666,2403,0,"[0, 1]"
428773,7524666,2474,0,"[0, 1]"
428773,7524666,2539,0,"[0, 1]"
428773,7524666,2577,0,"[0, 1]"
428773,7524666,2095,0,"[0, 1]"
428773,7524666,3806,0,"[0, 1]"
428773,7524666,2172,0,"[0, 1]"
428773,7524666,4021,0,"[0, 1]"
428773,7524666,2132,0,"[0, 1]"
428773,7524666,2215,0,"[0, 1]"
428773,7524666,2068,0,"[0, 1]"
428773,7524666,3864,0,"[0, 1]"
428773,7524666,3909,0,"[0, 1]"
428773,7524666,3065,0,"[0, 1]"
428773,7524666,3343,0,"[0, 1]"
428773,7524666,2582,0,"[0, 1]"
428773,7524666,2338,0,"[0, 1]"
428773,7524666,4838,0,"[0, 1]"
428773,7524666,4643,0,"[0, 1]"
428773,7524666,7555272,1,"[0, 1]"
428773,7524666,7377683,1,"[0, 1]"
428773,7524666,7476021,1,"[0, 1]"
428773,7524666,2040739,1,"[0, 1]"
428773,7524666,7169371,1,"[0, 1]"
428773,7524666,4829,0,"[0, 1]"
428773,7524666,7220975,1,"[0, 1]"
428773,7524666,448393,1,"[0, 1]"
428773,7524666,7512531,1,"[0, 1]"
428773,7524666,7607819,1,"[0, 1]"
428773,7524666,7207740,1,"[0, 1]"
428773,7524666,7146502,1,"[0, 1]"
428773,7524666,7565927,1,"[0, 1]"
428773,7524666,4859,0,"[0, 1]"
428773,7524666,4770,0,"[0, 1]"
428773,7524666,4283626,1,"[0, 1]"
428773,7524666,4335,0,"[0, 1]"
428773,7524666,4919,0,"[0, 1]"
428773,7524666,7448929,1,"[0, 1]"
428773,7524666,7160269,1,"[0, 1]"
428773,7524666,7528851,1,"[0, 1]"
428773,7524666,7116569,1,"[0, 1]"
421145,7524898,7524898,1,"[1, 0]"
421145,7524898,4667,0,"[1, 0]"
421145,7524898,3343,0,"[1, 0]"
421145,7524898,1671,0,"[1, 0]"
421145,7524898,835,0,"[1, 0]"
421145,7524898,417,0,"[1, 0]"
421145,7524898,208,0,"[1, 0]"
421145,7524898,103,0,"[1, 0]"
421145,7524898,51,0,"[1, 0]"
421145,7524898,25,0,"[1, 0]"
421145,7524898,12,0,"[1, 0]"
421145,7524898,5,0,"[1, 0]"
421145,7524898,2,0,"[1, 0]"
421145,7524898,0,0,"[1, 0]"
421145,7524898,2,0,"[0, 1]"
421145,7524898,1,0,"[0, 1]"
421145,7524898,6,0,"[0, 1]"
421145,7524898,4,0,"[0, 1]"
421145,7524898,3,0,"[0, 1]"
421145,7524898,5,0,"[0, 1]"
421145,7524898,11,0,"[0, 1]"
421145,7524898,13,0,"[0, 1]"
421145,7524898,8,0,"[0, 1]"
421145,7524898,9,0,"[0, 1]"
421145,7524898,14,0,"[0, 1]"
421145,7524898,12,0,"[0, 1]"
421145,7524898,30,0,"[0, 1]"
421145,7524898,15,0,"[0, 1]"
421145,7524898,29,0,"[0, 1]"
421145,7524898,17,0,"[0, 1]"
421145,7524898,22,0,"[0, 1]"
421145,7524898,26,0,"[0, 1]"
421145,7524898,27,0,"[0, 1]"
421145,7524898,18,0,"[0, 1]"
421145,7524898,52,0,"[0, 1]"
421145,7524898,54,0,"[0, 1]"
421145,7524898,45,0,"[0, 1]"
421145,7524898,48,0,"[0, 1]"
421145,7524898,32,0,"[0, 1]"
421145,7524898,31,0,"[0, 1]"
421145,7524898,58,0,"[0, 1]"
421145,7524898,38,0,"[0, 1]"
421145,7524898,59,0,"[0, 1]"
421145,7524898,60,0,"[0, 1]"
421145,7524898,101,0,"[0, 1]"
421145,7524898,115,0,"[0, 1]"
421145,7524898,100,0,"[0, 1]"
421145,7524898,109,0,"[0, 1]"
421145,7524898,126,0,"[0, 1]"
421145,7524898,92,0,"[0, 1]"
421145,7524898,102,0,"[0, 1]"
421145,7524898,117,0,"[0, 1]"
421145,7524898,77,0,"[0, 1]"
421145,7524898,79,0,"[0, 1]"
421145,7524898,64,0,"[0, 1]"
421145,7524898,70,0,"[0, 1]"
421145,7524898,214,0,"[0, 1]"
421145,7524898,170,0,"[0, 1]"
421145,7524898,151,0,"[0, 1]"
421145,7524898,177,0,"[0, 1]"
421145,7524898,154,0,"[0, 1]"
421145,7524898,176,0,"[0, 1]"
421145,7524898,192,0,"[0, 1]"
421145,7524898,197,0,"[0, 1]"
421145,7524898,165,0,"[0, 1]"
421145,7524898,242,0,"[0, 1]"
421145,7524898,251,0,"[0, 1]"
421145,7524898,239,0,"[0, 1]"
421145,7524898,248,0,"[0, 1]"
421145,7524898,150,0,"[0, 1]"
421145,7524898,351,0,"[0, 1]"
421145,7524898,429,0,"[0, 1]"
421145,7524898,288,0,"[0, 1]"
421145,7524898,368,0,"[0, 1]"
421145,7524898,294,0,"[0, 1]"
421145,7524898,417,0,"[0, 1]"
421145,7524898,311,0,"[0, 1]"
421145,7524898,439,0,"[0, 1]"
421145,7524898,304,0,"[0, 1]"
421145,7524898,327,0,"[0, 1]"
421145,7524898,445,0,"[0, 1]"
421145,7524898,479,0,"[0, 1]"
421145,7524898,443,0,"[0, 1]"
421145,7524898,388,0,"[0, 1]"
421145,7524898,416,0,"[0, 1]"
421145,7524898,371,0,"[0, 1]"
421145,7524898,659,0,"[0, 1]"
421145,7524898,570,0,"[0, 1]"
421145,7524898,895,0,"[0, 1]"
421145,7524898,896,0,"[0, 1]"
421145,7524898,963,0,"[0, 1]"
421145,7524898,869,0,"[0, 1]"
421145,7524898,532,0,"[0, 1]"
421145,7524898,721,0,"[0, 1]"
421145,7524898,977,0,"[0, 1]"
421145,7524898,524,0,"[0, 1]"
421145,7524898,972,0,"[0, 1]"
421145,7524898,876,0,"[0, 1]"
421145,7524898,678,0,"[0, 1]"
421145,7524898,1013,0,"[0, 1]"
421145,7524898,784,0,"[0, 1]"
421145,7524898,980,0,"[0, 1]"
421145,7524898,866,0,"[0, 1]"
421145,7524898,804,0,"[0, 1]"
421145,7524898,1941,0,"[0, 1]"
421145,7524898,1149,0,"[0, 1]"
421145,7524898,1918,0,"[0, 1]"
421145,7524898,1716,0,"[0, 1]"
421145,7524898,1844,0,"[0, 1]"
421145,7524898,1972,0,"[0, 1]"
421145,7524898,2030,0,"[0, 1]"
421145,7524898,1638,0,"[0, 1]"
421145,7524898,1322,0,"[0, 1]"
421145,7524898,1552,0,"[0, 1]"
421145,7524898,2010,0,"[0, 1]"
421145,7524898,1973,0,"[0, 1]"
421145,7524898,1283,0,"[0, 1]"
421145,7524898,1744,0,"[0, 1]"
421145,7524898,1963,0,"[0, 1]"
421145,7524898,1601,0,"[0, 1]"
421145,7524898,1131,0,"[0, 1]"
421145,7524898,1582,0,"[0, 1]"
421145,7524898,1307,0,"[0, 1]"
421145,7524898,1756,0,"[0, 1]"
421145,7524898,2405,0,"[0, 1]"
421145,7524898,3539,0,"[0, 1]"
421145,7524898,3134,0,"[0, 1]"
421145,7524898,2907,0,"[0, 1]"
421145,7524898,2971,0,"[0, 1]"
421145,7524898,2087,0,"[0, 1]"
421145,7524898,2744,0,"[0, 1]"
421145,7524898,3624,0,"[0, 1]"
421145,7524898,2261,0,"[0, 1]"
421145,7524898,2540,0,"[0, 1]"
421145,7524898,3082,0,"[0, 1]"
421145,7524898,3182,0,"[0, 1]"
421145,7524898,3414,0,"[0, 1]"
421145,7524898,3287,0,"[0, 1]"
421145,7524898,3295,0,"[0, 1]"
421145,7524898,3754,0,"[0, 1]"
421145,7524898,2260,0,"[0, 1]"
421145,7524898,3856,0,"[0, 1]"
421145,7524898,3277,0,"[0, 1]"
421145,7524898,2329,0,"[0, 1]"
421145,7524898,3619,0,"[0, 1]"
421145,7524898,3724,0,"[0, 1]"
421145,7524898,4254,0,"[0, 1]"
421145,7524898,7102878,1,"[0, 1]"
421145,7524898,4868,0,"[0, 1]"
421145,7524898,4532,0,"[0, 1]"
421145,7524898,7500436,1,"[0, 1]"
421145,7524898,7304635,1,"[0, 1]"
421145,7524898,4915,0,"[0, 1]"
421145,7524898,4348,0,"[0, 1]"
421145,7524898,7415523,1,"[0, 1]"
421145,7524898,7088895,1,"[0, 1]"
421145,7524898,4320,0,"[0, 1]"
421145,7524898,4174,0,"[0, 1]"
421145,7524898,4908,0,"[0, 1]"
421145,7524898,7526879,1,"[0, 1]"
421145,7524898,7667700,1,"[0, 1]"
421145,7524898,7144918,1,"[0, 1]"
421145,7524898,7585777,1,"[0, 1]"
421145,7524898,7551418,1,"[0, 1]"
421145,7524898,7153209,1,"[0, 1]"
421145,7524898,1216143,1,"[0, 1]"
421145,7524898,7320560,1,"[0, 1]"
421145,7524898,7292947,1,"[0, 1]"
421145,7524898,73759,1,"[0, 1]"
421145,7524898,7485894,1,"[0, 1]"
421145,7524898,7141624,1,"[0, 1]"
421145,7524898,7490616,1,"[0, 1]"
421145,7524898,7502919,1,"[0, 1]"
421145,7524898,4261341,1,"[0, 1]"
421145,7524898,7318105,1,"[0, 1]"
421145,7524898,7130196,1,"[0, 1]"
421145,7524898,7373076,1,"[0, 1]"
421145,7524898,7559425,1,"[0, 1]"
421145,7524898,7609925,1,"[0, 1]"
421145,7524898,7415340,1,"[0, 1]"
421145,7524898,2074926,1,"[0, 1]"
421145,7524898,5390183,1,"[0, 1]"
421145,7524898,7311926,1,"[0, 1]"
421145,7524898,7179283,1,"[0, 1]"
421145,7524898,7348014,1,"[0, 1]"
421145,7524898,7563256,1,"[0, 1]"
421145,7524898,7512494,1,"[0, 1]"
421145,7524898,7224650,1,"[0, 1]"
421145,7524898,3025548,1,"[0, 1]"
421145,7524898,7314292,1,"[0, 1]"
421145,7524898,7276238,1,"[0, 1]"
421145,7524898,7406560,1,"[0, 1]"
421145,7524898,7234243,1,"[0, 1]"
421145,7524898,4984328,1,"[0, 1]"
421145,7524898,7127941,1,"[0, 1]"
421145,7524898,7681649,1,"[0, 1]"
600350,7524975,7524975,1,"[1, 0]"
600350,7524975,3318,0,"[1, 0]"
600350,7524975,1658,0,"[1, 0]"
600350,7524975,828,0,"[1, 0]"
600350,7524975,413,0,"[1, 0]"
600350,7524975,206,0,"[1, 0]"
600350,7524975,102,0,"[1, 0]"
600350,7524975,50,0,"[1, 0]"
600350,7524975,24,0,"[1, 0]"
600350,7524975,11,0,"[1, 0]"
600350,7524975,5,0,"[1, 0]"
600350,7524975,2,0,"[1, 0]"
600350,7524975,0,0,"[1, 0]"
600350,7524975,2,0,"[0, 1]"
600350,7524975,1,0,"[0, 1]"
600350,7524975,5,0,"[0, 1]"
600350,7524975,6,0,"[0, 1]"
600350,7524975,3,0,"[0, 1]"
600350,7524975,4,0,"[0, 1]"
600350,7524975,8,0,"[0, 1]"
600350,7524975,14,0,"[0, 1]"
600350,7524975,12,0,"[0, 1]"
600350,7524975,9,0,"[0, 1]"
600350,7524975,13,0,"[0, 1]"
600350,7524975,11,0,"[0, 1]"
600350,7524975,15,0,"[0, 1]"
600350,7524975,20,0,"[0, 1]"
600350,7524975,21,0,"[0, 1]"
600350,7524975,24,0,"[0, 1]"
600350,7524975,19,0,"[0, 1]"
600350,7524975,28,0,"[0, 1]"
600350,7524975,17,0,"[0, 1]"
600350,7524975,30,0,"[0, 1]"
600350,7524975,59,0,"[0, 1]"
600350,7524975,31,0,"[0, 1]"
600350,7524975,36,0,"[0, 1]"
600350,7524975,48,0,"[0, 1]"
600350,7524975,53,0,"[0, 1]"
600350,7524975,37,0,"[0, 1]"
600350,7524975,44,0,"[0, 1]"
600350,7524975,56,0,"[0, 1]"
600350,7524975,55,0,"[0, 1]"
600350,7524975,43,0,"[0, 1]"
600350,7524975,75,0,"[0, 1]"
600350,7524975,122,0,"[0, 1]"
600350,7524975,96,0,"[0, 1]"
600350,7524975,73,0,"[0, 1]"
600350,7524975,101,0,"[0, 1]"
600350,7524975,106,0,"[0, 1]"
600350,7524975,123,0,"[0, 1]"
600350,7524975,84,0,"[0, 1]"
600350,7524975,71,0,"[0, 1]"
600350,7524975,91,0,"[0, 1]"
600350,7524975,103,0,"[0, 1]"
600350,7524975,78,0,"[0, 1]"
600350,7524975,162,0,"[0, 1]"
600350,7524975,137,0,"[0, 1]"
600350,7524975,148,0,"[0, 1]"
600350,7524975,153,0,"[0, 1]"
600350,7524975,214,0,"[0, 1]"
600350,7524975,195,0,"[0, 1]"
600350,7524975,209,0,"[0, 1]"
600350,7524975,212,0,"[0, 1]"
600350,7524975,151,0,"[0, 1]"
600350,7524975,150,0,"[0, 1]"
600350,7524975,182,0,"[0, 1]"
600350,7524975,229,0,"[0, 1]"
600350,7524975,248,0,"[0, 1]"
600350,7524975,194,0,"[0, 1]"
600350,7524975,485,0,"[0, 1]"
600350,7524975,424,0,"[0, 1]"
600350,7524975,366,0,"[0, 1]"
600350,7524975,302,0,"[0, 1]"
600350,7524975,458,0,"[0, 1]"
600350,7524975,380,0,"[0, 1]"
600350,7524975,401,0,"[0, 1]"
600350,7524975,504,0,"[0, 1]"
600350,7524975,264,0,"[0, 1]"
600350,7524975,319,0,"[0, 1]"
600350,7524975,299,0,"[0, 1]"
600350,7524975,411,0,"[0, 1]"
600350,7524975,258,0,"[0, 1]"
600350,7524975,451,0,"[0, 1]"
600350,7524975,450,0,"[0, 1]"
600350,7524975,437,0,"[0, 1]"
600350,7524975,906,0,"[0, 1]"
600350,7524975,852,0,"[0, 1]"
600350,7524975,734,0,"[0, 1]"
600350,7524975,762,0,"[0, 1]"
600350,7524975,668,0,"[0, 1]"
600350,7524975,822,0,"[0, 1]"
600350,7524975,855,0,"[0, 1]"
600350,7524975,808,0,"[0, 1]"
600350,7524975,661,0,"[0, 1]"
600350,7524975,530,0,"[0, 1]"
600350,7524975,512,0,"[0, 1]"
600350,7524975,786,0,"[0, 1]"
600350,7524975,907,0,"[0, 1]"
600350,7524975,706,0,"[0, 1]"
600350,7524975,513,0,"[0, 1]"
600350,7524975,903,0,"[0, 1]"
600350,7524975,973,0,"[0, 1]"
600350,7524975,953,0,"[0, 1]"
600350,7524975,2030,0,"[0, 1]"
600350,7524975,1406,0,"[0, 1]"
600350,7524975,1681,0,"[0, 1]"
600350,7524975,1023,0,"[0, 1]"
600350,7524975,1028,0,"[0, 1]"
600350,7524975,1219,0,"[0, 1]"
600350,7524975,1980,0,"[0, 1]"
600350,7524975,1229,0,"[0, 1]"
600350,7524975,1700,0,"[0, 1]"
600350,7524975,1849,0,"[0, 1]"
600350,7524975,1888,0,"[0, 1]"
600350,7524975,1377,0,"[0, 1]"
600350,7524975,1339,0,"[0, 1]"
600350,7524975,1953,0,"[0, 1]"
600350,7524975,1283,0,"[0, 1]"
600350,7524975,1686,0,"[0, 1]"
600350,7524975,1467,0,"[0, 1]"
600350,7524975,1320,0,"[0, 1]"
600350,7524975,1128,0,"[0, 1]"
600350,7524975,1841,0,"[0, 1]"
600350,7524975,3287,0,"[0, 1]"
600350,7524975,3461,0,"[0, 1]"
600350,7524975,3515,0,"[0, 1]"
600350,7524975,2965,0,"[0, 1]"
600350,7524975,3561,0,"[0, 1]"
600350,7524975,2311,0,"[0, 1]"
600350,7524975,2214,0,"[0, 1]"
600350,7524975,3529,0,"[0, 1]"
600350,7524975,2049,0,"[0, 1]"
600350,7524975,4063,0,"[0, 1]"
600350,7524975,3838,0,"[0, 1]"
600350,7524975,3826,0,"[0, 1]"
600350,7524975,3235,0,"[0, 1]"
600350,7524975,3715,0,"[0, 1]"
600350,7524975,3836,0,"[0, 1]"
600350,7524975,3910,0,"[0, 1]"
600350,7524975,3756,0,"[0, 1]"
600350,7524975,3833,0,"[0, 1]"
600350,7524975,2126,0,"[0, 1]"
600350,7524975,4069,0,"[0, 1]"
600350,7524975,2693,0,"[0, 1]"
600350,7524975,2429,0,"[0, 1]"
600350,7524975,7573435,1,"[0, 1]"
600350,7524975,7153921,1,"[0, 1]"
600350,7524975,7649287,1,"[0, 1]"
600350,7524975,7560358,1,"[0, 1]"
600350,7524975,7133862,1,"[0, 1]"
600350,7524975,7436505,1,"[0, 1]"
600350,7524975,1078569,1,"[0, 1]"
600350,7524975,7600595,1,"[0, 1]"
600350,7524975,7219885,1,"[0, 1]"
600350,7524975,4770,0,"[0, 1]"
600350,7524975,7174969,1,"[0, 1]"
600350,7524975,7643700,1,"[0, 1]"
600350,7524975,4229,0,"[0, 1]"
600350,7524975,316035,1,"[0, 1]"
600350,7524975,7099045,1,"[0, 1]"
600350,7524975,7169564,1,"[0, 1]"
600350,7524975,1549440,1,"[0, 1]"
600350,7524975,7104929,1,"[0, 1]"
600350,7524975,7106343,1,"[0, 1]"
600350,7524975,7091832,1,"[0, 1]"
600350,7524975,7552313,1,"[0, 1]"
600350,7524975,7351200,1,"[0, 1]"
600350,7524975,4633,0,"[0, 1]"
600350,7524975,4765747,1,"[0, 1]"
690606,7525244,7525244,1,"[1, 0]"
690606,7525244,3751,0,"[1, 0]"
690606,7525244,1875,0,"[1, 0]"
690606,7525244,937,0,"[1, 0]"
690606,7525244,468,0,"[1, 0]"
690606,7525244,233,0,"[1, 0]"
690606,7525244,116,0,"[1, 0]"
690606,7525244,57,0,"[1, 0]"
690606,7525244,28,0,"[1, 0]"
690606,7525244,13,0,"[1, 0]"
690606,7525244,6,0,"[1, 0]"
690606,7525244,2,0,"[1, 0]"
690606,7525244,0,0,"[1, 0]"
690606,7525244,2,0,"[0, 1]"
690606,7525244,1,0,"[0, 1]"
690606,7525244,6,0,"[0, 1]"
690606,7525244,4,0,"[0, 1]"
690606,7525244,3,0,"[0, 1]"
690606,7525244,5,0,"[0, 1]"
690606,7525244,13,0,"[0, 1]"
690606,7525244,8,0,"[0, 1]"
690606,7525244,7,0,"[0, 1]"
690606,7525244,9,0,"[0, 1]"
690606,7525244,11,0,"[0, 1]"
690606,7525244,14,0,"[0, 1]"
690606,7525244,30,0,"[0, 1]"
690606,7525244,21,0,"[0, 1]"
690606,7525244,18,0,"[0, 1]"
690606,7525244,25,0,"[0, 1]"
690606,7525244,20,0,"[0, 1]"
690606,7525244,22,0,"[0, 1]"
690606,7525244,23,0,"[0, 1]"
690606,7525244,27,0,"[0, 1]"
690606,7525244,46,0,"[0, 1]"
690606,7525244,50,0,"[0, 1]"
690606,7525244,47,0,"[0, 1]"
690606,7525244,37,0,"[0, 1]"
690606,7525244,38,0,"[0, 1]"
690606,7525244,31,0,"[0, 1]"
690606,7525244,60,0,"[0, 1]"
690606,7525244,58,0,"[0, 1]"
690606,7525244,40,0,"[0, 1]"
690606,7525244,39,0,"[0, 1]"
690606,7525244,98,0,"[0, 1]"
690606,7525244,77,0,"[0, 1]"
690606,7525244,118,0,"[0, 1]"
690606,7525244,87,0,"[0, 1]"
690606,7525244,63,0,"[0, 1]"
690606,7525244,114,0,"[0, 1]"
690606,7525244,91,0,"[0, 1]"
690606,7525244,122,0,"[0, 1]"
690606,7525244,116,0,"[0, 1]"
690606,7525244,66,0,"[0, 1]"
690606,7525244,100,0,"[0, 1]"
690606,7525244,92,0,"[0, 1]"
690606,7525244,145,0,"[0, 1]"
690606,7525244,140,0,"[0, 1]"
690606,7525244,228,0,"[0, 1]"
690606,7525244,142,0,"[0, 1]"
690606,7525244,187,0,"[0, 1]"
690606,7525244,157,0,"[0, 1]"
690606,7525244,147,0,"[0, 1]"
690606,7525244,251,0,"[0, 1]"
690606,7525244,153,0,"[0, 1]"
690606,7525244,244,0,"[0, 1]"
690606,7525244,208,0,"[0, 1]"
690606,7525244,181,0,"[0, 1]"
690606,7525244,177,0,"[0, 1]"
690606,7525244,206,0,"[0, 1]"
690606,7525244,315,0,"[0, 1]"
690606,7525244,415,0,"[0, 1]"
690606,7525244,339,0,"[0, 1]"
690606,7525244,462,0,"[0, 1]"
690606,7525244,304,0,"[0, 1]"
690606,7525244,431,0,"[0, 1]"
690606,7525244,424,0,"[0, 1]"
690606,7525244,502,0,"[0, 1]"
690606,7525244,410,0,"[0, 1]"
690606,7525244,335,0,"[0, 1]"
690606,7525244,398,0,"[0, 1]"
690606,7525244,327,0,"[0, 1]"
690606,7525244,402,0,"[0, 1]"
690606,7525244,277,0,"[0, 1]"
690606,7525244,391,0,"[0, 1]"
690606,7525244,501,0,"[0, 1]"
690606,7525244,552,0,"[0, 1]"
690606,7525244,953,0,"[0, 1]"
690606,7525244,972,0,"[0, 1]"
690606,7525244,913,0,"[0, 1]"
690606,7525244,1002,0,"[0, 1]"
690606,7525244,706,0,"[0, 1]"
690606,7525244,633,0,"[0, 1]"
690606,7525244,958,0,"[0, 1]"
690606,7525244,900,0,"[0, 1]"
690606,7525244,736,0,"[0, 1]"
690606,7525244,795,0,"[0, 1]"
690606,7525244,675,0,"[0, 1]"
690606,7525244,572,0,"[0, 1]"
690606,7525244,607,0,"[0, 1]"
690606,7525244,659,0,"[0, 1]"
690606,7525244,625,0,"[0, 1]"
690606,7525244,542,0,"[0, 1]"
690606,7525244,1012,0,"[0, 1]"
690606,7525244,1689,0,"[0, 1]"
690606,7525244,1355,0,"[0, 1]"
690606,7525244,1997,0,"[0, 1]"
690606,7525244,1416,0,"[0, 1]"
690606,7525244,1279,0,"[0, 1]"
690606,7525244,2029,0,"[0, 1]"
690606,7525244,1476,0,"[0, 1]"
690606,7525244,1910,0,"[0, 1]"
690606,7525244,1233,0,"[0, 1]"
690606,7525244,1464,0,"[0, 1]"
690606,7525244,1444,0,"[0, 1]"
690606,7525244,1094,0,"[0, 1]"
690606,7525244,1409,0,"[0, 1]"
690606,7525244,1650,0,"[0, 1]"
690606,7525244,1798,0,"[0, 1]"
690606,7525244,1723,0,"[0, 1]"
690606,7525244,1784,0,"[0, 1]"
690606,7525244,2003,0,"[0, 1]"
690606,7525244,1403,0,"[0, 1]"
690606,7525244,1731,0,"[0, 1]"
690606,7525244,2962,0,"[0, 1]"
690606,7525244,2888,0,"[0, 1]"
690606,7525244,3613,0,"[0, 1]"
690606,7525244,2617,0,"[0, 1]"
690606,7525244,3332,0,"[0, 1]"
690606,7525244,3979,0,"[0, 1]"
690606,7525244,2423,0,"[0, 1]"
690606,7525244,2958,0,"[0, 1]"
690606,7525244,2383,0,"[0, 1]"
690606,7525244,2620,0,"[0, 1]"
690606,7525244,4079,0,"[0, 1]"
690606,7525244,3832,0,"[0, 1]"
690606,7525244,3811,0,"[0, 1]"
690606,7525244,2121,0,"[0, 1]"
690606,7525244,3394,0,"[0, 1]"
690606,7525244,2445,0,"[0, 1]"
690606,7525244,2368,0,"[0, 1]"
690606,7525244,2515,0,"[0, 1]"
690606,7525244,3224,0,"[0, 1]"
690606,7525244,3994,0,"[0, 1]"
690606,7525244,3312,0,"[0, 1]"
690606,7525244,2047,0,"[0, 1]"
690606,7525244,7391872,1,"[0, 1]"
690606,7525244,4538702,1,"[0, 1]"
690606,7525244,7600257,1,"[0, 1]"
690606,7525244,7478931,1,"[0, 1]"
690606,7525244,7262346,1,"[0, 1]"
690606,7525244,7252539,1,"[0, 1]"
690606,7525244,7181049,1,"[0, 1]"
690606,7525244,7685957,1,"[0, 1]"
690606,7525244,7144584,1,"[0, 1]"
690606,7525244,2158849,1,"[0, 1]"
690606,7525244,1484018,1,"[0, 1]"
690606,7525244,7080589,1,"[0, 1]"
690606,7525244,7189043,1,"[0, 1]"
690606,7525244,4893,0,"[0, 1]"
690606,7525244,7136895,1,"[0, 1]"
690606,7525244,4250,0,"[0, 1]"
690606,7525244,618956,1,"[0, 1]"
690606,7525244,7543852,1,"[0, 1]"
690606,7525244,7255675,1,"[0, 1]"
690606,7525244,7164232,1,"[0, 1]"
690606,7525244,7094511,1,"[0, 1]"
690606,7525244,7168414,1,"[0, 1]"
690606,7525244,7381706,1,"[0, 1]"
690606,7525244,7569773,1,"[0, 1]"
657204,7525515,7525515,1,"[1, 0]"
657204,7525515,4215,0,"[1, 0]"
657204,7525515,2319,0,"[1, 0]"
657204,7525515,1159,0,"[1, 0]"
657204,7525515,579,0,"[1, 0]"
657204,7525515,289,0,"[1, 0]"
657204,7525515,144,0,"[1, 0]"
657204,7525515,71,0,"[1, 0]"
657204,7525515,35,0,"[1, 0]"
657204,7525515,17,0,"[1, 0]"
657204,7525515,8,0,"[1, 0]"
657204,7525515,3,0,"[1, 0]"
657204,7525515,1,0,"[1, 0]"
657204,7525515,0,0,"[1, 0]"
657204,7525515,2,0,"[0, 1]"
657204,7525515,1,0,"[0, 1]"
657204,7525515,4,0,"[0, 1]"
657204,7525515,6,0,"[0, 1]"
657204,7525515,3,0,"[0, 1]"
657204,7525515,5,0,"[0, 1]"
657204,7525515,8,0,"[0, 1]"
657204,7525515,10,0,"[0, 1]"
657204,7525515,11,0,"[0, 1]"
657204,7525515,12,0,"[0, 1]"
657204,7525515,7,0,"[0, 1]"
657204,7525515,14,0,"[0, 1]"
657204,7525515,29,0,"[0, 1]"
657204,7525515,25,0,"[0, 1]"
657204,7525515,16,0,"[0, 1]"
657204,7525515,26,0,"[0, 1]"
657204,7525515,18,0,"[0, 1]"
657204,7525515,30,0,"[0, 1]"
657204,7525515,23,0,"[0, 1]"
657204,7525515,20,0,"[0, 1]"
657204,7525515,55,0,"[0, 1]"
657204,7525515,43,0,"[0, 1]"
657204,7525515,62,0,"[0, 1]"
657204,7525515,54,0,"[0, 1]"
657204,7525515,32,0,"[0, 1]"
657204,7525515,59,0,"[0, 1]"
657204,7525515,36,0,"[0, 1]"
657204,7525515,45,0,"[0, 1]"
657204,7525515,38,0,"[0, 1]"
657204,7525515,34,0,"[0, 1]"
657204,7525515,126,0,"[0, 1]"
657204,7525515,109,0,"[0, 1]"
657204,7525515,73,0,"[0, 1]"
657204,7525515,86,0,"[0, 1]"
657204,7525515,110,0,"[0, 1]"
657204,7525515,103,0,"[0, 1]"
657204,7525515,113,0,"[0, 1]"
657204,7525515,120,0,"[0, 1]"
657204,7525515,68,0,"[0, 1]"
657204,7525515,87,0,"[0, 1]"
657204,7525515,90,0,"[0, 1]"
657204,7525515,74,0,"[0, 1]"
657204,7525515,130,0,"[0, 1]"
657204,7525515,176,0,"[0, 1]"
657204,7525515,162,0,"[0, 1]"
657204,7525515,241,0,"[0, 1]"
657204,7525515,245,0,"[0, 1]"
657204,7525515,252,0,"[0, 1]"
657204,7525515,161,0,"[0, 1]"
657204,7525515,192,0,"[0, 1]"
657204,7525515,145,0,"[0, 1]"
657204,7525515,195,0,"[0, 1]"
657204,7525515,196,0,"[0, 1]"
657204,7525515,164,0,"[0, 1]"
657204,7525515,170,0,"[0, 1]"
657204,7525515,165,0,"[0, 1]"
657204,7525515,406,0,"[0, 1]"
657204,7525515,428,0,"[0, 1]"
657204,7525515,481,0,"[0, 1]"
657204,7525515,263,0,"[0, 1]"
657204,7525515,508,0,"[0, 1]"
657204,7525515,421,0,"[0, 1]"
657204,7525515,308,0,"[0, 1]"
657204,7525515,326,0,"[0, 1]"
657204,7525515,387,0,"[0, 1]"
657204,7525515,413,0,"[0, 1]"
657204,7525515,480,0,"[0, 1]"
657204,7525515,320,0,"[0, 1]"
657204,7525515,504,0,"[0, 1]"
657204,7525515,396,0,"[0, 1]"
657204,7525515,394,0,"[0, 1]"
657204,7525515,355,0,"[0, 1]"
657204,7525515,775,0,"[0, 1]"
657204,7525515,905,0,"[0, 1]"
657204,7525515,680,0,"[0, 1]"
657204,7525515,940,0,"[0, 1]"
657204,7525515,915,0,"[0, 1]"
657204,7525515,648,0,"[0, 1]"
657204,7525515,869,0,"[0, 1]"
657204,7525515,518,0,"[0, 1]"
657204,7525515,553,0,"[0, 1]"
657204,7525515,959,0,"[0, 1]"
657204,7525515,1004,0,"[0, 1]"
657204,7525515,978,0,"[0, 1]"
657204,7525515,722,0,"[0, 1]"
657204,7525515,996,0,"[0, 1]"
657204,7525515,754,0,"[0, 1]"
657204,7525515,541,0,"[0, 1]"
657204,7525515,548,0,"[0, 1]"
657204,7525515,567,0,"[0, 1]"
657204,7525515,1929,0,"[0, 1]"
657204,7525515,1723,0,"[0, 1]"
657204,7525515,1758,0,"[0, 1]"
657204,7525515,1277,0,"[0, 1]"
657204,7525515,1636,0,"[0, 1]"
657204,7525515,1933,0,"[0, 1]"
657204,7525515,1847,0,"[0, 1]"
657204,7525515,1801,0,"[0, 1]"
657204,7525515,1698,0,"[0, 1]"
657204,7525515,1640,0,"[0, 1]"
657204,7525515,1696,0,"[0, 1]"
657204,7525515,1819,0,"[0, 1]"
657204,7525515,1377,0,"[0, 1]"
657204,7525515,1735,0,"[0, 1]"
657204,7525515,1140,0,"[0, 1]"
657204,7525515,1194,0,"[0, 1]"
657204,7525515,1849,0,"[0, 1]"
657204,7525515,1861,0,"[0, 1]"
657204,7525515,1675,0,"[0, 1]"
657204,7525515,1737,0,"[0, 1]"
657204,7525515,3701,0,"[0, 1]"
657204,7525515,3050,0,"[0, 1]"
657204,7525515,3861,0,"[0, 1]"
657204,7525515,2174,0,"[0, 1]"
657204,7525515,2678,0,"[0, 1]"
657204,7525515,2053,0,"[0, 1]"
657204,7525515,2391,0,"[0, 1]"
657204,7525515,2784,0,"[0, 1]"
657204,7525515,3083,0,"[0, 1]"
657204,7525515,4019,0,"[0, 1]"
657204,7525515,2388,0,"[0, 1]"
657204,7525515,2360,0,"[0, 1]"
657204,7525515,2495,0,"[0, 1]"
657204,7525515,3219,0,"[0, 1]"
657204,7525515,4048,0,"[0, 1]"
657204,7525515,2430,0,"[0, 1]"
657204,7525515,3690,0,"[0, 1]"
657204,7525515,3843,0,"[0, 1]"
657204,7525515,2098,0,"[0, 1]"
657204,7525515,3226,0,"[0, 1]"
657204,7525515,3724,0,"[0, 1]"
657204,7525515,2448,0,"[0, 1]"
657204,7525515,7643183,1,"[0, 1]"
657204,7525515,7261844,1,"[0, 1]"
657204,7525515,7170234,1,"[0, 1]"
657204,7525515,7598745,1,"[0, 1]"
657204,7525515,4179,0,"[0, 1]"
657204,7525515,1399463,1,"[0, 1]"
657204,7525515,7135660,1,"[0, 1]"
657204,7525515,7297838,1,"[0, 1]"
657204,7525515,7270152,1,"[0, 1]"
657204,7525515,7423398,1,"[0, 1]"
657204,7525515,4858,0,"[0, 1]"
657204,7525515,7101703,1,"[0, 1]"
657204,7525515,112313,1,"[0, 1]"
657204,7525515,7676222,1,"[0, 1]"
657204,7525515,7635176,1,"[0, 1]"
657204,7525515,7569773,1,"[0, 1]"
657204,7525515,3403837,1,"[0, 1]"
657204,7525515,4106,0,"[0, 1]"
657204,7525515,7121818,1,"[0, 1]"
657204,7525515,4650,0,"[0, 1]"
657204,7525515,7577227,1,"[0, 1]"
657204,7525515,7276263,1,"[0, 1]"
657204,7525515,7104895,1,"[0, 1]"
657204,7525515,4740,0,"[0, 1]"
657204,7525515,7449185,1,"[0, 1]"
657204,7525515,7232099,1,"[0, 1]"
657204,7525515,7529804,1,"[0, 1]"
657204,7525515,7530341,1,"[0, 1]"
657204,7525515,7273990,1,"[0, 1]"
657204,7525515,7136893,1,"[0, 1]"
657204,7525515,7603394,1,"[0, 1]"
657204,7525515,7548961,1,"[0, 1]"
657204,7525515,7075540,1,"[0, 1]"
657204,7525515,7682321,1,"[0, 1]"
657204,7525515,7224650,1,"[0, 1]"
657204,7525515,5235433,1,"[0, 1]"
657204,7525515,7390960,1,"[0, 1]"
657204,7525515,7579764,1,"[0, 1]"
657204,7525515,7568193,1,"[0, 1]"
657204,7525515,7084934,1,"[0, 1]"
657204,7525515,7558571,1,"[0, 1]"
657204,7525515,7557710,1,"[0, 1]"
657204,7525515,7468946,1,"[0, 1]"
657204,7525515,7165391,1,"[0, 1]"
657204,7525515,7144202,1,"[0, 1]"
657204,7525515,2274875,1,"[0, 1]"
657204,7525515,7077382,1,"[0, 1]"
657204,7525515,7166235,1,"[0, 1]"
657204,7525515,7547189,1,"[0, 1]"
657204,7525515,4778293,1,"[0, 1]"
657204,570021,570021,1,"[1, 0]"
657204,570021,2320,0,"[1, 0]"
657204,570021,1159,0,"[1, 0]"
657204,570021,579,0,"[1, 0]"
657204,570021,289,0,"[1, 0]"
657204,570021,144,0,"[1, 0]"
657204,570021,71,0,"[1, 0]"
657204,570021,35,0,"[1, 0]"
657204,570021,17,0,"[1, 0]"
657204,570021,8,0,"[1, 0]"
657204,570021,3,0,"[1, 0]"
657204,570021,1,0,"[1, 0]"
657204,570021,0,0,"[1, 0]"
657204,570021,2,0,"[0, 1]"
657204,570021,1,0,"[0, 1]"
657204,570021,5,0,"[0, 1]"
657204,570021,6,0,"[0, 1]"
657204,570021,4,0,"[0, 1]"
657204,570021,3,0,"[0, 1]"
657204,570021,9,0,"[0, 1]"
657204,570021,7,0,"[0, 1]"
657204,570021,10,0,"[0, 1]"
657204,570021,8,0,"[0, 1]"
657204,570021,11,0,"[0, 1]"
657204,570021,14,0,"[0, 1]"
657204,570021,26,0,"[0, 1]"
657204,570021,23,0,"[0, 1]"
657204,570021,21,0,"[0, 1]"
657204,570021,15,0,"[0, 1]"
657204,570021,22,0,"[0, 1]"
657204,570021,25,0,"[0, 1]"
657204,570021,16,0,"[0, 1]"
657204,570021,24,0,"[0, 1]"
657204,570021,59,0,"[0, 1]"
657204,570021,49,0,"[0, 1]"
657204,570021,50,0,"[0, 1]"
657204,570021,36,0,"[0, 1]"
657204,570021,46,0,"[0, 1]"
657204,570021,41,0,"[0, 1]"
657204,570021,33,0,"[0, 1]"
657204,570021,62,0,"[0, 1]"
657204,570021,34,0,"[0, 1]"
657204,570021,61,0,"[0, 1]"
657204,570021,88,0,"[0, 1]"
657204,570021,116,0,"[0, 1]"
657204,570021,70,0,"[0, 1]"
657204,570021,82,0,"[0, 1]"
657204,570021,102,0,"[0, 1]"
657204,570021,109,0,"[0, 1]"
657204,570021,65,0,"[0, 1]"
657204,570021,120,0,"[0, 1]"
657204,570021,108,0,"[0, 1]"
657204,570021,114,0,"[0, 1]"
657204,570021,69,0,"[0, 1]"
657204,570021,115,0,"[0, 1]"
657204,570021,155,0,"[0, 1]"
657204,570021,129,0,"[0, 1]"
657204,570021,130,0,"[0, 1]"
657204,570021,221,0,"[0, 1]"
657204,570021,202,0,"[0, 1]"
657204,570021,212,0,"[0, 1]"
657204,570021,204,0,"[0, 1]"
657204,570021,171,0,"[0, 1]"
657204,570021,173,0,"[0, 1]"
657204,570021,224,0,"[0, 1]"
657204,570021,215,0,"[0, 1]"
657204,570021,235,0,"[0, 1]"
657204,570021,160,0,"[0, 1]"
657204,570021,187,0,"[0, 1]"
657204,570021,287,0,"[0, 1]"
657204,570021,348,0,"[0, 1]"
657204,570021,411,0,"[0, 1]"
657204,570021,298,0,"[0, 1]"
657204,570021,386,0,"[0, 1]"
657204,570021,265,0,"[0, 1]"
657204,570021,417,0,"[0, 1]"
657204,570021,438,0,"[0, 1]"
657204,570021,380,0,"[0, 1]"
657204,570021,462,0,"[0, 1]"
657204,570021,356,0,"[0, 1]"
657204,570021,274,0,"[0, 1]"
657204,570021,429,0,"[0, 1]"
657204,570021,470,0,"[0, 1]"
657204,570021,425,0,"[0, 1]"
657204,570021,263,0,"[0, 1]"
657204,570021,628,0,"[0, 1]"
657204,570021,1011,0,"[0, 1]"
657204,570021,768,0,"[0, 1]"
657204,570021,800,0,"[0, 1]"
657204,570021,926,0,"[0, 1]"
657204,570021,759,0,"[0, 1]"
657204,570021,775,0,"[0, 1]"
657204,570021,839,0,"[0, 1]"
657204,570021,927,0,"[0, 1]"
657204,570021,915,0,"[0, 1]"
657204,570021,715,0,"[0, 1]"
657204,570021,540,0,"[0, 1]"
657204,570021,873,0,"[0, 1]"
657204,570021,1001,0,"[0, 1]"
657204,570021,904,0,"[0, 1]"
657204,570021,667,0,"[0, 1]"
657204,570021,802,0,"[0, 1]"
657204,570021,889,0,"[0, 1]"
657204,570021,1026,0,"[0, 1]"
657204,570021,1182,0,"[0, 1]"
657204,570021,1497,0,"[0, 1]"
657204,570021,1043,0,"[0, 1]"
657204,570021,1608,0,"[0, 1]"
657204,570021,1348,0,"[0, 1]"
657204,570021,1712,0,"[0, 1]"
657204,570021,1906,0,"[0, 1]"
657204,570021,1869,0,"[0, 1]"
657204,570021,2017,0,"[0, 1]"
657204,570021,1094,0,"[0, 1]"
657204,570021,1250,0,"[0, 1]"
657204,570021,1794,0,"[0, 1]"
657204,570021,1520,0,"[0, 1]"
657204,570021,1697,0,"[0, 1]"
657204,570021,1105,0,"[0, 1]"
657204,570021,1128,0,"[0, 1]"
657204,570021,1758,0,"[0, 1]"
657204,570021,1587,0,"[0, 1]"
657204,570021,1097,0,"[0, 1]"
657204,570021,2566,0,"[0, 1]"
657204,570021,2931,0,"[0, 1]"
657204,570021,3301,0,"[0, 1]"
657204,570021,3564,0,"[0, 1]"
657204,570021,3879,0,"[0, 1]"
657204,570021,3249,0,"[0, 1]"
657204,570021,3279,0,"[0, 1]"
657204,570021,3733,0,"[0, 1]"
657204,570021,3019,0,"[0, 1]"
657204,570021,3553,0,"[0, 1]"
657204,570021,3782,0,"[0, 1]"
657204,570021,3630,0,"[0, 1]"
657204,570021,3376,0,"[0, 1]"
657204,570021,3569,0,"[0, 1]"
657204,570021,3796,0,"[0, 1]"
657204,570021,3128,0,"[0, 1]"
657204,570021,2724,0,"[0, 1]"
657204,570021,3222,0,"[0, 1]"
657204,570021,2481,0,"[0, 1]"
657204,570021,2995,0,"[0, 1]"
657204,570021,2451,0,"[0, 1]"
657204,570021,3939,0,"[0, 1]"
657204,570021,7604184,1,"[0, 1]"
657204,570021,7459757,1,"[0, 1]"
657204,570021,7632216,1,"[0, 1]"
657204,570021,7517764,1,"[0, 1]"
657204,570021,4292,0,"[0, 1]"
657204,570021,7363361,1,"[0, 1]"
657204,570021,4337,0,"[0, 1]"
657204,570021,7484208,1,"[0, 1]"
657204,570021,7682771,1,"[0, 1]"
657204,570021,7418001,1,"[0, 1]"
657204,570021,7529087,1,"[0, 1]"
657204,570021,4921,0,"[0, 1]"
657204,570021,7295424,1,"[0, 1]"
657204,570021,7091832,1,"[0, 1]"
657204,570021,4290,0,"[0, 1]"
657204,570021,7230408,1,"[0, 1]"
657204,570021,7278395,1,"[0, 1]"
657204,570021,7442986,1,"[0, 1]"
657204,570021,7089522,1,"[0, 1]"
657204,570021,7198089,1,"[0, 1]"
657204,570021,4941,0,"[0, 1]"
657204,570021,7263857,1,"[0, 1]"
657204,570021,7466816,1,"[0, 1]"
657204,570021,7588406,1,"[0, 1]"
697780,7525624,7525624,1,"[1, 0]"
697780,7525624,3545,0,"[1, 0]"
697780,7525624,1772,0,"[1, 0]"
697780,7525624,885,0,"[1, 0]"
697780,7525624,442,0,"[1, 0]"
697780,7525624,220,0,"[1, 0]"
697780,7525624,109,0,"[1, 0]"
697780,7525624,54,0,"[1, 0]"
697780,7525624,26,0,"[1, 0]"
697780,7525624,12,0,"[1, 0]"
697780,7525624,5,0,"[1, 0]"
697780,7525624,2,0,"[1, 0]"
697780,7525624,0,0,"[1, 0]"
697780,7525624,1,0,"[0, 1]"
697780,7525624,2,0,"[0, 1]"
697780,7525624,4,0,"[0, 1]"
697780,7525624,3,0,"[0, 1]"
697780,7525624,6,0,"[0, 1]"
697780,7525624,5,0,"[0, 1]"
697780,7525624,13,0,"[0, 1]"
697780,7525624,11,0,"[0, 1]"
697780,7525624,8,0,"[0, 1]"
697780,7525624,9,0,"[0, 1]"
697780,7525624,12,0,"[0, 1]"
697780,7525624,7,0,"[0, 1]"
697780,7525624,22,0,"[0, 1]"
697780,7525624,30,0,"[0, 1]"
697780,7525624,25,0,"[0, 1]"
697780,7525624,29,0,"[0, 1]"
697780,7525624,16,0,"[0, 1]"
697780,7525624,20,0,"[0, 1]"
697780,7525624,27,0,"[0, 1]"
697780,7525624,26,0,"[0, 1]"
697780,7525624,59,0,"[0, 1]"
697780,7525624,36,0,"[0, 1]"
697780,7525624,55,0,"[0, 1]"
697780,7525624,33,0,"[0, 1]"
697780,7525624,52,0,"[0, 1]"
697780,7525624,44,0,"[0, 1]"
697780,7525624,47,0,"[0, 1]"
697780,7525624,50,0,"[0, 1]"
697780,7525624,45,0,"[0, 1]"
697780,7525624,37,0,"[0, 1]"
697780,7525624,77,0,"[0, 1]"
697780,7525624,113,0,"[0, 1]"
697780,7525624,95,0,"[0, 1]"
697780,7525624,82,0,"[0, 1]"
697780,7525624,78,0,"[0, 1]"
697780,7525624,88,0,"[0, 1]"
697780,7525624,91,0,"[0, 1]"
697780,7525624,67,0,"[0, 1]"
697780,7525624,81,0,"[0, 1]"
697780,7525624,79,0,"[0, 1]"
697780,7525624,92,0,"[0, 1]"
697780,7525624,111,0,"[0, 1]"
697780,7525624,186,0,"[0, 1]"
697780,7525624,162,0,"[0, 1]"
697780,7525624,148,0,"[0, 1]"
697780,7525624,169,0,"[0, 1]"
697780,7525624,140,0,"[0, 1]"
697780,7525624,149,0,"[0, 1]"
697780,7525624,142,0,"[0, 1]"
697780,7525624,137,0,"[0, 1]"
697780,7525624,179,0,"[0, 1]"
697780,7525624,226,0,"[0, 1]"
697780,7525624,204,0,"[0, 1]"
697780,7525624,231,0,"[0, 1]"
697780,7525624,207,0,"[0, 1]"
697780,7525624,127,0,"[0, 1]"
697780,7525624,269,0,"[0, 1]"
697780,7525624,349,0,"[0, 1]"
697780,7525624,445,0,"[0, 1]"
697780,7525624,293,0,"[0, 1]"
697780,7525624,471,0,"[0, 1]"
697780,7525624,384,0,"[0, 1]"
697780,7525624,304,0,"[0, 1]"
697780,7525624,480,0,"[0, 1]"
697780,7525624,434,0,"[0, 1]"
697780,7525624,281,0,"[0, 1]"
697780,7525624,411,0,"[0, 1]"
697780,7525624,392,0,"[0, 1]"
697780,7525624,355,0,"[0, 1]"
697780,7525624,453,0,"[0, 1]"
697780,7525624,393,0,"[0, 1]"
697780,7525624,460,0,"[0, 1]"
697780,7525624,698,0,"[0, 1]"
697780,7525624,983,0,"[0, 1]"
697780,7525624,845,0,"[0, 1]"
697780,7525624,697,0,"[0, 1]"
697780,7525624,640,0,"[0, 1]"
697780,7525624,660,0,"[0, 1]"
697780,7525624,750,0,"[0, 1]"
697780,7525624,554,0,"[0, 1]"
697780,7525624,579,0,"[0, 1]"
697780,7525624,654,0,"[0, 1]"
697780,7525624,825,0,"[0, 1]"
697780,7525624,879,0,"[0, 1]"
697780,7525624,667,0,"[0, 1]"
697780,7525624,908,0,"[0, 1]"
697780,7525624,903,0,"[0, 1]"
697780,7525624,594,0,"[0, 1]"
697780,7525624,682,0,"[0, 1]"
697780,7525624,885,0,"[0, 1]"
697780,7525624,1178,0,"[0, 1]"
697780,7525624,1483,0,"[0, 1]"
697780,7525624,1115,0,"[0, 1]"
697780,7525624,1106,0,"[0, 1]"
697780,7525624,1350,0,"[0, 1]"
697780,7525624,1669,0,"[0, 1]"
697780,7525624,1515,0,"[0, 1]"
697780,7525624,1907,0,"[0, 1]"
697780,7525624,1618,0,"[0, 1]"
697780,7525624,1859,0,"[0, 1]"
697780,7525624,1778,0,"[0, 1]"
697780,7525624,1510,0,"[0, 1]"
697780,7525624,1406,0,"[0, 1]"
697780,7525624,1464,0,"[0, 1]"
697780,7525624,1732,0,"[0, 1]"
697780,7525624,1196,0,"[0, 1]"
697780,7525624,1023,0,"[0, 1]"
697780,7525624,1864,0,"[0, 1]"
697780,7525624,1189,0,"[0, 1]"
697780,7525624,1696,0,"[0, 1]"
697780,7525624,2370,0,"[0, 1]"
697780,7525624,3548,0,"[0, 1]"
697780,7525624,3097,0,"[0, 1]"
697780,7525624,2990,0,"[0, 1]"
697780,7525624,2554,0,"[0, 1]"
697780,7525624,3498,0,"[0, 1]"
697780,7525624,2458,0,"[0, 1]"
697780,7525624,3059,0,"[0, 1]"
697780,7525624,2304,0,"[0, 1]"
697780,7525624,2227,0,"[0, 1]"
697780,7525624,3358,0,"[0, 1]"
697780,7525624,2979,0,"[0, 1]"
697780,7525624,3828,0,"[0, 1]"
697780,7525624,3777,0,"[0, 1]"
697780,7525624,3470,0,"[0, 1]"
697780,7525624,2150,0,"[0, 1]"
697780,7525624,3035,0,"[0, 1]"
697780,7525624,3137,0,"[0, 1]"
697780,7525624,2465,0,"[0, 1]"
697780,7525624,2348,0,"[0, 1]"
697780,7525624,2960,0,"[0, 1]"
697780,7525624,3437,0,"[0, 1]"
697780,7525624,7415523,1,"[0, 1]"
697780,7525624,4349,0,"[0, 1]"
697780,7525624,7484272,1,"[0, 1]"
697780,7525624,7618929,1,"[0, 1]"
697780,7525624,4858,0,"[0, 1]"
697780,7525624,7587115,1,"[0, 1]"
697780,7525624,4267,0,"[0, 1]"
697780,7525624,7114135,1,"[0, 1]"
697780,7525624,7287868,1,"[0, 1]"
697780,7525624,7089215,1,"[0, 1]"
697780,7525624,4622456,1,"[0, 1]"
697780,7525624,4223,0,"[0, 1]"
697780,7525624,7417207,1,"[0, 1]"
697780,7525624,7473138,1,"[0, 1]"
697780,7525624,7457652,1,"[0, 1]"
697780,7525624,4465,0,"[0, 1]"
697780,7525624,1192808,1,"[0, 1]"
697780,7525624,7438306,1,"[0, 1]"
697780,7525624,4436,0,"[0, 1]"
697780,7525624,4722,0,"[0, 1]"
697780,7525624,7248824,1,"[0, 1]"
697780,7525624,7171168,1,"[0, 1]"
697780,7525624,7207005,1,"[0, 1]"
697780,7525624,7214917,1,"[0, 1]"
579133,303786,303786,1,"[1, 0]"
579133,303786,3443,0,"[1, 0]"
579133,303786,1721,0,"[1, 0]"
579133,303786,860,0,"[1, 0]"
579133,303786,429,0,"[1, 0]"
579133,303786,214,0,"[1, 0]"
579133,303786,106,0,"[1, 0]"
579133,303786,52,0,"[1, 0]"
579133,303786,25,0,"[1, 0]"
579133,303786,12,0,"[1, 0]"
579133,303786,5,0,"[1, 0]"
579133,303786,2,0,"[1, 0]"
579133,303786,0,0,"[1, 0]"
579133,303786,2,0,"[0, 1]"
579133,303786,1,0,"[0, 1]"
579133,303786,5,0,"[0, 1]"
579133,303786,6,0,"[0, 1]"
579133,303786,4,0,"[0, 1]"
579133,303786,3,0,"[0, 1]"
579133,303786,13,0,"[0, 1]"
579133,303786,11,0,"[0, 1]"
579133,303786,9,0,"[0, 1]"
579133,303786,12,0,"[0, 1]"
579133,303786,8,0,"[0, 1]"
579133,303786,14,0,"[0, 1]"
579133,303786,20,0,"[0, 1]"
579133,303786,16,0,"[0, 1]"
579133,303786,23,0,"[0, 1]"
579133,303786,24,0,"[0, 1]"
579133,303786,27,0,"[0, 1]"
579133,303786,18,0,"[0, 1]"
579133,303786,15,0,"[0, 1]"
579133,303786,28,0,"[0, 1]"
579133,303786,49,0,"[0, 1]"
579133,303786,40,0,"[0, 1]"
579133,303786,60,0,"[0, 1]"
579133,303786,62,0,"[0, 1]"
579133,303786,59,0,"[0, 1]"
579133,303786,56,0,"[0, 1]"
579133,303786,39,0,"[0, 1]"
579133,303786,58,0,"[0, 1]"
579133,303786,37,0,"[0, 1]"
579133,303786,34,0,"[0, 1]"
579133,303786,64,0,"[0, 1]"
579133,303786,109,0,"[0, 1]"
579133,303786,103,0,"[0, 1]"
579133,303786,116,0,"[0, 1]"
579133,303786,66,0,"[0, 1]"
579133,303786,101,0,"[0, 1]"
579133,303786,124,0,"[0, 1]"
579133,303786,90,0,"[0, 1]"
579133,303786,114,0,"[0, 1]"
579133,303786,112,0,"[0, 1]"
579133,303786,86,0,"[0, 1]"
579133,303786,79,0,"[0, 1]"
579133,303786,128,0,"[0, 1]"
579133,303786,236,0,"[0, 1]"
579133,303786,202,0,"[0, 1]"
579133,303786,157,0,"[0, 1]"
579133,303786,200,0,"[0, 1]"
579133,303786,174,0,"[0, 1]"
579133,303786,230,0,"[0, 1]"
579133,303786,190,0,"[0, 1]"
579133,303786,172,0,"[0, 1]"
579133,303786,187,0,"[0, 1]"
579133,303786,183,0,"[0, 1]"
579133,303786,140,0,"[0, 1]"
579133,303786,197,0,"[0, 1]"
579133,303786,152,0,"[0, 1]"
579133,303786,415,0,"[0, 1]"
579133,303786,313,0,"[0, 1]"
579133,303786,391,0,"[0, 1]"
579133,303786,268,0,"[0, 1]"
579133,303786,453,0,"[0, 1]"
579133,303786,364,0,"[0, 1]"
579133,303786,429,0,"[0, 1]"
579133,303786,510,0,"[0, 1]"
579133,303786,396,0,"[0, 1]"
579133,303786,431,0,"[0, 1]"
579133,303786,400,0,"[0, 1]"
579133,303786,506,0,"[0, 1]"
579133,303786,478,0,"[0, 1]"
579133,303786,463,0,"[0, 1]"
579133,303786,436,0,"[0, 1]"
579133,303786,482,0,"[0, 1]"
579133,303786,642,0,"[0, 1]"
579133,303786,704,0,"[0, 1]"
579133,303786,978,0,"[0, 1]"
579133,303786,934,0,"[0, 1]"
579133,303786,584,0,"[0, 1]"
579133,303786,1021,0,"[0, 1]"
579133,303786,789,0,"[0, 1]"
579133,303786,710,0,"[0, 1]"
579133,303786,680,0,"[0, 1]"
579133,303786,930,0,"[0, 1]"
579133,303786,836,0,"[0, 1]"
579133,303786,783,0,"[0, 1]"
579133,303786,616,0,"[0, 1]"
579133,303786,988,0,"[0, 1]"
579133,303786,964,0,"[0, 1]"
579133,303786,633,0,"[0, 1]"
579133,303786,859,0,"[0, 1]"
579133,303786,878,0,"[0, 1]"
579133,303786,1587,0,"[0, 1]"
579133,303786,1753,0,"[0, 1]"
579133,303786,1208,0,"[0, 1]"
579133,303786,1960,0,"[0, 1]"
579133,303786,1361,0,"[0, 1]"
579133,303786,1638,0,"[0, 1]"
579133,303786,1566,0,"[0, 1]"
579133,303786,1773,0,"[0, 1]"
579133,303786,1840,0,"[0, 1]"
579133,303786,2012,0,"[0, 1]"
579133,303786,1362,0,"[0, 1]"
579133,303786,1270,0,"[0, 1]"
579133,303786,1793,0,"[0, 1]"
579133,303786,1428,0,"[0, 1]"
579133,303786,1688,0,"[0, 1]"
579133,303786,1555,0,"[0, 1]"
579133,303786,1368,0,"[0, 1]"
579133,303786,1628,0,"[0, 1]"
579133,303786,1336,0,"[0, 1]"
579133,303786,1846,0,"[0, 1]"
579133,303786,3592,0,"[0, 1]"
579133,303786,2638,0,"[0, 1]"
579133,303786,3029,0,"[0, 1]"
579133,303786,2543,0,"[0, 1]"
579133,303786,3179,0,"[0, 1]"
579133,303786,2987,0,"[0, 1]"
579133,303786,2755,0,"[0, 1]"
579133,303786,2394,0,"[0, 1]"
579133,303786,2932,0,"[0, 1]"
579133,303786,3336,0,"[0, 1]"
579133,303786,2100,0,"[0, 1]"
579133,303786,2471,0,"[0, 1]"
579133,303786,2437,0,"[0, 1]"
579133,303786,2225,0,"[0, 1]"
579133,303786,3062,0,"[0, 1]"
579133,303786,2946,0,"[0, 1]"
579133,303786,3202,0,"[0, 1]"
579133,303786,3366,0,"[0, 1]"
579133,303786,3518,0,"[0, 1]"
579133,303786,3948,0,"[0, 1]"
579133,303786,2212,0,"[0, 1]"
579133,303786,2885,0,"[0, 1]"
579133,303786,4279,0,"[0, 1]"
579133,303786,4643,0,"[0, 1]"
579133,303786,7247595,1,"[0, 1]"
579133,303786,4976,0,"[0, 1]"
579133,303786,7411777,1,"[0, 1]"
579133,303786,4931,0,"[0, 1]"
579133,303786,7189349,1,"[0, 1]"
579133,303786,7342775,1,"[0, 1]"
579133,303786,7206018,1,"[0, 1]"
579133,303786,7067796,1,"[0, 1]"
579133,303786,7452632,1,"[0, 1]"
579133,303786,7216035,1,"[0, 1]"
579133,303786,7640856,1,"[0, 1]"
579133,303786,7681474,1,"[0, 1]"
579133,303786,7616142,1,"[0, 1]"
579133,303786,7104007,1,"[0, 1]"
579133,303786,1091906,1,"[0, 1]"
579133,303786,4567,0,"[0, 1]"
579133,303786,7159235,1,"[0, 1]"
579133,303786,7370864,1,"[0, 1]"
579133,303786,7507377,1,"[0, 1]"
579133,303786,7360357,1,"[0, 1]"
579133,303786,7270023,1,"[0, 1]"
579133,303786,4960,0,"[0, 1]"
556248,3828290,3828290,1,"[1, 0]"
556248,3828290,4018,0,"[1, 0]"
556248,3828290,2008,0,"[1, 0]"
556248,3828290,1003,0,"[1, 0]"
556248,3828290,501,0,"[1, 0]"
556248,3828290,250,0,"[1, 0]"
556248,3828290,124,0,"[1, 0]"
556248,3828290,61,0,"[1, 0]"
556248,3828290,30,0,"[1, 0]"
556248,3828290,14,0,"[1, 0]"
556248,3828290,6,0,"[1, 0]"
556248,3828290,2,0,"[1, 0]"
556248,3828290,0,0,"[1, 0]"
556248,3828290,2,0,"[0, 1]"
556248,3828290,1,0,"[0, 1]"
556248,3828290,3,0,"[0, 1]"
556248,3828290,5,0,"[0, 1]"
556248,3828290,6,0,"[0, 1]"
556248,3828290,4,0,"[0, 1]"
556248,3828290,7,0,"[0, 1]"
556248,3828290,14,0,"[0, 1]"
556248,3828290,8,0,"[0, 1]"
556248,3828290,12,0,"[0, 1]"
556248,3828290,11,0,"[0, 1]"
556248,3828290,9,0,"[0, 1]"
556248,3828290,30,0,"[0, 1]"
556248,3828290,29,0,"[0, 1]"
556248,3828290,22,0,"[0, 1]"
556248,3828290,19,0,"[0, 1]"
556248,3828290,26,0,"[0, 1]"
556248,3828290,28,0,"[0, 1]"
556248,3828290,27,0,"[0, 1]"
556248,3828290,15,0,"[0, 1]"
556248,3828290,38,0,"[0, 1]"
556248,3828290,32,0,"[0, 1]"
556248,3828290,44,0,"[0, 1]"
556248,3828290,45,0,"[0, 1]"
556248,3828290,41,0,"[0, 1]"
556248,3828290,62,0,"[0, 1]"
556248,3828290,42,0,"[0, 1]"
556248,3828290,34,0,"[0, 1]"
556248,3828290,50,0,"[0, 1]"
556248,3828290,57,0,"[0, 1]"
556248,3828290,126,0,"[0, 1]"
556248,3828290,76,0,"[0, 1]"
556248,3828290,109,0,"[0, 1]"
556248,3828290,116,0,"[0, 1]"
556248,3828290,87,0,"[0, 1]"
556248,3828290,113,0,"[0, 1]"
556248,3828290,124,0,"[0, 1]"
556248,3828290,90,0,"[0, 1]"
556248,3828290,91,0,"[0, 1]"
556248,3828290,115,0,"[0, 1]"
556248,3828290,122,0,"[0, 1]"
556248,3828290,72,0,"[0, 1]"
556248,3828290,236,0,"[0, 1]"
556248,3828290,189,0,"[0, 1]"
556248,3828290,155,0,"[0, 1]"
556248,3828290,235,0,"[0, 1]"
556248,3828290,232,0,"[0, 1]"
556248,3828290,144,0,"[0, 1]"
556248,3828290,226,0,"[0, 1]"
556248,3828290,131,0,"[0, 1]"
556248,3828290,224,0,"[0, 1]"
556248,3828290,229,0,"[0, 1]"
556248,3828290,191,0,"[0, 1]"
556248,3828290,212,0,"[0, 1]"
556248,3828290,240,0,"[0, 1]"
556248,3828290,187,0,"[0, 1]"
556248,3828290,366,0,"[0, 1]"
556248,3828290,419,0,"[0, 1]"
556248,3828290,456,0,"[0, 1]"
556248,3828290,300,0,"[0, 1]"
556248,3828290,263,0,"[0, 1]"
556248,3828290,315,0,"[0, 1]"
556248,3828290,352,0,"[0, 1]"
556248,3828290,495,0,"[0, 1]"
556248,3828290,408,0,"[0, 1]"
556248,3828290,342,0,"[0, 1]"
556248,3828290,496,0,"[0, 1]"
556248,3828290,384,0,"[0, 1]"
556248,3828290,357,0,"[0, 1]"
556248,3828290,449,0,"[0, 1]"
556248,3828290,487,0,"[0, 1]"
556248,3828290,334,0,"[0, 1]"
556248,3828290,829,0,"[0, 1]"
556248,3828290,906,0,"[0, 1]"
556248,3828290,595,0,"[0, 1]"
556248,3828290,566,0,"[0, 1]"
556248,3828290,740,0,"[0, 1]"
556248,3828290,793,0,"[0, 1]"
556248,3828290,540,0,"[0, 1]"
556248,3828290,783,0,"[0, 1]"
556248,3828290,645,0,"[0, 1]"
556248,3828290,730,0,"[0, 1]"
556248,3828290,934,0,"[0, 1]"
556248,3828290,676,0,"[0, 1]"
556248,3828290,711,0,"[0, 1]"
556248,3828290,518,0,"[0, 1]"
556248,3828290,952,0,"[0, 1]"
556248,3828290,543,0,"[0, 1]"
556248,3828290,521,0,"[0, 1]"
556248,3828290,689,0,"[0, 1]"
556248,3828290,1692,0,"[0, 1]"
556248,3828290,1445,0,"[0, 1]"
556248,3828290,1784,0,"[0, 1]"
556248,3828290,1074,0,"[0, 1]"
556248,3828290,1916,0,"[0, 1]"
556248,3828290,1339,0,"[0, 1]"
556248,3828290,1748,0,"[0, 1]"
556248,3828290,1169,0,"[0, 1]"
556248,3828290,1640,0,"[0, 1]"
556248,3828290,1048,0,"[0, 1]"
556248,3828290,1687,0,"[0, 1]"
556248,3828290,1150,0,"[0, 1]"
556248,3828290,1171,0,"[0, 1]"
556248,3828290,1207,0,"[0, 1]"
556248,3828290,1803,0,"[0, 1]"
556248,3828290,1334,0,"[0, 1]"
556248,3828290,1333,0,"[0, 1]"
556248,3828290,1129,0,"[0, 1]"
556248,3828290,1275,0,"[0, 1]"
556248,3828290,1443,0,"[0, 1]"
556248,3828290,3373,0,"[0, 1]"
556248,3828290,3756,0,"[0, 1]"
556248,3828290,3532,0,"[0, 1]"
556248,3828290,3569,0,"[0, 1]"
556248,3828290,2096,0,"[0, 1]"
556248,3828290,2853,0,"[0, 1]"
556248,3828290,3372,0,"[0, 1]"
556248,3828290,2865,0,"[0, 1]"
556248,3828290,3890,0,"[0, 1]"
556248,3828290,3027,0,"[0, 1]"
556248,3828290,3308,0,"[0, 1]"
556248,3828290,3248,0,"[0, 1]"
556248,3828290,3986,0,"[0, 1]"
556248,3828290,3069,0,"[0, 1]"
556248,3828290,3120,0,"[0, 1]"
556248,3828290,3738,0,"[0, 1]"
556248,3828290,3488,0,"[0, 1]"
556248,3828290,3732,0,"[0, 1]"
556248,3828290,2157,0,"[0, 1]"
556248,3828290,3899,0,"[0, 1]"
556248,3828290,3799,0,"[0, 1]"
556248,3828290,4026,0,"[0, 1]"
556248,3828290,4923,0,"[0, 1]"
556248,3828290,7152839,1,"[0, 1]"
556248,3828290,1693502,1,"[0, 1]"
556248,3828290,7409861,1,"[0, 1]"
556248,3828290,4455,0,"[0, 1]"
556248,3828290,7342150,1,"[0, 1]"
556248,3828290,7094280,1,"[0, 1]"
556248,3828290,7541711,1,"[0, 1]"
556248,3828290,7384421,1,"[0, 1]"
556248,3828290,7499076,1,"[0, 1]"
556248,3828290,7183798,1,"[0, 1]"
556248,3828290,4705,0,"[0, 1]"
556248,3828290,7436417,1,"[0, 1]"
556248,3828290,7338809,1,"[0, 1]"
556248,3828290,7503445,1,"[0, 1]"
556248,3828290,7604003,1,"[0, 1]"
556248,3828290,6661520,1,"[0, 1]"
556248,3828290,7446117,1,"[0, 1]"
556248,3828290,7436481,1,"[0, 1]"
556248,3828290,7280067,1,"[0, 1]"
556248,3828290,7644294,1,"[0, 1]"
556248,3828290,7212883,1,"[0, 1]"
556248,3828290,7395044,1,"[0, 1]"
556248,3828290,7404784,1,"[0, 1]"
427323,7525934,7525934,1,"[1, 0]"
427323,7525934,4235,0,"[1, 0]"
427323,7525934,2366,0,"[1, 0]"
427323,7525934,1182,0,"[1, 0]"
427323,7525934,590,0,"[1, 0]"
427323,7525934,294,0,"[1, 0]"
427323,7525934,146,0,"[1, 0]"
427323,7525934,72,0,"[1, 0]"
427323,7525934,35,0,"[1, 0]"
427323,7525934,17,0,"[1, 0]"
427323,7525934,8,0,"[1, 0]"
427323,7525934,3,0,"[1, 0]"
427323,7525934,1,0,"[1, 0]"
427323,7525934,0,0,"[1, 0]"
427323,7525934,2,0,"[0, 1]"
427323,7525934,1,0,"[0, 1]"
427323,7525934,6,0,"[0, 1]"
427323,7525934,4,0,"[0, 1]"
427323,7525934,3,0,"[0, 1]"
427323,7525934,5,0,"[0, 1]"
427323,7525934,12,0,"[0, 1]"
427323,7525934,7,0,"[0, 1]"
427323,7525934,10,0,"[0, 1]"
427323,7525934,8,0,"[0, 1]"
427323,7525934,11,0,"[0, 1]"
427323,7525934,9,0,"[0, 1]"
427323,7525934,27,0,"[0, 1]"
427323,7525934,20,0,"[0, 1]"
427323,7525934,25,0,"[0, 1]"
427323,7525934,19,0,"[0, 1]"
427323,7525934,30,0,"[0, 1]"
427323,7525934,17,0,"[0, 1]"
427323,7525934,26,0,"[0, 1]"
427323,7525934,15,0,"[0, 1]"
427323,7525934,53,0,"[0, 1]"
427323,7525934,60,0,"[0, 1]"
427323,7525934,31,0,"[0, 1]"
427323,7525934,56,0,"[0, 1]"
427323,7525934,54,0,"[0, 1]"
427323,7525934,35,0,"[0, 1]"
427323,7525934,49,0,"[0, 1]"
427323,7525934,55,0,"[0, 1]"
427323,7525934,58,0,"[0, 1]"
427323,7525934,61,0,"[0, 1]"
427323,7525934,83,0,"[0, 1]"
427323,7525934,123,0,"[0, 1]"
427323,7525934,103,0,"[0, 1]"
427323,7525934,77,0,"[0, 1]"
427323,7525934,97,0,"[0, 1]"
427323,7525934,125,0,"[0, 1]"
427323,7525934,92,0,"[0, 1]"
427323,7525934,71,0,"[0, 1]"
427323,7525934,107,0,"[0, 1]"
427323,7525934,89,0,"[0, 1]"
427323,7525934,64,0,"[0, 1]"
427323,7525934,75,0,"[0, 1]"
427323,7525934,195,0,"[0, 1]"
427323,7525934,132,0,"[0, 1]"
427323,7525934,211,0,"[0, 1]"
427323,7525934,146,0,"[0, 1]"
427323,7525934,135,0,"[0, 1]"
427323,7525934,174,0,"[0, 1]"
427323,7525934,221,0,"[0, 1]"
427323,7525934,143,0,"[0, 1]"
427323,7525934,233,0,"[0, 1]"
427323,7525934,154,0,"[0, 1]"
427323,7525934,159,0,"[0, 1]"
427323,7525934,172,0,"[0, 1]"
427323,7525934,161,0,"[0, 1]"
427323,7525934,193,0,"[0, 1]"
427323,7525934,324,0,"[0, 1]"
427323,7525934,435,0,"[0, 1]"
427323,7525934,508,0,"[0, 1]"
427323,7525934,453,0,"[0, 1]"
427323,7525934,454,0,"[0, 1]"
427323,7525934,370,0,"[0, 1]"
427323,7525934,294,0,"[0, 1]"
427323,7525934,345,0,"[0, 1]"
427323,7525934,442,0,"[0, 1]"
427323,7525934,313,0,"[0, 1]"
427323,7525934,396,0,"[0, 1]"
427323,7525934,311,0,"[0, 1]"
427323,7525934,401,0,"[0, 1]"
427323,7525934,459,0,"[0, 1]"
427323,7525934,349,0,"[0, 1]"
427323,7525934,474,0,"[0, 1]"
427323,7525934,906,0,"[0, 1]"
427323,7525934,859,0,"[0, 1]"
427323,7525934,783,0,"[0, 1]"
427323,7525934,666,0,"[0, 1]"
427323,7525934,779,0,"[0, 1]"
427323,7525934,1018,0,"[0, 1]"
427323,7525934,872,0,"[0, 1]"
427323,7525934,959,0,"[0, 1]"
427323,7525934,951,0,"[0, 1]"
427323,7525934,720,0,"[0, 1]"
427323,7525934,991,0,"[0, 1]"
427323,7525934,981,0,"[0, 1]"
427323,7525934,709,0,"[0, 1]"
427323,7525934,529,0,"[0, 1]"
427323,7525934,1014,0,"[0, 1]"
427323,7525934,687,0,"[0, 1]"
427323,7525934,785,0,"[0, 1]"
427323,7525934,1019,0,"[0, 1]"
427323,7525934,1941,0,"[0, 1]"
427323,7525934,1674,0,"[0, 1]"
427323,7525934,1871,0,"[0, 1]"
427323,7525934,2000,0,"[0, 1]"
427323,7525934,1424,0,"[0, 1]"
427323,7525934,2019,0,"[0, 1]"
427323,7525934,1703,0,"[0, 1]"
427323,7525934,1373,0,"[0, 1]"
427323,7525934,1853,0,"[0, 1]"
427323,7525934,1041,0,"[0, 1]"
427323,7525934,1044,0,"[0, 1]"
427323,7525934,1396,0,"[0, 1]"
427323,7525934,1261,0,"[0, 1]"
427323,7525934,1812,0,"[0, 1]"
427323,7525934,1297,0,"[0, 1]"
427323,7525934,1408,0,"[0, 1]"
427323,7525934,2022,0,"[0, 1]"
427323,7525934,1621,0,"[0, 1]"
427323,7525934,2045,0,"[0, 1]"
427323,7525934,1459,0,"[0, 1]"
427323,7525934,2623,0,"[0, 1]"
427323,7525934,3242,0,"[0, 1]"
427323,7525934,3761,0,"[0, 1]"
427323,7525934,2229,0,"[0, 1]"
427323,7525934,3904,0,"[0, 1]"
427323,7525934,2553,0,"[0, 1]"
427323,7525934,2218,0,"[0, 1]"
427323,7525934,2187,0,"[0, 1]"
427323,7525934,3565,0,"[0, 1]"
427323,7525934,3233,0,"[0, 1]"
427323,7525934,3333,0,"[0, 1]"
427323,7525934,3314,0,"[0, 1]"
427323,7525934,3145,0,"[0, 1]"
427323,7525934,2335,0,"[0, 1]"
427323,7525934,3755,0,"[0, 1]"
427323,7525934,3839,0,"[0, 1]"
427323,7525934,3312,0,"[0, 1]"
427323,7525934,2583,0,"[0, 1]"
427323,7525934,4009,0,"[0, 1]"
427323,7525934,3036,0,"[0, 1]"
427323,7525934,3431,0,"[0, 1]"
427323,7525934,2738,0,"[0, 1]"
427323,7525934,2646831,1,"[0, 1]"
427323,7525934,7119885,1,"[0, 1]"
427323,7525934,7075870,1,"[0, 1]"
427323,7525934,7185091,1,"[0, 1]"
427323,7525934,7189902,1,"[0, 1]"
427323,7525934,4888,0,"[0, 1]"
427323,7525934,7252539,1,"[0, 1]"
427323,7525934,7105842,1,"[0, 1]"
427323,7525934,1078569,1,"[0, 1]"
427323,7525934,7210316,1,"[0, 1]"
427323,7525934,7394410,1,"[0, 1]"
427323,7525934,7179733,1,"[0, 1]"
427323,7525934,6552452,1,"[0, 1]"
427323,7525934,4834,0,"[0, 1]"
427323,7525934,7108115,1,"[0, 1]"
427323,7525934,7523050,1,"[0, 1]"
427323,7525934,4366,0,"[0, 1]"
427323,7525934,4403,0,"[0, 1]"
427323,7525934,7393434,1,"[0, 1]"
427323,7525934,7436847,1,"[0, 1]"
427323,7525934,4231,0,"[0, 1]"
427323,7525934,7570390,1,"[0, 1]"
427323,7525934,7097656,1,"[0, 1]"
427323,7525934,7581255,1,"[0, 1]"
427323,7525934,7647465,1,"[0, 1]"
427323,7525934,7279218,1,"[0, 1]"
427323,7525934,284425,1,"[0, 1]"
427323,7525934,7176974,1,"[0, 1]"
427323,7525934,7680724,1,"[0, 1]"
427323,7525934,7384185,1,"[0, 1]"
427323,7525934,7525934,1,"[0, 1]"
427323,7525934,7392416,1,"[0, 1]"
427323,7525934,7689210,1,"[0, 1]"
427323,7525934,7163548,1,"[0, 1]"
427323,7525934,7219650,1,"[0, 1]"
427323,7525934,7204987,1,"[0, 1]"
427323,7525934,7106946,1,"[0, 1]"
427323,7525934,7396051,1,"[0, 1]"
427323,7525934,7088720,1,"[0, 1]"
427323,7525934,7106635,1,"[0, 1]"
427323,7525934,7440580,1,"[0, 1]"
427323,7525934,7333284,1,"[0, 1]"
427323,7525934,7601517,1,"[0, 1]"
427323,7525934,7476485,1,"[0, 1]"
427323,7525934,7685719,1,"[0, 1]"
427323,7525934,7155329,1,"[0, 1]"
427323,7525934,7541530,1,"[0, 1]"
427323,7525934,7539527,1,"[0, 1]"
427323,7525934,7406317,1,"[0, 1]"
427323,7525934,7217960,1,"[0, 1]"
574944,7525949,7525949,1,"[1, 0]"
574944,7525949,2421,0,"[1, 0]"
574944,7525949,1210,0,"[1, 0]"
574944,7525949,604,0,"[1, 0]"
574944,7525949,301,0,"[1, 0]"
574944,7525949,150,0,"[1, 0]"
574944,7525949,74,0,"[1, 0]"
574944,7525949,36,0,"[1, 0]"
574944,7525949,17,0,"[1, 0]"
574944,7525949,8,0,"[1, 0]"
574944,7525949,3,0,"[1, 0]"
574944,7525949,1,0,"[1, 0]"
574944,7525949,0,0,"[1, 0]"
574944,7525949,1,0,"[0, 1]"
574944,7525949,2,0,"[0, 1]"
574944,7525949,5,0,"[0, 1]"
574944,7525949,3,0,"[0, 1]"
574944,7525949,6,0,"[0, 1]"
574944,7525949,4,0,"[0, 1]"
574944,7525949,7,0,"[0, 1]"
574944,7525949,13,0,"[0, 1]"
574944,7525949,8,0,"[0, 1]"
574944,7525949,9,0,"[0, 1]"
574944,7525949,12,0,"[0, 1]"
574944,7525949,14,0,"[0, 1]"
574944,7525949,17,0,"[0, 1]"
574944,7525949,26,0,"[0, 1]"
574944,7525949,29,0,"[0, 1]"
574944,7525949,30,0,"[0, 1]"
574944,7525949,16,0,"[0, 1]"
574944,7525949,23,0,"[0, 1]"
574944,7525949,18,0,"[0, 1]"
574944,7525949,25,0,"[0, 1]"
574944,7525949,61,0,"[0, 1]"
574944,7525949,51,0,"[0, 1]"
574944,7525949,55,0,"[0, 1]"
574944,7525949,32,0,"[0, 1]"
574944,7525949,43,0,"[0, 1]"
574944,7525949,33,0,"[0, 1]"
574944,7525949,42,0,"[0, 1]"
574944,7525949,44,0,"[0, 1]"
574944,7525949,62,0,"[0, 1]"
574944,7525949,34,0,"[0, 1]"
574944,7525949,87,0,"[0, 1]"
574944,7525949,105,0,"[0, 1]"
574944,7525949,78,0,"[0, 1]"
574944,7525949,98,0,"[0, 1]"
574944,7525949,89,0,"[0, 1]"
574944,7525949,126,0,"[0, 1]"
574944,7525949,83,0,"[0, 1]"
574944,7525949,77,0,"[0, 1]"
574944,7525949,100,0,"[0, 1]"
574944,7525949,82,0,"[0, 1]"
574944,7525949,92,0,"[0, 1]"
574944,7525949,93,0,"[0, 1]"
574944,7525949,177,0,"[0, 1]"
574944,7525949,137,0,"[0, 1]"
574944,7525949,201,0,"[0, 1]"
574944,7525949,207,0,"[0, 1]"
574944,7525949,211,0,"[0, 1]"
574944,7525949,219,0,"[0, 1]"
574944,7525949,131,0,"[0, 1]"
574944,7525949,209,0,"[0, 1]"
574944,7525949,231,0,"[0, 1]"
574944,7525949,208,0,"[0, 1]"
574944,7525949,247,0,"[0, 1]"
574944,7525949,169,0,"[0, 1]"
574944,7525949,142,0,"[0, 1]"
574944,7525949,161,0,"[0, 1]"
574944,7525949,378,0,"[0, 1]"
574944,7525949,264,0,"[0, 1]"
574944,7525949,483,0,"[0, 1]"
574944,7525949,256,0,"[0, 1]"
574944,7525949,447,0,"[0, 1]"
574944,7525949,323,0,"[0, 1]"
574944,7525949,494,0,"[0, 1]"
574944,7525949,351,0,"[0, 1]"
574944,7525949,431,0,"[0, 1]"
574944,7525949,281,0,"[0, 1]"
574944,7525949,354,0,"[0, 1]"
574944,7525949,316,0,"[0, 1]"
574944,7525949,260,0,"[0, 1]"
574944,7525949,424,0,"[0, 1]"
574944,7525949,407,0,"[0, 1]"
574944,7525949,371,0,"[0, 1]"
574944,7525949,553,0,"[0, 1]"
574944,7525949,688,0,"[0, 1]"
574944,7525949,841,0,"[0, 1]"
574944,7525949,750,0,"[0, 1]"
574944,7525949,581,0,"[0, 1]"
574944,7525949,588,0,"[0, 1]"
574944,7525949,1007,0,"[0, 1]"
574944,7525949,777,0,"[0, 1]"
574944,7525949,717,0,"[0, 1]"
574944,7525949,857,0,"[0, 1]"
574944,7525949,719,0,"[0, 1]"
574944,7525949,533,0,"[0, 1]"
574944,7525949,1001,0,"[0, 1]"
574944,7525949,545,0,"[0, 1]"
574944,7525949,866,0,"[0, 1]"
574944,7525949,639,0,"[0, 1]"
574944,7525949,889,0,"[0, 1]"
574944,7525949,730,0,"[0, 1]"
574944,7525949,1592,0,"[0, 1]"
574944,7525949,1749,0,"[0, 1]"
574944,7525949,1049,0,"[0, 1]"
574944,7525949,1449,0,"[0, 1]"
574944,7525949,1090,0,"[0, 1]"
574944,7525949,1326,0,"[0, 1]"
574944,7525949,1744,0,"[0, 1]"
574944,7525949,1466,0,"[0, 1]"
574944,7525949,1388,0,"[0, 1]"
574944,7525949,1564,0,"[0, 1]"
574944,7525949,1386,0,"[0, 1]"
574944,7525949,1742,0,"[0, 1]"
574944,7525949,1212,0,"[0, 1]"
574944,7525949,1678,0,"[0, 1]"
574944,7525949,1729,0,"[0, 1]"
574944,7525949,1780,0,"[0, 1]"
574944,7525949,1308,0,"[0, 1]"
574944,7525949,1994,0,"[0, 1]"
574944,7525949,1306,0,"[0, 1]"
574944,7525949,1913,0,"[0, 1]"
574944,7525949,3880,0,"[0, 1]"
574944,7525949,2745,0,"[0, 1]"
574944,7525949,3756,0,"[0, 1]"
574944,7525949,3338,0,"[0, 1]"
574944,7525949,3906,0,"[0, 1]"
574944,7525949,3611,0,"[0, 1]"
574944,7525949,3375,0,"[0, 1]"
574944,7525949,2186,0,"[0, 1]"
574944,7525949,3672,0,"[0, 1]"
574944,7525949,3716,0,"[0, 1]"
574944,7525949,3003,0,"[0, 1]"
574944,7525949,2262,0,"[0, 1]"
574944,7525949,3530,0,"[0, 1]"
574944,7525949,2501,0,"[0, 1]"
574944,7525949,4000,0,"[0, 1]"
574944,7525949,3253,0,"[0, 1]"
574944,7525949,3283,0,"[0, 1]"
574944,7525949,2223,0,"[0, 1]"
574944,7525949,3198,0,"[0, 1]"
574944,7525949,2069,0,"[0, 1]"
574944,7525949,2317,0,"[0, 1]"
574944,7525949,3175,0,"[0, 1]"
574944,7525949,4685,0,"[0, 1]"
574944,7525949,7261293,1,"[0, 1]"
574944,7525949,7082472,1,"[0, 1]"
574944,7525949,4363,0,"[0, 1]"
574944,7525949,7146387,1,"[0, 1]"
574944,7525949,7209295,1,"[0, 1]"
574944,7525949,4265,0,"[0, 1]"
574944,7525949,7493198,1,"[0, 1]"
574944,7525949,7686458,1,"[0, 1]"
574944,7525949,4514,0,"[0, 1]"
574944,7525949,7543313,1,"[0, 1]"
574944,7525949,4176,0,"[0, 1]"
574944,7525949,4404,0,"[0, 1]"
574944,7525949,7212843,1,"[0, 1]"
574944,7525949,4293,0,"[0, 1]"
574944,7525949,7098048,1,"[0, 1]"
574944,7525949,7085170,1,"[0, 1]"
574944,7525949,7272003,1,"[0, 1]"
574944,7525949,7140105,1,"[0, 1]"
574944,7525949,7345682,1,"[0, 1]"
574944,7525949,4694,0,"[0, 1]"
574944,7525949,7124633,1,"[0, 1]"
574944,7525949,7398606,1,"[0, 1]"
574944,7525949,7539158,1,"[0, 1]"
220761,7526095,7526095,1,"[1, 0]"
220761,7526095,3399,0,"[1, 0]"
220761,7526095,1699,0,"[1, 0]"
220761,7526095,849,0,"[1, 0]"
220761,7526095,424,0,"[1, 0]"
220761,7526095,211,0,"[1, 0]"
220761,7526095,105,0,"[1, 0]"
220761,7526095,52,0,"[1, 0]"
220761,7526095,25,0,"[1, 0]"
220761,7526095,12,0,"[1, 0]"
220761,7526095,5,0,"[1, 0]"
220761,7526095,2,0,"[1, 0]"
220761,7526095,0,0,"[1, 0]"
220761,7526095,1,0,"[0, 1]"
220761,7526095,2,0,"[0, 1]"
220761,7526095,5,0,"[0, 1]"
220761,7526095,4,0,"[0, 1]"
220761,7526095,6,0,"[0, 1]"
220761,7526095,3,0,"[0, 1]"
220761,7526095,9,0,"[0, 1]"
220761,7526095,8,0,"[0, 1]"
220761,7526095,14,0,"[0, 1]"
220761,7526095,10,0,"[0, 1]"
220761,7526095,7,0,"[0, 1]"
220761,7526095,11,0,"[0, 1]"
220761,7526095,15,0,"[0, 1]"
220761,7526095,30,0,"[0, 1]"
220761,7526095,29,0,"[0, 1]"
220761,7526095,20,0,"[0, 1]"
220761,7526095,25,0,"[0, 1]"
220761,7526095,26,0,"[0, 1]"
220761,7526095,16,0,"[0, 1]"
220761,7526095,21,0,"[0, 1]"
220761,7526095,37,0,"[0, 1]"
220761,7526095,52,0,"[0, 1]"
220761,7526095,42,0,"[0, 1]"
220761,7526095,56,0,"[0, 1]"
220761,7526095,40,0,"[0, 1]"
220761,7526095,48,0,"[0, 1]"
220761,7526095,47,0,"[0, 1]"
220761,7526095,51,0,"[0, 1]"
220761,7526095,55,0,"[0, 1]"
220761,7526095,61,0,"[0, 1]"
220761,7526095,115,0,"[0, 1]"
220761,7526095,104,0,"[0, 1]"
220761,7526095,72,0,"[0, 1]"
220761,7526095,90,0,"[0, 1]"
220761,7526095,105,0,"[0, 1]"
220761,7526095,89,0,"[0, 1]"
220761,7526095,64,0,"[0, 1]"
220761,7526095,82,0,"[0, 1]"
220761,7526095,95,0,"[0, 1]"
220761,7526095,65,0,"[0, 1]"
220761,7526095,71,0,"[0, 1]"
220761,7526095,86,0,"[0, 1]"
220761,7526095,131,0,"[0, 1]"
220761,7526095,227,0,"[0, 1]"
220761,7526095,145,0,"[0, 1]"
220761,7526095,201,0,"[0, 1]"
220761,7526095,204,0,"[0, 1]"
220761,7526095,225,0,"[0, 1]"
220761,7526095,178,0,"[0, 1]"
220761,7526095,176,0,"[0, 1]"
220761,7526095,198,0,"[0, 1]"
220761,7526095,183,0,"[0, 1]"
220761,7526095,246,0,"[0, 1]"
220761,7526095,164,0,"[0, 1]"
220761,7526095,146,0,"[0, 1]"
220761,7526095,168,0,"[0, 1]"
220761,7526095,301,0,"[0, 1]"
220761,7526095,458,0,"[0, 1]"
220761,7526095,502,0,"[0, 1]"
220761,7526095,263,0,"[0, 1]"
220761,7526095,454,0,"[0, 1]"
220761,7526095,467,0,"[0, 1]"
220761,7526095,432,0,"[0, 1]"
220761,7526095,409,0,"[0, 1]"
220761,7526095,362,0,"[0, 1]"
220761,7526095,275,0,"[0, 1]"
220761,7526095,406,0,"[0, 1]"
220761,7526095,457,0,"[0, 1]"
220761,7526095,463,0,"[0, 1]"
220761,7526095,444,0,"[0, 1]"
220761,7526095,390,0,"[0, 1]"
220761,7526095,389,0,"[0, 1]"
220761,7526095,958,0,"[0, 1]"
220761,7526095,596,0,"[0, 1]"
220761,7526095,588,0,"[0, 1]"
220761,7526095,893,0,"[0, 1]"
220761,7526095,597,0,"[0, 1]"
220761,7526095,923,0,"[0, 1]"
220761,7526095,867,0,"[0, 1]"
220761,7526095,831,0,"[0, 1]"
220761,7526095,592,0,"[0, 1]"
220761,7526095,818,0,"[0, 1]"
220761,7526095,926,0,"[0, 1]"
220761,7526095,539,0,"[0, 1]"
220761,7526095,930,0,"[0, 1]"
220761,7526095,724,0,"[0, 1]"
220761,7526095,990,0,"[0, 1]"
220761,7526095,901,0,"[0, 1]"
220761,7526095,947,0,"[0, 1]"
220761,7526095,584,0,"[0, 1]"
220761,7526095,2001,0,"[0, 1]"
220761,7526095,1798,0,"[0, 1]"
220761,7526095,1881,0,"[0, 1]"
220761,7526095,1778,0,"[0, 1]"
220761,7526095,1071,0,"[0, 1]"
220761,7526095,1584,0,"[0, 1]"
220761,7526095,1959,0,"[0, 1]"
220761,7526095,1238,0,"[0, 1]"
220761,7526095,1482,0,"[0, 1]"
220761,7526095,1552,0,"[0, 1]"
220761,7526095,1807,0,"[0, 1]"
220761,7526095,1169,0,"[0, 1]"
220761,7526095,1329,0,"[0, 1]"
220761,7526095,1625,0,"[0, 1]"
220761,7526095,1961,0,"[0, 1]"
220761,7526095,1790,0,"[0, 1]"
220761,7526095,1111,0,"[0, 1]"
220761,7526095,1073,0,"[0, 1]"
220761,7526095,1809,0,"[0, 1]"
220761,7526095,1302,0,"[0, 1]"
220761,7526095,4037,0,"[0, 1]"
220761,7526095,3766,0,"[0, 1]"
220761,7526095,3855,0,"[0, 1]"
220761,7526095,2432,0,"[0, 1]"
220761,7526095,2555,0,"[0, 1]"
220761,7526095,2914,0,"[0, 1]"
220761,7526095,3690,0,"[0, 1]"
220761,7526095,2845,0,"[0, 1]"
220761,7526095,3647,0,"[0, 1]"
220761,7526095,2887,0,"[0, 1]"
220761,7526095,3016,0,"[0, 1]"
220761,7526095,2926,0,"[0, 1]"
220761,7526095,2777,0,"[0, 1]"
220761,7526095,2600,0,"[0, 1]"
220761,7526095,2991,0,"[0, 1]"
220761,7526095,2477,0,"[0, 1]"
220761,7526095,2937,0,"[0, 1]"
220761,7526095,3336,0,"[0, 1]"
220761,7526095,4014,0,"[0, 1]"
220761,7526095,3702,0,"[0, 1]"
220761,7526095,2657,0,"[0, 1]"
220761,7526095,3277,0,"[0, 1]"
220761,7526095,7547124,1,"[0, 1]"
220761,7526095,7183716,1,"[0, 1]"
220761,7526095,7577745,1,"[0, 1]"
220761,7526095,7400587,1,"[0, 1]"
220761,7526095,4794,0,"[0, 1]"
220761,7526095,7209295,1,"[0, 1]"
220761,7526095,7137600,1,"[0, 1]"
220761,7526095,7196268,1,"[0, 1]"
220761,7526095,4799,0,"[0, 1]"
220761,7526095,7200948,1,"[0, 1]"
220761,7526095,7105662,1,"[0, 1]"
220761,7526095,7573403,1,"[0, 1]"
220761,7526095,6387753,1,"[0, 1]"
220761,7526095,4449328,1,"[0, 1]"
220761,7526095,7437141,1,"[0, 1]"
220761,7526095,7623550,1,"[0, 1]"
220761,7526095,7109889,1,"[0, 1]"
220761,7526095,7623307,1,"[0, 1]"
220761,7526095,4731,0,"[0, 1]"
220761,7526095,4622,0,"[0, 1]"
220761,7526095,4681,0,"[0, 1]"
220761,7526095,7090265,1,"[0, 1]"
220761,7526095,3132683,1,"[0, 1]"
220761,7526095,7188594,1,"[0, 1]"
408563,2322244,2322244,1,"[1, 0]"
408563,2322244,2481,0,"[1, 0]"
408563,2322244,1240,0,"[1, 0]"
408563,2322244,619,0,"[1, 0]"
408563,2322244,309,0,"[1, 0]"
408563,2322244,154,0,"[1, 0]"
408563,2322244,76,0,"[1, 0]"
408563,2322244,37,0,"[1, 0]"
408563,2322244,18,0,"[1, 0]"
408563,2322244,8,0,"[1, 0]"
408563,2322244,3,0,"[1, 0]"
408563,2322244,1,0,"[1, 0]"
408563,2322244,0,0,"[1, 0]"
408563,2322244,2,0,"[0, 1]"
408563,2322244,1,0,"[0, 1]"
408563,2322244,3,0,"[0, 1]"
408563,2322244,5,0,"[0, 1]"
408563,2322244,4,0,"[0, 1]"
408563,2322244,6,0,"[0, 1]"
408563,2322244,12,0,"[0, 1]"
408563,2322244,9,0,"[0, 1]"
408563,2322244,10,0,"[0, 1]"
408563,2322244,11,0,"[0, 1]"
408563,2322244,13,0,"[0, 1]"
408563,2322244,8,0,"[0, 1]"
408563,2322244,20,0,"[0, 1]"
408563,2322244,24,0,"[0, 1]"
408563,2322244,22,0,"[0, 1]"
408563,2322244,27,0,"[0, 1]"
408563,2322244,25,0,"[0, 1]"
408563,2322244,18,0,"[0, 1]"
408563,2322244,16,0,"[0, 1]"
408563,2322244,17,0,"[0, 1]"
408563,2322244,53,0,"[0, 1]"
408563,2322244,57,0,"[0, 1]"
408563,2322244,50,0,"[0, 1]"
408563,2322244,52,0,"[0, 1]"
408563,2322244,46,0,"[0, 1]"
408563,2322244,37,0,"[0, 1]"
408563,2322244,31,0,"[0, 1]"
408563,2322244,48,0,"[0, 1]"
408563,2322244,51,0,"[0, 1]"
408563,2322244,59,0,"[0, 1]"
408563,2322244,66,0,"[0, 1]"
408563,2322244,117,0,"[0, 1]"
408563,2322244,119,0,"[0, 1]"
408563,2322244,75,0,"[0, 1]"
408563,2322244,63,0,"[0, 1]"
408563,2322244,88,0,"[0, 1]"
408563,2322244,103,0,"[0, 1]"
408563,2322244,77,0,"[0, 1]"
408563,2322244,87,0,"[0, 1]"
408563,2322244,122,0,"[0, 1]"
408563,2322244,80,0,"[0, 1]"
408563,2322244,94,0,"[0, 1]"
408563,2322244,157,0,"[0, 1]"
408563,2322244,137,0,"[0, 1]"
408563,2322244,203,0,"[0, 1]"
408563,2322244,145,0,"[0, 1]"
408563,2322244,220,0,"[0, 1]"
408563,2322244,228,0,"[0, 1]"
408563,2322244,152,0,"[0, 1]"
408563,2322244,195,0,"[0, 1]"
408563,2322244,200,0,"[0, 1]"
408563,2322244,165,0,"[0, 1]"
408563,2322244,129,0,"[0, 1]"
408563,2322244,243,0,"[0, 1]"
408563,2322244,254,0,"[0, 1]"
408563,2322244,236,0,"[0, 1]"
408563,2322244,450,0,"[0, 1]"
408563,2322244,331,0,"[0, 1]"
408563,2322244,305,0,"[0, 1]"
408563,2322244,276,0,"[0, 1]"
408563,2322244,291,0,"[0, 1]"
408563,2322244,475,0,"[0, 1]"
408563,2322244,407,0,"[0, 1]"
408563,2322244,433,0,"[0, 1]"
408563,2322244,488,0,"[0, 1]"
408563,2322244,344,0,"[0, 1]"
408563,2322244,353,0,"[0, 1]"
408563,2322244,318,0,"[0, 1]"
408563,2322244,378,0,"[0, 1]"
408563,2322244,377,0,"[0, 1]"
408563,2322244,306,0,"[0, 1]"
408563,2322244,373,0,"[0, 1]"
408563,2322244,691,0,"[0, 1]"
408563,2322244,657,0,"[0, 1]"
408563,2322244,916,0,"[0, 1]"
408563,2322244,751,0,"[0, 1]"
408563,2322244,869,0,"[0, 1]"
408563,2322244,707,0,"[0, 1]"
408563,2322244,711,0,"[0, 1]"
408563,2322244,541,0,"[0, 1]"
408563,2322244,701,0,"[0, 1]"
408563,2322244,954,0,"[0, 1]"
408563,2322244,798,0,"[0, 1]"
408563,2322244,912,0,"[0, 1]"
408563,2322244,905,0,"[0, 1]"
408563,2322244,991,0,"[0, 1]"
408563,2322244,568,0,"[0, 1]"
408563,2322244,582,0,"[0, 1]"
408563,2322244,1008,0,"[0, 1]"
408563,2322244,863,0,"[0, 1]"
408563,2322244,1680,0,"[0, 1]"
408563,2322244,1628,0,"[0, 1]"
408563,2322244,2008,0,"[0, 1]"
408563,2322244,1981,0,"[0, 1]"
408563,2322244,1064,0,"[0, 1]"
408563,2322244,1938,0,"[0, 1]"
408563,2322244,1107,0,"[0, 1]"
408563,2322244,1570,0,"[0, 1]"
408563,2322244,1525,0,"[0, 1]"
408563,2322244,1687,0,"[0, 1]"
408563,2322244,1056,0,"[0, 1]"
408563,2322244,1534,0,"[0, 1]"
408563,2322244,1284,0,"[0, 1]"
408563,2322244,1695,0,"[0, 1]"
408563,2322244,1069,0,"[0, 1]"
408563,2322244,1270,0,"[0, 1]"
408563,2322244,1832,0,"[0, 1]"
408563,2322244,1796,0,"[0, 1]"
408563,2322244,1528,0,"[0, 1]"
408563,2322244,1355,0,"[0, 1]"
408563,2322244,2650,0,"[0, 1]"
408563,2322244,3557,0,"[0, 1]"
408563,2322244,2342,0,"[0, 1]"
408563,2322244,3063,0,"[0, 1]"
408563,2322244,2062,0,"[0, 1]"
408563,2322244,4029,0,"[0, 1]"
408563,2322244,3684,0,"[0, 1]"
408563,2322244,4020,0,"[0, 1]"
408563,2322244,3341,0,"[0, 1]"
408563,2322244,3814,0,"[0, 1]"
408563,2322244,3929,0,"[0, 1]"
408563,2322244,3856,0,"[0, 1]"
408563,2322244,3145,0,"[0, 1]"
408563,2322244,3235,0,"[0, 1]"
408563,2322244,3254,0,"[0, 1]"
408563,2322244,3282,0,"[0, 1]"
408563,2322244,3372,0,"[0, 1]"
408563,2322244,3776,0,"[0, 1]"
408563,2322244,3083,0,"[0, 1]"
408563,2322244,3887,0,"[0, 1]"
408563,2322244,2222,0,"[0, 1]"
408563,2322244,3147,0,"[0, 1]"
408563,2322244,7454261,1,"[0, 1]"
408563,2322244,7231200,1,"[0, 1]"
408563,2322244,4376,0,"[0, 1]"
408563,2322244,7233819,1,"[0, 1]"
408563,2322244,491306,1,"[0, 1]"
408563,2322244,7291556,1,"[0, 1]"
408563,2322244,7555802,1,"[0, 1]"
408563,2322244,7123374,1,"[0, 1]"
408563,2322244,7353377,1,"[0, 1]"
408563,2322244,7430567,1,"[0, 1]"
408563,2322244,7381706,1,"[0, 1]"
408563,2322244,7436659,1,"[0, 1]"
408563,2322244,4354,0,"[0, 1]"
408563,2322244,4748,0,"[0, 1]"
408563,2322244,4690,0,"[0, 1]"
408563,2322244,7322168,1,"[0, 1]"
408563,2322244,7303539,1,"[0, 1]"
408563,2322244,7508547,1,"[0, 1]"
408563,2322244,533017,1,"[0, 1]"
408563,2322244,7627391,1,"[0, 1]"
408563,2322244,7082390,1,"[0, 1]"
408563,2322244,7315472,1,"[0, 1]"
408563,2322244,4413,0,"[0, 1]"
408563,2322244,4666,0,"[0, 1]"
526331,580824,580824,1,"[1, 0]"
526331,580824,4896,0,"[1, 0]"
526331,580824,3864,0,"[1, 0]"
526331,580824,1931,0,"[1, 0]"
526331,580824,965,0,"[1, 0]"
526331,580824,482,0,"[1, 0]"
526331,580824,240,0,"[1, 0]"
526331,580824,119,0,"[1, 0]"
526331,580824,59,0,"[1, 0]"
526331,580824,29,0,"[1, 0]"
526331,580824,14,0,"[1, 0]"
526331,580824,6,0,"[1, 0]"
526331,580824,2,0,"[1, 0]"
526331,580824,0,0,"[1, 0]"
526331,580824,1,0,"[0, 1]"
526331,580824,2,0,"[0, 1]"
526331,580824,6,0,"[0, 1]"
526331,580824,3,0,"[0, 1]"
526331,580824,4,0,"[0, 1]"
526331,580824,5,0,"[0, 1]"
526331,580824,10,0,"[0, 1]"
526331,580824,12,0,"[0, 1]"
526331,580824,8,0,"[0, 1]"
526331,580824,11,0,"[0, 1]"
526331,580824,13,0,"[0, 1]"
526331,580824,7,0,"[0, 1]"
526331,580824,19,0,"[0, 1]"
526331,580824,26,0,"[0, 1]"
526331,580824,29,0,"[0, 1]"
526331,580824,21,0,"[0, 1]"
526331,580824,27,0,"[0, 1]"
526331,580824,28,0,"[0, 1]"
526331,580824,25,0,"[0, 1]"
526331,580824,23,0,"[0, 1]"
526331,580824,45,0,"[0, 1]"
526331,580824,62,0,"[0, 1]"
526331,580824,42,0,"[0, 1]"
526331,580824,33,0,"[0, 1]"
526331,580824,39,0,"[0, 1]"
526331,580824,54,0,"[0, 1]"
526331,580824,50,0,"[0, 1]"
526331,580824,44,0,"[0, 1]"
526331,580824,35,0,"[0, 1]"
526331,580824,58,0,"[0, 1]"
526331,580824,105,0,"[0, 1]"
526331,580824,102,0,"[0, 1]"
526331,580824,117,0,"[0, 1]"
526331,580824,69,0,"[0, 1]"
526331,580824,123,0,"[0, 1]"
526331,580824,108,0,"[0, 1]"
526331,580824,114,0,"[0, 1]"
526331,580824,116,0,"[0, 1]"
526331,580824,85,0,"[0, 1]"
526331,580824,88,0,"[0, 1]"
526331,580824,73,0,"[0, 1]"
526331,580824,83,0,"[0, 1]"
526331,580824,156,0,"[0, 1]"
526331,580824,182,0,"[0, 1]"
526331,580824,150,0,"[0, 1]"
526331,580824,187,0,"[0, 1]"
526331,580824,179,0,"[0, 1]"
526331,580824,190,0,"[0, 1]"
526331,580824,216,0,"[0, 1]"
526331,580824,167,0,"[0, 1]"
526331,580824,193,0,"[0, 1]"
526331,580824,212,0,"[0, 1]"
526331,580824,218,0,"[0, 1]"
526331,580824,147,0,"[0, 1]"
526331,580824,184,0,"[0, 1]"
526331,580824,231,0,"[0, 1]"
526331,580824,462,0,"[0, 1]"
526331,580824,434,0,"[0, 1]"
526331,580824,417,0,"[0, 1]"
526331,580824,444,0,"[0, 1]"
526331,580824,421,0,"[0, 1]"
526331,580824,459,0,"[0, 1]"
526331,580824,270,0,"[0, 1]"
526331,580824,441,0,"[0, 1]"
526331,580824,336,0,"[0, 1]"
526331,580824,363,0,"[0, 1]"
526331,580824,423,0,"[0, 1]"
526331,580824,299,0,"[0, 1]"
526331,580824,279,0,"[0, 1]"
526331,580824,330,0,"[0, 1]"
526331,580824,354,0,"[0, 1]"
526331,580824,286,0,"[0, 1]"
526331,580824,645,0,"[0, 1]"
526331,580824,616,0,"[0, 1]"
526331,580824,627,0,"[0, 1]"
526331,580824,790,0,"[0, 1]"
526331,580824,707,0,"[0, 1]"
526331,580824,758,0,"[0, 1]"
526331,580824,963,0,"[0, 1]"
526331,580824,879,0,"[0, 1]"
526331,580824,938,0,"[0, 1]"
526331,580824,807,0,"[0, 1]"
526331,580824,721,0,"[0, 1]"
526331,580824,630,0,"[0, 1]"
526331,580824,931,0,"[0, 1]"
526331,580824,692,0,"[0, 1]"
526331,580824,607,0,"[0, 1]"
526331,580824,659,0,"[0, 1]"
526331,580824,770,0,"[0, 1]"
526331,580824,809,0,"[0, 1]"
526331,580824,1594,0,"[0, 1]"
526331,580824,1593,0,"[0, 1]"
526331,580824,2034,0,"[0, 1]"
526331,580824,1194,0,"[0, 1]"
526331,580824,1693,0,"[0, 1]"
526331,580824,1312,0,"[0, 1]"
526331,580824,1216,0,"[0, 1]"
526331,580824,1863,0,"[0, 1]"
526331,580824,1150,0,"[0, 1]"
526331,580824,1566,0,"[0, 1]"
526331,580824,1433,0,"[0, 1]"
526331,580824,1880,0,"[0, 1]"
526331,580824,1080,0,"[0, 1]"
526331,580824,1596,0,"[0, 1]"
526331,580824,1937,0,"[0, 1]"
526331,580824,1302,0,"[0, 1]"
526331,580824,1737,0,"[0, 1]"
526331,580824,1628,0,"[0, 1]"
526331,580824,1959,0,"[0, 1]"
526331,580824,1560,0,"[0, 1]"
526331,580824,2212,0,"[0, 1]"
526331,580824,2596,0,"[0, 1]"
526331,580824,3998,0,"[0, 1]"
526331,580824,3520,0,"[0, 1]"
526331,580824,3744,0,"[0, 1]"
526331,580824,2957,0,"[0, 1]"
526331,580824,3412,0,"[0, 1]"
526331,580824,2145,0,"[0, 1]"
526331,580824,2279,0,"[0, 1]"
526331,580824,2154,0,"[0, 1]"
526331,580824,3894,0,"[0, 1]"
526331,580824,3146,0,"[0, 1]"
526331,580824,4089,0,"[0, 1]"
526331,580824,2050,0,"[0, 1]"
526331,580824,3141,0,"[0, 1]"
526331,580824,4070,0,"[0, 1]"
526331,580824,2431,0,"[0, 1]"
526331,580824,3462,0,"[0, 1]"
526331,580824,3229,0,"[0, 1]"
526331,580824,3069,0,"[0, 1]"
526331,580824,3919,0,"[0, 1]"
526331,580824,3736,0,"[0, 1]"
526331,580824,1693502,1,"[0, 1]"
526331,580824,5459057,1,"[0, 1]"
526331,580824,3168607,1,"[0, 1]"
526331,580824,7555414,1,"[0, 1]"
526331,580824,2020524,1,"[0, 1]"
526331,580824,7585667,1,"[0, 1]"
526331,580824,7142526,1,"[0, 1]"
526331,580824,7203363,1,"[0, 1]"
526331,580824,7372190,1,"[0, 1]"
526331,580824,7294715,1,"[0, 1]"
526331,580824,4517,0,"[0, 1]"
526331,580824,4136,0,"[0, 1]"
526331,580824,4120,0,"[0, 1]"
526331,580824,7528212,1,"[0, 1]"
526331,580824,4144,0,"[0, 1]"
526331,580824,7267491,1,"[0, 1]"
526331,580824,7119740,1,"[0, 1]"
526331,580824,7281325,1,"[0, 1]"
526331,580824,7643649,1,"[0, 1]"
526331,580824,7377517,1,"[0, 1]"
526331,580824,7265116,1,"[0, 1]"
526331,580824,7644819,1,"[0, 1]"
526331,580824,7678537,1,"[0, 1]"
526331,580824,7593070,1,"[0, 1]"
526331,580824,7603877,1,"[0, 1]"
526331,580824,7288044,1,"[0, 1]"
526331,580824,6743770,1,"[0, 1]"
526331,580824,7532087,1,"[0, 1]"
526331,580824,7635765,1,"[0, 1]"
526331,580824,7365969,1,"[0, 1]"
526331,580824,7075398,1,"[0, 1]"
526331,580824,7087585,1,"[0, 1]"
526331,580824,4662804,1,"[0, 1]"
526331,580824,1727593,1,"[0, 1]"
526331,580824,7093554,1,"[0, 1]"
526331,580824,2459114,1,"[0, 1]"
526331,580824,7639543,1,"[0, 1]"
526331,580824,7303190,1,"[0, 1]"
526331,580824,7136893,1,"[0, 1]"
526331,580824,7588733,1,"[0, 1]"
526331,580824,7314664,1,"[0, 1]"
526331,580824,7548961,1,"[0, 1]"
526331,580824,6009843,1,"[0, 1]"
526331,580824,7107986,1,"[0, 1]"
526331,580824,695187,1,"[0, 1]"
526331,580824,7147941,1,"[0, 1]"
526331,580824,7112009,1,"[0, 1]"
526331,580824,7086809,1,"[0, 1]"
526331,580824,1837502,1,"[0, 1]"
526331,580824,2536541,1,"[0, 1]"
555558,7526753,7526753,1,"[1, 0]"
555558,7526753,3708,0,"[1, 0]"
555558,7526753,1853,0,"[1, 0]"
555558,7526753,926,0,"[1, 0]"
555558,7526753,462,0,"[1, 0]"
555558,7526753,230,0,"[1, 0]"
555558,7526753,114,0,"[1, 0]"
555558,7526753,56,0,"[1, 0]"
555558,7526753,27,0,"[1, 0]"
555558,7526753,13,0,"[1, 0]"
555558,7526753,6,0,"[1, 0]"
555558,7526753,2,0,"[1, 0]"
555558,7526753,0,0,"[1, 0]"
555558,7526753,1,0,"[0, 1]"
555558,7526753,2,0,"[0, 1]"
555558,7526753,3,0,"[0, 1]"
555558,7526753,6,0,"[0, 1]"
555558,7526753,4,0,"[0, 1]"
555558,7526753,5,0,"[0, 1]"
555558,7526753,12,0,"[0, 1]"
555558,7526753,7,0,"[0, 1]"
555558,7526753,14,0,"[0, 1]"
555558,7526753,9,0,"[0, 1]"
555558,7526753,11,0,"[0, 1]"
555558,7526753,8,0,"[0, 1]"
555558,7526753,16,0,"[0, 1]"
555558,7526753,17,0,"[0, 1]"
555558,7526753,19,0,"[0, 1]"
555558,7526753,28,0,"[0, 1]"
555558,7526753,15,0,"[0, 1]"
555558,7526753,29,0,"[0, 1]"
555558,7526753,27,0,"[0, 1]"
555558,7526753,21,0,"[0, 1]"
555558,7526753,40,0,"[0, 1]"
555558,7526753,39,0,"[0, 1]"
555558,7526753,56,0,"[0, 1]"
555558,7526753,34,0,"[0, 1]"
555558,7526753,52,0,"[0, 1]"
555558,7526753,38,0,"[0, 1]"
555558,7526753,42,0,"[0, 1]"
555558,7526753,62,0,"[0, 1]"
555558,7526753,58,0,"[0, 1]"
555558,7526753,48,0,"[0, 1]"
555558,7526753,77,0,"[0, 1]"
555558,7526753,120,0,"[0, 1]"
555558,7526753,69,0,"[0, 1]"
555558,7526753,122,0,"[0, 1]"
555558,7526753,84,0,"[0, 1]"
555558,7526753,118,0,"[0, 1]"
555558,7526753,87,0,"[0, 1]"
555558,7526753,99,0,"[0, 1]"
555558,7526753,111,0,"[0, 1]"
555558,7526753,121,0,"[0, 1]"
555558,7526753,85,0,"[0, 1]"
555558,7526753,94,0,"[0, 1]"
555558,7526753,149,0,"[0, 1]"
555558,7526753,152,0,"[0, 1]"
555558,7526753,242,0,"[0, 1]"
555558,7526753,160,0,"[0, 1]"
555558,7526753,196,0,"[0, 1]"
555558,7526753,168,0,"[0, 1]"
555558,7526753,215,0,"[0, 1]"
555558,7526753,203,0,"[0, 1]"
555558,7526753,161,0,"[0, 1]"
555558,7526753,189,0,"[0, 1]"
555558,7526753,195,0,"[0, 1]"
555558,7526753,142,0,"[0, 1]"
555558,7526753,188,0,"[0, 1]"
555558,7526753,158,0,"[0, 1]"
555558,7526753,493,0,"[0, 1]"
555558,7526753,339,0,"[0, 1]"
555558,7526753,454,0,"[0, 1]"
555558,7526753,268,0,"[0, 1]"
555558,7526753,337,0,"[0, 1]"
555558,7526753,477,0,"[0, 1]"
555558,7526753,348,0,"[0, 1]"
555558,7526753,371,0,"[0, 1]"
555558,7526753,261,0,"[0, 1]"
555558,7526753,379,0,"[0, 1]"
555558,7526753,360,0,"[0, 1]"
555558,7526753,406,0,"[0, 1]"
555558,7526753,367,0,"[0, 1]"
555558,7526753,380,0,"[0, 1]"
555558,7526753,438,0,"[0, 1]"
555558,7526753,303,0,"[0, 1]"
555558,7526753,645,0,"[0, 1]"
555558,7526753,736,0,"[0, 1]"
555558,7526753,537,0,"[0, 1]"
555558,7526753,763,0,"[0, 1]"
555558,7526753,982,0,"[0, 1]"
555558,7526753,692,0,"[0, 1]"
555558,7526753,577,0,"[0, 1]"
555558,7526753,1021,0,"[0, 1]"
555558,7526753,722,0,"[0, 1]"
555558,7526753,716,0,"[0, 1]"
555558,7526753,552,0,"[0, 1]"
555558,7526753,568,0,"[0, 1]"
555558,7526753,594,0,"[0, 1]"
555558,7526753,620,0,"[0, 1]"
555558,7526753,584,0,"[0, 1]"
555558,7526753,801,0,"[0, 1]"
555558,7526753,987,0,"[0, 1]"
555558,7526753,757,0,"[0, 1]"
555558,7526753,1933,0,"[0, 1]"
555558,7526753,1679,0,"[0, 1]"
555558,7526753,1497,0,"[0, 1]"
555558,7526753,1916,0,"[0, 1]"
555558,7526753,1381,0,"[0, 1]"
555558,7526753,1249,0,"[0, 1]"
555558,7526753,1753,0,"[0, 1]"
555558,7526753,1462,0,"[0, 1]"
555558,7526753,1926,0,"[0, 1]"
555558,7526753,1313,0,"[0, 1]"
555558,7526753,2034,0,"[0, 1]"
555558,7526753,1205,0,"[0, 1]"
555558,7526753,1602,0,"[0, 1]"
555558,7526753,2036,0,"[0, 1]"
555558,7526753,1924,0,"[0, 1]"
555558,7526753,2014,0,"[0, 1]"
555558,7526753,1712,0,"[0, 1]"
555558,7526753,1350,0,"[0, 1]"
555558,7526753,1274,0,"[0, 1]"
555558,7526753,1542,0,"[0, 1]"
555558,7526753,2184,0,"[0, 1]"
555558,7526753,3983,0,"[0, 1]"
555558,7526753,3063,0,"[0, 1]"
555558,7526753,3609,0,"[0, 1]"
555558,7526753,3586,0,"[0, 1]"
555558,7526753,3034,0,"[0, 1]"
555558,7526753,2306,0,"[0, 1]"
555558,7526753,3220,0,"[0, 1]"
555558,7526753,2707,0,"[0, 1]"
555558,7526753,3990,0,"[0, 1]"
555558,7526753,3522,0,"[0, 1]"
555558,7526753,3030,0,"[0, 1]"
555558,7526753,2714,0,"[0, 1]"
555558,7526753,3620,0,"[0, 1]"
555558,7526753,2840,0,"[0, 1]"
555558,7526753,2158,0,"[0, 1]"
555558,7526753,2505,0,"[0, 1]"
555558,7526753,2924,0,"[0, 1]"
555558,7526753,2778,0,"[0, 1]"
555558,7526753,2663,0,"[0, 1]"
555558,7526753,3611,0,"[0, 1]"
555558,7526753,2540,0,"[0, 1]"
555558,7526753,7225667,1,"[0, 1]"
555558,7526753,7305235,1,"[0, 1]"
555558,7526753,4888,0,"[0, 1]"
555558,7526753,7686569,1,"[0, 1]"
555558,7526753,7288218,1,"[0, 1]"
555558,7526753,7324973,1,"[0, 1]"
555558,7526753,3266196,1,"[0, 1]"
555558,7526753,4624,0,"[0, 1]"
555558,7526753,7365386,1,"[0, 1]"
555558,7526753,7340968,1,"[0, 1]"
555558,7526753,7296810,1,"[0, 1]"
555558,7526753,7622850,1,"[0, 1]"
555558,7526753,7556469,1,"[0, 1]"
555558,7526753,7251657,1,"[0, 1]"
555558,7526753,4322,0,"[0, 1]"
555558,7526753,3468566,1,"[0, 1]"
555558,7526753,7552369,1,"[0, 1]"
555558,7526753,7631986,1,"[0, 1]"
555558,7526753,7246430,1,"[0, 1]"
555558,7526753,7681665,1,"[0, 1]"
555558,7526753,7639666,1,"[0, 1]"
555558,7526753,7079658,1,"[0, 1]"
555558,7526753,4937,0,"[0, 1]"
555558,7526753,7248448,1,"[0, 1]"
440362,7526863,7526863,1,"[1, 0]"
440362,7526863,3098,0,"[1, 0]"
440362,7526863,1548,0,"[1, 0]"
440362,7526863,773,0,"[1, 0]"
440362,7526863,386,0,"[1, 0]"
440362,7526863,192,0,"[1, 0]"
440362,7526863,95,0,"[1, 0]"
440362,7526863,47,0,"[1, 0]"
440362,7526863,23,0,"[1, 0]"
440362,7526863,11,0,"[1, 0]"
440362,7526863,5,0,"[1, 0]"
440362,7526863,2,0,"[1, 0]"
440362,7526863,0,0,"[1, 0]"
440362,7526863,2,0,"[0, 1]"
440362,7526863,1,0,"[0, 1]"
440362,7526863,5,0,"[0, 1]"
440362,7526863,6,0,"[0, 1]"
440362,7526863,4,0,"[0, 1]"
440362,7526863,3,0,"[0, 1]"
440362,7526863,7,0,"[0, 1]"
440362,7526863,14,0,"[0, 1]"
440362,7526863,9,0,"[0, 1]"
440362,7526863,13,0,"[0, 1]"
440362,7526863,12,0,"[0, 1]"
440362,7526863,11,0,"[0, 1]"
440362,7526863,28,0,"[0, 1]"
440362,7526863,27,0,"[0, 1]"
440362,7526863,23,0,"[0, 1]"
440362,7526863,19,0,"[0, 1]"
440362,7526863,21,0,"[0, 1]"
440362,7526863,17,0,"[0, 1]"
440362,7526863,24,0,"[0, 1]"
440362,7526863,15,0,"[0, 1]"
440362,7526863,47,0,"[0, 1]"
440362,7526863,62,0,"[0, 1]"
440362,7526863,40,0,"[0, 1]"
440362,7526863,36,0,"[0, 1]"
440362,7526863,59,0,"[0, 1]"
440362,7526863,60,0,"[0, 1]"
440362,7526863,46,0,"[0, 1]"
440362,7526863,39,0,"[0, 1]"
440362,7526863,55,0,"[0, 1]"
440362,7526863,33,0,"[0, 1]"
440362,7526863,117,0,"[0, 1]"
440362,7526863,73,0,"[0, 1]"
440362,7526863,103,0,"[0, 1]"
440362,7526863,96,0,"[0, 1]"
440362,7526863,119,0,"[0, 1]"
440362,7526863,94,0,"[0, 1]"
440362,7526863,100,0,"[0, 1]"
440362,7526863,108,0,"[0, 1]"
440362,7526863,78,0,"[0, 1]"
440362,7526863,77,0,"[0, 1]"
440362,7526863,69,0,"[0, 1]"
440362,7526863,71,0,"[0, 1]"
440362,7526863,172,0,"[0, 1]"
440362,7526863,169,0,"[0, 1]"
440362,7526863,214,0,"[0, 1]"
440362,7526863,197,0,"[0, 1]"
440362,7526863,215,0,"[0, 1]"
440362,7526863,170,0,"[0, 1]"
440362,7526863,152,0,"[0, 1]"
440362,7526863,189,0,"[0, 1]"
440362,7526863,135,0,"[0, 1]"
440362,7526863,244,0,"[0, 1]"
440362,7526863,239,0,"[0, 1]"
440362,7526863,221,0,"[0, 1]"
440362,7526863,159,0,"[0, 1]"
440362,7526863,176,0,"[0, 1]"
440362,7526863,494,0,"[0, 1]"
440362,7526863,334,0,"[0, 1]"
440362,7526863,372,0,"[0, 1]"
440362,7526863,344,0,"[0, 1]"
440362,7526863,306,0,"[0, 1]"
440362,7526863,285,0,"[0, 1]"
440362,7526863,301,0,"[0, 1]"
440362,7526863,265,0,"[0, 1]"
440362,7526863,490,0,"[0, 1]"
440362,7526863,459,0,"[0, 1]"
440362,7526863,470,0,"[0, 1]"
440362,7526863,453,0,"[0, 1]"
440362,7526863,501,0,"[0, 1]"
440362,7526863,496,0,"[0, 1]"
440362,7526863,474,0,"[0, 1]"
440362,7526863,362,0,"[0, 1]"
440362,7526863,547,0,"[0, 1]"
440362,7526863,877,0,"[0, 1]"
440362,7526863,676,0,"[0, 1]"
440362,7526863,562,0,"[0, 1]"
440362,7526863,658,0,"[0, 1]"
440362,7526863,519,0,"[0, 1]"
440362,7526863,614,0,"[0, 1]"
440362,7526863,837,0,"[0, 1]"
440362,7526863,855,0,"[0, 1]"
440362,7526863,854,0,"[0, 1]"
440362,7526863,760,0,"[0, 1]"
440362,7526863,612,0,"[0, 1]"
440362,7526863,762,0,"[0, 1]"
440362,7526863,647,0,"[0, 1]"
440362,7526863,679,0,"[0, 1]"
440362,7526863,811,0,"[0, 1]"
440362,7526863,694,0,"[0, 1]"
440362,7526863,970,0,"[0, 1]"
440362,7526863,1665,0,"[0, 1]"
440362,7526863,1893,0,"[0, 1]"
440362,7526863,1456,0,"[0, 1]"
440362,7526863,1247,0,"[0, 1]"
440362,7526863,1253,0,"[0, 1]"
440362,7526863,1738,0,"[0, 1]"
440362,7526863,1083,0,"[0, 1]"
440362,7526863,2042,0,"[0, 1]"
440362,7526863,1642,0,"[0, 1]"
440362,7526863,1275,0,"[0, 1]"
440362,7526863,1037,0,"[0, 1]"
440362,7526863,1260,0,"[0, 1]"
440362,7526863,1513,0,"[0, 1]"
440362,7526863,1861,0,"[0, 1]"
440362,7526863,1442,0,"[0, 1]"
440362,7526863,1413,0,"[0, 1]"
440362,7526863,1143,0,"[0, 1]"
440362,7526863,1273,0,"[0, 1]"
440362,7526863,1927,0,"[0, 1]"
440362,7526863,1771,0,"[0, 1]"
440362,7526863,2829,0,"[0, 1]"
440362,7526863,2991,0,"[0, 1]"
440362,7526863,2406,0,"[0, 1]"
440362,7526863,2604,0,"[0, 1]"
440362,7526863,3503,0,"[0, 1]"
440362,7526863,2772,0,"[0, 1]"
440362,7526863,2979,0,"[0, 1]"
440362,7526863,2825,0,"[0, 1]"
440362,7526863,2069,0,"[0, 1]"
440362,7526863,3318,0,"[0, 1]"
440362,7526863,3432,0,"[0, 1]"
440362,7526863,2669,0,"[0, 1]"
440362,7526863,3379,0,"[0, 1]"
440362,7526863,3788,0,"[0, 1]"
440362,7526863,2562,0,"[0, 1]"
440362,7526863,2921,0,"[0, 1]"
440362,7526863,3807,0,"[0, 1]"
440362,7526863,2438,0,"[0, 1]"
440362,7526863,3510,0,"[0, 1]"
440362,7526863,3979,0,"[0, 1]"
440362,7526863,3749,0,"[0, 1]"
440362,7526863,2451,0,"[0, 1]"
440362,7526863,7458120,1,"[0, 1]"
440362,7526863,7433031,1,"[0, 1]"
440362,7526863,7235073,1,"[0, 1]"
440362,7526863,7232727,1,"[0, 1]"
440362,7526863,4963,0,"[0, 1]"
440362,7526863,7207005,1,"[0, 1]"
440362,7526863,7436417,1,"[0, 1]"
440362,7526863,7291689,1,"[0, 1]"
440362,7526863,5468582,1,"[0, 1]"
440362,7526863,4782,0,"[0, 1]"
440362,7526863,151711,1,"[0, 1]"
440362,7526863,7551078,1,"[0, 1]"
440362,7526863,7348274,1,"[0, 1]"
440362,7526863,109609,1,"[0, 1]"
440362,7526863,7095519,1,"[0, 1]"
440362,7526863,7220998,1,"[0, 1]"
440362,7526863,7648313,1,"[0, 1]"
440362,7526863,7183057,1,"[0, 1]"
440362,7526863,7434035,1,"[0, 1]"
440362,7526863,2309607,1,"[0, 1]"
440362,7526863,7497736,1,"[0, 1]"
440362,7526863,4142,0,"[0, 1]"
440362,7526863,7664187,1,"[0, 1]"
440362,7526863,7620979,1,"[0, 1]"
497757,7526867,7526867,1,"[1, 0]"
497757,7526867,4897,0,"[1, 0]"
497757,7526867,3866,0,"[1, 0]"
497757,7526867,1932,0,"[1, 0]"
497757,7526867,965,0,"[1, 0]"
497757,7526867,482,0,"[1, 0]"
497757,7526867,240,0,"[1, 0]"
497757,7526867,119,0,"[1, 0]"
497757,7526867,59,0,"[1, 0]"
497757,7526867,29,0,"[1, 0]"
497757,7526867,14,0,"[1, 0]"
497757,7526867,6,0,"[1, 0]"
497757,7526867,2,0,"[1, 0]"
497757,7526867,0,0,"[1, 0]"
497757,7526867,1,0,"[0, 1]"
497757,7526867,2,0,"[0, 1]"
497757,7526867,6,0,"[0, 1]"
497757,7526867,5,0,"[0, 1]"
497757,7526867,4,0,"[0, 1]"
497757,7526867,3,0,"[0, 1]"
497757,7526867,10,0,"[0, 1]"
497757,7526867,14,0,"[0, 1]"
497757,7526867,11,0,"[0, 1]"
497757,7526867,8,0,"[0, 1]"
497757,7526867,12,0,"[0, 1]"
497757,7526867,9,0,"[0, 1]"
497757,7526867,27,0,"[0, 1]"
497757,7526867,30,0,"[0, 1]"
497757,7526867,18,0,"[0, 1]"
497757,7526867,29,0,"[0, 1]"
497757,7526867,16,0,"[0, 1]"
497757,7526867,24,0,"[0, 1]"
497757,7526867,23,0,"[0, 1]"
497757,7526867,19,0,"[0, 1]"
497757,7526867,60,0,"[0, 1]"
497757,7526867,58,0,"[0, 1]"
497757,7526867,49,0,"[0, 1]"
497757,7526867,40,0,"[0, 1]"
497757,7526867,46,0,"[0, 1]"
497757,7526867,45,0,"[0, 1]"
497757,7526867,32,0,"[0, 1]"
497757,7526867,52,0,"[0, 1]"
497757,7526867,51,0,"[0, 1]"
497757,7526867,62,0,"[0, 1]"
497757,7526867,111,0,"[0, 1]"
497757,7526867,118,0,"[0, 1]"
497757,7526867,107,0,"[0, 1]"
497757,7526867,103,0,"[0, 1]"
497757,7526867,88,0,"[0, 1]"
497757,7526867,115,0,"[0, 1]"
497757,7526867,64,0,"[0, 1]"
497757,7526867,90,0,"[0, 1]"
497757,7526867,65,0,"[0, 1]"
497757,7526867,73,0,"[0, 1]"
497757,7526867,87,0,"[0, 1]"
497757,7526867,112,0,"[0, 1]"
497757,7526867,128,0,"[0, 1]"
497757,7526867,155,0,"[0, 1]"
497757,7526867,215,0,"[0, 1]"
497757,7526867,238,0,"[0, 1]"
497757,7526867,235,0,"[0, 1]"
497757,7526867,243,0,"[0, 1]"
497757,7526867,202,0,"[0, 1]"
497757,7526867,137,0,"[0, 1]"
497757,7526867,154,0,"[0, 1]"
497757,7526867,195,0,"[0, 1]"
497757,7526867,176,0,"[0, 1]"
497757,7526867,211,0,"[0, 1]"
497757,7526867,188,0,"[0, 1]"
497757,7526867,156,0,"[0, 1]"
497757,7526867,429,0,"[0, 1]"
497757,7526867,322,0,"[0, 1]"
497757,7526867,339,0,"[0, 1]"
497757,7526867,354,0,"[0, 1]"
497757,7526867,262,0,"[0, 1]"
497757,7526867,359,0,"[0, 1]"
497757,7526867,343,0,"[0, 1]"
497757,7526867,487,0,"[0, 1]"
497757,7526867,344,0,"[0, 1]"
497757,7526867,421,0,"[0, 1]"
497757,7526867,412,0,"[0, 1]"
497757,7526867,290,0,"[0, 1]"
497757,7526867,481,0,"[0, 1]"
497757,7526867,437,0,"[0, 1]"
497757,7526867,509,0,"[0, 1]"
497757,7526867,314,0,"[0, 1]"
497757,7526867,974,0,"[0, 1]"
497757,7526867,575,0,"[0, 1]"
497757,7526867,562,0,"[0, 1]"
497757,7526867,910,0,"[0, 1]"
497757,7526867,839,0,"[0, 1]"
497757,7526867,948,0,"[0, 1]"
497757,7526867,563,0,"[0, 1]"
497757,7526867,868,0,"[0, 1]"
497757,7526867,831,0,"[0, 1]"
497757,7526867,688,0,"[0, 1]"
497757,7526867,660,0,"[0, 1]"
497757,7526867,724,0,"[0, 1]"
497757,7526867,755,0,"[0, 1]"
497757,7526867,949,0,"[0, 1]"
497757,7526867,797,0,"[0, 1]"
497757,7526867,937,0,"[0, 1]"
497757,7526867,632,0,"[0, 1]"
497757,7526867,808,0,"[0, 1]"
497757,7526867,1445,0,"[0, 1]"
497757,7526867,1609,0,"[0, 1]"
497757,7526867,1679,0,"[0, 1]"
497757,7526867,1437,0,"[0, 1]"
497757,7526867,1506,0,"[0, 1]"
497757,7526867,1526,0,"[0, 1]"
497757,7526867,1890,0,"[0, 1]"
497757,7526867,1767,0,"[0, 1]"
497757,7526867,1889,0,"[0, 1]"
497757,7526867,1912,0,"[0, 1]"
497757,7526867,1995,0,"[0, 1]"
497757,7526867,1244,0,"[0, 1]"
497757,7526867,1708,0,"[0, 1]"
497757,7526867,1747,0,"[0, 1]"
497757,7526867,1427,0,"[0, 1]"
497757,7526867,1936,0,"[0, 1]"
497757,7526867,1693,0,"[0, 1]"
497757,7526867,2018,0,"[0, 1]"
497757,7526867,1757,0,"[0, 1]"
497757,7526867,1639,0,"[0, 1]"
497757,7526867,2421,0,"[0, 1]"
497757,7526867,3771,0,"[0, 1]"
497757,7526867,3244,0,"[0, 1]"
497757,7526867,3881,0,"[0, 1]"
497757,7526867,3303,0,"[0, 1]"
497757,7526867,3961,0,"[0, 1]"
497757,7526867,3105,0,"[0, 1]"
497757,7526867,2315,0,"[0, 1]"
497757,7526867,2558,0,"[0, 1]"
497757,7526867,3445,0,"[0, 1]"
497757,7526867,2708,0,"[0, 1]"
497757,7526867,3416,0,"[0, 1]"
497757,7526867,3702,0,"[0, 1]"
497757,7526867,3375,0,"[0, 1]"
497757,7526867,2536,0,"[0, 1]"
497757,7526867,2374,0,"[0, 1]"
497757,7526867,3355,0,"[0, 1]"
497757,7526867,2274,0,"[0, 1]"
497757,7526867,2640,0,"[0, 1]"
497757,7526867,2308,0,"[0, 1]"
497757,7526867,3282,0,"[0, 1]"
497757,7526867,3885,0,"[0, 1]"
497757,7526867,7403482,1,"[0, 1]"
497757,7526867,7087481,1,"[0, 1]"
497757,7526867,7365439,1,"[0, 1]"
497757,7526867,7129076,1,"[0, 1]"
497757,7526867,7454709,1,"[0, 1]"
497757,7526867,7183057,1,"[0, 1]"
497757,7526867,7235182,1,"[0, 1]"
497757,7526867,1990785,1,"[0, 1]"
497757,7526867,7500425,1,"[0, 1]"
497757,7526867,7334323,1,"[0, 1]"
497757,7526867,7144561,1,"[0, 1]"
497757,7526867,7536282,1,"[0, 1]"
497757,7526867,4567,0,"[0, 1]"
497757,7526867,7287898,1,"[0, 1]"
497757,7526867,7219338,1,"[0, 1]"
497757,7526867,7114498,1,"[0, 1]"
497757,7526867,7618213,1,"[0, 1]"
497757,7526867,4295,0,"[0, 1]"
497757,7526867,7073211,1,"[0, 1]"
497757,7526867,7676631,1,"[0, 1]"
497757,7526867,7634698,1,"[0, 1]"
497757,7526867,7076754,1,"[0, 1]"
497757,7526867,137649,1,"[0, 1]"
497757,7526867,7612278,1,"[0, 1]"
497757,7526867,7532528,1,"[0, 1]"
497757,7526867,7570852,1,"[0, 1]"
497757,7526867,2651091,1,"[0, 1]"
497757,7526867,7566944,1,"[0, 1]"
497757,7526867,6009843,1,"[0, 1]"
497757,7526867,7183698,1,"[0, 1]"
497757,7526867,7131995,1,"[0, 1]"
497757,7526867,7522719,1,"[0, 1]"
497757,7526867,7632935,1,"[0, 1]"
497757,7526867,7594255,1,"[0, 1]"
497757,7526867,7686542,1,"[0, 1]"
497757,7526867,7189291,1,"[0, 1]"
497757,7526867,5228964,1,"[0, 1]"
497757,7526867,7299271,1,"[0, 1]"
497757,7526867,7292903,1,"[0, 1]"
497757,7526867,7279808,1,"[0, 1]"
497757,7526867,7344668,1,"[0, 1]"
497757,7526867,7092126,1,"[0, 1]"
497757,7526867,7424521,1,"[0, 1]"
497757,7526867,7322502,1,"[0, 1]"
497757,7526867,7409913,1,"[0, 1]"
497757,7526867,7632383,1,"[0, 1]"
497757,7526867,7371568,1,"[0, 1]"
497757,7526867,7606457,1,"[0, 1]"
497757,7526867,7158638,1,"[0, 1]"
497757,7526867,7426822,1,"[0, 1]"
391481,7526879,7526879,1,"[1, 0]"
391481,7526879,3845,0,"[1, 0]"
391481,7526879,1922,0,"[1, 0]"
391481,7526879,960,0,"[1, 0]"
391481,7526879,479,0,"[1, 0]"
391481,7526879,239,0,"[1, 0]"
391481,7526879,119,0,"[1, 0]"
391481,7526879,59,0,"[1, 0]"
391481,7526879,29,0,"[1, 0]"
391481,7526879,14,0,"[1, 0]"
391481,7526879,6,0,"[1, 0]"
391481,7526879,2,0,"[1, 0]"
391481,7526879,0,0,"[1, 0]"
391481,7526879,2,0,"[0, 1]"
391481,7526879,1,0,"[0, 1]"
391481,7526879,6,0,"[0, 1]"
391481,7526879,3,0,"[0, 1]"
391481,7526879,4,0,"[0, 1]"
391481,7526879,5,0,"[0, 1]"
391481,7526879,7,0,"[0, 1]"
391481,7526879,11,0,"[0, 1]"
391481,7526879,13,0,"[0, 1]"
391481,7526879,14,0,"[0, 1]"
391481,7526879,12,0,"[0, 1]"
391481,7526879,8,0,"[0, 1]"
391481,7526879,25,0,"[0, 1]"
391481,7526879,27,0,"[0, 1]"
391481,7526879,16,0,"[0, 1]"
391481,7526879,15,0,"[0, 1]"
391481,7526879,17,0,"[0, 1]"
391481,7526879,19,0,"[0, 1]"
391481,7526879,29,0,"[0, 1]"
391481,7526879,30,0,"[0, 1]"
391481,7526879,36,0,"[0, 1]"
391481,7526879,44,0,"[0, 1]"
391481,7526879,49,0,"[0, 1]"
391481,7526879,31,0,"[0, 1]"
391481,7526879,34,0,"[0, 1]"
391481,7526879,58,0,"[0, 1]"
391481,7526879,45,0,"[0, 1]"
391481,7526879,32,0,"[0, 1]"
391481,7526879,60,0,"[0, 1]"
391481,7526879,46,0,"[0, 1]"
391481,7526879,102,0,"[0, 1]"
391481,7526879,76,0,"[0, 1]"
391481,7526879,113,0,"[0, 1]"
391481,7526879,126,0,"[0, 1]"
391481,7526879,111,0,"[0, 1]"
391481,7526879,94,0,"[0, 1]"
391481,7526879,72,0,"[0, 1]"
391481,7526879,63,0,"[0, 1]"
391481,7526879,86,0,"[0, 1]"
391481,7526879,85,0,"[0, 1]"
391481,7526879,97,0,"[0, 1]"
391481,7526879,78,0,"[0, 1]"
391481,7526879,145,0,"[0, 1]"
391481,7526879,203,0,"[0, 1]"
391481,7526879,195,0,"[0, 1]"
391481,7526879,150,0,"[0, 1]"
391481,7526879,143,0,"[0, 1]"
391481,7526879,144,0,"[0, 1]"
391481,7526879,161,0,"[0, 1]"
391481,7526879,146,0,"[0, 1]"
391481,7526879,238,0,"[0, 1]"
391481,7526879,136,0,"[0, 1]"
391481,7526879,166,0,"[0, 1]"
391481,7526879,130,0,"[0, 1]"
391481,7526879,244,0,"[0, 1]"
391481,7526879,142,0,"[0, 1]"
391481,7526879,452,0,"[0, 1]"
391481,7526879,334,0,"[0, 1]"
391481,7526879,487,0,"[0, 1]"
391481,7526879,418,0,"[0, 1]"
391481,7526879,404,0,"[0, 1]"
391481,7526879,423,0,"[0, 1]"
391481,7526879,279,0,"[0, 1]"
391481,7526879,286,0,"[0, 1]"
391481,7526879,406,0,"[0, 1]"
391481,7526879,395,0,"[0, 1]"
391481,7526879,424,0,"[0, 1]"
391481,7526879,259,0,"[0, 1]"
391481,7526879,411,0,"[0, 1]"
391481,7526879,328,0,"[0, 1]"
391481,7526879,410,0,"[0, 1]"
391481,7526879,324,0,"[0, 1]"
391481,7526879,921,0,"[0, 1]"
391481,7526879,762,0,"[0, 1]"
391481,7526879,582,0,"[0, 1]"
391481,7526879,846,0,"[0, 1]"
391481,7526879,678,0,"[0, 1]"
391481,7526879,784,0,"[0, 1]"
391481,7526879,633,0,"[0, 1]"
391481,7526879,730,0,"[0, 1]"
391481,7526879,777,0,"[0, 1]"
391481,7526879,776,0,"[0, 1]"
391481,7526879,790,0,"[0, 1]"
391481,7526879,741,0,"[0, 1]"
391481,7526879,1009,0,"[0, 1]"
391481,7526879,834,0,"[0, 1]"
391481,7526879,819,0,"[0, 1]"
391481,7526879,569,0,"[0, 1]"
391481,7526879,720,0,"[0, 1]"
391481,7526879,685,0,"[0, 1]"
391481,7526879,1822,0,"[0, 1]"
391481,7526879,1317,0,"[0, 1]"
391481,7526879,1833,0,"[0, 1]"
391481,7526879,1059,0,"[0, 1]"
391481,7526879,2026,0,"[0, 1]"
391481,7526879,1875,0,"[0, 1]"
391481,7526879,1444,0,"[0, 1]"
391481,7526879,1093,0,"[0, 1]"
391481,7526879,1366,0,"[0, 1]"
391481,7526879,1976,0,"[0, 1]"
391481,7526879,1432,0,"[0, 1]"
391481,7526879,1252,0,"[0, 1]"
391481,7526879,1696,0,"[0, 1]"
391481,7526879,1484,0,"[0, 1]"
391481,7526879,1944,0,"[0, 1]"
391481,7526879,1806,0,"[0, 1]"
391481,7526879,1781,0,"[0, 1]"
391481,7526879,1736,0,"[0, 1]"
391481,7526879,1685,0,"[0, 1]"
391481,7526879,1124,0,"[0, 1]"
391481,7526879,2660,0,"[0, 1]"
391481,7526879,3282,0,"[0, 1]"
391481,7526879,3507,0,"[0, 1]"
391481,7526879,4047,0,"[0, 1]"
391481,7526879,3780,0,"[0, 1]"
391481,7526879,2397,0,"[0, 1]"
391481,7526879,3868,0,"[0, 1]"
391481,7526879,3888,0,"[0, 1]"
391481,7526879,3850,0,"[0, 1]"
391481,7526879,3236,0,"[0, 1]"
391481,7526879,3529,0,"[0, 1]"
391481,7526879,2703,0,"[0, 1]"
391481,7526879,3261,0,"[0, 1]"
391481,7526879,2858,0,"[0, 1]"
391481,7526879,2814,0,"[0, 1]"
391481,7526879,3299,0,"[0, 1]"
391481,7526879,2185,0,"[0, 1]"
391481,7526879,3587,0,"[0, 1]"
391481,7526879,2215,0,"[0, 1]"
391481,7526879,2823,0,"[0, 1]"
391481,7526879,3245,0,"[0, 1]"
391481,7526879,2238,0,"[0, 1]"
391481,7526879,6925232,1,"[0, 1]"
391481,7526879,7482263,1,"[0, 1]"
391481,7526879,7594747,1,"[0, 1]"
391481,7526879,7108284,1,"[0, 1]"
391481,7526879,4338,0,"[0, 1]"
391481,7526879,7499806,1,"[0, 1]"
391481,7526879,4734,0,"[0, 1]"
391481,7526879,4644,0,"[0, 1]"
391481,7526879,7116157,1,"[0, 1]"
391481,7526879,7360357,1,"[0, 1]"
391481,7526879,7604003,1,"[0, 1]"
391481,7526879,7084111,1,"[0, 1]"
391481,7526879,7506788,1,"[0, 1]"
391481,7526879,7555467,1,"[0, 1]"
391481,7526879,7429330,1,"[0, 1]"
391481,7526879,7618929,1,"[0, 1]"
391481,7526879,7432860,1,"[0, 1]"
391481,7526879,7449503,1,"[0, 1]"
391481,7526879,7171472,1,"[0, 1]"
391481,7526879,7299671,1,"[0, 1]"
391481,7526879,7432309,1,"[0, 1]"
391481,7526879,2745456,1,"[0, 1]"
391481,7526879,4394,0,"[0, 1]"
391481,7526879,7098048,1,"[0, 1]"
1096180,7526924,7526924,1,"[1, 0]"
1096180,7526924,4450,0,"[1, 0]"
1096180,7526924,2853,0,"[1, 0]"
1096180,7526924,1426,0,"[1, 0]"
1096180,7526924,712,0,"[1, 0]"
1096180,7526924,355,0,"[1, 0]"
1096180,7526924,177,0,"[1, 0]"
1096180,7526924,88,0,"[1, 0]"
1096180,7526924,43,0,"[1, 0]"
1096180,7526924,21,0,"[1, 0]"
1096180,7526924,10,0,"[1, 0]"
1096180,7526924,4,0,"[1, 0]"
1096180,7526924,1,0,"[1, 0]"
1096180,7526924,0,0,"[1, 0]"
1096180,7526924,1,0,"[0, 1]"
1096180,7526924,2,0,"[0, 1]"
1096180,7526924,3,0,"[0, 1]"
1096180,7526924,4,0,"[0, 1]"
1096180,7526924,6,0,"[0, 1]"
1096180,7526924,5,0,"[0, 1]"
1096180,7526924,13,0,"[0, 1]"
1096180,7526924,14,0,"[0, 1]"
1096180,7526924,7,0,"[0, 1]"
1096180,7526924,9,0,"[0, 1]"
1096180,7526924,11,0,"[0, 1]"
1096180,7526924,10,0,"[0, 1]"
1096180,7526924,19,0,"[0, 1]"
1096180,7526924,18,0,"[0, 1]"
1096180,7526924,28,0,"[0, 1]"
1096180,7526924,22,0,"[0, 1]"
1096180,7526924,15,0,"[0, 1]"
1096180,7526924,29,0,"[0, 1]"
1096180,7526924,27,0,"[0, 1]"
1096180,7526924,16,0,"[0, 1]"
1096180,7526924,57,0,"[0, 1]"
1096180,7526924,46,0,"[0, 1]"
1096180,7526924,32,0,"[0, 1]"
1096180,7526924,48,0,"[0, 1]"
1096180,7526924,45,0,"[0, 1]"
1096180,7526924,34,0,"[0, 1]"
1096180,7526924,60,0,"[0, 1]"
1096180,7526924,51,0,"[0, 1]"
1096180,7526924,36,0,"[0, 1]"
1096180,7526924,40,0,"[0, 1]"
1096180,7526924,113,0,"[0, 1]"
1096180,7526924,67,0,"[0, 1]"
1096180,7526924,115,0,"[0, 1]"
1096180,7526924,110,0,"[0, 1]"
1096180,7526924,104,0,"[0, 1]"
1096180,7526924,121,0,"[0, 1]"
1096180,7526924,70,0,"[0, 1]"
1096180,7526924,119,0,"[0, 1]"
1096180,7526924,114,0,"[0, 1]"
1096180,7526924,105,0,"[0, 1]"
1096180,7526924,65,0,"[0, 1]"
1096180,7526924,106,0,"[0, 1]"
1096180,7526924,179,0,"[0, 1]"
1096180,7526924,173,0,"[0, 1]"
1096180,7526924,209,0,"[0, 1]"
1096180,7526924,183,0,"[0, 1]"
1096180,7526924,206,0,"[0, 1]"
1096180,7526924,214,0,"[0, 1]"
1096180,7526924,248,0,"[0, 1]"
1096180,7526924,172,0,"[0, 1]"
1096180,7526924,227,0,"[0, 1]"
1096180,7526924,253,0,"[0, 1]"
1096180,7526924,127,0,"[0, 1]"
1096180,7526924,155,0,"[0, 1]"
1096180,7526924,242,0,"[0, 1]"
1096180,7526924,144,0,"[0, 1]"
1096180,7526924,387,0,"[0, 1]"
1096180,7526924,317,0,"[0, 1]"
1096180,7526924,472,0,"[0, 1]"
1096180,7526924,453,0,"[0, 1]"
1096180,7526924,501,0,"[0, 1]"
1096180,7526924,420,0,"[0, 1]"
1096180,7526924,371,0,"[0, 1]"
1096180,7526924,392,0,"[0, 1]"
1096180,7526924,321,0,"[0, 1]"
1096180,7526924,283,0,"[0, 1]"
1096180,7526924,390,0,"[0, 1]"
1096180,7526924,441,0,"[0, 1]"
1096180,7526924,286,0,"[0, 1]"
1096180,7526924,413,0,"[0, 1]"
1096180,7526924,293,0,"[0, 1]"
1096180,7526924,458,0,"[0, 1]"
1096180,7526924,937,0,"[0, 1]"
1096180,7526924,908,0,"[0, 1]"
1096180,7526924,821,0,"[0, 1]"
1096180,7526924,839,0,"[0, 1]"
1096180,7526924,892,0,"[0, 1]"
1096180,7526924,811,0,"[0, 1]"
1096180,7526924,592,0,"[0, 1]"
1096180,7526924,957,0,"[0, 1]"
1096180,7526924,930,0,"[0, 1]"
1096180,7526924,580,0,"[0, 1]"
1096180,7526924,878,0,"[0, 1]"
1096180,7526924,772,0,"[0, 1]"
1096180,7526924,566,0,"[0, 1]"
1096180,7526924,619,0,"[0, 1]"
1096180,7526924,959,0,"[0, 1]"
1096180,7526924,761,0,"[0, 1]"
1096180,7526924,554,0,"[0, 1]"
1096180,7526924,1019,0,"[0, 1]"
1096180,7526924,1605,0,"[0, 1]"
1096180,7526924,1530,0,"[0, 1]"
1096180,7526924,1872,0,"[0, 1]"
1096180,7526924,1959,0,"[0, 1]"
1096180,7526924,1255,0,"[0, 1]"
1096180,7526924,1819,0,"[0, 1]"
1096180,7526924,1654,0,"[0, 1]"
1096180,7526924,1444,0,"[0, 1]"
1096180,7526924,1833,0,"[0, 1]"
1096180,7526924,1693,0,"[0, 1]"
1096180,7526924,1866,0,"[0, 1]"
1096180,7526924,1162,0,"[0, 1]"
1096180,7526924,1434,0,"[0, 1]"
1096180,7526924,1060,0,"[0, 1]"
1096180,7526924,1257,0,"[0, 1]"
1096180,7526924,1035,0,"[0, 1]"
1096180,7526924,1376,0,"[0, 1]"
1096180,7526924,1662,0,"[0, 1]"
1096180,7526924,1254,0,"[0, 1]"
1096180,7526924,1109,0,"[0, 1]"
1096180,7526924,3696,0,"[0, 1]"
1096180,7526924,3303,0,"[0, 1]"
1096180,7526924,3516,0,"[0, 1]"
1096180,7526924,2816,0,"[0, 1]"
1096180,7526924,2881,0,"[0, 1]"
1096180,7526924,3054,0,"[0, 1]"
1096180,7526924,3446,0,"[0, 1]"
1096180,7526924,2976,0,"[0, 1]"
1096180,7526924,2951,0,"[0, 1]"
1096180,7526924,2657,0,"[0, 1]"
1096180,7526924,3205,0,"[0, 1]"
1096180,7526924,3250,0,"[0, 1]"
1096180,7526924,3354,0,"[0, 1]"
1096180,7526924,3734,0,"[0, 1]"
1096180,7526924,2570,0,"[0, 1]"
1096180,7526924,2523,0,"[0, 1]"
1096180,7526924,3771,0,"[0, 1]"
1096180,7526924,2382,0,"[0, 1]"
1096180,7526924,2376,0,"[0, 1]"
1096180,7526924,3660,0,"[0, 1]"
1096180,7526924,3359,0,"[0, 1]"
1096180,7526924,2624,0,"[0, 1]"
1096180,7526924,7074071,1,"[0, 1]"
1096180,7526924,4572,0,"[0, 1]"
1096180,7526924,7136061,1,"[0, 1]"
1096180,7526924,7087159,1,"[0, 1]"
1096180,7526924,7285334,1,"[0, 1]"
1096180,7526924,7385663,1,"[0, 1]"
1096180,7526924,7281921,1,"[0, 1]"
1096180,7526924,7681941,1,"[0, 1]"
1096180,7526924,7488652,1,"[0, 1]"
1096180,7526924,4780,0,"[0, 1]"
1096180,7526924,7263224,1,"[0, 1]"
1096180,7526924,7460067,1,"[0, 1]"
1096180,7526924,4809,0,"[0, 1]"
1096180,7526924,2790193,1,"[0, 1]"
1096180,7526924,7295424,1,"[0, 1]"
1096180,7526924,7535614,1,"[0, 1]"
1096180,7526924,4355,0,"[0, 1]"
1096180,7526924,7095006,1,"[0, 1]"
1096180,7526924,5080241,1,"[0, 1]"
1096180,7526924,7087829,1,"[0, 1]"
1096180,7526924,4161,0,"[0, 1]"
1096180,7526924,7511875,1,"[0, 1]"
1096180,7526924,617180,1,"[0, 1]"
1096180,7526924,7083723,1,"[0, 1]"
1096180,7526924,7387845,1,"[0, 1]"
1096180,7526924,7249981,1,"[0, 1]"
1096180,7526924,7614909,1,"[0, 1]"
1096180,7526924,7082678,1,"[0, 1]"
1096180,7526924,7074710,1,"[0, 1]"
1096180,7526924,7571063,1,"[0, 1]"
1096180,7526924,76335,1,"[0, 1]"
1096180,7526924,2435952,1,"[0, 1]"
1096180,7526924,7456369,1,"[0, 1]"
1096180,7526924,7153494,1,"[0, 1]"
1096180,7526924,7078842,1,"[0, 1]"
1096180,7526924,7655567,1,"[0, 1]"
1096180,7526924,7170260,1,"[0, 1]"
1096180,7526924,7138601,1,"[0, 1]"
1096180,7526924,3367316,1,"[0, 1]"
1096180,7526924,2589472,1,"[0, 1]"
1096180,7526924,7290843,1,"[0, 1]"
1096180,7526924,7556353,1,"[0, 1]"
1096180,7526924,7135193,1,"[0, 1]"
1096180,7526924,7344079,1,"[0, 1]"
1096180,7526924,7680609,1,"[0, 1]"
1096180,7526924,7108466,1,"[0, 1]"
1096180,7526924,7166303,1,"[0, 1]"
1096180,7526924,7576706,1,"[0, 1]"
1096180,7526924,7276764,1,"[0, 1]"
1096180,7526924,2196128,1,"[0, 1]"
601684,7527096,7527096,1,"[1, 0]"
601684,7527096,4827,0,"[1, 0]"
601684,7527096,3708,0,"[1, 0]"
601684,7527096,1853,0,"[1, 0]"
601684,7527096,926,0,"[1, 0]"
601684,7527096,462,0,"[1, 0]"
601684,7527096,230,0,"[1, 0]"
601684,7527096,114,0,"[1, 0]"
601684,7527096,56,0,"[1, 0]"
601684,7527096,27,0,"[1, 0]"
601684,7527096,13,0,"[1, 0]"
601684,7527096,6,0,"[1, 0]"
601684,7527096,2,0,"[1, 0]"
601684,7527096,0,0,"[1, 0]"
601684,7527096,2,0,"[0, 1]"
601684,7527096,1,0,"[0, 1]"
601684,7527096,5,0,"[0, 1]"
601684,7527096,3,0,"[0, 1]"
601684,7527096,6,0,"[0, 1]"
601684,7527096,4,0,"[0, 1]"
601684,7527096,7,0,"[0, 1]"
601684,7527096,14,0,"[0, 1]"
601684,7527096,13,0,"[0, 1]"
601684,7527096,11,0,"[0, 1]"
601684,7527096,9,0,"[0, 1]"
601684,7527096,12,0,"[0, 1]"
601684,7527096,21,0,"[0, 1]"
601684,7527096,16,0,"[0, 1]"
601684,7527096,15,0,"[0, 1]"
601684,7527096,28,0,"[0, 1]"
601684,7527096,20,0,"[0, 1]"
601684,7527096,17,0,"[0, 1]"
601684,7527096,27,0,"[0, 1]"
601684,7527096,24,0,"[0, 1]"
601684,7527096,62,0,"[0, 1]"
601684,7527096,54,0,"[0, 1]"
601684,7527096,45,0,"[0, 1]"
601684,7527096,32,0,"[0, 1]"
601684,7527096,40,0,"[0, 1]"
601684,7527096,42,0,"[0, 1]"
601684,7527096,61,0,"[0, 1]"
601684,7527096,50,0,"[0, 1]"
601684,7527096,51,0,"[0, 1]"
601684,7527096,38,0,"[0, 1]"
601684,7527096,69,0,"[0, 1]"
601684,7527096,108,0,"[0, 1]"
601684,7527096,99,0,"[0, 1]"
601684,7527096,96,0,"[0, 1]"
601684,7527096,101,0,"[0, 1]"
601684,7527096,88,0,"[0, 1]"
601684,7527096,66,0,"[0, 1]"
601684,7527096,71,0,"[0, 1]"
601684,7527096,104,0,"[0, 1]"
601684,7527096,92,0,"[0, 1]"
601684,7527096,75,0,"[0, 1]"
601684,7527096,121,0,"[0, 1]"
601684,7527096,159,0,"[0, 1]"
601684,7527096,171,0,"[0, 1]"
601684,7527096,218,0,"[0, 1]"
601684,7527096,181,0,"[0, 1]"
601684,7527096,205,0,"[0, 1]"
601684,7527096,185,0,"[0, 1]"
601684,7527096,223,0,"[0, 1]"
601684,7527096,210,0,"[0, 1]"
601684,7527096,224,0,"[0, 1]"
601684,7527096,166,0,"[0, 1]"
601684,7527096,148,0,"[0, 1]"
601684,7527096,158,0,"[0, 1]"
601684,7527096,142,0,"[0, 1]"
601684,7527096,164,0,"[0, 1]"
601684,7527096,312,0,"[0, 1]"
601684,7527096,414,0,"[0, 1]"
601684,7527096,319,0,"[0, 1]"
601684,7527096,508,0,"[0, 1]"
601684,7527096,256,0,"[0, 1]"
601684,7527096,450,0,"[0, 1]"
601684,7527096,322,0,"[0, 1]"
601684,7527096,384,0,"[0, 1]"
601684,7527096,392,0,"[0, 1]"
601684,7527096,261,0,"[0, 1]"
601684,7527096,426,0,"[0, 1]"
601684,7527096,283,0,"[0, 1]"
601684,7527096,325,0,"[0, 1]"
601684,7527096,300,0,"[0, 1]"
601684,7527096,495,0,"[0, 1]"
601684,7527096,419,0,"[0, 1]"
601684,7527096,763,0,"[0, 1]"
601684,7527096,658,0,"[0, 1]"
601684,7527096,868,0,"[0, 1]"
601684,7527096,638,0,"[0, 1]"
601684,7527096,846,0,"[0, 1]"
601684,7527096,694,0,"[0, 1]"
601684,7527096,733,0,"[0, 1]"
601684,7527096,648,0,"[0, 1]"
601684,7527096,571,0,"[0, 1]"
601684,7527096,1008,0,"[0, 1]"
601684,7527096,527,0,"[0, 1]"
601684,7527096,517,0,"[0, 1]"
601684,7527096,786,0,"[0, 1]"
601684,7527096,598,0,"[0, 1]"
601684,7527096,757,0,"[0, 1]"
601684,7527096,546,0,"[0, 1]"
601684,7527096,635,0,"[0, 1]"
601684,7527096,764,0,"[0, 1]"
601684,7527096,1272,0,"[0, 1]"
601684,7527096,1663,0,"[0, 1]"
601684,7527096,1756,0,"[0, 1]"
601684,7527096,1788,0,"[0, 1]"
601684,7527096,1455,0,"[0, 1]"
601684,7527096,2001,0,"[0, 1]"
601684,7527096,1366,0,"[0, 1]"
601684,7527096,1461,0,"[0, 1]"
601684,7527096,1954,0,"[0, 1]"
601684,7527096,1448,0,"[0, 1]"
601684,7527096,1238,0,"[0, 1]"
601684,7527096,2034,0,"[0, 1]"
601684,7527096,1769,0,"[0, 1]"
601684,7527096,1711,0,"[0, 1]"
601684,7527096,1972,0,"[0, 1]"
601684,7527096,1783,0,"[0, 1]"
601684,7527096,1386,0,"[0, 1]"
601684,7527096,1211,0,"[0, 1]"
601684,7527096,1201,0,"[0, 1]"
601684,7527096,1876,0,"[0, 1]"
601684,7527096,2835,0,"[0, 1]"
601684,7527096,3486,0,"[0, 1]"
601684,7527096,4052,0,"[0, 1]"
601684,7527096,3847,0,"[0, 1]"
601684,7527096,3285,0,"[0, 1]"
601684,7527096,2265,0,"[0, 1]"
601684,7527096,3042,0,"[0, 1]"
601684,7527096,2217,0,"[0, 1]"
601684,7527096,3399,0,"[0, 1]"
601684,7527096,3031,0,"[0, 1]"
601684,7527096,2241,0,"[0, 1]"
601684,7527096,2755,0,"[0, 1]"
601684,7527096,2855,0,"[0, 1]"
601684,7527096,2922,0,"[0, 1]"
601684,7527096,3170,0,"[0, 1]"
601684,7527096,3599,0,"[0, 1]"
601684,7527096,2181,0,"[0, 1]"
601684,7527096,2409,0,"[0, 1]"
601684,7527096,3989,0,"[0, 1]"
601684,7527096,2924,0,"[0, 1]"
601684,7527096,3354,0,"[0, 1]"
601684,7527096,3149,0,"[0, 1]"
601684,7527096,7565966,1,"[0, 1]"
601684,7527096,7443688,1,"[0, 1]"
601684,7527096,7346324,1,"[0, 1]"
601684,7527096,7500864,1,"[0, 1]"
601684,7527096,4546,0,"[0, 1]"
601684,7527096,7092036,1,"[0, 1]"
601684,7527096,7359238,1,"[0, 1]"
601684,7527096,7080202,1,"[0, 1]"
601684,7527096,7371014,1,"[0, 1]"
601684,7527096,7140336,1,"[0, 1]"
601684,7527096,4439,0,"[0, 1]"
601684,7527096,7675991,1,"[0, 1]"
601684,7527096,7308132,1,"[0, 1]"
601684,7527096,7221660,1,"[0, 1]"
601684,7527096,7457675,1,"[0, 1]"
601684,7527096,7454709,1,"[0, 1]"
601684,7527096,2646831,1,"[0, 1]"
601684,7527096,2688474,1,"[0, 1]"
601684,7527096,4154,0,"[0, 1]"
601684,7527096,7443887,1,"[0, 1]"
601684,7527096,7412499,1,"[0, 1]"
601684,7527096,7461739,1,"[0, 1]"
601684,7527096,7604698,1,"[0, 1]"
601684,7527096,4947,0,"[0, 1]"
601684,7527096,7190993,1,"[0, 1]"
601684,7527096,1100911,1,"[0, 1]"
601684,7527096,3025548,1,"[0, 1]"
601684,7527096,7453308,1,"[0, 1]"
601684,7527096,7408139,1,"[0, 1]"
601684,7527096,7604553,1,"[0, 1]"
601684,7527096,7453303,1,"[0, 1]"
601684,7527096,7421094,1,"[0, 1]"
601684,7527096,7360466,1,"[0, 1]"
601684,7527096,7399769,1,"[0, 1]"
601684,7527096,7369987,1,"[0, 1]"
601684,7527096,7528490,1,"[0, 1]"
601684,7527096,7607802,1,"[0, 1]"
601684,7527096,7346564,1,"[0, 1]"
601684,7527096,7295399,1,"[0, 1]"
601684,7527096,7476513,1,"[0, 1]"
601684,7527096,7124029,1,"[0, 1]"
601684,7527096,4920146,1,"[0, 1]"
601684,7527096,7437842,1,"[0, 1]"
601684,7527096,7647465,1,"[0, 1]"
601684,7527096,7157407,1,"[0, 1]"
601684,7527096,7443062,1,"[0, 1]"
601684,7527096,7413993,1,"[0, 1]"
601684,7527096,7344079,1,"[0, 1]"
601684,7527096,7518538,1,"[0, 1]"
601684,7527096,7491084,1,"[0, 1]"
585165,5631375,5631375,1,"[1, 0]"
585165,5631375,4014,0,"[1, 0]"
585165,5631375,2006,0,"[1, 0]"
585165,5631375,1002,0,"[1, 0]"
585165,5631375,500,0,"[1, 0]"
585165,5631375,249,0,"[1, 0]"
585165,5631375,124,0,"[1, 0]"
585165,5631375,61,0,"[1, 0]"
585165,5631375,30,0,"[1, 0]"
585165,5631375,14,0,"[1, 0]"
585165,5631375,6,0,"[1, 0]"
585165,5631375,2,0,"[1, 0]"
585165,5631375,0,0,"[1, 0]"
585165,5631375,2,0,"[0, 1]"
585165,5631375,1,0,"[0, 1]"
585165,5631375,5,0,"[0, 1]"
585165,5631375,6,0,"[0, 1]"
585165,5631375,3,0,"[0, 1]"
585165,5631375,4,0,"[0, 1]"
585165,5631375,7,0,"[0, 1]"
585165,5631375,11,0,"[0, 1]"
585165,5631375,8,0,"[0, 1]"
585165,5631375,12,0,"[0, 1]"
585165,5631375,10,0,"[0, 1]"
585165,5631375,9,0,"[0, 1]"
585165,5631375,15,0,"[0, 1]"
585165,5631375,23,0,"[0, 1]"
585165,5631375,16,0,"[0, 1]"
585165,5631375,20,0,"[0, 1]"
585165,5631375,28,0,"[0, 1]"
585165,5631375,27,0,"[0, 1]"
585165,5631375,25,0,"[0, 1]"
585165,5631375,21,0,"[0, 1]"
585165,5631375,36,0,"[0, 1]"
585165,5631375,53,0,"[0, 1]"
585165,5631375,42,0,"[0, 1]"
585165,5631375,51,0,"[0, 1]"
585165,5631375,45,0,"[0, 1]"
585165,5631375,60,0,"[0, 1]"
585165,5631375,50,0,"[0, 1]"
585165,5631375,61,0,"[0, 1]"
585165,5631375,33,0,"[0, 1]"
585165,5631375,35,0,"[0, 1]"
585165,5631375,73,0,"[0, 1]"
585165,5631375,88,0,"[0, 1]"
585165,5631375,107,0,"[0, 1]"
585165,5631375,125,0,"[0, 1]"
585165,5631375,86,0,"[0, 1]"
585165,5631375,121,0,"[0, 1]"
585165,5631375,69,0,"[0, 1]"
585165,5631375,79,0,"[0, 1]"
585165,5631375,70,0,"[0, 1]"
585165,5631375,109,0,"[0, 1]"
585165,5631375,83,0,"[0, 1]"
585165,5631375,92,0,"[0, 1]"
585165,5631375,245,0,"[0, 1]"
585165,5631375,241,0,"[0, 1]"
585165,5631375,162,0,"[0, 1]"
585165,5631375,177,0,"[0, 1]"
585165,5631375,207,0,"[0, 1]"
585165,5631375,169,0,"[0, 1]"
585165,5631375,172,0,"[0, 1]"
585165,5631375,128,0,"[0, 1]"
585165,5631375,204,0,"[0, 1]"
585165,5631375,133,0,"[0, 1]"
585165,5631375,215,0,"[0, 1]"
585165,5631375,166,0,"[0, 1]"
585165,5631375,246,0,"[0, 1]"
585165,5631375,184,0,"[0, 1]"
585165,5631375,322,0,"[0, 1]"
585165,5631375,362,0,"[0, 1]"
585165,5631375,376,0,"[0, 1]"
585165,5631375,341,0,"[0, 1]"
585165,5631375,298,0,"[0, 1]"
585165,5631375,367,0,"[0, 1]"
585165,5631375,318,0,"[0, 1]"
585165,5631375,459,0,"[0, 1]"
585165,5631375,329,0,"[0, 1]"
585165,5631375,472,0,"[0, 1]"
585165,5631375,471,0,"[0, 1]"
585165,5631375,475,0,"[0, 1]"
585165,5631375,366,0,"[0, 1]"
585165,5631375,412,0,"[0, 1]"
585165,5631375,371,0,"[0, 1]"
585165,5631375,379,0,"[0, 1]"
585165,5631375,950,0,"[0, 1]"
585165,5631375,810,0,"[0, 1]"
585165,5631375,633,0,"[0, 1]"
585165,5631375,649,0,"[0, 1]"
585165,5631375,547,0,"[0, 1]"
585165,5631375,767,0,"[0, 1]"
585165,5631375,627,0,"[0, 1]"
585165,5631375,901,0,"[0, 1]"
585165,5631375,930,0,"[0, 1]"
585165,5631375,1020,0,"[0, 1]"
585165,5631375,525,0,"[0, 1]"
585165,5631375,918,0,"[0, 1]"
585165,5631375,935,0,"[0, 1]"
585165,5631375,982,0,"[0, 1]"
585165,5631375,667,0,"[0, 1]"
585165,5631375,751,0,"[0, 1]"
585165,5631375,907,0,"[0, 1]"
585165,5631375,899,0,"[0, 1]"
585165,5631375,1633,0,"[0, 1]"
585165,5631375,1727,0,"[0, 1]"
585165,5631375,1124,0,"[0, 1]"
585165,5631375,1382,0,"[0, 1]"
585165,5631375,1467,0,"[0, 1]"
585165,5631375,1404,0,"[0, 1]"
585165,5631375,1986,0,"[0, 1]"
585165,5631375,1103,0,"[0, 1]"
585165,5631375,1159,0,"[0, 1]"
585165,5631375,1636,0,"[0, 1]"
585165,5631375,1741,0,"[0, 1]"
585165,5631375,1303,0,"[0, 1]"
585165,5631375,1276,0,"[0, 1]"
585165,5631375,1836,0,"[0, 1]"
585165,5631375,1394,0,"[0, 1]"
585165,5631375,1906,0,"[0, 1]"
585165,5631375,1198,0,"[0, 1]"
585165,5631375,1919,0,"[0, 1]"
585165,5631375,1923,0,"[0, 1]"
585165,5631375,1731,0,"[0, 1]"
585165,5631375,2636,0,"[0, 1]"
585165,5631375,3027,0,"[0, 1]"
585165,5631375,3386,0,"[0, 1]"
585165,5631375,2587,0,"[0, 1]"
585165,5631375,2848,0,"[0, 1]"
585165,5631375,2243,0,"[0, 1]"
585165,5631375,2755,0,"[0, 1]"
585165,5631375,3241,0,"[0, 1]"
585165,5631375,3308,0,"[0, 1]"
585165,5631375,2102,0,"[0, 1]"
585165,5631375,2337,0,"[0, 1]"
585165,5631375,3560,0,"[0, 1]"
585165,5631375,3539,0,"[0, 1]"
585165,5631375,3039,0,"[0, 1]"
585165,5631375,3531,0,"[0, 1]"
585165,5631375,2207,0,"[0, 1]"
585165,5631375,2360,0,"[0, 1]"
585165,5631375,2065,0,"[0, 1]"
585165,5631375,3483,0,"[0, 1]"
585165,5631375,2866,0,"[0, 1]"
585165,5631375,2295,0,"[0, 1]"
585165,5631375,2783,0,"[0, 1]"
585165,5631375,4936,0,"[0, 1]"
585165,5631375,7486505,1,"[0, 1]"
585165,5631375,7636706,1,"[0, 1]"
585165,5631375,7149086,1,"[0, 1]"
585165,5631375,4690,0,"[0, 1]"
585165,5631375,7328604,1,"[0, 1]"
585165,5631375,4414,0,"[0, 1]"
585165,5631375,7108821,1,"[0, 1]"
585165,5631375,7393434,1,"[0, 1]"
585165,5631375,4523,0,"[0, 1]"
585165,5631375,2294786,1,"[0, 1]"
585165,5631375,7148217,1,"[0, 1]"
585165,5631375,7659125,1,"[0, 1]"
585165,5631375,4658,0,"[0, 1]"
585165,5631375,7364649,1,"[0, 1]"
585165,5631375,4168,0,"[0, 1]"
585165,5631375,7136911,1,"[0, 1]"
585165,5631375,7637191,1,"[0, 1]"
585165,5631375,7262837,1,"[0, 1]"
585165,5631375,7286633,1,"[0, 1]"
585165,5631375,7301814,1,"[0, 1]"
585165,5631375,7434272,1,"[0, 1]"
585165,5631375,7305067,1,"[0, 1]"
585165,5631375,7507883,1,"[0, 1]"
586268,1401075,1401075,1,"[1, 0]"
586268,1401075,4967,0,"[1, 0]"
586268,1401075,4026,0,"[1, 0]"
586268,1401075,2012,0,"[1, 0]"
586268,1401075,1005,0,"[1, 0]"
586268,1401075,502,0,"[1, 0]"
586268,1401075,250,0,"[1, 0]"
586268,1401075,124,0,"[1, 0]"
586268,1401075,61,0,"[1, 0]"
586268,1401075,30,0,"[1, 0]"
586268,1401075,14,0,"[1, 0]"
586268,1401075,6,0,"[1, 0]"
586268,1401075,2,0,"[1, 0]"
586268,1401075,0,0,"[1, 0]"
586268,1401075,1,0,"[0, 1]"
586268,1401075,2,0,"[0, 1]"
586268,1401075,3,0,"[0, 1]"
586268,1401075,6,0,"[0, 1]"
586268,1401075,5,0,"[0, 1]"
586268,1401075,4,0,"[0, 1]"
586268,1401075,14,0,"[0, 1]"
586268,1401075,12,0,"[0, 1]"
586268,1401075,13,0,"[0, 1]"
586268,1401075,7,0,"[0, 1]"
586268,1401075,10,0,"[0, 1]"
586268,1401075,8,0,"[0, 1]"
586268,1401075,16,0,"[0, 1]"
586268,1401075,20,0,"[0, 1]"
586268,1401075,17,0,"[0, 1]"
586268,1401075,22,0,"[0, 1]"
586268,1401075,29,0,"[0, 1]"
586268,1401075,27,0,"[0, 1]"
586268,1401075,26,0,"[0, 1]"
586268,1401075,25,0,"[0, 1]"
586268,1401075,50,0,"[0, 1]"
586268,1401075,31,0,"[0, 1]"
586268,1401075,62,0,"[0, 1]"
586268,1401075,52,0,"[0, 1]"
586268,1401075,51,0,"[0, 1]"
586268,1401075,41,0,"[0, 1]"
586268,1401075,42,0,"[0, 1]"
586268,1401075,39,0,"[0, 1]"
586268,1401075,55,0,"[0, 1]"
586268,1401075,57,0,"[0, 1]"
586268,1401075,125,0,"[0, 1]"
586268,1401075,70,0,"[0, 1]"
586268,1401075,66,0,"[0, 1]"
586268,1401075,115,0,"[0, 1]"
586268,1401075,88,0,"[0, 1]"
586268,1401075,80,0,"[0, 1]"
586268,1401075,81,0,"[0, 1]"
586268,1401075,78,0,"[0, 1]"
586268,1401075,99,0,"[0, 1]"
586268,1401075,119,0,"[0, 1]"
586268,1401075,90,0,"[0, 1]"
586268,1401075,110,0,"[0, 1]"
586268,1401075,188,0,"[0, 1]"
586268,1401075,143,0,"[0, 1]"
586268,1401075,215,0,"[0, 1]"
586268,1401075,142,0,"[0, 1]"
586268,1401075,252,0,"[0, 1]"
586268,1401075,177,0,"[0, 1]"
586268,1401075,174,0,"[0, 1]"
586268,1401075,253,0,"[0, 1]"
586268,1401075,205,0,"[0, 1]"
586268,1401075,197,0,"[0, 1]"
586268,1401075,229,0,"[0, 1]"
586268,1401075,235,0,"[0, 1]"
586268,1401075,196,0,"[0, 1]"
586268,1401075,213,0,"[0, 1]"
586268,1401075,326,0,"[0, 1]"
586268,1401075,510,0,"[0, 1]"
586268,1401075,342,0,"[0, 1]"
586268,1401075,431,0,"[0, 1]"
586268,1401075,319,0,"[0, 1]"
586268,1401075,345,0,"[0, 1]"
586268,1401075,414,0,"[0, 1]"
586268,1401075,281,0,"[0, 1]"
586268,1401075,503,0,"[0, 1]"
586268,1401075,295,0,"[0, 1]"
586268,1401075,255,0,"[0, 1]"
586268,1401075,347,0,"[0, 1]"
586268,1401075,486,0,"[0, 1]"
586268,1401075,330,0,"[0, 1]"
586268,1401075,395,0,"[0, 1]"
586268,1401075,307,0,"[0, 1]"
586268,1401075,903,0,"[0, 1]"
586268,1401075,723,0,"[0, 1]"
586268,1401075,965,0,"[0, 1]"
586268,1401075,798,0,"[0, 1]"
586268,1401075,746,0,"[0, 1]"
586268,1401075,606,0,"[0, 1]"
586268,1401075,734,0,"[0, 1]"
586268,1401075,845,0,"[0, 1]"
586268,1401075,972,0,"[0, 1]"
586268,1401075,911,0,"[0, 1]"
586268,1401075,930,0,"[0, 1]"
586268,1401075,891,0,"[0, 1]"
586268,1401075,934,0,"[0, 1]"
586268,1401075,883,0,"[0, 1]"
586268,1401075,711,0,"[0, 1]"
586268,1401075,709,0,"[0, 1]"
586268,1401075,539,0,"[0, 1]"
586268,1401075,978,0,"[0, 1]"
586268,1401075,1783,0,"[0, 1]"
586268,1401075,1988,0,"[0, 1]"
586268,1401075,1927,0,"[0, 1]"
586268,1401075,1385,0,"[0, 1]"
586268,1401075,1932,0,"[0, 1]"
586268,1401075,1475,0,"[0, 1]"
586268,1401075,1266,0,"[0, 1]"
586268,1401075,1846,0,"[0, 1]"
586268,1401075,1148,0,"[0, 1]"
586268,1401075,1674,0,"[0, 1]"
586268,1401075,1188,0,"[0, 1]"
586268,1401075,1043,0,"[0, 1]"
586268,1401075,1620,0,"[0, 1]"
586268,1401075,1655,0,"[0, 1]"
586268,1401075,1953,0,"[0, 1]"
586268,1401075,1089,0,"[0, 1]"
586268,1401075,1260,0,"[0, 1]"
586268,1401075,1670,0,"[0, 1]"
586268,1401075,1567,0,"[0, 1]"
586268,1401075,1152,0,"[0, 1]"
586268,1401075,3308,0,"[0, 1]"
586268,1401075,3038,0,"[0, 1]"
586268,1401075,3244,0,"[0, 1]"
586268,1401075,3553,0,"[0, 1]"
586268,1401075,3186,0,"[0, 1]"
586268,1401075,2923,0,"[0, 1]"
586268,1401075,3667,0,"[0, 1]"
586268,1401075,2164,0,"[0, 1]"
586268,1401075,3195,0,"[0, 1]"
586268,1401075,3495,0,"[0, 1]"
586268,1401075,3547,0,"[0, 1]"
586268,1401075,3389,0,"[0, 1]"
586268,1401075,2407,0,"[0, 1]"
586268,1401075,3043,0,"[0, 1]"
586268,1401075,3344,0,"[0, 1]"
586268,1401075,3544,0,"[0, 1]"
586268,1401075,3301,0,"[0, 1]"
586268,1401075,2505,0,"[0, 1]"
586268,1401075,3685,0,"[0, 1]"
586268,1401075,2262,0,"[0, 1]"
586268,1401075,2856,0,"[0, 1]"
586268,1401075,2929,0,"[0, 1]"
586268,1401075,7086847,1,"[0, 1]"
586268,1401075,7436421,1,"[0, 1]"
586268,1401075,7427824,1,"[0, 1]"
586268,1401075,4611,0,"[0, 1]"
586268,1401075,4616,0,"[0, 1]"
586268,1401075,1212500,1,"[0, 1]"
586268,1401075,4283626,1,"[0, 1]"
586268,1401075,7301452,1,"[0, 1]"
586268,1401075,7552919,1,"[0, 1]"
586268,1401075,4257,0,"[0, 1]"
586268,1401075,7682902,1,"[0, 1]"
586268,1401075,7687991,1,"[0, 1]"
586268,1401075,4967,0,"[0, 1]"
586268,1401075,7304789,1,"[0, 1]"
586268,1401075,4480,0,"[0, 1]"
586268,1401075,7548278,1,"[0, 1]"
586268,1401075,7334481,1,"[0, 1]"
586268,1401075,7655357,1,"[0, 1]"
586268,1401075,7262868,1,"[0, 1]"
586268,1401075,618956,1,"[0, 1]"
586268,1401075,7136061,1,"[0, 1]"
586268,1401075,3408903,1,"[0, 1]"
586268,1401075,7485894,1,"[0, 1]"
586268,1401075,7578826,1,"[0, 1]"
586268,1401075,7654838,1,"[0, 1]"
586268,1401075,7669940,1,"[0, 1]"
586268,1401075,7556499,1,"[0, 1]"
586268,1401075,7681853,1,"[0, 1]"
586268,1401075,7245709,1,"[0, 1]"
586268,1401075,7482175,1,"[0, 1]"
586268,1401075,7576731,1,"[0, 1]"
586268,1401075,7484902,1,"[0, 1]"
586268,1401075,7546838,1,"[0, 1]"
586268,1401075,760500,1,"[0, 1]"
586268,1401075,7106218,1,"[0, 1]"
586268,1401075,7339871,1,"[0, 1]"
586268,1401075,661943,1,"[0, 1]"
586268,1401075,580824,1,"[0, 1]"
586268,1401075,6057028,1,"[0, 1]"
586268,1401075,7251478,1,"[0, 1]"
586268,1401075,7480796,1,"[0, 1]"
586268,1401075,7376967,1,"[0, 1]"
586268,1401075,7278820,1,"[0, 1]"
586268,1401075,7392704,1,"[0, 1]"
586268,1401075,7370867,1,"[0, 1]"
586268,1401075,7594255,1,"[0, 1]"
586268,1401075,7339748,1,"[0, 1]"
586268,1401075,7477714,1,"[0, 1]"
586268,1401075,7599091,1,"[0, 1]"
586268,1401075,7187845,1,"[0, 1]"
586268,7527607,7527607,1,"[1, 0]"
586268,7527607,4020,0,"[1, 0]"
586268,7527607,2009,0,"[1, 0]"
586268,7527607,1004,0,"[1, 0]"
586268,7527607,501,0,"[1, 0]"
586268,7527607,250,0,"[1, 0]"
586268,7527607,124,0,"[1, 0]"
586268,7527607,61,0,"[1, 0]"
586268,7527607,30,0,"[1, 0]"
586268,7527607,14,0,"[1, 0]"
586268,7527607,6,0,"[1, 0]"
586268,7527607,2,0,"[1, 0]"
586268,7527607,0,0,"[1, 0]"
586268,7527607,2,0,"[0, 1]"
586268,7527607,1,0,"[0, 1]"
586268,7527607,5,0,"[0, 1]"
586268,7527607,3,0,"[0, 1]"
586268,7527607,4,0,"[0, 1]"
586268,7527607,6,0,"[0, 1]"
586268,7527607,10,0,"[0, 1]"
586268,7527607,9,0,"[0, 1]"
586268,7527607,13,0,"[0, 1]"
586268,7527607,8,0,"[0, 1]"
586268,7527607,14,0,"[0, 1]"
586268,7527607,11,0,"[0, 1]"
586268,7527607,17,0,"[0, 1]"
586268,7527607,27,0,"[0, 1]"
586268,7527607,18,0,"[0, 1]"
586268,7527607,24,0,"[0, 1]"
586268,7527607,21,0,"[0, 1]"
586268,7527607,26,0,"[0, 1]"
586268,7527607,28,0,"[0, 1]"
586268,7527607,20,0,"[0, 1]"
586268,7527607,42,0,"[0, 1]"
586268,7527607,35,0,"[0, 1]"
586268,7527607,46,0,"[0, 1]"
586268,7527607,32,0,"[0, 1]"
586268,7527607,34,0,"[0, 1]"
586268,7527607,57,0,"[0, 1]"
586268,7527607,61,0,"[0, 1]"
586268,7527607,45,0,"[0, 1]"
586268,7527607,38,0,"[0, 1]"
586268,7527607,53,0,"[0, 1]"
586268,7527607,69,0,"[0, 1]"
586268,7527607,108,0,"[0, 1]"
586268,7527607,75,0,"[0, 1]"
586268,7527607,98,0,"[0, 1]"
586268,7527607,64,0,"[0, 1]"
586268,7527607,71,0,"[0, 1]"
586268,7527607,101,0,"[0, 1]"
586268,7527607,84,0,"[0, 1]"
586268,7527607,111,0,"[0, 1]"
586268,7527607,96,0,"[0, 1]"
586268,7527607,109,0,"[0, 1]"
586268,7527607,63,0,"[0, 1]"
586268,7527607,196,0,"[0, 1]"
586268,7527607,233,0,"[0, 1]"
586268,7527607,212,0,"[0, 1]"
586268,7527607,200,0,"[0, 1]"
586268,7527607,132,0,"[0, 1]"
586268,7527607,157,0,"[0, 1]"
586268,7527607,136,0,"[0, 1]"
586268,7527607,192,0,"[0, 1]"
586268,7527607,173,0,"[0, 1]"
586268,7527607,174,0,"[0, 1]"
586268,7527607,141,0,"[0, 1]"
586268,7527607,145,0,"[0, 1]"
586268,7527607,154,0,"[0, 1]"
586268,7527607,246,0,"[0, 1]"
586268,7527607,497,0,"[0, 1]"
586268,7527607,504,0,"[0, 1]"
586268,7527607,509,0,"[0, 1]"
586268,7527607,313,0,"[0, 1]"
586268,7527607,457,0,"[0, 1]"
586268,7527607,303,0,"[0, 1]"
586268,7527607,336,0,"[0, 1]"
586268,7527607,465,0,"[0, 1]"
586268,7527607,326,0,"[0, 1]"
586268,7527607,271,0,"[0, 1]"
586268,7527607,431,0,"[0, 1]"
586268,7527607,346,0,"[0, 1]"
586268,7527607,266,0,"[0, 1]"
586268,7527607,395,0,"[0, 1]"
586268,7527607,461,0,"[0, 1]"
586268,7527607,496,0,"[0, 1]"
586268,7527607,697,0,"[0, 1]"
586268,7527607,729,0,"[0, 1]"
586268,7527607,784,0,"[0, 1]"
586268,7527607,982,0,"[0, 1]"
586268,7527607,565,0,"[0, 1]"
586268,7527607,730,0,"[0, 1]"
586268,7527607,807,0,"[0, 1]"
586268,7527607,607,0,"[0, 1]"
586268,7527607,820,0,"[0, 1]"
586268,7527607,676,0,"[0, 1]"
586268,7527607,714,0,"[0, 1]"
586268,7527607,931,0,"[0, 1]"
586268,7527607,824,0,"[0, 1]"
586268,7527607,717,0,"[0, 1]"
586268,7527607,639,0,"[0, 1]"
586268,7527607,687,0,"[0, 1]"
586268,7527607,672,0,"[0, 1]"
586268,7527607,552,0,"[0, 1]"
586268,7527607,1382,0,"[0, 1]"
586268,7527607,1222,0,"[0, 1]"
586268,7527607,1101,0,"[0, 1]"
586268,7527607,1759,0,"[0, 1]"
586268,7527607,2045,0,"[0, 1]"
586268,7527607,1064,0,"[0, 1]"
586268,7527607,1746,0,"[0, 1]"
586268,7527607,1417,0,"[0, 1]"
586268,7527607,1985,0,"[0, 1]"
586268,7527607,1869,0,"[0, 1]"
586268,7527607,1749,0,"[0, 1]"
586268,7527607,2000,0,"[0, 1]"
586268,7527607,1980,0,"[0, 1]"
586268,7527607,1657,0,"[0, 1]"
586268,7527607,1404,0,"[0, 1]"
586268,7527607,1453,0,"[0, 1]"
586268,7527607,1771,0,"[0, 1]"
586268,7527607,1129,0,"[0, 1]"
586268,7527607,2034,0,"[0, 1]"
586268,7527607,1705,0,"[0, 1]"
586268,7527607,3668,0,"[0, 1]"
586268,7527607,3107,0,"[0, 1]"
586268,7527607,3944,0,"[0, 1]"
586268,7527607,2354,0,"[0, 1]"
586268,7527607,2057,0,"[0, 1]"
586268,7527607,3200,0,"[0, 1]"
586268,7527607,3512,0,"[0, 1]"
586268,7527607,2058,0,"[0, 1]"
586268,7527607,2975,0,"[0, 1]"
586268,7527607,2368,0,"[0, 1]"
586268,7527607,3778,0,"[0, 1]"
586268,7527607,2203,0,"[0, 1]"
586268,7527607,3850,0,"[0, 1]"
586268,7527607,3436,0,"[0, 1]"
586268,7527607,2709,0,"[0, 1]"
586268,7527607,3118,0,"[0, 1]"
586268,7527607,3024,0,"[0, 1]"
586268,7527607,3570,0,"[0, 1]"
586268,7527607,2350,0,"[0, 1]"
586268,7527607,3835,0,"[0, 1]"
586268,7527607,2265,0,"[0, 1]"
586268,7527607,2842,0,"[0, 1]"
586268,7527607,7236028,1,"[0, 1]"
586268,7527607,4921,0,"[0, 1]"
586268,7527607,7641623,1,"[0, 1]"
586268,7527607,7255058,1,"[0, 1]"
586268,7527607,1208539,1,"[0, 1]"
586268,7527607,4413,0,"[0, 1]"
586268,7527607,7453309,1,"[0, 1]"
586268,7527607,7105513,1,"[0, 1]"
586268,7527607,4767,0,"[0, 1]"
586268,7527607,4355,0,"[0, 1]"
586268,7527607,4787,0,"[0, 1]"
586268,7527607,7542942,1,"[0, 1]"
586268,7527607,7559244,1,"[0, 1]"
586268,7527607,6661520,1,"[0, 1]"
586268,7527607,7153978,1,"[0, 1]"
586268,7527607,2748535,1,"[0, 1]"
586268,7527607,4152,0,"[0, 1]"
586268,7527607,4400,0,"[0, 1]"
586268,7527607,7158589,1,"[0, 1]"
586268,7527607,7634509,1,"[0, 1]"
586268,7527607,7430864,1,"[0, 1]"
586268,7527607,7259880,1,"[0, 1]"
586268,7527607,4145,0,"[0, 1]"
586268,7527607,7230826,1,"[0, 1]"
675719,4182410,4182410,1,"[1, 0]"
675719,4182410,4766,0,"[1, 0]"
675719,4182410,3567,0,"[1, 0]"
675719,4182410,1783,0,"[1, 0]"
675719,4182410,891,0,"[1, 0]"
675719,4182410,445,0,"[1, 0]"
675719,4182410,222,0,"[1, 0]"
675719,4182410,110,0,"[1, 0]"
675719,4182410,54,0,"[1, 0]"
675719,4182410,26,0,"[1, 0]"
675719,4182410,12,0,"[1, 0]"
675719,4182410,5,0,"[1, 0]"
675719,4182410,2,0,"[1, 0]"
675719,4182410,0,0,"[1, 0]"
675719,4182410,2,0,"[0, 1]"
675719,4182410,1,0,"[0, 1]"
675719,4182410,6,0,"[0, 1]"
675719,4182410,5,0,"[0, 1]"
675719,4182410,3,0,"[0, 1]"
675719,4182410,4,0,"[0, 1]"
675719,4182410,11,0,"[0, 1]"
675719,4182410,10,0,"[0, 1]"
675719,4182410,13,0,"[0, 1]"
675719,4182410,14,0,"[0, 1]"
675719,4182410,9,0,"[0, 1]"
675719,4182410,7,0,"[0, 1]"
675719,4182410,22,0,"[0, 1]"
675719,4182410,15,0,"[0, 1]"
675719,4182410,27,0,"[0, 1]"
675719,4182410,20,0,"[0, 1]"
675719,4182410,23,0,"[0, 1]"
675719,4182410,19,0,"[0, 1]"
675719,4182410,26,0,"[0, 1]"
675719,4182410,17,0,"[0, 1]"
675719,4182410,40,0,"[0, 1]"
675719,4182410,58,0,"[0, 1]"
675719,4182410,34,0,"[0, 1]"
675719,4182410,51,0,"[0, 1]"
675719,4182410,33,0,"[0, 1]"
675719,4182410,32,0,"[0, 1]"
675719,4182410,55,0,"[0, 1]"
675719,4182410,50,0,"[0, 1]"
675719,4182410,57,0,"[0, 1]"
675719,4182410,48,0,"[0, 1]"
675719,4182410,121,0,"[0, 1]"
675719,4182410,81,0,"[0, 1]"
675719,4182410,118,0,"[0, 1]"
675719,4182410,114,0,"[0, 1]"
675719,4182410,119,0,"[0, 1]"
675719,4182410,86,0,"[0, 1]"
675719,4182410,117,0,"[0, 1]"
675719,4182410,80,0,"[0, 1]"
675719,4182410,107,0,"[0, 1]"
675719,4182410,126,0,"[0, 1]"
675719,4182410,77,0,"[0, 1]"
675719,4182410,76,0,"[0, 1]"
675719,4182410,210,0,"[0, 1]"
675719,4182410,203,0,"[0, 1]"
675719,4182410,221,0,"[0, 1]"
675719,4182410,227,0,"[0, 1]"
675719,4182410,172,0,"[0, 1]"
675719,4182410,192,0,"[0, 1]"
675719,4182410,187,0,"[0, 1]"
675719,4182410,246,0,"[0, 1]"
675719,4182410,242,0,"[0, 1]"
675719,4182410,215,0,"[0, 1]"
675719,4182410,176,0,"[0, 1]"
675719,4182410,228,0,"[0, 1]"
675719,4182410,205,0,"[0, 1]"
675719,4182410,164,0,"[0, 1]"
675719,4182410,282,0,"[0, 1]"
675719,4182410,407,0,"[0, 1]"
675719,4182410,381,0,"[0, 1]"
675719,4182410,499,0,"[0, 1]"
675719,4182410,294,0,"[0, 1]"
675719,4182410,327,0,"[0, 1]"
675719,4182410,453,0,"[0, 1]"
675719,4182410,473,0,"[0, 1]"
675719,4182410,256,0,"[0, 1]"
675719,4182410,439,0,"[0, 1]"
675719,4182410,266,0,"[0, 1]"
675719,4182410,284,0,"[0, 1]"
675719,4182410,489,0,"[0, 1]"
675719,4182410,403,0,"[0, 1]"
675719,4182410,361,0,"[0, 1]"
675719,4182410,376,0,"[0, 1]"
675719,4182410,825,0,"[0, 1]"
675719,4182410,878,0,"[0, 1]"
675719,4182410,1022,0,"[0, 1]"
675719,4182410,834,0,"[0, 1]"
675719,4182410,668,0,"[0, 1]"
675719,4182410,583,0,"[0, 1]"
675719,4182410,865,0,"[0, 1]"
675719,4182410,540,0,"[0, 1]"
675719,4182410,574,0,"[0, 1]"
675719,4182410,951,0,"[0, 1]"
675719,4182410,840,0,"[0, 1]"
675719,4182410,757,0,"[0, 1]"
675719,4182410,597,0,"[0, 1]"
675719,4182410,575,0,"[0, 1]"
675719,4182410,989,0,"[0, 1]"
675719,4182410,984,0,"[0, 1]"
675719,4182410,889,0,"[0, 1]"
675719,4182410,682,0,"[0, 1]"
675719,4182410,1322,0,"[0, 1]"
675719,4182410,1680,0,"[0, 1]"
675719,4182410,1131,0,"[0, 1]"
675719,4182410,1666,0,"[0, 1]"
675719,4182410,1944,0,"[0, 1]"
675719,4182410,1462,0,"[0, 1]"
675719,4182410,1669,0,"[0, 1]"
675719,4182410,1333,0,"[0, 1]"
675719,4182410,1501,0,"[0, 1]"
675719,4182410,1902,0,"[0, 1]"
675719,4182410,1856,0,"[0, 1]"
675719,4182410,1026,0,"[0, 1]"
675719,4182410,1169,0,"[0, 1]"
675719,4182410,1361,0,"[0, 1]"
675719,4182410,1989,0,"[0, 1]"
675719,4182410,1524,0,"[0, 1]"
675719,4182410,1061,0,"[0, 1]"
675719,4182410,1638,0,"[0, 1]"
675719,4182410,1424,0,"[0, 1]"
675719,4182410,1815,0,"[0, 1]"
675719,4182410,3007,0,"[0, 1]"
675719,4182410,2773,0,"[0, 1]"
675719,4182410,2970,0,"[0, 1]"
675719,4182410,3906,0,"[0, 1]"
675719,4182410,3559,0,"[0, 1]"
675719,4182410,2852,0,"[0, 1]"
675719,4182410,2618,0,"[0, 1]"
675719,4182410,3851,0,"[0, 1]"
675719,4182410,3056,0,"[0, 1]"
675719,4182410,3178,0,"[0, 1]"
675719,4182410,3254,0,"[0, 1]"
675719,4182410,2361,0,"[0, 1]"
675719,4182410,3247,0,"[0, 1]"
675719,4182410,2666,0,"[0, 1]"
675719,4182410,3024,0,"[0, 1]"
675719,4182410,3224,0,"[0, 1]"
675719,4182410,2858,0,"[0, 1]"
675719,4182410,2645,0,"[0, 1]"
675719,4182410,3377,0,"[0, 1]"
675719,4182410,2784,0,"[0, 1]"
675719,4182410,3032,0,"[0, 1]"
675719,4182410,2488,0,"[0, 1]"
675719,4182410,4968,0,"[0, 1]"
675719,4182410,7176952,1,"[0, 1]"
675719,4182410,7231200,1,"[0, 1]"
675719,4182410,7657714,1,"[0, 1]"
675719,4182410,7527607,1,"[0, 1]"
675719,4182410,7618210,1,"[0, 1]"
675719,4182410,7133862,1,"[0, 1]"
675719,4182410,7430131,1,"[0, 1]"
675719,4182410,7231345,1,"[0, 1]"
675719,4182410,7189773,1,"[0, 1]"
675719,4182410,7355643,1,"[0, 1]"
675719,4182410,4133,0,"[0, 1]"
675719,4182410,4688,0,"[0, 1]"
675719,4182410,7301814,1,"[0, 1]"
675719,4182410,7524398,1,"[0, 1]"
675719,4182410,7148782,1,"[0, 1]"
675719,4182410,7265116,1,"[0, 1]"
675719,4182410,4539,0,"[0, 1]"
675719,4182410,7498584,1,"[0, 1]"
675719,4182410,7478541,1,"[0, 1]"
675719,4182410,7568903,1,"[0, 1]"
675719,4182410,7159381,1,"[0, 1]"
675719,4182410,4114,0,"[0, 1]"
675719,4182410,7331024,1,"[0, 1]"
675719,4182410,7681577,1,"[0, 1]"
675719,4182410,7245709,1,"[0, 1]"
675719,4182410,7219107,1,"[0, 1]"
675719,4182410,7683893,1,"[0, 1]"
675719,4182410,7377272,1,"[0, 1]"
675719,4182410,7262211,1,"[0, 1]"
675719,4182410,7629696,1,"[0, 1]"
675719,4182410,7430638,1,"[0, 1]"
675719,4182410,7227531,1,"[0, 1]"
675719,4182410,7582932,1,"[0, 1]"
675719,4182410,7187023,1,"[0, 1]"
675719,4182410,7622605,1,"[0, 1]"
675719,4182410,7150840,1,"[0, 1]"
675719,4182410,7643666,1,"[0, 1]"
675719,4182410,7208597,1,"[0, 1]"
675719,4182410,7499157,1,"[0, 1]"
675719,4182410,7586302,1,"[0, 1]"
675719,4182410,7630382,1,"[0, 1]"
675719,4182410,7399433,1,"[0, 1]"
675719,4182410,7321899,1,"[0, 1]"
675719,4182410,7632935,1,"[0, 1]"
675719,4182410,7074710,1,"[0, 1]"
675719,4182410,5323651,1,"[0, 1]"
675719,4182410,7116141,1,"[0, 1]"
675719,4182410,7681853,1,"[0, 1]"
675719,4182410,3748377,1,"[0, 1]"
368229,7528212,7528212,1,"[1, 0]"
368229,7528212,3006,0,"[1, 0]"
368229,7528212,1502,0,"[1, 0]"
368229,7528212,750,0,"[1, 0]"
368229,7528212,374,0,"[1, 0]"
368229,7528212,186,0,"[1, 0]"
368229,7528212,92,0,"[1, 0]"
368229,7528212,45,0,"[1, 0]"
368229,7528212,22,0,"[1, 0]"
368229,7528212,10,0,"[1, 0]"
368229,7528212,4,0,"[1, 0]"
368229,7528212,1,0,"[1, 0]"
368229,7528212,0,0,"[1, 0]"
368229,7528212,2,0,"[0, 1]"
368229,7528212,1,0,"[0, 1]"
368229,7528212,3,0,"[0, 1]"
368229,7528212,6,0,"[0, 1]"
368229,7528212,5,0,"[0, 1]"
368229,7528212,4,0,"[0, 1]"
368229,7528212,11,0,"[0, 1]"
368229,7528212,10,0,"[0, 1]"
368229,7528212,7,0,"[0, 1]"
368229,7528212,13,0,"[0, 1]"
368229,7528212,9,0,"[0, 1]"
368229,7528212,12,0,"[0, 1]"
368229,7528212,20,0,"[0, 1]"
368229,7528212,15,0,"[0, 1]"
368229,7528212,30,0,"[0, 1]"
368229,7528212,23,0,"[0, 1]"
368229,7528212,19,0,"[0, 1]"
368229,7528212,16,0,"[0, 1]"
368229,7528212,18,0,"[0, 1]"
368229,7528212,26,0,"[0, 1]"
368229,7528212,49,0,"[0, 1]"
368229,7528212,47,0,"[0, 1]"
368229,7528212,39,0,"[0, 1]"
368229,7528212,34,0,"[0, 1]"
368229,7528212,35,0,"[0, 1]"
368229,7528212,61,0,"[0, 1]"
368229,7528212,52,0,"[0, 1]"
368229,7528212,51,0,"[0, 1]"
368229,7528212,33,0,"[0, 1]"
368229,7528212,62,0,"[0, 1]"
368229,7528212,119,0,"[0, 1]"
368229,7528212,91,0,"[0, 1]"
368229,7528212,74,0,"[0, 1]"
368229,7528212,84,0,"[0, 1]"
368229,7528212,110,0,"[0, 1]"
368229,7528212,108,0,"[0, 1]"
368229,7528212,107,0,"[0, 1]"
368229,7528212,118,0,"[0, 1]"
368229,7528212,81,0,"[0, 1]"
368229,7528212,95,0,"[0, 1]"
368229,7528212,99,0,"[0, 1]"
368229,7528212,96,0,"[0, 1]"
368229,7528212,175,0,"[0, 1]"
368229,7528212,156,0,"[0, 1]"
368229,7528212,233,0,"[0, 1]"
368229,7528212,215,0,"[0, 1]"
368229,7528212,234,0,"[0, 1]"
368229,7528212,202,0,"[0, 1]"
368229,7528212,208,0,"[0, 1]"
368229,7528212,235,0,"[0, 1]"
368229,7528212,149,0,"[0, 1]"
368229,7528212,210,0,"[0, 1]"
368229,7528212,138,0,"[0, 1]"
368229,7528212,142,0,"[0, 1]"
368229,7528212,230,0,"[0, 1]"
368229,7528212,144,0,"[0, 1]"
368229,7528212,378,0,"[0, 1]"
368229,7528212,400,0,"[0, 1]"
368229,7528212,478,0,"[0, 1]"
368229,7528212,331,0,"[0, 1]"
368229,7528212,451,0,"[0, 1]"
368229,7528212,343,0,"[0, 1]"
368229,7528212,490,0,"[0, 1]"
368229,7528212,401,0,"[0, 1]"
368229,7528212,306,0,"[0, 1]"
368229,7528212,372,0,"[0, 1]"
368229,7528212,304,0,"[0, 1]"
368229,7528212,505,0,"[0, 1]"
368229,7528212,370,0,"[0, 1]"
368229,7528212,366,0,"[0, 1]"
368229,7528212,504,0,"[0, 1]"
368229,7528212,292,0,"[0, 1]"
368229,7528212,981,0,"[0, 1]"
368229,7528212,700,0,"[0, 1]"
368229,7528212,692,0,"[0, 1]"
368229,7528212,668,0,"[0, 1]"
368229,7528212,564,0,"[0, 1]"
368229,7528212,790,0,"[0, 1]"
368229,7528212,518,0,"[0, 1]"
368229,7528212,926,0,"[0, 1]"
368229,7528212,733,0,"[0, 1]"
368229,7528212,836,0,"[0, 1]"
368229,7528212,901,0,"[0, 1]"
368229,7528212,883,0,"[0, 1]"
368229,7528212,659,0,"[0, 1]"
368229,7528212,937,0,"[0, 1]"
368229,7528212,978,0,"[0, 1]"
368229,7528212,904,0,"[0, 1]"
368229,7528212,546,0,"[0, 1]"
368229,7528212,664,0,"[0, 1]"
368229,7528212,1927,0,"[0, 1]"
368229,7528212,1874,0,"[0, 1]"
368229,7528212,1684,0,"[0, 1]"
368229,7528212,1661,0,"[0, 1]"
368229,7528212,1485,0,"[0, 1]"
368229,7528212,1692,0,"[0, 1]"
368229,7528212,1550,0,"[0, 1]"
368229,7528212,1488,0,"[0, 1]"
368229,7528212,2014,0,"[0, 1]"
368229,7528212,1837,0,"[0, 1]"
368229,7528212,1061,0,"[0, 1]"
368229,7528212,1229,0,"[0, 1]"
368229,7528212,1426,0,"[0, 1]"
368229,7528212,1629,0,"[0, 1]"
368229,7528212,2004,0,"[0, 1]"
368229,7528212,1435,0,"[0, 1]"
368229,7528212,1696,0,"[0, 1]"
368229,7528212,1707,0,"[0, 1]"
368229,7528212,1740,0,"[0, 1]"
368229,7528212,1172,0,"[0, 1]"
368229,7528212,2331,0,"[0, 1]"
368229,7528212,3248,0,"[0, 1]"
368229,7528212,3299,0,"[0, 1]"
368229,7528212,2422,0,"[0, 1]"
368229,7528212,2317,0,"[0, 1]"
368229,7528212,3239,0,"[0, 1]"
368229,7528212,3361,0,"[0, 1]"
368229,7528212,2283,0,"[0, 1]"
368229,7528212,3519,0,"[0, 1]"
368229,7528212,2118,0,"[0, 1]"
368229,7528212,3513,0,"[0, 1]"
368229,7528212,2495,0,"[0, 1]"
368229,7528212,3490,0,"[0, 1]"
368229,7528212,3787,0,"[0, 1]"
368229,7528212,3753,0,"[0, 1]"
368229,7528212,4011,0,"[0, 1]"
368229,7528212,2344,0,"[0, 1]"
368229,7528212,3671,0,"[0, 1]"
368229,7528212,3409,0,"[0, 1]"
368229,7528212,3642,0,"[0, 1]"
368229,7528212,4085,0,"[0, 1]"
368229,7528212,3557,0,"[0, 1]"
368229,7528212,4417,0,"[0, 1]"
368229,7528212,4225,0,"[0, 1]"
368229,7528212,7414555,1,"[0, 1]"
368229,7528212,4796,0,"[0, 1]"
368229,7528212,7654334,1,"[0, 1]"
368229,7528212,7404784,1,"[0, 1]"
368229,7528212,112313,1,"[0, 1]"
368229,7528212,7424207,1,"[0, 1]"
368229,7528212,4141,0,"[0, 1]"
368229,7528212,4645993,1,"[0, 1]"
368229,7528212,7380037,1,"[0, 1]"
368229,7528212,7371320,1,"[0, 1]"
368229,7528212,7631639,1,"[0, 1]"
368229,7528212,7379136,1,"[0, 1]"
368229,7528212,4151,0,"[0, 1]"
368229,7528212,7371014,1,"[0, 1]"
368229,7528212,7591292,1,"[0, 1]"
368229,7528212,298259,1,"[0, 1]"
368229,7528212,7201036,1,"[0, 1]"
368229,7528212,7564578,1,"[0, 1]"
368229,7528212,4661,0,"[0, 1]"
368229,7528212,7119187,1,"[0, 1]"
368229,7528212,7337446,1,"[0, 1]"
368229,7528212,7105842,1,"[0, 1]"
486623,7528490,7528490,1,"[1, 0]"
486623,7528490,4631,0,"[1, 0]"
486623,7528490,3261,0,"[1, 0]"
486623,7528490,1630,0,"[1, 0]"
486623,7528490,814,0,"[1, 0]"
486623,7528490,406,0,"[1, 0]"
486623,7528490,202,0,"[1, 0]"
486623,7528490,100,0,"[1, 0]"
486623,7528490,49,0,"[1, 0]"
486623,7528490,24,0,"[1, 0]"
486623,7528490,11,0,"[1, 0]"
486623,7528490,5,0,"[1, 0]"
486623,7528490,2,0,"[1, 0]"
486623,7528490,0,0,"[1, 0]"
486623,7528490,2,0,"[0, 1]"
486623,7528490,1,0,"[0, 1]"
486623,7528490,5,0,"[0, 1]"
486623,7528490,3,0,"[0, 1]"
486623,7528490,4,0,"[0, 1]"
486623,7528490,6,0,"[0, 1]"
486623,7528490,11,0,"[0, 1]"
486623,7528490,7,0,"[0, 1]"
486623,7528490,9,0,"[0, 1]"
486623,7528490,10,0,"[0, 1]"
486623,7528490,12,0,"[0, 1]"
486623,7528490,8,0,"[0, 1]"
486623,7528490,17,0,"[0, 1]"
486623,7528490,27,0,"[0, 1]"
486623,7528490,26,0,"[0, 1]"
486623,7528490,19,0,"[0, 1]"
486623,7528490,29,0,"[0, 1]"
486623,7528490,16,0,"[0, 1]"
486623,7528490,28,0,"[0, 1]"
486623,7528490,25,0,"[0, 1]"
486623,7528490,62,0,"[0, 1]"
486623,7528490,45,0,"[0, 1]"
486623,7528490,50,0,"[0, 1]"
486623,7528490,36,0,"[0, 1]"
486623,7528490,53,0,"[0, 1]"
486623,7528490,42,0,"[0, 1]"
486623,7528490,37,0,"[0, 1]"
486623,7528490,47,0,"[0, 1]"
486623,7528490,43,0,"[0, 1]"
486623,7528490,49,0,"[0, 1]"
486623,7528490,94,0,"[0, 1]"
486623,7528490,87,0,"[0, 1]"
486623,7528490,119,0,"[0, 1]"
486623,7528490,77,0,"[0, 1]"
486623,7528490,113,0,"[0, 1]"
486623,7528490,69,0,"[0, 1]"
486623,7528490,122,0,"[0, 1]"
486623,7528490,63,0,"[0, 1]"
486623,7528490,125,0,"[0, 1]"
486623,7528490,82,0,"[0, 1]"
486623,7528490,126,0,"[0, 1]"
486623,7528490,106,0,"[0, 1]"
486623,7528490,205,0,"[0, 1]"
486623,7528490,131,0,"[0, 1]"
486623,7528490,227,0,"[0, 1]"
486623,7528490,144,0,"[0, 1]"
486623,7528490,207,0,"[0, 1]"
486623,7528490,127,0,"[0, 1]"
486623,7528490,160,0,"[0, 1]"
486623,7528490,252,0,"[0, 1]"
486623,7528490,238,0,"[0, 1]"
486623,7528490,226,0,"[0, 1]"
486623,7528490,254,0,"[0, 1]"
486623,7528490,225,0,"[0, 1]"
486623,7528490,244,0,"[0, 1]"
486623,7528490,167,0,"[0, 1]"
486623,7528490,284,0,"[0, 1]"
486623,7528490,342,0,"[0, 1]"
486623,7528490,507,0,"[0, 1]"
486623,7528490,491,0,"[0, 1]"
486623,7528490,387,0,"[0, 1]"
486623,7528490,389,0,"[0, 1]"
486623,7528490,311,0,"[0, 1]"
486623,7528490,477,0,"[0, 1]"
486623,7528490,270,0,"[0, 1]"
486623,7528490,382,0,"[0, 1]"
486623,7528490,261,0,"[0, 1]"
486623,7528490,293,0,"[0, 1]"
486623,7528490,445,0,"[0, 1]"
486623,7528490,366,0,"[0, 1]"
486623,7528490,408,0,"[0, 1]"
486623,7528490,442,0,"[0, 1]"
486623,7528490,631,0,"[0, 1]"
486623,7528490,639,0,"[0, 1]"
486623,7528490,857,0,"[0, 1]"
486623,7528490,892,0,"[0, 1]"
486623,7528490,779,0,"[0, 1]"
486623,7528490,847,0,"[0, 1]"
486623,7528490,722,0,"[0, 1]"
486623,7528490,677,0,"[0, 1]"
486623,7528490,783,0,"[0, 1]"
486623,7528490,756,0,"[0, 1]"
486623,7528490,767,0,"[0, 1]"
486623,7528490,938,0,"[0, 1]"
486623,7528490,872,0,"[0, 1]"
486623,7528490,763,0,"[0, 1]"
486623,7528490,621,0,"[0, 1]"
486623,7528490,562,0,"[0, 1]"
486623,7528490,849,0,"[0, 1]"
486623,7528490,668,0,"[0, 1]"
486623,7528490,1919,0,"[0, 1]"
486623,7528490,1498,0,"[0, 1]"
486623,7528490,1185,0,"[0, 1]"
486623,7528490,1980,0,"[0, 1]"
486623,7528490,1405,0,"[0, 1]"
486623,7528490,1453,0,"[0, 1]"
486623,7528490,1983,0,"[0, 1]"
486623,7528490,1448,0,"[0, 1]"
486623,7528490,1854,0,"[0, 1]"
486623,7528490,1944,0,"[0, 1]"
486623,7528490,1974,0,"[0, 1]"
486623,7528490,1676,0,"[0, 1]"
486623,7528490,1846,0,"[0, 1]"
486623,7528490,1807,0,"[0, 1]"
486623,7528490,2013,0,"[0, 1]"
486623,7528490,1998,0,"[0, 1]"
486623,7528490,1096,0,"[0, 1]"
486623,7528490,1140,0,"[0, 1]"
486623,7528490,1620,0,"[0, 1]"
486623,7528490,1552,0,"[0, 1]"
486623,7528490,3613,0,"[0, 1]"
486623,7528490,3000,0,"[0, 1]"
486623,7528490,3185,0,"[0, 1]"
486623,7528490,3731,0,"[0, 1]"
486623,7528490,3626,0,"[0, 1]"
486623,7528490,2566,0,"[0, 1]"
486623,7528490,2652,0,"[0, 1]"
486623,7528490,3079,0,"[0, 1]"
486623,7528490,3725,0,"[0, 1]"
486623,7528490,2717,0,"[0, 1]"
486623,7528490,3191,0,"[0, 1]"
486623,7528490,3380,0,"[0, 1]"
486623,7528490,2119,0,"[0, 1]"
486623,7528490,2776,0,"[0, 1]"
486623,7528490,4070,0,"[0, 1]"
486623,7528490,2898,0,"[0, 1]"
486623,7528490,2793,0,"[0, 1]"
486623,7528490,3994,0,"[0, 1]"
486623,7528490,2088,0,"[0, 1]"
486623,7528490,2241,0,"[0, 1]"
486623,7528490,2653,0,"[0, 1]"
486623,7528490,3362,0,"[0, 1]"
486623,7528490,7359307,1,"[0, 1]"
486623,7528490,4413,0,"[0, 1]"
486623,7528490,7106746,1,"[0, 1]"
486623,7528490,4731,0,"[0, 1]"
486623,7528490,7255675,1,"[0, 1]"
486623,7528490,4391,0,"[0, 1]"
486623,7528490,4882,0,"[0, 1]"
486623,7528490,7635087,1,"[0, 1]"
486623,7528490,7682492,1,"[0, 1]"
486623,7528490,7429330,1,"[0, 1]"
486623,7528490,7548236,1,"[0, 1]"
486623,7528490,4098,0,"[0, 1]"
486623,7528490,7506791,1,"[0, 1]"
486623,7528490,617180,1,"[0, 1]"
486623,7528490,6817792,1,"[0, 1]"
486623,7528490,7166234,1,"[0, 1]"
486623,7528490,4453,0,"[0, 1]"
486623,7528490,4653,0,"[0, 1]"
486623,7528490,7671438,1,"[0, 1]"
486623,7528490,4349,0,"[0, 1]"
486623,7528490,7383864,1,"[0, 1]"
486623,7528490,7268199,1,"[0, 1]"
486623,7528490,7681654,1,"[0, 1]"
486623,7528490,7351322,1,"[0, 1]"
486623,7528490,7216923,1,"[0, 1]"
486623,7528490,7263359,1,"[0, 1]"
486623,7528490,7664456,1,"[0, 1]"
486623,7528490,7688610,1,"[0, 1]"
486623,7528490,7139054,1,"[0, 1]"
486623,7528490,7246357,1,"[0, 1]"
486623,7528490,7610379,1,"[0, 1]"
486623,7528490,7170528,1,"[0, 1]"
486623,7528490,7511179,1,"[0, 1]"
486623,7528490,7539897,1,"[0, 1]"
486623,7528490,7093624,1,"[0, 1]"
486623,7528490,7357213,1,"[0, 1]"
486623,7528490,7539205,1,"[0, 1]"
486623,7528490,7341207,1,"[0, 1]"
486623,7528490,7503601,1,"[0, 1]"
486623,7528490,7286065,1,"[0, 1]"
486623,7528490,7611187,1,"[0, 1]"
486623,7528490,1186091,1,"[0, 1]"
486623,7528490,7182094,1,"[0, 1]"
486623,7528490,7612190,1,"[0, 1]"
486623,7528490,7626797,1,"[0, 1]"
486623,7528490,6743770,1,"[0, 1]"
486623,7528490,7459670,1,"[0, 1]"
486623,7528490,6956695,1,"[0, 1]"
486623,7528490,7280523,1,"[0, 1]"
486623,7528490,7200210,1,"[0, 1]"
734979,7528547,7528547,1,"[1, 0]"
734979,7528547,3924,0,"[1, 0]"
734979,7528547,1961,0,"[1, 0]"
734979,7528547,980,0,"[1, 0]"
734979,7528547,489,0,"[1, 0]"
734979,7528547,244,0,"[1, 0]"
734979,7528547,121,0,"[1, 0]"
734979,7528547,60,0,"[1, 0]"
734979,7528547,29,0,"[1, 0]"
734979,7528547,14,0,"[1, 0]"
734979,7528547,6,0,"[1, 0]"
734979,7528547,2,0,"[1, 0]"
734979,7528547,0,0,"[1, 0]"
734979,7528547,1,0,"[0, 1]"
734979,7528547,2,0,"[0, 1]"
734979,7528547,3,0,"[0, 1]"
734979,7528547,5,0,"[0, 1]"
734979,7528547,6,0,"[0, 1]"
734979,7528547,4,0,"[0, 1]"
734979,7528547,8,0,"[0, 1]"
734979,7528547,12,0,"[0, 1]"
734979,7528547,14,0,"[0, 1]"
734979,7528547,10,0,"[0, 1]"
734979,7528547,9,0,"[0, 1]"
734979,7528547,11,0,"[0, 1]"
734979,7528547,15,0,"[0, 1]"
734979,7528547,25,0,"[0, 1]"
734979,7528547,18,0,"[0, 1]"
734979,7528547,21,0,"[0, 1]"
734979,7528547,22,0,"[0, 1]"
734979,7528547,23,0,"[0, 1]"
734979,7528547,17,0,"[0, 1]"
734979,7528547,27,0,"[0, 1]"
734979,7528547,49,0,"[0, 1]"
734979,7528547,47,0,"[0, 1]"
734979,7528547,36,0,"[0, 1]"
734979,7528547,50,0,"[0, 1]"
734979,7528547,43,0,"[0, 1]"
734979,7528547,42,0,"[0, 1]"
734979,7528547,37,0,"[0, 1]"
734979,7528547,33,0,"[0, 1]"
734979,7528547,57,0,"[0, 1]"
734979,7528547,40,0,"[0, 1]"
734979,7528547,72,0,"[0, 1]"
734979,7528547,106,0,"[0, 1]"
734979,7528547,110,0,"[0, 1]"
734979,7528547,64,0,"[0, 1]"
734979,7528547,112,0,"[0, 1]"
734979,7528547,104,0,"[0, 1]"
734979,7528547,118,0,"[0, 1]"
734979,7528547,121,0,"[0, 1]"
734979,7528547,82,0,"[0, 1]"
734979,7528547,123,0,"[0, 1]"
734979,7528547,73,0,"[0, 1]"
734979,7528547,70,0,"[0, 1]"
734979,7528547,226,0,"[0, 1]"
734979,7528547,179,0,"[0, 1]"
734979,7528547,127,0,"[0, 1]"
734979,7528547,174,0,"[0, 1]"
734979,7528547,143,0,"[0, 1]"
734979,7528547,177,0,"[0, 1]"
734979,7528547,145,0,"[0, 1]"
734979,7528547,131,0,"[0, 1]"
734979,7528547,217,0,"[0, 1]"
734979,7528547,195,0,"[0, 1]"
734979,7528547,182,0,"[0, 1]"
734979,7528547,181,0,"[0, 1]"
734979,7528547,146,0,"[0, 1]"
734979,7528547,170,0,"[0, 1]"
734979,7528547,364,0,"[0, 1]"
734979,7528547,440,0,"[0, 1]"
734979,7528547,419,0,"[0, 1]"
734979,7528547,263,0,"[0, 1]"
734979,7528547,417,0,"[0, 1]"
734979,7528547,503,0,"[0, 1]"
734979,7528547,475,0,"[0, 1]"
734979,7528547,396,0,"[0, 1]"
734979,7528547,311,0,"[0, 1]"
734979,7528547,481,0,"[0, 1]"
734979,7528547,310,0,"[0, 1]"
734979,7528547,448,0,"[0, 1]"
734979,7528547,304,0,"[0, 1]"
734979,7528547,278,0,"[0, 1]"
734979,7528547,320,0,"[0, 1]"
734979,7528547,454,0,"[0, 1]"
734979,7528547,569,0,"[0, 1]"
734979,7528547,1015,0,"[0, 1]"
734979,7528547,815,0,"[0, 1]"
734979,7528547,889,0,"[0, 1]"
734979,7528547,993,0,"[0, 1]"
734979,7528547,992,0,"[0, 1]"
734979,7528547,705,0,"[0, 1]"
734979,7528547,756,0,"[0, 1]"
734979,7528547,691,0,"[0, 1]"
734979,7528547,957,0,"[0, 1]"
734979,7528547,853,0,"[0, 1]"
734979,7528547,832,0,"[0, 1]"
734979,7528547,720,0,"[0, 1]"
734979,7528547,570,0,"[0, 1]"
734979,7528547,724,0,"[0, 1]"
734979,7528547,1017,0,"[0, 1]"
734979,7528547,997,0,"[0, 1]"
734979,7528547,584,0,"[0, 1]"
734979,7528547,1326,0,"[0, 1]"
734979,7528547,1087,0,"[0, 1]"
734979,7528547,1414,0,"[0, 1]"
734979,7528547,1111,0,"[0, 1]"
734979,7528547,1492,0,"[0, 1]"
734979,7528547,1806,0,"[0, 1]"
734979,7528547,1097,0,"[0, 1]"
734979,7528547,1767,0,"[0, 1]"
734979,7528547,1579,0,"[0, 1]"
734979,7528547,1093,0,"[0, 1]"
734979,7528547,1485,0,"[0, 1]"
734979,7528547,1550,0,"[0, 1]"
734979,7528547,1482,0,"[0, 1]"
734979,7528547,1304,0,"[0, 1]"
734979,7528547,1810,0,"[0, 1]"
734979,7528547,1816,0,"[0, 1]"
734979,7528547,1179,0,"[0, 1]"
734979,7528547,1815,0,"[0, 1]"
734979,7528547,1861,0,"[0, 1]"
734979,7528547,1075,0,"[0, 1]"
734979,7528547,2077,0,"[0, 1]"
734979,7528547,3337,0,"[0, 1]"
734979,7528547,3741,0,"[0, 1]"
734979,7528547,3624,0,"[0, 1]"
734979,7528547,3130,0,"[0, 1]"
734979,7528547,2811,0,"[0, 1]"
734979,7528547,2592,0,"[0, 1]"
734979,7528547,3794,0,"[0, 1]"
734979,7528547,4093,0,"[0, 1]"
734979,7528547,3254,0,"[0, 1]"
734979,7528547,2621,0,"[0, 1]"
734979,7528547,3260,0,"[0, 1]"
734979,7528547,4003,0,"[0, 1]"
734979,7528547,3617,0,"[0, 1]"
734979,7528547,2723,0,"[0, 1]"
734979,7528547,2737,0,"[0, 1]"
734979,7528547,3825,0,"[0, 1]"
734979,7528547,3637,0,"[0, 1]"
734979,7528547,3359,0,"[0, 1]"
734979,7528547,2825,0,"[0, 1]"
734979,7528547,2120,0,"[0, 1]"
734979,7528547,2638,0,"[0, 1]"
734979,7528547,7460936,1,"[0, 1]"
734979,7528547,4975,0,"[0, 1]"
734979,7528547,4734,0,"[0, 1]"
734979,7528547,3468566,1,"[0, 1]"
734979,7528547,3072082,1,"[0, 1]"
734979,7528547,4833,0,"[0, 1]"
734979,7528547,3471973,1,"[0, 1]"
734979,7528547,7585274,1,"[0, 1]"
734979,7528547,4209,0,"[0, 1]"
734979,7528547,4280,0,"[0, 1]"
734979,7528547,7152490,1,"[0, 1]"
734979,7528547,7359452,1,"[0, 1]"
734979,7528547,7241339,1,"[0, 1]"
734979,7528547,7553527,1,"[0, 1]"
734979,7528547,7225140,1,"[0, 1]"
734979,7528547,4659,0,"[0, 1]"
734979,7528547,7102411,1,"[0, 1]"
734979,7528547,7430665,1,"[0, 1]"
734979,7528547,7115878,1,"[0, 1]"
734979,7528547,3721216,1,"[0, 1]"
734979,7528547,7281622,1,"[0, 1]"
734979,7528547,4613,0,"[0, 1]"
734979,7528547,7436505,1,"[0, 1]"
734979,7528547,4594,0,"[0, 1]"
613727,7528586,7528586,1,"[1, 0]"
613727,7528586,2883,0,"[1, 0]"
613727,7528586,1441,0,"[1, 0]"
613727,7528586,720,0,"[1, 0]"
613727,7528586,359,0,"[1, 0]"
613727,7528586,179,0,"[1, 0]"
613727,7528586,89,0,"[1, 0]"
613727,7528586,44,0,"[1, 0]"
613727,7528586,21,0,"[1, 0]"
613727,7528586,10,0,"[1, 0]"
613727,7528586,4,0,"[1, 0]"
613727,7528586,1,0,"[1, 0]"
613727,7528586,0,0,"[1, 0]"
613727,7528586,2,0,"[0, 1]"
613727,7528586,1,0,"[0, 1]"
613727,7528586,5,0,"[0, 1]"
613727,7528586,6,0,"[0, 1]"
613727,7528586,3,0,"[0, 1]"
613727,7528586,4,0,"[0, 1]"
613727,7528586,9,0,"[0, 1]"
613727,7528586,13,0,"[0, 1]"
613727,7528586,14,0,"[0, 1]"
613727,7528586,7,0,"[0, 1]"
613727,7528586,8,0,"[0, 1]"
613727,7528586,12,0,"[0, 1]"
613727,7528586,19,0,"[0, 1]"
613727,7528586,29,0,"[0, 1]"
613727,7528586,27,0,"[0, 1]"
613727,7528586,26,0,"[0, 1]"
613727,7528586,21,0,"[0, 1]"
613727,7528586,20,0,"[0, 1]"
613727,7528586,15,0,"[0, 1]"
613727,7528586,16,0,"[0, 1]"
613727,7528586,33,0,"[0, 1]"
613727,7528586,45,0,"[0, 1]"
613727,7528586,38,0,"[0, 1]"
613727,7528586,60,0,"[0, 1]"
613727,7528586,47,0,"[0, 1]"
613727,7528586,62,0,"[0, 1]"
613727,7528586,37,0,"[0, 1]"
613727,7528586,43,0,"[0, 1]"
613727,7528586,44,0,"[0, 1]"
613727,7528586,31,0,"[0, 1]"
613727,7528586,81,0,"[0, 1]"
613727,7528586,120,0,"[0, 1]"
613727,7528586,98,0,"[0, 1]"
613727,7528586,108,0,"[0, 1]"
613727,7528586,106,0,"[0, 1]"
613727,7528586,86,0,"[0, 1]"
613727,7528586,116,0,"[0, 1]"
613727,7528586,82,0,"[0, 1]"
613727,7528586,84,0,"[0, 1]"
613727,7528586,107,0,"[0, 1]"
613727,7528586,97,0,"[0, 1]"
613727,7528586,76,0,"[0, 1]"
613727,7528586,249,0,"[0, 1]"
613727,7528586,212,0,"[0, 1]"
613727,7528586,234,0,"[0, 1]"
613727,7528586,241,0,"[0, 1]"
613727,7528586,164,0,"[0, 1]"
613727,7528586,201,0,"[0, 1]"
613727,7528586,233,0,"[0, 1]"
613727,7528586,239,0,"[0, 1]"
613727,7528586,166,0,"[0, 1]"
613727,7528586,231,0,"[0, 1]"
613727,7528586,228,0,"[0, 1]"
613727,7528586,168,0,"[0, 1]"
613727,7528586,245,0,"[0, 1]"
613727,7528586,173,0,"[0, 1]"
613727,7528586,472,0,"[0, 1]"
613727,7528586,500,0,"[0, 1]"
613727,7528586,445,0,"[0, 1]"
613727,7528586,269,0,"[0, 1]"
613727,7528586,428,0,"[0, 1]"
613727,7528586,495,0,"[0, 1]"
613727,7528586,337,0,"[0, 1]"
613727,7528586,314,0,"[0, 1]"
613727,7528586,355,0,"[0, 1]"
613727,7528586,326,0,"[0, 1]"
613727,7528586,429,0,"[0, 1]"
613727,7528586,476,0,"[0, 1]"
613727,7528586,264,0,"[0, 1]"
613727,7528586,491,0,"[0, 1]"
613727,7528586,287,0,"[0, 1]"
613727,7528586,443,0,"[0, 1]"
613727,7528586,894,0,"[0, 1]"
613727,7528586,603,0,"[0, 1]"
613727,7528586,996,0,"[0, 1]"
613727,7528586,781,0,"[0, 1]"
613727,7528586,675,0,"[0, 1]"
613727,7528586,678,0,"[0, 1]"
613727,7528586,594,0,"[0, 1]"
613727,7528586,938,0,"[0, 1]"
613727,7528586,602,0,"[0, 1]"
613727,7528586,847,0,"[0, 1]"
613727,7528586,975,0,"[0, 1]"
613727,7528586,755,0,"[0, 1]"
613727,7528586,972,0,"[0, 1]"
613727,7528586,559,0,"[0, 1]"
613727,7528586,780,0,"[0, 1]"
613727,7528586,1012,0,"[0, 1]"
613727,7528586,921,0,"[0, 1]"
613727,7528586,782,0,"[0, 1]"
613727,7528586,1206,0,"[0, 1]"
613727,7528586,1188,0,"[0, 1]"
613727,7528586,1065,0,"[0, 1]"
613727,7528586,1828,0,"[0, 1]"
613727,7528586,1481,0,"[0, 1]"
613727,7528586,1116,0,"[0, 1]"
613727,7528586,1429,0,"[0, 1]"
613727,7528586,1553,0,"[0, 1]"
613727,7528586,1745,0,"[0, 1]"
613727,7528586,1751,0,"[0, 1]"
613727,7528586,1789,0,"[0, 1]"
613727,7528586,1193,0,"[0, 1]"
613727,7528586,1509,0,"[0, 1]"
613727,7528586,1713,0,"[0, 1]"
613727,7528586,1468,0,"[0, 1]"
613727,7528586,1285,0,"[0, 1]"
613727,7528586,1316,0,"[0, 1]"
613727,7528586,1148,0,"[0, 1]"
613727,7528586,1680,0,"[0, 1]"
613727,7528586,1872,0,"[0, 1]"
613727,7528586,3444,0,"[0, 1]"
613727,7528586,3091,0,"[0, 1]"
613727,7528586,2752,0,"[0, 1]"
613727,7528586,2424,0,"[0, 1]"
613727,7528586,2611,0,"[0, 1]"
613727,7528586,3076,0,"[0, 1]"
613727,7528586,3454,0,"[0, 1]"
613727,7528586,4089,0,"[0, 1]"
613727,7528586,2896,0,"[0, 1]"
613727,7528586,2986,0,"[0, 1]"
613727,7528586,4043,0,"[0, 1]"
613727,7528586,3038,0,"[0, 1]"
613727,7528586,2272,0,"[0, 1]"
613727,7528586,2510,0,"[0, 1]"
613727,7528586,3420,0,"[0, 1]"
613727,7528586,2768,0,"[0, 1]"
613727,7528586,2159,0,"[0, 1]"
613727,7528586,2824,0,"[0, 1]"
613727,7528586,2051,0,"[0, 1]"
613727,7528586,2334,0,"[0, 1]"
613727,7528586,3877,0,"[0, 1]"
613727,7528586,3102,0,"[0, 1]"
613727,7528586,7528547,1,"[0, 1]"
613727,7528586,7380037,1,"[0, 1]"
613727,7528586,2332638,1,"[0, 1]"
613727,7528586,7390162,1,"[0, 1]"
613727,7528586,7373639,1,"[0, 1]"
613727,7528586,7577411,1,"[0, 1]"
613727,7528586,7274572,1,"[0, 1]"
613727,7528586,7258820,1,"[0, 1]"
613727,7528586,3655235,1,"[0, 1]"
613727,7528586,7578450,1,"[0, 1]"
613727,7528586,4279,0,"[0, 1]"
613727,7528586,4141,0,"[0, 1]"
613727,7528586,7378072,1,"[0, 1]"
613727,7528586,7084908,1,"[0, 1]"
613727,7528586,7354712,1,"[0, 1]"
613727,7528586,7242060,1,"[0, 1]"
613727,7528586,7609557,1,"[0, 1]"
613727,7528586,7484923,1,"[0, 1]"
613727,7528586,5279465,1,"[0, 1]"
613727,7528586,7203839,1,"[0, 1]"
613727,7528586,7656967,1,"[0, 1]"
613727,7528586,7259552,1,"[0, 1]"
613727,7528586,7100726,1,"[0, 1]"
613727,7528586,4609,0,"[0, 1]"
466335,7528633,7528633,1,"[1, 0]"
466335,7528633,2734,0,"[1, 0]"
466335,7528633,1366,0,"[1, 0]"
466335,7528633,682,0,"[1, 0]"
466335,7528633,340,0,"[1, 0]"
466335,7528633,169,0,"[1, 0]"
466335,7528633,84,0,"[1, 0]"
466335,7528633,41,0,"[1, 0]"
466335,7528633,20,0,"[1, 0]"
466335,7528633,9,0,"[1, 0]"
466335,7528633,4,0,"[1, 0]"
466335,7528633,1,0,"[1, 0]"
466335,7528633,0,0,"[1, 0]"
466335,7528633,1,0,"[0, 1]"
466335,7528633,2,0,"[0, 1]"
466335,7528633,6,0,"[0, 1]"
466335,7528633,3,0,"[0, 1]"
466335,7528633,4,0,"[0, 1]"
466335,7528633,5,0,"[0, 1]"
466335,7528633,8,0,"[0, 1]"
466335,7528633,10,0,"[0, 1]"
466335,7528633,12,0,"[0, 1]"
466335,7528633,11,0,"[0, 1]"
466335,7528633,9,0,"[0, 1]"
466335,7528633,7,0,"[0, 1]"
466335,7528633,17,0,"[0, 1]"
466335,7528633,15,0,"[0, 1]"
466335,7528633,25,0,"[0, 1]"
466335,7528633,19,0,"[0, 1]"
466335,7528633,28,0,"[0, 1]"
466335,7528633,30,0,"[0, 1]"
466335,7528633,20,0,"[0, 1]"
466335,7528633,29,0,"[0, 1]"
466335,7528633,51,0,"[0, 1]"
466335,7528633,45,0,"[0, 1]"
466335,7528633,36,0,"[0, 1]"
466335,7528633,48,0,"[0, 1]"
466335,7528633,34,0,"[0, 1]"
466335,7528633,38,0,"[0, 1]"
466335,7528633,53,0,"[0, 1]"
466335,7528633,46,0,"[0, 1]"
466335,7528633,40,0,"[0, 1]"
466335,7528633,31,0,"[0, 1]"
466335,7528633,79,0,"[0, 1]"
466335,7528633,117,0,"[0, 1]"
466335,7528633,89,0,"[0, 1]"
466335,7528633,100,0,"[0, 1]"
466335,7528633,122,0,"[0, 1]"
466335,7528633,84,0,"[0, 1]"
466335,7528633,105,0,"[0, 1]"
466335,7528633,94,0,"[0, 1]"
466335,7528633,73,0,"[0, 1]"
466335,7528633,72,0,"[0, 1]"
466335,7528633,93,0,"[0, 1]"
466335,7528633,124,0,"[0, 1]"
466335,7528633,153,0,"[0, 1]"
466335,7528633,161,0,"[0, 1]"
466335,7528633,145,0,"[0, 1]"
466335,7528633,128,0,"[0, 1]"
466335,7528633,253,0,"[0, 1]"
466335,7528633,177,0,"[0, 1]"
466335,7528633,229,0,"[0, 1]"
466335,7528633,249,0,"[0, 1]"
466335,7528633,151,0,"[0, 1]"
466335,7528633,173,0,"[0, 1]"
466335,7528633,239,0,"[0, 1]"
466335,7528633,231,0,"[0, 1]"
466335,7528633,176,0,"[0, 1]"
466335,7528633,132,0,"[0, 1]"
466335,7528633,255,0,"[0, 1]"
466335,7528633,449,0,"[0, 1]"
466335,7528633,360,0,"[0, 1]"
466335,7528633,504,0,"[0, 1]"
466335,7528633,339,0,"[0, 1]"
466335,7528633,276,0,"[0, 1]"
466335,7528633,344,0,"[0, 1]"
466335,7528633,317,0,"[0, 1]"
466335,7528633,311,0,"[0, 1]"
466335,7528633,443,0,"[0, 1]"
466335,7528633,405,0,"[0, 1]"
466335,7528633,304,0,"[0, 1]"
466335,7528633,498,0,"[0, 1]"
466335,7528633,306,0,"[0, 1]"
466335,7528633,373,0,"[0, 1]"
466335,7528633,273,0,"[0, 1]"
466335,7528633,555,0,"[0, 1]"
466335,7528633,901,0,"[0, 1]"
466335,7528633,531,0,"[0, 1]"
466335,7528633,744,0,"[0, 1]"
466335,7528633,994,0,"[0, 1]"
466335,7528633,768,0,"[0, 1]"
466335,7528633,952,0,"[0, 1]"
466335,7528633,887,0,"[0, 1]"
466335,7528633,930,0,"[0, 1]"
466335,7528633,710,0,"[0, 1]"
466335,7528633,767,0,"[0, 1]"
466335,7528633,906,0,"[0, 1]"
466335,7528633,751,0,"[0, 1]"
466335,7528633,825,0,"[0, 1]"
466335,7528633,874,0,"[0, 1]"
466335,7528633,871,0,"[0, 1]"
466335,7528633,1018,0,"[0, 1]"
466335,7528633,993,0,"[0, 1]"
466335,7528633,1289,0,"[0, 1]"
466335,7528633,1023,0,"[0, 1]"
466335,7528633,1852,0,"[0, 1]"
466335,7528633,1224,0,"[0, 1]"
466335,7528633,1359,0,"[0, 1]"
466335,7528633,1173,0,"[0, 1]"
466335,7528633,1673,0,"[0, 1]"
466335,7528633,1139,0,"[0, 1]"
466335,7528633,1137,0,"[0, 1]"
466335,7528633,1239,0,"[0, 1]"
466335,7528633,1175,0,"[0, 1]"
466335,7528633,1042,0,"[0, 1]"
466335,7528633,1463,0,"[0, 1]"
466335,7528633,1501,0,"[0, 1]"
466335,7528633,1433,0,"[0, 1]"
466335,7528633,1663,0,"[0, 1]"
466335,7528633,1596,0,"[0, 1]"
466335,7528633,1696,0,"[0, 1]"
466335,7528633,1053,0,"[0, 1]"
466335,7528633,1226,0,"[0, 1]"
466335,7528633,3199,0,"[0, 1]"
466335,7528633,3135,0,"[0, 1]"
466335,7528633,3038,0,"[0, 1]"
466335,7528633,2466,0,"[0, 1]"
466335,7528633,2279,0,"[0, 1]"
466335,7528633,3535,0,"[0, 1]"
466335,7528633,3629,0,"[0, 1]"
466335,7528633,2803,0,"[0, 1]"
466335,7528633,2117,0,"[0, 1]"
466335,7528633,2577,0,"[0, 1]"
466335,7528633,2471,0,"[0, 1]"
466335,7528633,2832,0,"[0, 1]"
466335,7528633,2247,0,"[0, 1]"
466335,7528633,3688,0,"[0, 1]"
466335,7528633,2327,0,"[0, 1]"
466335,7528633,3551,0,"[0, 1]"
466335,7528633,2104,0,"[0, 1]"
466335,7528633,3880,0,"[0, 1]"
466335,7528633,3439,0,"[0, 1]"
466335,7528633,2678,0,"[0, 1]"
466335,7528633,2596,0,"[0, 1]"
466335,7528633,3214,0,"[0, 1]"
466335,7528633,7353185,1,"[0, 1]"
466335,7528633,7353377,1,"[0, 1]"
466335,7528633,7160861,1,"[0, 1]"
466335,7528633,7222347,1,"[0, 1]"
466335,7528633,7488358,1,"[0, 1]"
466335,7528633,7231345,1,"[0, 1]"
466335,7528633,4758,0,"[0, 1]"
466335,7528633,7514865,1,"[0, 1]"
466335,7528633,7081382,1,"[0, 1]"
466335,7528633,7484923,1,"[0, 1]"
466335,7528633,7365439,1,"[0, 1]"
466335,7528633,4690,0,"[0, 1]"
466335,7528633,7386094,1,"[0, 1]"
466335,7528633,7152784,1,"[0, 1]"
466335,7528633,2587770,1,"[0, 1]"
466335,7528633,7638892,1,"[0, 1]"
466335,7528633,7590829,1,"[0, 1]"
466335,7528633,4309,0,"[0, 1]"
466335,7528633,7470508,1,"[0, 1]"
466335,7528633,7407380,1,"[0, 1]"
466335,7528633,7493363,1,"[0, 1]"
466335,7528633,4681,0,"[0, 1]"
466335,7528633,7183798,1,"[0, 1]"
466335,7528633,7116292,1,"[0, 1]"
667535,7528645,7528645,1,"[1, 0]"
667535,7528645,4060,0,"[1, 0]"
667535,7528645,2029,0,"[1, 0]"
667535,7528645,1014,0,"[1, 0]"
667535,7528645,506,0,"[1, 0]"
667535,7528645,252,0,"[1, 0]"
667535,7528645,125,0,"[1, 0]"
667535,7528645,62,0,"[1, 0]"
667535,7528645,30,0,"[1, 0]"
667535,7528645,14,0,"[1, 0]"
667535,7528645,6,0,"[1, 0]"
667535,7528645,2,0,"[1, 0]"
667535,7528645,0,0,"[1, 0]"
667535,7528645,1,0,"[0, 1]"
667535,7528645,2,0,"[0, 1]"
667535,7528645,3,0,"[0, 1]"
667535,7528645,5,0,"[0, 1]"
667535,7528645,4,0,"[0, 1]"
667535,7528645,6,0,"[0, 1]"
667535,7528645,12,0,"[0, 1]"
667535,7528645,14,0,"[0, 1]"
667535,7528645,13,0,"[0, 1]"
667535,7528645,8,0,"[0, 1]"
667535,7528645,10,0,"[0, 1]"
667535,7528645,7,0,"[0, 1]"
667535,7528645,21,0,"[0, 1]"
667535,7528645,17,0,"[0, 1]"
667535,7528645,28,0,"[0, 1]"
667535,7528645,25,0,"[0, 1]"
667535,7528645,23,0,"[0, 1]"
667535,7528645,15,0,"[0, 1]"
667535,7528645,27,0,"[0, 1]"
667535,7528645,18,0,"[0, 1]"
667535,7528645,46,0,"[0, 1]"
667535,7528645,47,0,"[0, 1]"
667535,7528645,50,0,"[0, 1]"
667535,7528645,38,0,"[0, 1]"
667535,7528645,45,0,"[0, 1]"
667535,7528645,37,0,"[0, 1]"
667535,7528645,35,0,"[0, 1]"
667535,7528645,61,0,"[0, 1]"
667535,7528645,51,0,"[0, 1]"
667535,7528645,52,0,"[0, 1]"
667535,7528645,96,0,"[0, 1]"
667535,7528645,92,0,"[0, 1]"
667535,7528645,64,0,"[0, 1]"
667535,7528645,122,0,"[0, 1]"
667535,7528645,84,0,"[0, 1]"
667535,7528645,95,0,"[0, 1]"
667535,7528645,94,0,"[0, 1]"
667535,7528645,101,0,"[0, 1]"
667535,7528645,80,0,"[0, 1]"
667535,7528645,106,0,"[0, 1]"
667535,7528645,75,0,"[0, 1]"
667535,7528645,90,0,"[0, 1]"
667535,7528645,157,0,"[0, 1]"
667535,7528645,245,0,"[0, 1]"
667535,7528645,217,0,"[0, 1]"
667535,7528645,202,0,"[0, 1]"
667535,7528645,238,0,"[0, 1]"
667535,7528645,187,0,"[0, 1]"
667535,7528645,191,0,"[0, 1]"
667535,7528645,226,0,"[0, 1]"
667535,7528645,225,0,"[0, 1]"
667535,7528645,167,0,"[0, 1]"
667535,7528645,185,0,"[0, 1]"
667535,7528645,189,0,"[0, 1]"
667535,7528645,182,0,"[0, 1]"
667535,7528645,222,0,"[0, 1]"
667535,7528645,461,0,"[0, 1]"
667535,7528645,320,0,"[0, 1]"
667535,7528645,504,0,"[0, 1]"
667535,7528645,317,0,"[0, 1]"
667535,7528645,284,0,"[0, 1]"
667535,7528645,342,0,"[0, 1]"
667535,7528645,351,0,"[0, 1]"
667535,7528645,271,0,"[0, 1]"
667535,7528645,315,0,"[0, 1]"
667535,7528645,505,0,"[0, 1]"
667535,7528645,506,0,"[0, 1]"
667535,7528645,422,0,"[0, 1]"
667535,7528645,429,0,"[0, 1]"
667535,7528645,482,0,"[0, 1]"
667535,7528645,458,0,"[0, 1]"
667535,7528645,372,0,"[0, 1]"
667535,7528645,573,0,"[0, 1]"
667535,7528645,939,0,"[0, 1]"
667535,7528645,541,0,"[0, 1]"
667535,7528645,622,0,"[0, 1]"
667535,7528645,536,0,"[0, 1]"
667535,7528645,848,0,"[0, 1]"
667535,7528645,691,0,"[0, 1]"
667535,7528645,935,0,"[0, 1]"
667535,7528645,548,0,"[0, 1]"
667535,7528645,950,0,"[0, 1]"
667535,7528645,823,0,"[0, 1]"
667535,7528645,598,0,"[0, 1]"
667535,7528645,632,0,"[0, 1]"
667535,7528645,696,0,"[0, 1]"
667535,7528645,870,0,"[0, 1]"
667535,7528645,956,0,"[0, 1]"
667535,7528645,811,0,"[0, 1]"
667535,7528645,925,0,"[0, 1]"
667535,7528645,1023,0,"[0, 1]"
667535,7528645,2009,0,"[0, 1]"
667535,7528645,1731,0,"[0, 1]"
667535,7528645,1477,0,"[0, 1]"
667535,7528645,1874,0,"[0, 1]"
667535,7528645,1395,0,"[0, 1]"
667535,7528645,1404,0,"[0, 1]"
667535,7528645,1033,0,"[0, 1]"
667535,7528645,1190,0,"[0, 1]"
667535,7528645,1042,0,"[0, 1]"
667535,7528645,1339,0,"[0, 1]"
667535,7528645,1873,0,"[0, 1]"
667535,7528645,1978,0,"[0, 1]"
667535,7528645,1533,0,"[0, 1]"
667535,7528645,1093,0,"[0, 1]"
667535,7528645,1024,0,"[0, 1]"
667535,7528645,1268,0,"[0, 1]"
667535,7528645,1396,0,"[0, 1]"
667535,7528645,1331,0,"[0, 1]"
667535,7528645,1525,0,"[0, 1]"
667535,7528645,2459,0,"[0, 1]"
667535,7528645,3434,0,"[0, 1]"
667535,7528645,3612,0,"[0, 1]"
667535,7528645,3608,0,"[0, 1]"
667535,7528645,2678,0,"[0, 1]"
667535,7528645,3563,0,"[0, 1]"
667535,7528645,3508,0,"[0, 1]"
667535,7528645,2307,0,"[0, 1]"
667535,7528645,2570,0,"[0, 1]"
667535,7528645,2848,0,"[0, 1]"
667535,7528645,2956,0,"[0, 1]"
667535,7528645,3411,0,"[0, 1]"
667535,7528645,2582,0,"[0, 1]"
667535,7528645,3182,0,"[0, 1]"
667535,7528645,3578,0,"[0, 1]"
667535,7528645,3769,0,"[0, 1]"
667535,7528645,2960,0,"[0, 1]"
667535,7528645,2343,0,"[0, 1]"
667535,7528645,2538,0,"[0, 1]"
667535,7528645,2243,0,"[0, 1]"
667535,7528645,3721,0,"[0, 1]"
667535,7528645,3766,0,"[0, 1]"
667535,7528645,7377517,1,"[0, 1]"
667535,7528645,7304676,1,"[0, 1]"
667535,7528645,7571290,1,"[0, 1]"
667535,7528645,7568821,1,"[0, 1]"
667535,7528645,7247338,1,"[0, 1]"
667535,7528645,4705,0,"[0, 1]"
667535,7528645,4504,0,"[0, 1]"
667535,7528645,4678,0,"[0, 1]"
667535,7528645,7084908,1,"[0, 1]"
667535,7528645,7662586,1,"[0, 1]"
667535,7528645,7209930,1,"[0, 1]"
667535,7528645,7108284,1,"[0, 1]"
667535,7528645,4099,0,"[0, 1]"
667535,7528645,4944,0,"[0, 1]"
667535,7528645,4398,0,"[0, 1]"
667535,7528645,7521010,1,"[0, 1]"
667535,7528645,7468944,1,"[0, 1]"
667535,7528645,7607819,1,"[0, 1]"
667535,7528645,7221033,1,"[0, 1]"
667535,7528645,7547873,1,"[0, 1]"
667535,7528645,7689572,1,"[0, 1]"
667535,7528645,614329,1,"[0, 1]"
667535,7528645,4601,0,"[0, 1]"
667535,7528645,4972,0,"[0, 1]"
504335,7528849,7528849,1,"[1, 0]"
504335,7528849,4012,0,"[1, 0]"
504335,7528849,2005,0,"[1, 0]"
504335,7528849,1002,0,"[1, 0]"
504335,7528849,500,0,"[1, 0]"
504335,7528849,249,0,"[1, 0]"
504335,7528849,124,0,"[1, 0]"
504335,7528849,61,0,"[1, 0]"
504335,7528849,30,0,"[1, 0]"
504335,7528849,14,0,"[1, 0]"
504335,7528849,6,0,"[1, 0]"
504335,7528849,2,0,"[1, 0]"
504335,7528849,0,0,"[1, 0]"
504335,7528849,2,0,"[0, 1]"
504335,7528849,1,0,"[0, 1]"
504335,7528849,3,0,"[0, 1]"
504335,7528849,5,0,"[0, 1]"
504335,7528849,6,0,"[0, 1]"
504335,7528849,4,0,"[0, 1]"
504335,7528849,8,0,"[0, 1]"
504335,7528849,13,0,"[0, 1]"
504335,7528849,11,0,"[0, 1]"
504335,7528849,7,0,"[0, 1]"
504335,7528849,10,0,"[0, 1]"
504335,7528849,12,0,"[0, 1]"
504335,7528849,22,0,"[0, 1]"
504335,7528849,27,0,"[0, 1]"
504335,7528849,19,0,"[0, 1]"
504335,7528849,26,0,"[0, 1]"
504335,7528849,16,0,"[0, 1]"
504335,7528849,17,0,"[0, 1]"
504335,7528849,24,0,"[0, 1]"
504335,7528849,18,0,"[0, 1]"
504335,7528849,32,0,"[0, 1]"
504335,7528849,48,0,"[0, 1]"
504335,7528849,56,0,"[0, 1]"
504335,7528849,61,0,"[0, 1]"
504335,7528849,52,0,"[0, 1]"
504335,7528849,37,0,"[0, 1]"
504335,7528849,39,0,"[0, 1]"
504335,7528849,42,0,"[0, 1]"
504335,7528849,40,0,"[0, 1]"
504335,7528849,34,0,"[0, 1]"
504335,7528849,88,0,"[0, 1]"
504335,7528849,91,0,"[0, 1]"
504335,7528849,85,0,"[0, 1]"
504335,7528849,107,0,"[0, 1]"
504335,7528849,65,0,"[0, 1]"
504335,7528849,75,0,"[0, 1]"
504335,7528849,98,0,"[0, 1]"
504335,7528849,109,0,"[0, 1]"
504335,7528849,110,0,"[0, 1]"
504335,7528849,68,0,"[0, 1]"
504335,7528849,123,0,"[0, 1]"
504335,7528849,86,0,"[0, 1]"
504335,7528849,128,0,"[0, 1]"
504335,7528849,171,0,"[0, 1]"
504335,7528849,164,0,"[0, 1]"
504335,7528849,221,0,"[0, 1]"
504335,7528849,136,0,"[0, 1]"
504335,7528849,161,0,"[0, 1]"
504335,7528849,192,0,"[0, 1]"
504335,7528849,194,0,"[0, 1]"
504335,7528849,151,0,"[0, 1]"
504335,7528849,250,0,"[0, 1]"
504335,7528849,230,0,"[0, 1]"
504335,7528849,170,0,"[0, 1]"
504335,7528849,129,0,"[0, 1]"
504335,7528849,167,0,"[0, 1]"
504335,7528849,260,0,"[0, 1]"
504335,7528849,473,0,"[0, 1]"
504335,7528849,335,0,"[0, 1]"
504335,7528849,438,0,"[0, 1]"
504335,7528849,306,0,"[0, 1]"
504335,7528849,279,0,"[0, 1]"
504335,7528849,418,0,"[0, 1]"
504335,7528849,318,0,"[0, 1]"
504335,7528849,459,0,"[0, 1]"
504335,7528849,401,0,"[0, 1]"
504335,7528849,433,0,"[0, 1]"
504335,7528849,376,0,"[0, 1]"
504335,7528849,487,0,"[0, 1]"
504335,7528849,508,0,"[0, 1]"
504335,7528849,300,0,"[0, 1]"
504335,7528849,485,0,"[0, 1]"
504335,7528849,776,0,"[0, 1]"
504335,7528849,759,0,"[0, 1]"
504335,7528849,980,0,"[0, 1]"
504335,7528849,769,0,"[0, 1]"
504335,7528849,594,0,"[0, 1]"
504335,7528849,671,0,"[0, 1]"
504335,7528849,806,0,"[0, 1]"
504335,7528849,580,0,"[0, 1]"
504335,7528849,797,0,"[0, 1]"
504335,7528849,983,0,"[0, 1]"
504335,7528849,563,0,"[0, 1]"
504335,7528849,645,0,"[0, 1]"
504335,7528849,794,0,"[0, 1]"
504335,7528849,844,0,"[0, 1]"
504335,7528849,516,0,"[0, 1]"
504335,7528849,641,0,"[0, 1]"
504335,7528849,802,0,"[0, 1]"
504335,7528849,720,0,"[0, 1]"
504335,7528849,1727,0,"[0, 1]"
504335,7528849,1696,0,"[0, 1]"
504335,7528849,1994,0,"[0, 1]"
504335,7528849,1908,0,"[0, 1]"
504335,7528849,1698,0,"[0, 1]"
504335,7528849,1557,0,"[0, 1]"
504335,7528849,1472,0,"[0, 1]"
504335,7528849,1445,0,"[0, 1]"
504335,7528849,1766,0,"[0, 1]"
504335,7528849,1791,0,"[0, 1]"
504335,7528849,1191,0,"[0, 1]"
504335,7528849,1922,0,"[0, 1]"
504335,7528849,1439,0,"[0, 1]"
504335,7528849,1475,0,"[0, 1]"
504335,7528849,1147,0,"[0, 1]"
504335,7528849,2008,0,"[0, 1]"
504335,7528849,2035,0,"[0, 1]"
504335,7528849,1031,0,"[0, 1]"
504335,7528849,1598,0,"[0, 1]"
504335,7528849,1364,0,"[0, 1]"
504335,7528849,3717,0,"[0, 1]"
504335,7528849,3021,0,"[0, 1]"
504335,7528849,3578,0,"[0, 1]"
504335,7528849,2610,0,"[0, 1]"
504335,7528849,3790,0,"[0, 1]"
504335,7528849,2733,0,"[0, 1]"
504335,7528849,3085,0,"[0, 1]"
504335,7528849,3284,0,"[0, 1]"
504335,7528849,3189,0,"[0, 1]"
504335,7528849,3287,0,"[0, 1]"
504335,7528849,3105,0,"[0, 1]"
504335,7528849,2887,0,"[0, 1]"
504335,7528849,3145,0,"[0, 1]"
504335,7528849,2870,0,"[0, 1]"
504335,7528849,2199,0,"[0, 1]"
504335,7528849,3972,0,"[0, 1]"
504335,7528849,2206,0,"[0, 1]"
504335,7528849,2157,0,"[0, 1]"
504335,7528849,3705,0,"[0, 1]"
504335,7528849,3680,0,"[0, 1]"
504335,7528849,3062,0,"[0, 1]"
504335,7528849,2134,0,"[0, 1]"
504335,7528849,7102914,1,"[0, 1]"
504335,7528849,7675809,1,"[0, 1]"
504335,7528849,7205200,1,"[0, 1]"
504335,7528849,7193418,1,"[0, 1]"
504335,7528849,7226212,1,"[0, 1]"
504335,7528849,7676449,1,"[0, 1]"
504335,7528849,4888,0,"[0, 1]"
504335,7528849,7254457,1,"[0, 1]"
504335,7528849,7188494,1,"[0, 1]"
504335,7528849,7342150,1,"[0, 1]"
504335,7528849,7160909,1,"[0, 1]"
504335,7528849,4906,0,"[0, 1]"
504335,7528849,4429,0,"[0, 1]"
504335,7528849,7286890,1,"[0, 1]"
504335,7528849,7092036,1,"[0, 1]"
504335,7528849,7655357,1,"[0, 1]"
504335,7528849,7672149,1,"[0, 1]"
504335,7528849,2524631,1,"[0, 1]"
504335,7528849,7281921,1,"[0, 1]"
504335,7528849,7528854,1,"[0, 1]"
504335,7528849,4795,0,"[0, 1]"
504335,7528849,7435832,1,"[0, 1]"
504335,7528849,7294715,1,"[0, 1]"
504335,7528849,7315472,1,"[0, 1]"
504335,7528851,7528851,1,"[1, 0]"
504335,7528851,4061,0,"[1, 0]"
504335,7528851,2030,0,"[1, 0]"
504335,7528851,1014,0,"[1, 0]"
504335,7528851,506,0,"[1, 0]"
504335,7528851,252,0,"[1, 0]"
504335,7528851,125,0,"[1, 0]"
504335,7528851,62,0,"[1, 0]"
504335,7528851,30,0,"[1, 0]"
504335,7528851,14,0,"[1, 0]"
504335,7528851,6,0,"[1, 0]"
504335,7528851,2,0,"[1, 0]"
504335,7528851,0,0,"[1, 0]"
504335,7528851,1,0,"[0, 1]"
504335,7528851,2,0,"[0, 1]"
504335,7528851,6,0,"[0, 1]"
504335,7528851,4,0,"[0, 1]"
504335,7528851,5,0,"[0, 1]"
504335,7528851,3,0,"[0, 1]"
504335,7528851,10,0,"[0, 1]"
504335,7528851,9,0,"[0, 1]"
504335,7528851,8,0,"[0, 1]"
504335,7528851,12,0,"[0, 1]"
504335,7528851,14,0,"[0, 1]"
504335,7528851,11,0,"[0, 1]"
504335,7528851,21,0,"[0, 1]"
504335,7528851,15,0,"[0, 1]"
504335,7528851,16,0,"[0, 1]"
504335,7528851,23,0,"[0, 1]"
504335,7528851,22,0,"[0, 1]"
504335,7528851,25,0,"[0, 1]"
504335,7528851,20,0,"[0, 1]"
504335,7528851,26,0,"[0, 1]"
504335,7528851,37,0,"[0, 1]"
504335,7528851,57,0,"[0, 1]"
504335,7528851,32,0,"[0, 1]"
504335,7528851,40,0,"[0, 1]"
504335,7528851,55,0,"[0, 1]"
504335,7528851,31,0,"[0, 1]"
504335,7528851,39,0,"[0, 1]"
504335,7528851,42,0,"[0, 1]"
504335,7528851,49,0,"[0, 1]"
504335,7528851,48,0,"[0, 1]"
504335,7528851,125,0,"[0, 1]"
504335,7528851,123,0,"[0, 1]"
504335,7528851,104,0,"[0, 1]"
504335,7528851,120,0,"[0, 1]"
504335,7528851,76,0,"[0, 1]"
504335,7528851,75,0,"[0, 1]"
504335,7528851,74,0,"[0, 1]"
504335,7528851,79,0,"[0, 1]"
504335,7528851,99,0,"[0, 1]"
504335,7528851,67,0,"[0, 1]"
504335,7528851,78,0,"[0, 1]"
504335,7528851,114,0,"[0, 1]"
504335,7528851,144,0,"[0, 1]"
504335,7528851,138,0,"[0, 1]"
504335,7528851,134,0,"[0, 1]"
504335,7528851,227,0,"[0, 1]"
504335,7528851,178,0,"[0, 1]"
504335,7528851,192,0,"[0, 1]"
504335,7528851,251,0,"[0, 1]"
504335,7528851,150,0,"[0, 1]"
504335,7528851,129,0,"[0, 1]"
504335,7528851,172,0,"[0, 1]"
504335,7528851,142,0,"[0, 1]"
504335,7528851,128,0,"[0, 1]"
504335,7528851,198,0,"[0, 1]"
504335,7528851,154,0,"[0, 1]"
504335,7528851,384,0,"[0, 1]"
504335,7528851,265,0,"[0, 1]"
504335,7528851,268,0,"[0, 1]"
504335,7528851,375,0,"[0, 1]"
504335,7528851,427,0,"[0, 1]"
504335,7528851,366,0,"[0, 1]"
504335,7528851,296,0,"[0, 1]"
504335,7528851,464,0,"[0, 1]"
504335,7528851,439,0,"[0, 1]"
504335,7528851,480,0,"[0, 1]"
504335,7528851,380,0,"[0, 1]"
504335,7528851,341,0,"[0, 1]"
504335,7528851,491,0,"[0, 1]"
504335,7528851,338,0,"[0, 1]"
504335,7528851,485,0,"[0, 1]"
504335,7528851,269,0,"[0, 1]"
504335,7528851,895,0,"[0, 1]"
504335,7528851,856,0,"[0, 1]"
504335,7528851,675,0,"[0, 1]"
504335,7528851,519,0,"[0, 1]"
504335,7528851,1019,0,"[0, 1]"
504335,7528851,955,0,"[0, 1]"
504335,7528851,658,0,"[0, 1]"
504335,7528851,770,0,"[0, 1]"
504335,7528851,911,0,"[0, 1]"
504335,7528851,927,0,"[0, 1]"
504335,7528851,756,0,"[0, 1]"
504335,7528851,795,0,"[0, 1]"
504335,7528851,700,0,"[0, 1]"
504335,7528851,631,0,"[0, 1]"
504335,7528851,714,0,"[0, 1]"
504335,7528851,952,0,"[0, 1]"
504335,7528851,973,0,"[0, 1]"
504335,7528851,634,0,"[0, 1]"
504335,7528851,1467,0,"[0, 1]"
504335,7528851,1586,0,"[0, 1]"
504335,7528851,1690,0,"[0, 1]"
504335,7528851,1092,0,"[0, 1]"
504335,7528851,1454,0,"[0, 1]"
504335,7528851,1790,0,"[0, 1]"
504335,7528851,1508,0,"[0, 1]"
504335,7528851,1037,0,"[0, 1]"
504335,7528851,1779,0,"[0, 1]"
504335,7528851,1709,0,"[0, 1]"
504335,7528851,1722,0,"[0, 1]"
504335,7528851,1432,0,"[0, 1]"
504335,7528851,1106,0,"[0, 1]"
504335,7528851,1421,0,"[0, 1]"
504335,7528851,1868,0,"[0, 1]"
504335,7528851,1089,0,"[0, 1]"
504335,7528851,1833,0,"[0, 1]"
504335,7528851,1435,0,"[0, 1]"
504335,7528851,1137,0,"[0, 1]"
504335,7528851,1699,0,"[0, 1]"
504335,7528851,3197,0,"[0, 1]"
504335,7528851,3395,0,"[0, 1]"
504335,7528851,3779,0,"[0, 1]"
504335,7528851,3765,0,"[0, 1]"
504335,7528851,2238,0,"[0, 1]"
504335,7528851,2521,0,"[0, 1]"
504335,7528851,3232,0,"[0, 1]"
504335,7528851,3442,0,"[0, 1]"
504335,7528851,2772,0,"[0, 1]"
504335,7528851,2710,0,"[0, 1]"
504335,7528851,2196,0,"[0, 1]"
504335,7528851,2237,0,"[0, 1]"
504335,7528851,2052,0,"[0, 1]"
504335,7528851,4059,0,"[0, 1]"
504335,7528851,3154,0,"[0, 1]"
504335,7528851,3674,0,"[0, 1]"
504335,7528851,3053,0,"[0, 1]"
504335,7528851,2622,0,"[0, 1]"
504335,7528851,3007,0,"[0, 1]"
504335,7528851,3106,0,"[0, 1]"
504335,7528851,2079,0,"[0, 1]"
504335,7528851,2621,0,"[0, 1]"
504335,7528851,4503,0,"[0, 1]"
504335,7528851,4995,0,"[0, 1]"
504335,7528851,7320560,1,"[0, 1]"
504335,7528851,7119331,1,"[0, 1]"
504335,7528851,6792346,1,"[0, 1]"
504335,7528851,7206355,1,"[0, 1]"
504335,7528851,4310356,1,"[0, 1]"
504335,7528851,7574903,1,"[0, 1]"
504335,7528851,7503613,1,"[0, 1]"
504335,7528851,7105662,1,"[0, 1]"
504335,7528851,4352,0,"[0, 1]"
504335,7528851,4771,0,"[0, 1]"
504335,7528851,7629288,1,"[0, 1]"
504335,7528851,4954,0,"[0, 1]"
504335,7528851,4360,0,"[0, 1]"
504335,7528851,7676831,1,"[0, 1]"
504335,7528851,4766,0,"[0, 1]"
504335,7528851,7689707,1,"[0, 1]"
504335,7528851,4170,0,"[0, 1]"
504335,7528851,7211302,1,"[0, 1]"
504335,7528851,7295424,1,"[0, 1]"
504335,7528851,7223176,1,"[0, 1]"
504335,7528851,4380,0,"[0, 1]"
504335,7528851,7415523,1,"[0, 1]"
504335,7528852,7528852,1,"[1, 0]"
504335,7528852,4033,0,"[1, 0]"
504335,7528852,2016,0,"[1, 0]"
504335,7528852,1007,0,"[1, 0]"
504335,7528852,503,0,"[1, 0]"
504335,7528852,251,0,"[1, 0]"
504335,7528852,125,0,"[1, 0]"
504335,7528852,62,0,"[1, 0]"
504335,7528852,30,0,"[1, 0]"
504335,7528852,14,0,"[1, 0]"
504335,7528852,6,0,"[1, 0]"
504335,7528852,2,0,"[1, 0]"
504335,7528852,0,0,"[1, 0]"
504335,7528852,1,0,"[0, 1]"
504335,7528852,2,0,"[0, 1]"
504335,7528852,6,0,"[0, 1]"
504335,7528852,3,0,"[0, 1]"
504335,7528852,4,0,"[0, 1]"
504335,7528852,5,0,"[0, 1]"
504335,7528852,10,0,"[0, 1]"
504335,7528852,12,0,"[0, 1]"
504335,7528852,9,0,"[0, 1]"
504335,7528852,11,0,"[0, 1]"
504335,7528852,14,0,"[0, 1]"
504335,7528852,13,0,"[0, 1]"
504335,7528852,30,0,"[0, 1]"
504335,7528852,18,0,"[0, 1]"
504335,7528852,22,0,"[0, 1]"
504335,7528852,29,0,"[0, 1]"
504335,7528852,16,0,"[0, 1]"
504335,7528852,23,0,"[0, 1]"
504335,7528852,27,0,"[0, 1]"
504335,7528852,21,0,"[0, 1]"
504335,7528852,44,0,"[0, 1]"
504335,7528852,55,0,"[0, 1]"
504335,7528852,31,0,"[0, 1]"
504335,7528852,42,0,"[0, 1]"
504335,7528852,40,0,"[0, 1]"
504335,7528852,49,0,"[0, 1]"
504335,7528852,51,0,"[0, 1]"
504335,7528852,59,0,"[0, 1]"
504335,7528852,54,0,"[0, 1]"
504335,7528852,34,0,"[0, 1]"
504335,7528852,122,0,"[0, 1]"
504335,7528852,105,0,"[0, 1]"
504335,7528852,111,0,"[0, 1]"
504335,7528852,83,0,"[0, 1]"
504335,7528852,125,0,"[0, 1]"
504335,7528852,76,0,"[0, 1]"
504335,7528852,118,0,"[0, 1]"
504335,7528852,81,0,"[0, 1]"
504335,7528852,70,0,"[0, 1]"
504335,7528852,117,0,"[0, 1]"
504335,7528852,78,0,"[0, 1]"
504335,7528852,97,0,"[0, 1]"
504335,7528852,159,0,"[0, 1]"
504335,7528852,134,0,"[0, 1]"
504335,7528852,239,0,"[0, 1]"
504335,7528852,150,0,"[0, 1]"
504335,7528852,237,0,"[0, 1]"
504335,7528852,219,0,"[0, 1]"
504335,7528852,253,0,"[0, 1]"
504335,7528852,155,0,"[0, 1]"
504335,7528852,179,0,"[0, 1]"
504335,7528852,210,0,"[0, 1]"
504335,7528852,230,0,"[0, 1]"
504335,7528852,203,0,"[0, 1]"
504335,7528852,172,0,"[0, 1]"
504335,7528852,225,0,"[0, 1]"
504335,7528852,395,0,"[0, 1]"
504335,7528852,499,0,"[0, 1]"
504335,7528852,306,0,"[0, 1]"
504335,7528852,310,0,"[0, 1]"
504335,7528852,461,0,"[0, 1]"
504335,7528852,369,0,"[0, 1]"
504335,7528852,356,0,"[0, 1]"
504335,7528852,444,0,"[0, 1]"
504335,7528852,471,0,"[0, 1]"
504335,7528852,379,0,"[0, 1]"
504335,7528852,447,0,"[0, 1]"
504335,7528852,481,0,"[0, 1]"
504335,7528852,366,0,"[0, 1]"
504335,7528852,380,0,"[0, 1]"
504335,7528852,315,0,"[0, 1]"
504335,7528852,490,0,"[0, 1]"
504335,7528852,804,0,"[0, 1]"
504335,7528852,926,0,"[0, 1]"
504335,7528852,815,0,"[0, 1]"
504335,7528852,812,0,"[0, 1]"
504335,7528852,581,0,"[0, 1]"
504335,7528852,753,0,"[0, 1]"
504335,7528852,859,0,"[0, 1]"
504335,7528852,685,0,"[0, 1]"
504335,7528852,714,0,"[0, 1]"
504335,7528852,833,0,"[0, 1]"
504335,7528852,750,0,"[0, 1]"
504335,7528852,535,0,"[0, 1]"
504335,7528852,630,0,"[0, 1]"
504335,7528852,662,0,"[0, 1]"
504335,7528852,979,0,"[0, 1]"
504335,7528852,953,0,"[0, 1]"
504335,7528852,622,0,"[0, 1]"
504335,7528852,955,0,"[0, 1]"
504335,7528852,1845,0,"[0, 1]"
504335,7528852,1668,0,"[0, 1]"
504335,7528852,1480,0,"[0, 1]"
504335,7528852,1076,0,"[0, 1]"
504335,7528852,1630,0,"[0, 1]"
504335,7528852,1425,0,"[0, 1]"
504335,7528852,1886,0,"[0, 1]"
504335,7528852,1684,0,"[0, 1]"
504335,7528852,1766,0,"[0, 1]"
504335,7528852,1566,0,"[0, 1]"
504335,7528852,1772,0,"[0, 1]"
504335,7528852,1765,0,"[0, 1]"
504335,7528852,1046,0,"[0, 1]"
504335,7528852,1870,0,"[0, 1]"
504335,7528852,1829,0,"[0, 1]"
504335,7528852,1079,0,"[0, 1]"
504335,7528852,1080,0,"[0, 1]"
504335,7528852,1160,0,"[0, 1]"
504335,7528852,1993,0,"[0, 1]"
504335,7528852,1216,0,"[0, 1]"
504335,7528852,3761,0,"[0, 1]"
504335,7528852,4046,0,"[0, 1]"
504335,7528852,3014,0,"[0, 1]"
504335,7528852,3181,0,"[0, 1]"
504335,7528852,4070,0,"[0, 1]"
504335,7528852,3726,0,"[0, 1]"
504335,7528852,2149,0,"[0, 1]"
504335,7528852,2519,0,"[0, 1]"
504335,7528852,4058,0,"[0, 1]"
504335,7528852,2203,0,"[0, 1]"
504335,7528852,4033,0,"[0, 1]"
504335,7528852,2577,0,"[0, 1]"
504335,7528852,3250,0,"[0, 1]"
504335,7528852,4015,0,"[0, 1]"
504335,7528852,2613,0,"[0, 1]"
504335,7528852,2652,0,"[0, 1]"
504335,7528852,2460,0,"[0, 1]"
504335,7528852,2501,0,"[0, 1]"
504335,7528852,2601,0,"[0, 1]"
504335,7528852,2699,0,"[0, 1]"
504335,7528852,3440,0,"[0, 1]"
504335,7528852,3234,0,"[0, 1]"
504335,7528852,7230826,1,"[0, 1]"
504335,7528852,2429179,1,"[0, 1]"
504335,7528852,4951,0,"[0, 1]"
504335,7528852,7395044,1,"[0, 1]"
504335,7528852,4184,0,"[0, 1]"
504335,7528852,4118,0,"[0, 1]"
504335,7528852,7488681,1,"[0, 1]"
504335,7528852,7359307,1,"[0, 1]"
504335,7528852,7203676,1,"[0, 1]"
504335,7528852,7189043,1,"[0, 1]"
504335,7528852,7534191,1,"[0, 1]"
504335,7528852,7509051,1,"[0, 1]"
504335,7528852,262205,1,"[0, 1]"
504335,7528852,7630759,1,"[0, 1]"
504335,7528852,4488,0,"[0, 1]"
504335,7528852,7342150,1,"[0, 1]"
504335,7528852,7282732,1,"[0, 1]"
504335,7528852,3655235,1,"[0, 1]"
504335,7528852,7105842,1,"[0, 1]"
504335,7528852,7292947,1,"[0, 1]"
504335,7528852,7322168,1,"[0, 1]"
504335,7528852,7477789,1,"[0, 1]"
504335,7528852,7266960,1,"[0, 1]"
504335,7528852,7462294,1,"[0, 1]"
504335,7528854,7528854,1,"[1, 0]"
504335,7528854,4079,0,"[1, 0]"
504335,7528854,2039,0,"[1, 0]"
504335,7528854,1019,0,"[1, 0]"
504335,7528854,509,0,"[1, 0]"
504335,7528854,254,0,"[1, 0]"
504335,7528854,126,0,"[1, 0]"
504335,7528854,62,0,"[1, 0]"
504335,7528854,30,0,"[1, 0]"
504335,7528854,14,0,"[1, 0]"
504335,7528854,6,0,"[1, 0]"
504335,7528854,2,0,"[1, 0]"
504335,7528854,0,0,"[1, 0]"
504335,7528854,2,0,"[0, 1]"
504335,7528854,1,0,"[0, 1]"
504335,7528854,3,0,"[0, 1]"
504335,7528854,4,0,"[0, 1]"
504335,7528854,5,0,"[0, 1]"
504335,7528854,6,0,"[0, 1]"
504335,7528854,9,0,"[0, 1]"
504335,7528854,7,0,"[0, 1]"
504335,7528854,11,0,"[0, 1]"
504335,7528854,10,0,"[0, 1]"
504335,7528854,8,0,"[0, 1]"
504335,7528854,14,0,"[0, 1]"
504335,7528854,25,0,"[0, 1]"
504335,7528854,28,0,"[0, 1]"
504335,7528854,26,0,"[0, 1]"
504335,7528854,30,0,"[0, 1]"
504335,7528854,20,0,"[0, 1]"
504335,7528854,19,0,"[0, 1]"
504335,7528854,18,0,"[0, 1]"
504335,7528854,17,0,"[0, 1]"
504335,7528854,47,0,"[0, 1]"
504335,7528854,62,0,"[0, 1]"
504335,7528854,42,0,"[0, 1]"
504335,7528854,57,0,"[0, 1]"
504335,7528854,45,0,"[0, 1]"
504335,7528854,38,0,"[0, 1]"
504335,7528854,43,0,"[0, 1]"
504335,7528854,32,0,"[0, 1]"
504335,7528854,61,0,"[0, 1]"
504335,7528854,49,0,"[0, 1]"
504335,7528854,87,0,"[0, 1]"
504335,7528854,78,0,"[0, 1]"
504335,7528854,92,0,"[0, 1]"
504335,7528854,76,0,"[0, 1]"
504335,7528854,116,0,"[0, 1]"
504335,7528854,96,0,"[0, 1]"
504335,7528854,114,0,"[0, 1]"
504335,7528854,69,0,"[0, 1]"
504335,7528854,86,0,"[0, 1]"
504335,7528854,68,0,"[0, 1]"
504335,7528854,85,0,"[0, 1]"
504335,7528854,108,0,"[0, 1]"
504335,7528854,237,0,"[0, 1]"
504335,7528854,140,0,"[0, 1]"
504335,7528854,227,0,"[0, 1]"
504335,7528854,188,0,"[0, 1]"
504335,7528854,190,0,"[0, 1]"
504335,7528854,142,0,"[0, 1]"
504335,7528854,178,0,"[0, 1]"
504335,7528854,192,0,"[0, 1]"
504335,7528854,162,0,"[0, 1]"
504335,7528854,145,0,"[0, 1]"
504335,7528854,207,0,"[0, 1]"
504335,7528854,203,0,"[0, 1]"
504335,7528854,209,0,"[0, 1]"
504335,7528854,155,0,"[0, 1]"
504335,7528854,479,0,"[0, 1]"
504335,7528854,363,0,"[0, 1]"
504335,7528854,365,0,"[0, 1]"
504335,7528854,497,0,"[0, 1]"
504335,7528854,327,0,"[0, 1]"
504335,7528854,294,0,"[0, 1]"
504335,7528854,447,0,"[0, 1]"
504335,7528854,293,0,"[0, 1]"
504335,7528854,390,0,"[0, 1]"
504335,7528854,460,0,"[0, 1]"
504335,7528854,302,0,"[0, 1]"
504335,7528854,491,0,"[0, 1]"
504335,7528854,324,0,"[0, 1]"
504335,7528854,444,0,"[0, 1]"
504335,7528854,360,0,"[0, 1]"
504335,7528854,510,0,"[0, 1]"
504335,7528854,943,0,"[0, 1]"
504335,7528854,676,0,"[0, 1]"
504335,7528854,717,0,"[0, 1]"
504335,7528854,686,0,"[0, 1]"
504335,7528854,657,0,"[0, 1]"
504335,7528854,568,0,"[0, 1]"
504335,7528854,951,0,"[0, 1]"
504335,7528854,726,0,"[0, 1]"
504335,7528854,619,0,"[0, 1]"
504335,7528854,673,0,"[0, 1]"
504335,7528854,624,0,"[0, 1]"
504335,7528854,623,0,"[0, 1]"
504335,7528854,985,0,"[0, 1]"
504335,7528854,1004,0,"[0, 1]"
504335,7528854,885,0,"[0, 1]"
504335,7528854,792,0,"[0, 1]"
504335,7528854,915,0,"[0, 1]"
504335,7528854,984,0,"[0, 1]"
504335,7528854,1302,0,"[0, 1]"
504335,7528854,1453,0,"[0, 1]"
504335,7528854,1466,0,"[0, 1]"
504335,7528854,1242,0,"[0, 1]"
504335,7528854,1308,0,"[0, 1]"
504335,7528854,1553,0,"[0, 1]"
504335,7528854,1635,0,"[0, 1]"
504335,7528854,1178,0,"[0, 1]"
504335,7528854,1243,0,"[0, 1]"
504335,7528854,1343,0,"[0, 1]"
504335,7528854,1433,0,"[0, 1]"
504335,7528854,1803,0,"[0, 1]"
504335,7528854,1710,0,"[0, 1]"
504335,7528854,1712,0,"[0, 1]"
504335,7528854,1656,0,"[0, 1]"
504335,7528854,1677,0,"[0, 1]"
504335,7528854,1694,0,"[0, 1]"
504335,7528854,1630,0,"[0, 1]"
504335,7528854,1444,0,"[0, 1]"
504335,7528854,1975,0,"[0, 1]"
504335,7528854,3257,0,"[0, 1]"
504335,7528854,2378,0,"[0, 1]"
504335,7528854,2882,0,"[0, 1]"
504335,7528854,2167,0,"[0, 1]"
504335,7528854,2538,0,"[0, 1]"
504335,7528854,3597,0,"[0, 1]"
504335,7528854,3105,0,"[0, 1]"
504335,7528854,2667,0,"[0, 1]"
504335,7528854,2094,0,"[0, 1]"
504335,7528854,2964,0,"[0, 1]"
504335,7528854,2270,0,"[0, 1]"
504335,7528854,2323,0,"[0, 1]"
504335,7528854,3835,0,"[0, 1]"
504335,7528854,3459,0,"[0, 1]"
504335,7528854,2407,0,"[0, 1]"
504335,7528854,2981,0,"[0, 1]"
504335,7528854,4068,0,"[0, 1]"
504335,7528854,2493,0,"[0, 1]"
504335,7528854,2580,0,"[0, 1]"
504335,7528854,2592,0,"[0, 1]"
504335,7528854,3930,0,"[0, 1]"
504335,7528854,2552,0,"[0, 1]"
504335,7528854,7169951,1,"[0, 1]"
504335,7528854,7588841,1,"[0, 1]"
504335,7528854,4102,0,"[0, 1]"
504335,7528854,7236861,1,"[0, 1]"
504335,7528854,7148217,1,"[0, 1]"
504335,7528854,7589197,1,"[0, 1]"
504335,7528854,4688,0,"[0, 1]"
504335,7528854,4519,0,"[0, 1]"
504335,7528854,7560358,1,"[0, 1]"
504335,7528854,7442823,1,"[0, 1]"
504335,7528854,7250297,1,"[0, 1]"
504335,7528854,7199549,1,"[0, 1]"
504335,7528854,4939,0,"[0, 1]"
504335,7528854,4496,0,"[0, 1]"
504335,7528854,4607,0,"[0, 1]"
504335,7528854,7148643,1,"[0, 1]"
504335,7528854,7207793,1,"[0, 1]"
504335,7528854,7209295,1,"[0, 1]"
504335,7528854,7079658,1,"[0, 1]"
504335,7528854,7348638,1,"[0, 1]"
504335,7528854,7124139,1,"[0, 1]"
504335,7528854,7417933,1,"[0, 1]"
504335,7528854,4584,0,"[0, 1]"
504335,7528854,4940,0,"[0, 1]"
677460,7529087,7529087,1,"[1, 0]"
677460,7529087,3176,0,"[1, 0]"
677460,7529087,1587,0,"[1, 0]"
677460,7529087,793,0,"[1, 0]"
677460,7529087,396,0,"[1, 0]"
677460,7529087,197,0,"[1, 0]"
677460,7529087,98,0,"[1, 0]"
677460,7529087,48,0,"[1, 0]"
677460,7529087,23,0,"[1, 0]"
677460,7529087,11,0,"[1, 0]"
677460,7529087,5,0,"[1, 0]"
677460,7529087,2,0,"[1, 0]"
677460,7529087,0,0,"[1, 0]"
677460,7529087,1,0,"[0, 1]"
677460,7529087,2,0,"[0, 1]"
677460,7529087,5,0,"[0, 1]"
677460,7529087,4,0,"[0, 1]"
677460,7529087,3,0,"[0, 1]"
677460,7529087,6,0,"[0, 1]"
677460,7529087,13,0,"[0, 1]"
677460,7529087,9,0,"[0, 1]"
677460,7529087,10,0,"[0, 1]"
677460,7529087,8,0,"[0, 1]"
677460,7529087,14,0,"[0, 1]"
677460,7529087,12,0,"[0, 1]"
677460,7529087,18,0,"[0, 1]"
677460,7529087,24,0,"[0, 1]"
677460,7529087,26,0,"[0, 1]"
677460,7529087,29,0,"[0, 1]"
677460,7529087,25,0,"[0, 1]"
677460,7529087,20,0,"[0, 1]"
677460,7529087,23,0,"[0, 1]"
677460,7529087,21,0,"[0, 1]"
677460,7529087,39,0,"[0, 1]"
677460,7529087,47,0,"[0, 1]"
677460,7529087,48,0,"[0, 1]"
677460,7529087,57,0,"[0, 1]"
677460,7529087,42,0,"[0, 1]"
677460,7529087,51,0,"[0, 1]"
677460,7529087,40,0,"[0, 1]"
677460,7529087,56,0,"[0, 1]"
677460,7529087,46,0,"[0, 1]"
677460,7529087,43,0,"[0, 1]"
677460,7529087,102,0,"[0, 1]"
677460,7529087,88,0,"[0, 1]"
677460,7529087,91,0,"[0, 1]"
677460,7529087,106,0,"[0, 1]"
677460,7529087,122,0,"[0, 1]"
677460,7529087,76,0,"[0, 1]"
677460,7529087,101,0,"[0, 1]"
677460,7529087,103,0,"[0, 1]"
677460,7529087,94,0,"[0, 1]"
677460,7529087,104,0,"[0, 1]"
677460,7529087,84,0,"[0, 1]"
677460,7529087,82,0,"[0, 1]"
677460,7529087,144,0,"[0, 1]"
677460,7529087,253,0,"[0, 1]"
677460,7529087,162,0,"[0, 1]"
677460,7529087,177,0,"[0, 1]"
677460,7529087,236,0,"[0, 1]"
677460,7529087,208,0,"[0, 1]"
677460,7529087,233,0,"[0, 1]"
677460,7529087,182,0,"[0, 1]"
677460,7529087,169,0,"[0, 1]"
677460,7529087,166,0,"[0, 1]"
677460,7529087,178,0,"[0, 1]"
677460,7529087,164,0,"[0, 1]"
677460,7529087,188,0,"[0, 1]"
677460,7529087,241,0,"[0, 1]"
677460,7529087,486,0,"[0, 1]"
677460,7529087,292,0,"[0, 1]"
677460,7529087,457,0,"[0, 1]"
677460,7529087,455,0,"[0, 1]"
677460,7529087,360,0,"[0, 1]"
677460,7529087,396,0,"[0, 1]"
677460,7529087,333,0,"[0, 1]"
677460,7529087,406,0,"[0, 1]"
677460,7529087,311,0,"[0, 1]"
677460,7529087,408,0,"[0, 1]"
677460,7529087,326,0,"[0, 1]"
677460,7529087,407,0,"[0, 1]"
677460,7529087,341,0,"[0, 1]"
677460,7529087,403,0,"[0, 1]"
677460,7529087,308,0,"[0, 1]"
677460,7529087,415,0,"[0, 1]"
677460,7529087,640,0,"[0, 1]"
677460,7529087,608,0,"[0, 1]"
677460,7529087,948,0,"[0, 1]"
677460,7529087,794,0,"[0, 1]"
677460,7529087,846,0,"[0, 1]"
677460,7529087,579,0,"[0, 1]"
677460,7529087,829,0,"[0, 1]"
677460,7529087,540,0,"[0, 1]"
677460,7529087,1018,0,"[0, 1]"
677460,7529087,987,0,"[0, 1]"
677460,7529087,830,0,"[0, 1]"
677460,7529087,537,0,"[0, 1]"
677460,7529087,553,0,"[0, 1]"
677460,7529087,847,0,"[0, 1]"
677460,7529087,867,0,"[0, 1]"
677460,7529087,632,0,"[0, 1]"
677460,7529087,773,0,"[0, 1]"
677460,7529087,897,0,"[0, 1]"
677460,7529087,1305,0,"[0, 1]"
677460,7529087,1601,0,"[0, 1]"
677460,7529087,1442,0,"[0, 1]"
677460,7529087,2012,0,"[0, 1]"
677460,7529087,1029,0,"[0, 1]"
677460,7529087,1723,0,"[0, 1]"
677460,7529087,1717,0,"[0, 1]"
677460,7529087,1461,0,"[0, 1]"
677460,7529087,1879,0,"[0, 1]"
677460,7529087,1727,0,"[0, 1]"
677460,7529087,1499,0,"[0, 1]"
677460,7529087,1802,0,"[0, 1]"
677460,7529087,1081,0,"[0, 1]"
677460,7529087,1243,0,"[0, 1]"
677460,7529087,1129,0,"[0, 1]"
677460,7529087,1672,0,"[0, 1]"
677460,7529087,1998,0,"[0, 1]"
677460,7529087,1025,0,"[0, 1]"
677460,7529087,1210,0,"[0, 1]"
677460,7529087,1936,0,"[0, 1]"
677460,7529087,4080,0,"[0, 1]"
677460,7529087,3352,0,"[0, 1]"
677460,7529087,2659,0,"[0, 1]"
677460,7529087,3760,0,"[0, 1]"
677460,7529087,3310,0,"[0, 1]"
677460,7529087,2205,0,"[0, 1]"
677460,7529087,2080,0,"[0, 1]"
677460,7529087,2367,0,"[0, 1]"
677460,7529087,3754,0,"[0, 1]"
677460,7529087,3513,0,"[0, 1]"
677460,7529087,2869,0,"[0, 1]"
677460,7529087,2537,0,"[0, 1]"
677460,7529087,2998,0,"[0, 1]"
677460,7529087,3533,0,"[0, 1]"
677460,7529087,2562,0,"[0, 1]"
677460,7529087,4026,0,"[0, 1]"
677460,7529087,3006,0,"[0, 1]"
677460,7529087,2634,0,"[0, 1]"
677460,7529087,3522,0,"[0, 1]"
677460,7529087,2599,0,"[0, 1]"
677460,7529087,3636,0,"[0, 1]"
677460,7529087,2189,0,"[0, 1]"
677460,7529087,7135151,1,"[0, 1]"
677460,7529087,2098508,1,"[0, 1]"
677460,7529087,126823,1,"[0, 1]"
677460,7529087,7344405,1,"[0, 1]"
677460,7529087,4256,0,"[0, 1]"
677460,7529087,7138875,1,"[0, 1]"
677460,7529087,7164384,1,"[0, 1]"
677460,7529087,2882157,1,"[0, 1]"
677460,7529087,7119316,1,"[0, 1]"
677460,7529087,7519784,1,"[0, 1]"
677460,7529087,7416852,1,"[0, 1]"
677460,7529087,7275185,1,"[0, 1]"
677460,7529087,4143,0,"[0, 1]"
677460,7529087,4691,0,"[0, 1]"
677460,7529087,7097570,1,"[0, 1]"
677460,7529087,7206355,1,"[0, 1]"
677460,7529087,4158,0,"[0, 1]"
677460,7529087,7533374,1,"[0, 1]"
677460,7529087,4854,0,"[0, 1]"
677460,7529087,4232,0,"[0, 1]"
677460,7529087,7083329,1,"[0, 1]"
677460,7529087,7197436,1,"[0, 1]"
677460,7529087,7424087,1,"[0, 1]"
677460,7529087,7255058,1,"[0, 1]"
509730,7529540,7529540,1,"[1, 0]"
509730,7529540,2570,0,"[1, 0]"
509730,7529540,1284,0,"[1, 0]"
509730,7529540,641,0,"[1, 0]"
509730,7529540,320,0,"[1, 0]"
509730,7529540,159,0,"[1, 0]"
509730,7529540,79,0,"[1, 0]"
509730,7529540,39,0,"[1, 0]"
509730,7529540,19,0,"[1, 0]"
509730,7529540,9,0,"[1, 0]"
509730,7529540,4,0,"[1, 0]"
509730,7529540,1,0,"[1, 0]"
509730,7529540,0,0,"[1, 0]"
509730,7529540,1,0,"[0, 1]"
509730,7529540,2,0,"[0, 1]"
509730,7529540,4,0,"[0, 1]"
509730,7529540,6,0,"[0, 1]"
509730,7529540,5,0,"[0, 1]"
509730,7529540,3,0,"[0, 1]"
509730,7529540,9,0,"[0, 1]"
509730,7529540,14,0,"[0, 1]"
509730,7529540,7,0,"[0, 1]"
509730,7529540,8,0,"[0, 1]"
509730,7529540,10,0,"[0, 1]"
509730,7529540,11,0,"[0, 1]"
509730,7529540,30,0,"[0, 1]"
509730,7529540,16,0,"[0, 1]"
509730,7529540,23,0,"[0, 1]"
509730,7529540,22,0,"[0, 1]"
509730,7529540,25,0,"[0, 1]"
509730,7529540,28,0,"[0, 1]"
509730,7529540,19,0,"[0, 1]"
509730,7529540,15,0,"[0, 1]"
509730,7529540,58,0,"[0, 1]"
509730,7529540,38,0,"[0, 1]"
509730,7529540,54,0,"[0, 1]"
509730,7529540,47,0,"[0, 1]"
509730,7529540,36,0,"[0, 1]"
509730,7529540,52,0,"[0, 1]"
509730,7529540,34,0,"[0, 1]"
509730,7529540,48,0,"[0, 1]"
509730,7529540,53,0,"[0, 1]"
509730,7529540,49,0,"[0, 1]"
509730,7529540,126,0,"[0, 1]"
509730,7529540,105,0,"[0, 1]"
509730,7529540,86,0,"[0, 1]"
509730,7529540,101,0,"[0, 1]"
509730,7529540,77,0,"[0, 1]"
509730,7529540,89,0,"[0, 1]"
509730,7529540,118,0,"[0, 1]"
509730,7529540,113,0,"[0, 1]"
509730,7529540,81,0,"[0, 1]"
509730,7529540,87,0,"[0, 1]"
509730,7529540,112,0,"[0, 1]"
509730,7529540,103,0,"[0, 1]"
509730,7529540,146,0,"[0, 1]"
509730,7529540,214,0,"[0, 1]"
509730,7529540,183,0,"[0, 1]"
509730,7529540,130,0,"[0, 1]"
509730,7529540,188,0,"[0, 1]"
509730,7529540,144,0,"[0, 1]"
509730,7529540,241,0,"[0, 1]"
509730,7529540,191,0,"[0, 1]"
509730,7529540,152,0,"[0, 1]"
509730,7529540,147,0,"[0, 1]"
509730,7529540,160,0,"[0, 1]"
509730,7529540,198,0,"[0, 1]"
509730,7529540,132,0,"[0, 1]"
509730,7529540,173,0,"[0, 1]"
509730,7529540,300,0,"[0, 1]"
509730,7529540,264,0,"[0, 1]"
509730,7529540,332,0,"[0, 1]"
509730,7529540,510,0,"[0, 1]"
509730,7529540,500,0,"[0, 1]"
509730,7529540,409,0,"[0, 1]"
509730,7529540,263,0,"[0, 1]"
509730,7529540,277,0,"[0, 1]"
509730,7529540,421,0,"[0, 1]"
509730,7529540,269,0,"[0, 1]"
509730,7529540,310,0,"[0, 1]"
509730,7529540,370,0,"[0, 1]"
509730,7529540,297,0,"[0, 1]"
509730,7529540,356,0,"[0, 1]"
509730,7529540,369,0,"[0, 1]"
509730,7529540,479,0,"[0, 1]"
509730,7529540,714,0,"[0, 1]"
509730,7529540,673,0,"[0, 1]"
509730,7529540,676,0,"[0, 1]"
509730,7529540,1021,0,"[0, 1]"
509730,7529540,657,0,"[0, 1]"
509730,7529540,762,0,"[0, 1]"
509730,7529540,878,0,"[0, 1]"
509730,7529540,818,0,"[0, 1]"
509730,7529540,647,0,"[0, 1]"
509730,7529540,734,0,"[0, 1]"
509730,7529540,529,0,"[0, 1]"
509730,7529540,877,0,"[0, 1]"
509730,7529540,691,0,"[0, 1]"
509730,7529540,856,0,"[0, 1]"
509730,7529540,780,0,"[0, 1]"
509730,7529540,639,0,"[0, 1]"
509730,7529540,820,0,"[0, 1]"
509730,7529540,946,0,"[0, 1]"
509730,7529540,1409,0,"[0, 1]"
509730,7529540,1438,0,"[0, 1]"
509730,7529540,1028,0,"[0, 1]"
509730,7529540,1891,0,"[0, 1]"
509730,7529540,2038,0,"[0, 1]"
509730,7529540,1629,0,"[0, 1]"
509730,7529540,1424,0,"[0, 1]"
509730,7529540,1187,0,"[0, 1]"
509730,7529540,1580,0,"[0, 1]"
509730,7529540,1803,0,"[0, 1]"
509730,7529540,2016,0,"[0, 1]"
509730,7529540,1479,0,"[0, 1]"
509730,7529540,1277,0,"[0, 1]"
509730,7529540,1381,0,"[0, 1]"
509730,7529540,1077,0,"[0, 1]"
509730,7529540,1983,0,"[0, 1]"
509730,7529540,1303,0,"[0, 1]"
509730,7529540,1925,0,"[0, 1]"
509730,7529540,1783,0,"[0, 1]"
509730,7529540,1056,0,"[0, 1]"
509730,7529540,2665,0,"[0, 1]"
509730,7529540,3803,0,"[0, 1]"
509730,7529540,3709,0,"[0, 1]"
509730,7529540,3158,0,"[0, 1]"
509730,7529540,2720,0,"[0, 1]"
509730,7529540,2399,0,"[0, 1]"
509730,7529540,3080,0,"[0, 1]"
509730,7529540,2708,0,"[0, 1]"
509730,7529540,3847,0,"[0, 1]"
509730,7529540,2543,0,"[0, 1]"
509730,7529540,3792,0,"[0, 1]"
509730,7529540,2571,0,"[0, 1]"
509730,7529540,4090,0,"[0, 1]"
509730,7529540,2182,0,"[0, 1]"
509730,7529540,2136,0,"[0, 1]"
509730,7529540,4007,0,"[0, 1]"
509730,7529540,2506,0,"[0, 1]"
509730,7529540,2846,0,"[0, 1]"
509730,7529540,3820,0,"[0, 1]"
509730,7529540,2124,0,"[0, 1]"
509730,7529540,2701,0,"[0, 1]"
509730,7529540,3099,0,"[0, 1]"
509730,7529540,4131,0,"[0, 1]"
509730,7529540,6877477,1,"[0, 1]"
509730,7529540,7194328,1,"[0, 1]"
509730,7529540,4862,0,"[0, 1]"
509730,7529540,7430131,1,"[0, 1]"
509730,7529540,4584,0,"[0, 1]"
509730,7529540,3132683,1,"[0, 1]"
509730,7529540,4152,0,"[0, 1]"
509730,7529540,7578238,1,"[0, 1]"
509730,7529540,7083545,1,"[0, 1]"
509730,7529540,7275685,1,"[0, 1]"
509730,7529540,7155192,1,"[0, 1]"
509730,7529540,7621202,1,"[0, 1]"
509730,7529540,7433106,1,"[0, 1]"
509730,7529540,7345262,1,"[0, 1]"
509730,7529540,7534438,1,"[0, 1]"
509730,7529540,7070877,1,"[0, 1]"
509730,7529540,4481,0,"[0, 1]"
509730,7529540,7133662,1,"[0, 1]"
509730,7529540,1263638,1,"[0, 1]"
509730,7529540,7592553,1,"[0, 1]"
509730,7529540,4693,0,"[0, 1]"
509730,7529540,7629288,1,"[0, 1]"
509730,7529540,7105252,1,"[0, 1]"
115365,7529565,7529565,1,"[1, 0]"
115365,7529565,2406,0,"[1, 0]"
115365,7529565,1202,0,"[1, 0]"
115365,7529565,600,0,"[1, 0]"
115365,7529565,299,0,"[1, 0]"
115365,7529565,149,0,"[1, 0]"
115365,7529565,74,0,"[1, 0]"
115365,7529565,36,0,"[1, 0]"
115365,7529565,17,0,"[1, 0]"
115365,7529565,8,0,"[1, 0]"
115365,7529565,3,0,"[1, 0]"
115365,7529565,1,0,"[1, 0]"
115365,7529565,0,0,"[1, 0]"
115365,7529565,1,0,"[0, 1]"
115365,7529565,2,0,"[0, 1]"
115365,7529565,5,0,"[0, 1]"
115365,7529565,6,0,"[0, 1]"
115365,7529565,4,0,"[0, 1]"
115365,7529565,3,0,"[0, 1]"
115365,7529565,13,0,"[0, 1]"
115365,7529565,12,0,"[0, 1]"
115365,7529565,14,0,"[0, 1]"
115365,7529565,8,0,"[0, 1]"
115365,7529565,10,0,"[0, 1]"
115365,7529565,11,0,"[0, 1]"
115365,7529565,17,0,"[0, 1]"
115365,7529565,23,0,"[0, 1]"
115365,7529565,24,0,"[0, 1]"
115365,7529565,16,0,"[0, 1]"
115365,7529565,26,0,"[0, 1]"
115365,7529565,27,0,"[0, 1]"
115365,7529565,19,0,"[0, 1]"
115365,7529565,20,0,"[0, 1]"
115365,7529565,40,0,"[0, 1]"
115365,7529565,51,0,"[0, 1]"
115365,7529565,52,0,"[0, 1]"
115365,7529565,57,0,"[0, 1]"
115365,7529565,55,0,"[0, 1]"
115365,7529565,60,0,"[0, 1]"
115365,7529565,48,0,"[0, 1]"
115365,7529565,36,0,"[0, 1]"
115365,7529565,53,0,"[0, 1]"
115365,7529565,59,0,"[0, 1]"
115365,7529565,94,0,"[0, 1]"
115365,7529565,75,0,"[0, 1]"
115365,7529565,117,0,"[0, 1]"
115365,7529565,88,0,"[0, 1]"
115365,7529565,122,0,"[0, 1]"
115365,7529565,91,0,"[0, 1]"
115365,7529565,118,0,"[0, 1]"
115365,7529565,100,0,"[0, 1]"
115365,7529565,119,0,"[0, 1]"
115365,7529565,68,0,"[0, 1]"
115365,7529565,108,0,"[0, 1]"
115365,7529565,126,0,"[0, 1]"
115365,7529565,188,0,"[0, 1]"
115365,7529565,141,0,"[0, 1]"
115365,7529565,190,0,"[0, 1]"
115365,7529565,202,0,"[0, 1]"
115365,7529565,130,0,"[0, 1]"
115365,7529565,134,0,"[0, 1]"
115365,7529565,137,0,"[0, 1]"
115365,7529565,159,0,"[0, 1]"
115365,7529565,176,0,"[0, 1]"
115365,7529565,135,0,"[0, 1]"
115365,7529565,249,0,"[0, 1]"
115365,7529565,235,0,"[0, 1]"
115365,7529565,220,0,"[0, 1]"
115365,7529565,226,0,"[0, 1]"
115365,7529565,358,0,"[0, 1]"
115365,7529565,312,0,"[0, 1]"
115365,7529565,473,0,"[0, 1]"
115365,7529565,288,0,"[0, 1]"
115365,7529565,397,0,"[0, 1]"
115365,7529565,340,0,"[0, 1]"
115365,7529565,482,0,"[0, 1]"
115365,7529565,388,0,"[0, 1]"
115365,7529565,302,0,"[0, 1]"
115365,7529565,309,0,"[0, 1]"
115365,7529565,423,0,"[0, 1]"
115365,7529565,494,0,"[0, 1]"
115365,7529565,347,0,"[0, 1]"
115365,7529565,286,0,"[0, 1]"
115365,7529565,267,0,"[0, 1]"
115365,7529565,272,0,"[0, 1]"
115365,7529565,727,0,"[0, 1]"
115365,7529565,768,0,"[0, 1]"
115365,7529565,659,0,"[0, 1]"
115365,7529565,831,0,"[0, 1]"
115365,7529565,626,0,"[0, 1]"
115365,7529565,526,0,"[0, 1]"
115365,7529565,817,0,"[0, 1]"
115365,7529565,860,0,"[0, 1]"
115365,7529565,632,0,"[0, 1]"
115365,7529565,1012,0,"[0, 1]"
115365,7529565,887,0,"[0, 1]"
115365,7529565,842,0,"[0, 1]"
115365,7529565,645,0,"[0, 1]"
115365,7529565,856,0,"[0, 1]"
115365,7529565,958,0,"[0, 1]"
115365,7529565,895,0,"[0, 1]"
115365,7529565,985,0,"[0, 1]"
115365,7529565,1018,0,"[0, 1]"
115365,7529565,1111,0,"[0, 1]"
115365,7529565,1693,0,"[0, 1]"
115365,7529565,1336,0,"[0, 1]"
115365,7529565,1783,0,"[0, 1]"
115365,7529565,1797,0,"[0, 1]"
115365,7529565,1073,0,"[0, 1]"
115365,7529565,1414,0,"[0, 1]"
115365,7529565,1091,0,"[0, 1]"
115365,7529565,1041,0,"[0, 1]"
115365,7529565,1300,0,"[0, 1]"
115365,7529565,1921,0,"[0, 1]"
115365,7529565,1601,0,"[0, 1]"
115365,7529565,1369,0,"[0, 1]"
115365,7529565,1535,0,"[0, 1]"
115365,7529565,1093,0,"[0, 1]"
115365,7529565,1373,0,"[0, 1]"
115365,7529565,1285,0,"[0, 1]"
115365,7529565,1424,0,"[0, 1]"
115365,7529565,1810,0,"[0, 1]"
115365,7529565,1158,0,"[0, 1]"
115365,7529565,2566,0,"[0, 1]"
115365,7529565,2852,0,"[0, 1]"
115365,7529565,2592,0,"[0, 1]"
115365,7529565,2682,0,"[0, 1]"
115365,7529565,2058,0,"[0, 1]"
115365,7529565,3643,0,"[0, 1]"
115365,7529565,2519,0,"[0, 1]"
115365,7529565,3633,0,"[0, 1]"
115365,7529565,3688,0,"[0, 1]"
115365,7529565,2927,0,"[0, 1]"
115365,7529565,3059,0,"[0, 1]"
115365,7529565,3635,0,"[0, 1]"
115365,7529565,4078,0,"[0, 1]"
115365,7529565,2111,0,"[0, 1]"
115365,7529565,3326,0,"[0, 1]"
115365,7529565,3308,0,"[0, 1]"
115365,7529565,4076,0,"[0, 1]"
115365,7529565,3852,0,"[0, 1]"
115365,7529565,3671,0,"[0, 1]"
115365,7529565,4070,0,"[0, 1]"
115365,7529565,3948,0,"[0, 1]"
115365,7529565,2416,0,"[0, 1]"
115365,7529565,4836,0,"[0, 1]"
115365,7529565,7420248,1,"[0, 1]"
115365,7529565,7354370,1,"[0, 1]"
115365,7529565,7434446,1,"[0, 1]"
115365,7529565,7431817,1,"[0, 1]"
115365,7529565,7559988,1,"[0, 1]"
115365,7529565,7528586,1,"[0, 1]"
115365,7529565,7544224,1,"[0, 1]"
115365,7529565,6552452,1,"[0, 1]"
115365,7529565,7551972,1,"[0, 1]"
115365,7529565,4671299,1,"[0, 1]"
115365,7529565,4422,0,"[0, 1]"
115365,7529565,4540,0,"[0, 1]"
115365,7529565,7268282,1,"[0, 1]"
115365,7529565,7434035,1,"[0, 1]"
115365,7529565,7194329,1,"[0, 1]"
115365,7529565,7387480,1,"[0, 1]"
115365,7529565,7600724,1,"[0, 1]"
115365,7529565,4915,0,"[0, 1]"
115365,7529565,4940,0,"[0, 1]"
115365,7529565,1142797,1,"[0, 1]"
115365,7529565,1500751,1,"[0, 1]"
115365,7529565,7241951,1,"[0, 1]"
115365,7529565,7111590,1,"[0, 1]"
418926,7529727,7529727,1,"[1, 0]"
418926,7529727,3468,0,"[1, 0]"
418926,7529727,1733,0,"[1, 0]"
418926,7529727,866,0,"[1, 0]"
418926,7529727,432,0,"[1, 0]"
418926,7529727,215,0,"[1, 0]"
418926,7529727,107,0,"[1, 0]"
418926,7529727,53,0,"[1, 0]"
418926,7529727,26,0,"[1, 0]"
418926,7529727,12,0,"[1, 0]"
418926,7529727,5,0,"[1, 0]"
418926,7529727,2,0,"[1, 0]"
418926,7529727,0,0,"[1, 0]"
418926,7529727,1,0,"[0, 1]"
418926,7529727,2,0,"[0, 1]"
418926,7529727,4,0,"[0, 1]"
418926,7529727,6,0,"[0, 1]"
418926,7529727,5,0,"[0, 1]"
418926,7529727,3,0,"[0, 1]"
418926,7529727,10,0,"[0, 1]"
418926,7529727,12,0,"[0, 1]"
418926,7529727,9,0,"[0, 1]"
418926,7529727,14,0,"[0, 1]"
418926,7529727,7,0,"[0, 1]"
418926,7529727,8,0,"[0, 1]"
418926,7529727,17,0,"[0, 1]"
418926,7529727,19,0,"[0, 1]"
418926,7529727,24,0,"[0, 1]"
418926,7529727,26,0,"[0, 1]"
418926,7529727,21,0,"[0, 1]"
418926,7529727,27,0,"[0, 1]"
418926,7529727,15,0,"[0, 1]"
418926,7529727,20,0,"[0, 1]"
418926,7529727,51,0,"[0, 1]"
418926,7529727,44,0,"[0, 1]"
418926,7529727,62,0,"[0, 1]"
418926,7529727,54,0,"[0, 1]"
418926,7529727,58,0,"[0, 1]"
418926,7529727,48,0,"[0, 1]"
418926,7529727,55,0,"[0, 1]"
418926,7529727,42,0,"[0, 1]"
418926,7529727,39,0,"[0, 1]"
418926,7529727,53,0,"[0, 1]"
418926,7529727,78,0,"[0, 1]"
418926,7529727,73,0,"[0, 1]"
418926,7529727,85,0,"[0, 1]"
418926,7529727,89,0,"[0, 1]"
418926,7529727,126,0,"[0, 1]"
418926,7529727,122,0,"[0, 1]"
418926,7529727,110,0,"[0, 1]"
418926,7529727,74,0,"[0, 1]"
418926,7529727,68,0,"[0, 1]"
418926,7529727,63,0,"[0, 1]"
418926,7529727,92,0,"[0, 1]"
418926,7529727,75,0,"[0, 1]"
418926,7529727,176,0,"[0, 1]"
418926,7529727,152,0,"[0, 1]"
418926,7529727,168,0,"[0, 1]"
418926,7529727,246,0,"[0, 1]"
418926,7529727,229,0,"[0, 1]"
418926,7529727,196,0,"[0, 1]"
418926,7529727,195,0,"[0, 1]"
418926,7529727,189,0,"[0, 1]"
418926,7529727,230,0,"[0, 1]"
418926,7529727,218,0,"[0, 1]"
418926,7529727,145,0,"[0, 1]"
418926,7529727,129,0,"[0, 1]"
418926,7529727,203,0,"[0, 1]"
418926,7529727,184,0,"[0, 1]"
418926,7529727,401,0,"[0, 1]"
418926,7529727,444,0,"[0, 1]"
418926,7529727,429,0,"[0, 1]"
418926,7529727,436,0,"[0, 1]"
418926,7529727,380,0,"[0, 1]"
418926,7529727,509,0,"[0, 1]"
418926,7529727,274,0,"[0, 1]"
418926,7529727,440,0,"[0, 1]"
418926,7529727,500,0,"[0, 1]"
418926,7529727,367,0,"[0, 1]"
418926,7529727,288,0,"[0, 1]"
418926,7529727,418,0,"[0, 1]"
418926,7529727,301,0,"[0, 1]"
418926,7529727,359,0,"[0, 1]"
418926,7529727,453,0,"[0, 1]"
418926,7529727,476,0,"[0, 1]"
418926,7529727,597,0,"[0, 1]"
418926,7529727,570,0,"[0, 1]"
418926,7529727,973,0,"[0, 1]"
418926,7529727,921,0,"[0, 1]"
418926,7529727,665,0,"[0, 1]"
418926,7529727,808,0,"[0, 1]"
418926,7529727,762,0,"[0, 1]"
418926,7529727,861,0,"[0, 1]"
418926,7529727,711,0,"[0, 1]"
418926,7529727,750,0,"[0, 1]"
418926,7529727,608,0,"[0, 1]"
418926,7529727,563,0,"[0, 1]"
418926,7529727,920,0,"[0, 1]"
418926,7529727,817,0,"[0, 1]"
418926,7529727,552,0,"[0, 1]"
418926,7529727,880,0,"[0, 1]"
418926,7529727,845,0,"[0, 1]"
418926,7529727,619,0,"[0, 1]"
418926,7529727,1049,0,"[0, 1]"
418926,7529727,1662,0,"[0, 1]"
418926,7529727,1156,0,"[0, 1]"
418926,7529727,1644,0,"[0, 1]"
418926,7529727,1526,0,"[0, 1]"
418926,7529727,1468,0,"[0, 1]"
418926,7529727,1353,0,"[0, 1]"
418926,7529727,1244,0,"[0, 1]"
418926,7529727,1494,0,"[0, 1]"
418926,7529727,1174,0,"[0, 1]"
418926,7529727,1914,0,"[0, 1]"
418926,7529727,1135,0,"[0, 1]"
418926,7529727,1038,0,"[0, 1]"
418926,7529727,1824,0,"[0, 1]"
418926,7529727,1960,0,"[0, 1]"
418926,7529727,1427,0,"[0, 1]"
418926,7529727,1159,0,"[0, 1]"
418926,7529727,1692,0,"[0, 1]"
418926,7529727,1161,0,"[0, 1]"
418926,7529727,1064,0,"[0, 1]"
418926,7529727,4024,0,"[0, 1]"
418926,7529727,2093,0,"[0, 1]"
418926,7529727,2186,0,"[0, 1]"
418926,7529727,4079,0,"[0, 1]"
418926,7529727,2671,0,"[0, 1]"
418926,7529727,3358,0,"[0, 1]"
418926,7529727,3744,0,"[0, 1]"
418926,7529727,3409,0,"[0, 1]"
418926,7529727,2365,0,"[0, 1]"
418926,7529727,3672,0,"[0, 1]"
418926,7529727,2789,0,"[0, 1]"
418926,7529727,3530,0,"[0, 1]"
418926,7529727,3684,0,"[0, 1]"
418926,7529727,2648,0,"[0, 1]"
418926,7529727,3695,0,"[0, 1]"
418926,7529727,3576,0,"[0, 1]"
418926,7529727,3036,0,"[0, 1]"
418926,7529727,3925,0,"[0, 1]"
418926,7529727,3526,0,"[0, 1]"
418926,7529727,3208,0,"[0, 1]"
418926,7529727,2984,0,"[0, 1]"
418926,7529727,3459,0,"[0, 1]"
418926,7529727,4194,0,"[0, 1]"
418926,7529727,7557173,1,"[0, 1]"
418926,7529727,4517,0,"[0, 1]"
418926,7529727,6689409,1,"[0, 1]"
418926,7529727,7350402,1,"[0, 1]"
418926,7529727,7290412,1,"[0, 1]"
418926,7529727,1837320,1,"[0, 1]"
418926,7529727,7461658,1,"[0, 1]"
418926,7529727,4544,0,"[0, 1]"
418926,7529727,7453182,1,"[0, 1]"
418926,7529727,7098857,1,"[0, 1]"
418926,7529727,7575256,1,"[0, 1]"
418926,7529727,7430864,1,"[0, 1]"
418926,7529727,1091351,1,"[0, 1]"
418926,7529727,7269564,1,"[0, 1]"
418926,7529727,7416282,1,"[0, 1]"
418926,7529727,7287868,1,"[0, 1]"
418926,7529727,7198959,1,"[0, 1]"
418926,7529727,7583723,1,"[0, 1]"
418926,7529727,7487828,1,"[0, 1]"
418926,7529727,7114739,1,"[0, 1]"
418926,7529727,7197777,1,"[0, 1]"
418926,7529727,7629481,1,"[0, 1]"
418926,7529727,7590272,1,"[0, 1]"
585743,7529804,7529804,1,"[1, 0]"
585743,7529804,4952,0,"[1, 0]"
585743,7529804,3991,0,"[1, 0]"
585743,7529804,1995,0,"[1, 0]"
585743,7529804,997,0,"[1, 0]"
585743,7529804,498,0,"[1, 0]"
585743,7529804,248,0,"[1, 0]"
585743,7529804,123,0,"[1, 0]"
585743,7529804,61,0,"[1, 0]"
585743,7529804,30,0,"[1, 0]"
585743,7529804,14,0,"[1, 0]"
585743,7529804,6,0,"[1, 0]"
585743,7529804,2,0,"[1, 0]"
585743,7529804,0,0,"[1, 0]"
585743,7529804,2,0,"[0, 1]"
585743,7529804,1,0,"[0, 1]"
585743,7529804,6,0,"[0, 1]"
585743,7529804,4,0,"[0, 1]"
585743,7529804,5,0,"[0, 1]"
585743,7529804,3,0,"[0, 1]"
585743,7529804,12,0,"[0, 1]"
585743,7529804,9,0,"[0, 1]"
585743,7529804,8,0,"[0, 1]"
585743,7529804,14,0,"[0, 1]"
585743,7529804,11,0,"[0, 1]"
585743,7529804,7,0,"[0, 1]"
585743,7529804,26,0,"[0, 1]"
585743,7529804,25,0,"[0, 1]"
585743,7529804,17,0,"[0, 1]"
585743,7529804,19,0,"[0, 1]"
585743,7529804,30,0,"[0, 1]"
585743,7529804,27,0,"[0, 1]"
585743,7529804,16,0,"[0, 1]"
585743,7529804,22,0,"[0, 1]"
585743,7529804,56,0,"[0, 1]"
585743,7529804,62,0,"[0, 1]"
585743,7529804,51,0,"[0, 1]"
585743,7529804,61,0,"[0, 1]"
585743,7529804,52,0,"[0, 1]"
585743,7529804,57,0,"[0, 1]"
585743,7529804,38,0,"[0, 1]"
585743,7529804,43,0,"[0, 1]"
585743,7529804,60,0,"[0, 1]"
585743,7529804,47,0,"[0, 1]"
585743,7529804,102,0,"[0, 1]"
585743,7529804,74,0,"[0, 1]"
585743,7529804,125,0,"[0, 1]"
585743,7529804,115,0,"[0, 1]"
585743,7529804,73,0,"[0, 1]"
585743,7529804,75,0,"[0, 1]"
585743,7529804,114,0,"[0, 1]"
585743,7529804,67,0,"[0, 1]"
585743,7529804,100,0,"[0, 1]"
585743,7529804,109,0,"[0, 1]"
585743,7529804,84,0,"[0, 1]"
585743,7529804,81,0,"[0, 1]"
585743,7529804,204,0,"[0, 1]"
585743,7529804,130,0,"[0, 1]"
585743,7529804,168,0,"[0, 1]"
585743,7529804,236,0,"[0, 1]"
585743,7529804,189,0,"[0, 1]"
585743,7529804,177,0,"[0, 1]"
585743,7529804,222,0,"[0, 1]"
585743,7529804,244,0,"[0, 1]"
585743,7529804,142,0,"[0, 1]"
585743,7529804,131,0,"[0, 1]"
585743,7529804,139,0,"[0, 1]"
585743,7529804,162,0,"[0, 1]"
585743,7529804,201,0,"[0, 1]"
585743,7529804,225,0,"[0, 1]"
585743,7529804,301,0,"[0, 1]"
585743,7529804,294,0,"[0, 1]"
585743,7529804,277,0,"[0, 1]"
585743,7529804,332,0,"[0, 1]"
585743,7529804,318,0,"[0, 1]"
585743,7529804,484,0,"[0, 1]"
585743,7529804,379,0,"[0, 1]"
585743,7529804,508,0,"[0, 1]"
585743,7529804,286,0,"[0, 1]"
585743,7529804,330,0,"[0, 1]"
585743,7529804,445,0,"[0, 1]"
585743,7529804,469,0,"[0, 1]"
585743,7529804,288,0,"[0, 1]"
585743,7529804,305,0,"[0, 1]"
585743,7529804,336,0,"[0, 1]"
585743,7529804,472,0,"[0, 1]"
585743,7529804,593,0,"[0, 1]"
585743,7529804,843,0,"[0, 1]"
585743,7529804,658,0,"[0, 1]"
585743,7529804,968,0,"[0, 1]"
585743,7529804,903,0,"[0, 1]"
585743,7529804,560,0,"[0, 1]"
585743,7529804,912,0,"[0, 1]"
585743,7529804,698,0,"[0, 1]"
585743,7529804,798,0,"[0, 1]"
585743,7529804,900,0,"[0, 1]"
585743,7529804,1021,0,"[0, 1]"
585743,7529804,866,0,"[0, 1]"
585743,7529804,548,0,"[0, 1]"
585743,7529804,799,0,"[0, 1]"
585743,7529804,889,0,"[0, 1]"
585743,7529804,730,0,"[0, 1]"
585743,7529804,812,0,"[0, 1]"
585743,7529804,725,0,"[0, 1]"
585743,7529804,1387,0,"[0, 1]"
585743,7529804,1742,0,"[0, 1]"
585743,7529804,1707,0,"[0, 1]"
585743,7529804,1722,0,"[0, 1]"
585743,7529804,1229,0,"[0, 1]"
585743,7529804,1424,0,"[0, 1]"
585743,7529804,1324,0,"[0, 1]"
585743,7529804,1188,0,"[0, 1]"
585743,7529804,1602,0,"[0, 1]"
585743,7529804,1681,0,"[0, 1]"
585743,7529804,1300,0,"[0, 1]"
585743,7529804,1482,0,"[0, 1]"
585743,7529804,2016,0,"[0, 1]"
585743,7529804,1971,0,"[0, 1]"
585743,7529804,1157,0,"[0, 1]"
585743,7529804,1913,0,"[0, 1]"
585743,7529804,1139,0,"[0, 1]"
585743,7529804,1147,0,"[0, 1]"
585743,7529804,1259,0,"[0, 1]"
585743,7529804,2004,0,"[0, 1]"
585743,7529804,4017,0,"[0, 1]"
585743,7529804,3923,0,"[0, 1]"
585743,7529804,3594,0,"[0, 1]"
585743,7529804,3574,0,"[0, 1]"
585743,7529804,2275,0,"[0, 1]"
585743,7529804,2070,0,"[0, 1]"
585743,7529804,3930,0,"[0, 1]"
585743,7529804,3310,0,"[0, 1]"
585743,7529804,3370,0,"[0, 1]"
585743,7529804,3318,0,"[0, 1]"
585743,7529804,2373,0,"[0, 1]"
585743,7529804,3815,0,"[0, 1]"
585743,7529804,3418,0,"[0, 1]"
585743,7529804,2559,0,"[0, 1]"
585743,7529804,3218,0,"[0, 1]"
585743,7529804,4082,0,"[0, 1]"
585743,7529804,3395,0,"[0, 1]"
585743,7529804,2051,0,"[0, 1]"
585743,7529804,3018,0,"[0, 1]"
585743,7529804,2910,0,"[0, 1]"
585743,7529804,2652,0,"[0, 1]"
585743,7529804,2409,0,"[0, 1]"
585743,7529804,4112,0,"[0, 1]"
585743,7529804,7082136,1,"[0, 1]"
585743,7529804,7541711,1,"[0, 1]"
585743,7529804,7377517,1,"[0, 1]"
585743,7529804,7637587,1,"[0, 1]"
585743,7529804,4271,0,"[0, 1]"
585743,7529804,7634288,1,"[0, 1]"
585743,7529804,4775,0,"[0, 1]"
585743,7529804,7511352,1,"[0, 1]"
585743,7529804,7275848,1,"[0, 1]"
585743,7529804,7282194,1,"[0, 1]"
585743,7529804,7573403,1,"[0, 1]"
585743,7529804,2185666,1,"[0, 1]"
585743,7529804,7531950,1,"[0, 1]"
585743,7529804,7112966,1,"[0, 1]"
585743,7529804,7317831,1,"[0, 1]"
585743,7529804,7499806,1,"[0, 1]"
585743,7529804,7139302,1,"[0, 1]"
585743,7529804,7213778,1,"[0, 1]"
585743,7529804,4453,0,"[0, 1]"
585743,7529804,7686516,1,"[0, 1]"
585743,7529804,7557306,1,"[0, 1]"
585743,7529804,4466,0,"[0, 1]"
585743,7529804,7446349,1,"[0, 1]"
585743,7529804,7357514,1,"[0, 1]"
585743,7529804,7608630,1,"[0, 1]"
585743,7529804,7174734,1,"[0, 1]"
585743,7529804,7620494,1,"[0, 1]"
585743,7529804,7178052,1,"[0, 1]"
585743,7529804,7526924,1,"[0, 1]"
585743,7529804,7386797,1,"[0, 1]"
585743,7529804,7183368,1,"[0, 1]"
585743,7529804,7588231,1,"[0, 1]"
585743,7529804,7352893,1,"[0, 1]"
585743,7529804,658625,1,"[0, 1]"
585743,7529804,7656399,1,"[0, 1]"
585743,7529804,7229404,1,"[0, 1]"
585743,7529804,6269504,1,"[0, 1]"
585743,7529804,7411576,1,"[0, 1]"
585743,7529804,6571087,1,"[0, 1]"
585743,7529804,7279541,1,"[0, 1]"
585743,7529804,7081482,1,"[0, 1]"
585743,7529804,7077382,1,"[0, 1]"
585743,7529804,7637010,1,"[0, 1]"
585743,7529804,7540805,1,"[0, 1]"
585743,7529804,7307803,1,"[0, 1]"
585743,7529804,7548088,1,"[0, 1]"
585743,7529804,7458583,1,"[0, 1]"
585743,7529804,7407089,1,"[0, 1]"
585743,7529804,7475339,1,"[0, 1]"
693469,7530170,7530170,1,"[1, 0]"
693469,7530170,4921,0,"[1, 0]"
693469,7530170,3920,0,"[1, 0]"
693469,7530170,1959,0,"[1, 0]"
693469,7530170,979,0,"[1, 0]"
693469,7530170,489,0,"[1, 0]"
693469,7530170,244,0,"[1, 0]"
693469,7530170,121,0,"[1, 0]"
693469,7530170,60,0,"[1, 0]"
693469,7530170,29,0,"[1, 0]"
693469,7530170,14,0,"[1, 0]"
693469,7530170,6,0,"[1, 0]"
693469,7530170,2,0,"[1, 0]"
693469,7530170,0,0,"[1, 0]"
693469,7530170,1,0,"[0, 1]"
693469,7530170,2,0,"[0, 1]"
693469,7530170,5,0,"[0, 1]"
693469,7530170,3,0,"[0, 1]"
693469,7530170,4,0,"[0, 1]"
693469,7530170,6,0,"[0, 1]"
693469,7530170,14,0,"[0, 1]"
693469,7530170,13,0,"[0, 1]"
693469,7530170,10,0,"[0, 1]"
693469,7530170,8,0,"[0, 1]"
693469,7530170,12,0,"[0, 1]"
693469,7530170,9,0,"[0, 1]"
693469,7530170,26,0,"[0, 1]"
693469,7530170,27,0,"[0, 1]"
693469,7530170,30,0,"[0, 1]"
693469,7530170,19,0,"[0, 1]"
693469,7530170,18,0,"[0, 1]"
693469,7530170,28,0,"[0, 1]"
693469,7530170,20,0,"[0, 1]"
693469,7530170,21,0,"[0, 1]"
693469,7530170,39,0,"[0, 1]"
693469,7530170,31,0,"[0, 1]"
693469,7530170,60,0,"[0, 1]"
693469,7530170,32,0,"[0, 1]"
693469,7530170,56,0,"[0, 1]"
693469,7530170,57,0,"[0, 1]"
693469,7530170,52,0,"[0, 1]"
693469,7530170,41,0,"[0, 1]"
693469,7530170,33,0,"[0, 1]"
693469,7530170,50,0,"[0, 1]"
693469,7530170,82,0,"[0, 1]"
693469,7530170,64,0,"[0, 1]"
693469,7530170,81,0,"[0, 1]"
693469,7530170,108,0,"[0, 1]"
693469,7530170,75,0,"[0, 1]"
693469,7530170,98,0,"[0, 1]"
693469,7530170,99,0,"[0, 1]"
693469,7530170,78,0,"[0, 1]"
693469,7530170,91,0,"[0, 1]"
693469,7530170,77,0,"[0, 1]"
693469,7530170,88,0,"[0, 1]"
693469,7530170,66,0,"[0, 1]"
693469,7530170,182,0,"[0, 1]"
693469,7530170,127,0,"[0, 1]"
693469,7530170,165,0,"[0, 1]"
693469,7530170,184,0,"[0, 1]"
693469,7530170,189,0,"[0, 1]"
693469,7530170,217,0,"[0, 1]"
693469,7530170,249,0,"[0, 1]"
693469,7530170,190,0,"[0, 1]"
693469,7530170,242,0,"[0, 1]"
693469,7530170,134,0,"[0, 1]"
693469,7530170,245,0,"[0, 1]"
693469,7530170,142,0,"[0, 1]"
693469,7530170,147,0,"[0, 1]"
693469,7530170,164,0,"[0, 1]"
693469,7530170,420,0,"[0, 1]"
693469,7530170,484,0,"[0, 1]"
693469,7530170,369,0,"[0, 1]"
693469,7530170,457,0,"[0, 1]"
693469,7530170,273,0,"[0, 1]"
693469,7530170,313,0,"[0, 1]"
693469,7530170,460,0,"[0, 1]"
693469,7530170,266,0,"[0, 1]"
693469,7530170,337,0,"[0, 1]"
693469,7530170,405,0,"[0, 1]"
693469,7530170,380,0,"[0, 1]"
693469,7530170,394,0,"[0, 1]"
693469,7530170,493,0,"[0, 1]"
693469,7530170,355,0,"[0, 1]"
693469,7530170,262,0,"[0, 1]"
693469,7530170,333,0,"[0, 1]"
693469,7530170,532,0,"[0, 1]"
693469,7530170,967,0,"[0, 1]"
693469,7530170,848,0,"[0, 1]"
693469,7530170,677,0,"[0, 1]"
693469,7530170,935,0,"[0, 1]"
693469,7530170,987,0,"[0, 1]"
693469,7530170,654,0,"[0, 1]"
693469,7530170,839,0,"[0, 1]"
693469,7530170,553,0,"[0, 1]"
693469,7530170,724,0,"[0, 1]"
693469,7530170,1010,0,"[0, 1]"
693469,7530170,781,0,"[0, 1]"
693469,7530170,666,0,"[0, 1]"
693469,7530170,696,0,"[0, 1]"
693469,7530170,949,0,"[0, 1]"
693469,7530170,821,0,"[0, 1]"
693469,7530170,641,0,"[0, 1]"
693469,7530170,889,0,"[0, 1]"
693469,7530170,1157,0,"[0, 1]"
693469,7530170,1938,0,"[0, 1]"
693469,7530170,1239,0,"[0, 1]"
693469,7530170,2003,0,"[0, 1]"
693469,7530170,1614,0,"[0, 1]"
693469,7530170,1089,0,"[0, 1]"
693469,7530170,1367,0,"[0, 1]"
693469,7530170,1929,0,"[0, 1]"
693469,7530170,1571,0,"[0, 1]"
693469,7530170,2024,0,"[0, 1]"
693469,7530170,1264,0,"[0, 1]"
693469,7530170,1344,0,"[0, 1]"
693469,7530170,2012,0,"[0, 1]"
693469,7530170,1458,0,"[0, 1]"
693469,7530170,1262,0,"[0, 1]"
693469,7530170,1793,0,"[0, 1]"
693469,7530170,1884,0,"[0, 1]"
693469,7530170,1962,0,"[0, 1]"
693469,7530170,1121,0,"[0, 1]"
693469,7530170,1560,0,"[0, 1]"
693469,7530170,3816,0,"[0, 1]"
693469,7530170,3371,0,"[0, 1]"
693469,7530170,4027,0,"[0, 1]"
693469,7530170,3330,0,"[0, 1]"
693469,7530170,3123,0,"[0, 1]"
693469,7530170,3699,0,"[0, 1]"
693469,7530170,2832,0,"[0, 1]"
693469,7530170,2487,0,"[0, 1]"
693469,7530170,2839,0,"[0, 1]"
693469,7530170,2752,0,"[0, 1]"
693469,7530170,4024,0,"[0, 1]"
693469,7530170,3507,0,"[0, 1]"
693469,7530170,3649,0,"[0, 1]"
693469,7530170,3944,0,"[0, 1]"
693469,7530170,3208,0,"[0, 1]"
693469,7530170,2867,0,"[0, 1]"
693469,7530170,3647,0,"[0, 1]"
693469,7530170,4087,0,"[0, 1]"
693469,7530170,3048,0,"[0, 1]"
693469,7530170,2309,0,"[0, 1]"
693469,7530170,2861,0,"[0, 1]"
693469,7530170,2452,0,"[0, 1]"
693469,7530170,7607819,1,"[0, 1]"
693469,7530170,4400,0,"[0, 1]"
693469,7530170,7401471,1,"[0, 1]"
693469,7530170,7087589,1,"[0, 1]"
693469,7530170,4846,0,"[0, 1]"
693469,7530170,7506064,1,"[0, 1]"
693469,7530170,7282524,1,"[0, 1]"
693469,7530170,7229653,1,"[0, 1]"
693469,7530170,2285849,1,"[0, 1]"
693469,7530170,4760,0,"[0, 1]"
693469,7530170,4103,0,"[0, 1]"
693469,7530170,7427824,1,"[0, 1]"
693469,7530170,4801,0,"[0, 1]"
693469,7530170,7600595,1,"[0, 1]"
693469,7530170,7307771,1,"[0, 1]"
693469,7530170,7119001,1,"[0, 1]"
693469,7530170,7126790,1,"[0, 1]"
693469,7530170,4538702,1,"[0, 1]"
693469,7530170,7093487,1,"[0, 1]"
693469,7530170,7631636,1,"[0, 1]"
693469,7530170,4579,0,"[0, 1]"
693469,7530170,7140336,1,"[0, 1]"
693469,7530170,7272003,1,"[0, 1]"
693469,7530170,7604698,1,"[0, 1]"
693469,7530170,7183368,1,"[0, 1]"
693469,7530170,7443062,1,"[0, 1]"
693469,7530170,7170528,1,"[0, 1]"
693469,7530170,7626921,1,"[0, 1]"
693469,7530170,7543210,1,"[0, 1]"
693469,7530170,1520189,1,"[0, 1]"
693469,7530170,2646237,1,"[0, 1]"
693469,7530170,7617835,1,"[0, 1]"
693469,7530170,7548088,1,"[0, 1]"
693469,7530170,7535295,1,"[0, 1]"
693469,7530170,7443275,1,"[0, 1]"
693469,7530170,7619495,1,"[0, 1]"
693469,7530170,7199838,1,"[0, 1]"
693469,7530170,7210561,1,"[0, 1]"
693469,7530170,1186091,1,"[0, 1]"
693469,7530170,5630467,1,"[0, 1]"
693469,7530170,7332405,1,"[0, 1]"
693469,7530170,7610379,1,"[0, 1]"
693469,7530170,3948109,1,"[0, 1]"
693469,7530170,7288649,1,"[0, 1]"
693469,7530170,7472685,1,"[0, 1]"
693469,7530170,7502345,1,"[0, 1]"
693469,7530170,3551563,1,"[0, 1]"
693469,7530170,7081482,1,"[0, 1]"
693469,7530170,5705062,1,"[0, 1]"
693469,7530170,5680372,1,"[0, 1]"
693469,7530174,7530174,1,"[1, 0]"
693469,7530174,3882,0,"[1, 0]"
693469,7530174,1940,0,"[1, 0]"
693469,7530174,969,0,"[1, 0]"
693469,7530174,484,0,"[1, 0]"
693469,7530174,241,0,"[1, 0]"
693469,7530174,120,0,"[1, 0]"
693469,7530174,59,0,"[1, 0]"
693469,7530174,29,0,"[1, 0]"
693469,7530174,14,0,"[1, 0]"
693469,7530174,6,0,"[1, 0]"
693469,7530174,2,0,"[1, 0]"
693469,7530174,0,0,"[1, 0]"
693469,7530174,1,0,"[0, 1]"
693469,7530174,2,0,"[0, 1]"
693469,7530174,6,0,"[0, 1]"
693469,7530174,3,0,"[0, 1]"
693469,7530174,4,0,"[0, 1]"
693469,7530174,5,0,"[0, 1]"
693469,7530174,9,0,"[0, 1]"
693469,7530174,13,0,"[0, 1]"
693469,7530174,12,0,"[0, 1]"
693469,7530174,11,0,"[0, 1]"
693469,7530174,7,0,"[0, 1]"
693469,7530174,8,0,"[0, 1]"
693469,7530174,25,0,"[0, 1]"
693469,7530174,21,0,"[0, 1]"
693469,7530174,17,0,"[0, 1]"
693469,7530174,16,0,"[0, 1]"
693469,7530174,26,0,"[0, 1]"
693469,7530174,15,0,"[0, 1]"
693469,7530174,23,0,"[0, 1]"
693469,7530174,29,0,"[0, 1]"
693469,7530174,47,0,"[0, 1]"
693469,7530174,51,0,"[0, 1]"
693469,7530174,53,0,"[0, 1]"
693469,7530174,41,0,"[0, 1]"
693469,7530174,46,0,"[0, 1]"
693469,7530174,32,0,"[0, 1]"
693469,7530174,59,0,"[0, 1]"
693469,7530174,44,0,"[0, 1]"
693469,7530174,52,0,"[0, 1]"
693469,7530174,40,0,"[0, 1]"
693469,7530174,71,0,"[0, 1]"
693469,7530174,103,0,"[0, 1]"
693469,7530174,118,0,"[0, 1]"
693469,7530174,110,0,"[0, 1]"
693469,7530174,112,0,"[0, 1]"
693469,7530174,86,0,"[0, 1]"
693469,7530174,82,0,"[0, 1]"
693469,7530174,114,0,"[0, 1]"
693469,7530174,65,0,"[0, 1]"
693469,7530174,104,0,"[0, 1]"
693469,7530174,123,0,"[0, 1]"
693469,7530174,80,0,"[0, 1]"
693469,7530174,145,0,"[0, 1]"
693469,7530174,223,0,"[0, 1]"
693469,7530174,128,0,"[0, 1]"
693469,7530174,164,0,"[0, 1]"
693469,7530174,186,0,"[0, 1]"
693469,7530174,167,0,"[0, 1]"
693469,7530174,169,0,"[0, 1]"
693469,7530174,254,0,"[0, 1]"
693469,7530174,213,0,"[0, 1]"
693469,7530174,249,0,"[0, 1]"
693469,7530174,153,0,"[0, 1]"
693469,7530174,211,0,"[0, 1]"
693469,7530174,200,0,"[0, 1]"
693469,7530174,242,0,"[0, 1]"
693469,7530174,454,0,"[0, 1]"
693469,7530174,498,0,"[0, 1]"
693469,7530174,421,0,"[0, 1]"
693469,7530174,282,0,"[0, 1]"
693469,7530174,492,0,"[0, 1]"
693469,7530174,412,0,"[0, 1]"
693469,7530174,424,0,"[0, 1]"
693469,7530174,496,0,"[0, 1]"
693469,7530174,428,0,"[0, 1]"
693469,7530174,297,0,"[0, 1]"
693469,7530174,343,0,"[0, 1]"
693469,7530174,342,0,"[0, 1]"
693469,7530174,293,0,"[0, 1]"
693469,7530174,359,0,"[0, 1]"
693469,7530174,270,0,"[0, 1]"
693469,7530174,314,0,"[0, 1]"
693469,7530174,772,0,"[0, 1]"
693469,7530174,624,0,"[0, 1]"
693469,7530174,554,0,"[0, 1]"
693469,7530174,670,0,"[0, 1]"
693469,7530174,792,0,"[0, 1]"
693469,7530174,892,0,"[0, 1]"
693469,7530174,513,0,"[0, 1]"
693469,7530174,900,0,"[0, 1]"
693469,7530174,922,0,"[0, 1]"
693469,7530174,1011,0,"[0, 1]"
693469,7530174,805,0,"[0, 1]"
693469,7530174,871,0,"[0, 1]"
693469,7530174,969,0,"[0, 1]"
693469,7530174,692,0,"[0, 1]"
693469,7530174,704,0,"[0, 1]"
693469,7530174,982,0,"[0, 1]"
693469,7530174,955,0,"[0, 1]"
693469,7530174,947,0,"[0, 1]"
693469,7530174,1996,0,"[0, 1]"
693469,7530174,1677,0,"[0, 1]"
693469,7530174,1700,0,"[0, 1]"
693469,7530174,2030,0,"[0, 1]"
693469,7530174,1627,0,"[0, 1]"
693469,7530174,1854,0,"[0, 1]"
693469,7530174,1093,0,"[0, 1]"
693469,7530174,1194,0,"[0, 1]"
693469,7530174,1120,0,"[0, 1]"
693469,7530174,1351,0,"[0, 1]"
693469,7530174,1193,0,"[0, 1]"
693469,7530174,1814,0,"[0, 1]"
693469,7530174,1717,0,"[0, 1]"
693469,7530174,1435,0,"[0, 1]"
693469,7530174,1927,0,"[0, 1]"
693469,7530174,1588,0,"[0, 1]"
693469,7530174,1623,0,"[0, 1]"
693469,7530174,1454,0,"[0, 1]"
693469,7530174,1584,0,"[0, 1]"
693469,7530174,1613,0,"[0, 1]"
693469,7530174,2740,0,"[0, 1]"
693469,7530174,3798,0,"[0, 1]"
693469,7530174,3477,0,"[0, 1]"
693469,7530174,2438,0,"[0, 1]"
693469,7530174,3061,0,"[0, 1]"
693469,7530174,2352,0,"[0, 1]"
693469,7530174,3090,0,"[0, 1]"
693469,7530174,4000,0,"[0, 1]"
693469,7530174,2773,0,"[0, 1]"
693469,7530174,2691,0,"[0, 1]"
693469,7530174,3236,0,"[0, 1]"
693469,7530174,3857,0,"[0, 1]"
693469,7530174,3130,0,"[0, 1]"
693469,7530174,2131,0,"[0, 1]"
693469,7530174,2329,0,"[0, 1]"
693469,7530174,2668,0,"[0, 1]"
693469,7530174,2896,0,"[0, 1]"
693469,7530174,2203,0,"[0, 1]"
693469,7530174,3033,0,"[0, 1]"
693469,7530174,3499,0,"[0, 1]"
693469,7530174,2666,0,"[0, 1]"
693469,7530174,2195,0,"[0, 1]"
693469,7530174,4658,0,"[0, 1]"
693469,7530174,7424400,1,"[0, 1]"
693469,7530174,7075449,1,"[0, 1]"
693469,7530174,7217875,1,"[0, 1]"
693469,7530174,7138816,1,"[0, 1]"
693469,7530174,7436073,1,"[0, 1]"
693469,7530174,7237302,1,"[0, 1]"
693469,7530174,7452505,1,"[0, 1]"
693469,7530174,7620979,1,"[0, 1]"
693469,7530174,7181049,1,"[0, 1]"
693469,7530174,7252704,1,"[0, 1]"
693469,7530174,4598,0,"[0, 1]"
693469,7530174,4279,0,"[0, 1]"
693469,7530174,7258070,1,"[0, 1]"
693469,7530174,7239131,1,"[0, 1]"
693469,7530174,7623799,1,"[0, 1]"
693469,7530174,7202098,1,"[0, 1]"
693469,7530174,7259296,1,"[0, 1]"
693469,7530174,7601266,1,"[0, 1]"
693469,7530174,7105163,1,"[0, 1]"
693469,7530174,7080803,1,"[0, 1]"
693469,7530174,7481663,1,"[0, 1]"
693469,7530174,4603,0,"[0, 1]"
693469,7530174,7672149,1,"[0, 1]"
427730,7530341,7530341,1,"[1, 0]"
427730,7530341,4405,0,"[1, 0]"
427730,7530341,2750,0,"[1, 0]"
427730,7530341,1374,0,"[1, 0]"
427730,7530341,686,0,"[1, 0]"
427730,7530341,342,0,"[1, 0]"
427730,7530341,170,0,"[1, 0]"
427730,7530341,84,0,"[1, 0]"
427730,7530341,41,0,"[1, 0]"
427730,7530341,20,0,"[1, 0]"
427730,7530341,9,0,"[1, 0]"
427730,7530341,4,0,"[1, 0]"
427730,7530341,1,0,"[1, 0]"
427730,7530341,0,0,"[1, 0]"
427730,7530341,2,0,"[0, 1]"
427730,7530341,1,0,"[0, 1]"
427730,7530341,6,0,"[0, 1]"
427730,7530341,3,0,"[0, 1]"
427730,7530341,5,0,"[0, 1]"
427730,7530341,4,0,"[0, 1]"
427730,7530341,9,0,"[0, 1]"
427730,7530341,8,0,"[0, 1]"
427730,7530341,13,0,"[0, 1]"
427730,7530341,14,0,"[0, 1]"
427730,7530341,12,0,"[0, 1]"
427730,7530341,11,0,"[0, 1]"
427730,7530341,21,0,"[0, 1]"
427730,7530341,23,0,"[0, 1]"
427730,7530341,17,0,"[0, 1]"
427730,7530341,24,0,"[0, 1]"
427730,7530341,29,0,"[0, 1]"
427730,7530341,25,0,"[0, 1]"
427730,7530341,16,0,"[0, 1]"
427730,7530341,22,0,"[0, 1]"
427730,7530341,45,0,"[0, 1]"
427730,7530341,39,0,"[0, 1]"
427730,7530341,42,0,"[0, 1]"
427730,7530341,53,0,"[0, 1]"
427730,7530341,55,0,"[0, 1]"
427730,7530341,33,0,"[0, 1]"
427730,7530341,61,0,"[0, 1]"
427730,7530341,37,0,"[0, 1]"
427730,7530341,38,0,"[0, 1]"
427730,7530341,34,0,"[0, 1]"
427730,7530341,118,0,"[0, 1]"
427730,7530341,64,0,"[0, 1]"
427730,7530341,76,0,"[0, 1]"
427730,7530341,85,0,"[0, 1]"
427730,7530341,74,0,"[0, 1]"
427730,7530341,65,0,"[0, 1]"
427730,7530341,101,0,"[0, 1]"
427730,7530341,81,0,"[0, 1]"
427730,7530341,68,0,"[0, 1]"
427730,7530341,88,0,"[0, 1]"
427730,7530341,126,0,"[0, 1]"
427730,7530341,117,0,"[0, 1]"
427730,7530341,191,0,"[0, 1]"
427730,7530341,253,0,"[0, 1]"
427730,7530341,178,0,"[0, 1]"
427730,7530341,214,0,"[0, 1]"
427730,7530341,246,0,"[0, 1]"
427730,7530341,201,0,"[0, 1]"
427730,7530341,206,0,"[0, 1]"
427730,7530341,187,0,"[0, 1]"
427730,7530341,218,0,"[0, 1]"
427730,7530341,143,0,"[0, 1]"
427730,7530341,232,0,"[0, 1]"
427730,7530341,166,0,"[0, 1]"
427730,7530341,155,0,"[0, 1]"
427730,7530341,223,0,"[0, 1]"
427730,7530341,507,0,"[0, 1]"
427730,7530341,421,0,"[0, 1]"
427730,7530341,458,0,"[0, 1]"
427730,7530341,370,0,"[0, 1]"
427730,7530341,299,0,"[0, 1]"
427730,7530341,405,0,"[0, 1]"
427730,7530341,478,0,"[0, 1]"
427730,7530341,283,0,"[0, 1]"
427730,7530341,302,0,"[0, 1]"
427730,7530341,321,0,"[0, 1]"
427730,7530341,325,0,"[0, 1]"
427730,7530341,271,0,"[0, 1]"
427730,7530341,414,0,"[0, 1]"
427730,7530341,385,0,"[0, 1]"
427730,7530341,391,0,"[0, 1]"
427730,7530341,338,0,"[0, 1]"
427730,7530341,878,0,"[0, 1]"
427730,7530341,721,0,"[0, 1]"
427730,7530341,918,0,"[0, 1]"
427730,7530341,627,0,"[0, 1]"
427730,7530341,548,0,"[0, 1]"
427730,7530341,602,0,"[0, 1]"
427730,7530341,632,0,"[0, 1]"
427730,7530341,940,0,"[0, 1]"
427730,7530341,953,0,"[0, 1]"
427730,7530341,865,0,"[0, 1]"
427730,7530341,551,0,"[0, 1]"
427730,7530341,611,0,"[0, 1]"
427730,7530341,614,0,"[0, 1]"
427730,7530341,999,0,"[0, 1]"
427730,7530341,875,0,"[0, 1]"
427730,7530341,920,0,"[0, 1]"
427730,7530341,717,0,"[0, 1]"
427730,7530341,836,0,"[0, 1]"
427730,7530341,1321,0,"[0, 1]"
427730,7530341,1961,0,"[0, 1]"
427730,7530341,1094,0,"[0, 1]"
427730,7530341,1889,0,"[0, 1]"
427730,7530341,1254,0,"[0, 1]"
427730,7530341,1695,0,"[0, 1]"
427730,7530341,1435,0,"[0, 1]"
427730,7530341,1258,0,"[0, 1]"
427730,7530341,1454,0,"[0, 1]"
427730,7530341,1828,0,"[0, 1]"
427730,7530341,1051,0,"[0, 1]"
427730,7530341,1196,0,"[0, 1]"
427730,7530341,1173,0,"[0, 1]"
427730,7530341,1493,0,"[0, 1]"
427730,7530341,1461,0,"[0, 1]"
427730,7530341,1518,0,"[0, 1]"
427730,7530341,1504,0,"[0, 1]"
427730,7530341,1312,0,"[0, 1]"
427730,7530341,1309,0,"[0, 1]"
427730,7530341,1561,0,"[0, 1]"
427730,7530341,3070,0,"[0, 1]"
427730,7530341,3598,0,"[0, 1]"
427730,7530341,2066,0,"[0, 1]"
427730,7530341,2263,0,"[0, 1]"
427730,7530341,3628,0,"[0, 1]"
427730,7530341,3674,0,"[0, 1]"
427730,7530341,3223,0,"[0, 1]"
427730,7530341,3074,0,"[0, 1]"
427730,7530341,3424,0,"[0, 1]"
427730,7530341,2837,0,"[0, 1]"
427730,7530341,3499,0,"[0, 1]"
427730,7530341,2234,0,"[0, 1]"
427730,7530341,3696,0,"[0, 1]"
427730,7530341,3934,0,"[0, 1]"
427730,7530341,3718,0,"[0, 1]"
427730,7530341,3492,0,"[0, 1]"
427730,7530341,3755,0,"[0, 1]"
427730,7530341,2981,0,"[0, 1]"
427730,7530341,2686,0,"[0, 1]"
427730,7530341,3421,0,"[0, 1]"
427730,7530341,2209,0,"[0, 1]"
427730,7530341,3543,0,"[0, 1]"
427730,7530341,490992,1,"[0, 1]"
427730,7530341,7143238,1,"[0, 1]"
427730,7530341,7559250,1,"[0, 1]"
427730,7530341,7171472,1,"[0, 1]"
427730,7530341,7662530,1,"[0, 1]"
427730,7530341,7321859,1,"[0, 1]"
427730,7530341,7184656,1,"[0, 1]"
427730,7530341,4876,0,"[0, 1]"
427730,7530341,7158589,1,"[0, 1]"
427730,7530341,7241909,1,"[0, 1]"
427730,7530341,7267942,1,"[0, 1]"
427730,7530341,1142797,1,"[0, 1]"
427730,7530341,4272,0,"[0, 1]"
427730,7530341,7417952,1,"[0, 1]"
427730,7530341,7541256,1,"[0, 1]"
427730,7530341,7159801,1,"[0, 1]"
427730,7530341,7110954,1,"[0, 1]"
427730,7530341,7652351,1,"[0, 1]"
427730,7530341,7076765,1,"[0, 1]"
427730,7530341,4652,0,"[0, 1]"
427730,7530341,2401457,1,"[0, 1]"
427730,7530341,7194533,1,"[0, 1]"
427730,7530341,7663734,1,"[0, 1]"
427730,7530341,7633169,1,"[0, 1]"
427730,7530341,7389732,1,"[0, 1]"
427730,7530341,7183362,1,"[0, 1]"
427730,7530341,7256015,1,"[0, 1]"
427730,7530341,7251373,1,"[0, 1]"
427730,7530341,7264931,1,"[0, 1]"
427730,7530341,7689001,1,"[0, 1]"
427730,7530341,7170746,1,"[0, 1]"
427730,7530341,7266132,1,"[0, 1]"
427730,7530341,7314292,1,"[0, 1]"
427730,7530341,6121038,1,"[0, 1]"
427730,7530341,7365969,1,"[0, 1]"
427730,7530341,7233354,1,"[0, 1]"
427730,7530341,7559425,1,"[0, 1]"
427730,7530341,7578203,1,"[0, 1]"
427730,7530341,1537196,1,"[0, 1]"
427730,7530341,6388976,1,"[0, 1]"
427730,7530341,7550146,1,"[0, 1]"
427730,7530341,7551236,1,"[0, 1]"
427730,7530341,7618627,1,"[0, 1]"
427730,7530341,7387361,1,"[0, 1]"
427730,7530341,1514592,1,"[0, 1]"
427730,7530341,7336477,1,"[0, 1]"
427730,7530341,7153494,1,"[0, 1]"
427730,7530341,7475195,1,"[0, 1]"
427730,7530341,296158,1,"[0, 1]"
427730,7530341,7686120,1,"[0, 1]"
84106,184742,184742,1,"[1, 0]"
84106,184742,4054,0,"[1, 0]"
84106,184742,2026,0,"[1, 0]"
84106,184742,1012,0,"[1, 0]"
84106,184742,505,0,"[1, 0]"
84106,184742,252,0,"[1, 0]"
84106,184742,125,0,"[1, 0]"
84106,184742,62,0,"[1, 0]"
84106,184742,30,0,"[1, 0]"
84106,184742,14,0,"[1, 0]"
84106,184742,6,0,"[1, 0]"
84106,184742,2,0,"[1, 0]"
84106,184742,0,0,"[1, 0]"
84106,184742,1,0,"[0, 1]"
84106,184742,2,0,"[0, 1]"
84106,184742,6,0,"[0, 1]"
84106,184742,4,0,"[0, 1]"
84106,184742,5,0,"[0, 1]"
84106,184742,3,0,"[0, 1]"
84106,184742,14,0,"[0, 1]"
84106,184742,7,0,"[0, 1]"
84106,184742,13,0,"[0, 1]"
84106,184742,12,0,"[0, 1]"
84106,184742,11,0,"[0, 1]"
84106,184742,9,0,"[0, 1]"
84106,184742,22,0,"[0, 1]"
84106,184742,20,0,"[0, 1]"
84106,184742,18,0,"[0, 1]"
84106,184742,30,0,"[0, 1]"
84106,184742,15,0,"[0, 1]"
84106,184742,16,0,"[0, 1]"
84106,184742,19,0,"[0, 1]"
84106,184742,25,0,"[0, 1]"
84106,184742,41,0,"[0, 1]"
84106,184742,32,0,"[0, 1]"
84106,184742,38,0,"[0, 1]"
84106,184742,47,0,"[0, 1]"
84106,184742,55,0,"[0, 1]"
84106,184742,57,0,"[0, 1]"
84106,184742,36,0,"[0, 1]"
84106,184742,42,0,"[0, 1]"
84106,184742,40,0,"[0, 1]"
84106,184742,44,0,"[0, 1]"
84106,184742,126,0,"[0, 1]"
84106,184742,110,0,"[0, 1]"
84106,184742,125,0,"[0, 1]"
84106,184742,72,0,"[0, 1]"
84106,184742,88,0,"[0, 1]"
84106,184742,86,0,"[0, 1]"
84106,184742,78,0,"[0, 1]"
84106,184742,92,0,"[0, 1]"
84106,184742,106,0,"[0, 1]"
84106,184742,116,0,"[0, 1]"
84106,184742,74,0,"[0, 1]"
84106,184742,121,0,"[0, 1]"
84106,184742,168,0,"[0, 1]"
84106,184742,176,0,"[0, 1]"
84106,184742,201,0,"[0, 1]"
84106,184742,233,0,"[0, 1]"
84106,184742,220,0,"[0, 1]"
84106,184742,226,0,"[0, 1]"
84106,184742,203,0,"[0, 1]"
84106,184742,139,0,"[0, 1]"
84106,184742,245,0,"[0, 1]"
84106,184742,132,0,"[0, 1]"
84106,184742,192,0,"[0, 1]"
84106,184742,206,0,"[0, 1]"
84106,184742,186,0,"[0, 1]"
84106,184742,212,0,"[0, 1]"
84106,184742,375,0,"[0, 1]"
84106,184742,399,0,"[0, 1]"
84106,184742,408,0,"[0, 1]"
84106,184742,352,0,"[0, 1]"
84106,184742,260,0,"[0, 1]"
84106,184742,478,0,"[0, 1]"
84106,184742,391,0,"[0, 1]"
84106,184742,321,0,"[0, 1]"
84106,184742,299,0,"[0, 1]"
84106,184742,497,0,"[0, 1]"
84106,184742,361,0,"[0, 1]"
84106,184742,327,0,"[0, 1]"
84106,184742,255,0,"[0, 1]"
84106,184742,363,0,"[0, 1]"
84106,184742,494,0,"[0, 1]"
84106,184742,337,0,"[0, 1]"
84106,184742,983,0,"[0, 1]"
84106,184742,576,0,"[0, 1]"
84106,184742,652,0,"[0, 1]"
84106,184742,545,0,"[0, 1]"
84106,184742,729,0,"[0, 1]"
84106,184742,730,0,"[0, 1]"
84106,184742,818,0,"[0, 1]"
84106,184742,1007,0,"[0, 1]"
84106,184742,930,0,"[0, 1]"
84106,184742,844,0,"[0, 1]"
84106,184742,1017,0,"[0, 1]"
84106,184742,986,0,"[0, 1]"
84106,184742,890,0,"[0, 1]"
84106,184742,664,0,"[0, 1]"
84106,184742,919,0,"[0, 1]"
84106,184742,718,0,"[0, 1]"
84106,184742,948,0,"[0, 1]"
84106,184742,777,0,"[0, 1]"
84106,184742,1469,0,"[0, 1]"
84106,184742,1236,0,"[0, 1]"
84106,184742,1051,0,"[0, 1]"
84106,184742,1175,0,"[0, 1]"
84106,184742,1702,0,"[0, 1]"
84106,184742,1290,0,"[0, 1]"
84106,184742,1965,0,"[0, 1]"
84106,184742,1841,0,"[0, 1]"
84106,184742,1196,0,"[0, 1]"
84106,184742,1286,0,"[0, 1]"
84106,184742,1968,0,"[0, 1]"
84106,184742,1924,0,"[0, 1]"
84106,184742,1131,0,"[0, 1]"
84106,184742,1294,0,"[0, 1]"
84106,184742,1317,0,"[0, 1]"
84106,184742,1580,0,"[0, 1]"
84106,184742,2032,0,"[0, 1]"
84106,184742,1776,0,"[0, 1]"
84106,184742,1197,0,"[0, 1]"
84106,184742,1599,0,"[0, 1]"
84106,184742,3948,0,"[0, 1]"
84106,184742,2690,0,"[0, 1]"
84106,184742,4023,0,"[0, 1]"
84106,184742,3237,0,"[0, 1]"
84106,184742,2232,0,"[0, 1]"
84106,184742,2975,0,"[0, 1]"
84106,184742,2722,0,"[0, 1]"
84106,184742,3521,0,"[0, 1]"
84106,184742,3161,0,"[0, 1]"
84106,184742,2821,0,"[0, 1]"
84106,184742,3387,0,"[0, 1]"
84106,184742,2489,0,"[0, 1]"
84106,184742,2253,0,"[0, 1]"
84106,184742,2131,0,"[0, 1]"
84106,184742,2563,0,"[0, 1]"
84106,184742,3517,0,"[0, 1]"
84106,184742,2712,0,"[0, 1]"
84106,184742,2976,0,"[0, 1]"
84106,184742,3305,0,"[0, 1]"
84106,184742,3555,0,"[0, 1]"
84106,184742,3307,0,"[0, 1]"
84106,184742,3631,0,"[0, 1]"
84106,184742,7207616,1,"[0, 1]"
84106,184742,4453,0,"[0, 1]"
84106,184742,3042404,1,"[0, 1]"
84106,184742,7629288,1,"[0, 1]"
84106,184742,7358221,1,"[0, 1]"
84106,184742,7551078,1,"[0, 1]"
84106,184742,7563727,1,"[0, 1]"
84106,184742,7221252,1,"[0, 1]"
84106,184742,7262250,1,"[0, 1]"
84106,184742,4334,0,"[0, 1]"
84106,184742,4568,0,"[0, 1]"
84106,184742,7170192,1,"[0, 1]"
84106,184742,7140358,1,"[0, 1]"
84106,184742,7585569,1,"[0, 1]"
84106,184742,7210943,1,"[0, 1]"
84106,184742,7072838,1,"[0, 1]"
84106,184742,7088254,1,"[0, 1]"
84106,184742,6736867,1,"[0, 1]"
84106,184742,7081592,1,"[0, 1]"
84106,184742,7549686,1,"[0, 1]"
84106,184742,7681474,1,"[0, 1]"
84106,184742,7407958,1,"[0, 1]"
84106,184742,7583723,1,"[0, 1]"
84106,184742,7265116,1,"[0, 1]"
375291,7530546,7530546,1,"[1, 0]"
375291,7530546,3682,0,"[1, 0]"
375291,7530546,1840,0,"[1, 0]"
375291,7530546,919,0,"[1, 0]"
375291,7530546,459,0,"[1, 0]"
375291,7530546,229,0,"[1, 0]"
375291,7530546,114,0,"[1, 0]"
375291,7530546,56,0,"[1, 0]"
375291,7530546,27,0,"[1, 0]"
375291,7530546,13,0,"[1, 0]"
375291,7530546,6,0,"[1, 0]"
375291,7530546,2,0,"[1, 0]"
375291,7530546,0,0,"[1, 0]"
375291,7530546,2,0,"[0, 1]"
375291,7530546,1,0,"[0, 1]"
375291,7530546,3,0,"[0, 1]"
375291,7530546,5,0,"[0, 1]"
375291,7530546,4,0,"[0, 1]"
375291,7530546,6,0,"[0, 1]"
375291,7530546,13,0,"[0, 1]"
375291,7530546,8,0,"[0, 1]"
375291,7530546,9,0,"[0, 1]"
375291,7530546,7,0,"[0, 1]"
375291,7530546,11,0,"[0, 1]"
375291,7530546,14,0,"[0, 1]"
375291,7530546,28,0,"[0, 1]"
375291,7530546,20,0,"[0, 1]"
375291,7530546,29,0,"[0, 1]"
375291,7530546,27,0,"[0, 1]"
375291,7530546,15,0,"[0, 1]"
375291,7530546,24,0,"[0, 1]"
375291,7530546,19,0,"[0, 1]"
375291,7530546,26,0,"[0, 1]"
375291,7530546,54,0,"[0, 1]"
375291,7530546,36,0,"[0, 1]"
375291,7530546,47,0,"[0, 1]"
375291,7530546,61,0,"[0, 1]"
375291,7530546,34,0,"[0, 1]"
375291,7530546,37,0,"[0, 1]"
375291,7530546,55,0,"[0, 1]"
375291,7530546,50,0,"[0, 1]"
375291,7530546,59,0,"[0, 1]"
375291,7530546,31,0,"[0, 1]"
375291,7530546,85,0,"[0, 1]"
375291,7530546,63,0,"[0, 1]"
375291,7530546,80,0,"[0, 1]"
375291,7530546,118,0,"[0, 1]"
375291,7530546,82,0,"[0, 1]"
375291,7530546,79,0,"[0, 1]"
375291,7530546,100,0,"[0, 1]"
375291,7530546,78,0,"[0, 1]"
375291,7530546,71,0,"[0, 1]"
375291,7530546,87,0,"[0, 1]"
375291,7530546,74,0,"[0, 1]"
375291,7530546,73,0,"[0, 1]"
375291,7530546,201,0,"[0, 1]"
375291,7530546,204,0,"[0, 1]"
375291,7530546,166,0,"[0, 1]"
375291,7530546,217,0,"[0, 1]"
375291,7530546,134,0,"[0, 1]"
375291,7530546,178,0,"[0, 1]"
375291,7530546,187,0,"[0, 1]"
375291,7530546,142,0,"[0, 1]"
375291,7530546,173,0,"[0, 1]"
375291,7530546,135,0,"[0, 1]"
375291,7530546,183,0,"[0, 1]"
375291,7530546,181,0,"[0, 1]"
375291,7530546,238,0,"[0, 1]"
375291,7530546,251,0,"[0, 1]"
375291,7530546,418,0,"[0, 1]"
375291,7530546,265,0,"[0, 1]"
375291,7530546,445,0,"[0, 1]"
375291,7530546,475,0,"[0, 1]"
375291,7530546,300,0,"[0, 1]"
375291,7530546,381,0,"[0, 1]"
375291,7530546,394,0,"[0, 1]"
375291,7530546,490,0,"[0, 1]"
375291,7530546,301,0,"[0, 1]"
375291,7530546,450,0,"[0, 1]"
375291,7530546,354,0,"[0, 1]"
375291,7530546,330,0,"[0, 1]"
375291,7530546,503,0,"[0, 1]"
375291,7530546,333,0,"[0, 1]"
375291,7530546,434,0,"[0, 1]"
375291,7530546,306,0,"[0, 1]"
375291,7530546,811,0,"[0, 1]"
375291,7530546,543,0,"[0, 1]"
375291,7530546,1014,0,"[0, 1]"
375291,7530546,526,0,"[0, 1]"
375291,7530546,905,0,"[0, 1]"
375291,7530546,694,0,"[0, 1]"
375291,7530546,845,0,"[0, 1]"
375291,7530546,568,0,"[0, 1]"
375291,7530546,591,0,"[0, 1]"
375291,7530546,604,0,"[0, 1]"
375291,7530546,756,0,"[0, 1]"
375291,7530546,1013,0,"[0, 1]"
375291,7530546,899,0,"[0, 1]"
375291,7530546,959,0,"[0, 1]"
375291,7530546,727,0,"[0, 1]"
375291,7530546,816,0,"[0, 1]"
375291,7530546,953,0,"[0, 1]"
375291,7530546,975,0,"[0, 1]"
375291,7530546,1999,0,"[0, 1]"
375291,7530546,1572,0,"[0, 1]"
375291,7530546,1839,0,"[0, 1]"
375291,7530546,1107,0,"[0, 1]"
375291,7530546,1898,0,"[0, 1]"
375291,7530546,1429,0,"[0, 1]"
375291,7530546,2040,0,"[0, 1]"
375291,7530546,1642,0,"[0, 1]"
375291,7530546,1975,0,"[0, 1]"
375291,7530546,1120,0,"[0, 1]"
375291,7530546,1455,0,"[0, 1]"
375291,7530546,1263,0,"[0, 1]"
375291,7530546,2036,0,"[0, 1]"
375291,7530546,1673,0,"[0, 1]"
375291,7530546,1815,0,"[0, 1]"
375291,7530546,1475,0,"[0, 1]"
375291,7530546,1272,0,"[0, 1]"
375291,7530546,1471,0,"[0, 1]"
375291,7530546,1960,0,"[0, 1]"
375291,7530546,1665,0,"[0, 1]"
375291,7530546,3662,0,"[0, 1]"
375291,7530546,3071,0,"[0, 1]"
375291,7530546,3653,0,"[0, 1]"
375291,7530546,3830,0,"[0, 1]"
375291,7530546,4051,0,"[0, 1]"
375291,7530546,3846,0,"[0, 1]"
375291,7530546,3969,0,"[0, 1]"
375291,7530546,3393,0,"[0, 1]"
375291,7530546,3507,0,"[0, 1]"
375291,7530546,3302,0,"[0, 1]"
375291,7530546,2299,0,"[0, 1]"
375291,7530546,3469,0,"[0, 1]"
375291,7530546,3283,0,"[0, 1]"
375291,7530546,3880,0,"[0, 1]"
375291,7530546,4035,0,"[0, 1]"
375291,7530546,3491,0,"[0, 1]"
375291,7530546,3673,0,"[0, 1]"
375291,7530546,3761,0,"[0, 1]"
375291,7530546,3572,0,"[0, 1]"
375291,7530546,3337,0,"[0, 1]"
375291,7530546,4048,0,"[0, 1]"
375291,7530546,3221,0,"[0, 1]"
375291,7530546,7144918,1,"[0, 1]"
375291,7530546,7328604,1,"[0, 1]"
375291,7530546,7097636,1,"[0, 1]"
375291,7530546,7674619,1,"[0, 1]"
375291,7530546,7008901,1,"[0, 1]"
375291,7530546,3470752,1,"[0, 1]"
375291,7530546,7662607,1,"[0, 1]"
375291,7530546,7430645,1,"[0, 1]"
375291,7530546,4631,0,"[0, 1]"
375291,7530546,4548,0,"[0, 1]"
375291,7530546,7085726,1,"[0, 1]"
375291,7530546,7294838,1,"[0, 1]"
375291,7530546,4235,0,"[0, 1]"
375291,7530546,4604,0,"[0, 1]"
375291,7530546,7339077,1,"[0, 1]"
375291,7530546,7129494,1,"[0, 1]"
375291,7530546,7273248,1,"[0, 1]"
375291,7530546,7523816,1,"[0, 1]"
375291,7530546,7553018,1,"[0, 1]"
375291,7530546,4741,0,"[0, 1]"
375291,7530546,7081382,1,"[0, 1]"
375291,7530546,7469042,1,"[0, 1]"
375291,7530546,4266,0,"[0, 1]"
375291,7530546,1890218,1,"[0, 1]"
375291,126823,126823,1,"[1, 0]"
375291,126823,4016,0,"[1, 0]"
375291,126823,2007,0,"[1, 0]"
375291,126823,1003,0,"[1, 0]"
375291,126823,501,0,"[1, 0]"
375291,126823,250,0,"[1, 0]"
375291,126823,124,0,"[1, 0]"
375291,126823,61,0,"[1, 0]"
375291,126823,30,0,"[1, 0]"
375291,126823,14,0,"[1, 0]"
375291,126823,6,0,"[1, 0]"
375291,126823,2,0,"[1, 0]"
375291,126823,0,0,"[1, 0]"
375291,126823,2,0,"[0, 1]"
375291,126823,1,0,"[0, 1]"
375291,126823,4,0,"[0, 1]"
375291,126823,5,0,"[0, 1]"
375291,126823,6,0,"[0, 1]"
375291,126823,3,0,"[0, 1]"
375291,126823,9,0,"[0, 1]"
375291,126823,13,0,"[0, 1]"
375291,126823,8,0,"[0, 1]"
375291,126823,10,0,"[0, 1]"
375291,126823,7,0,"[0, 1]"
375291,126823,11,0,"[0, 1]"
375291,126823,24,0,"[0, 1]"
375291,126823,23,0,"[0, 1]"
375291,126823,30,0,"[0, 1]"
375291,126823,18,0,"[0, 1]"
375291,126823,29,0,"[0, 1]"
375291,126823,20,0,"[0, 1]"
375291,126823,22,0,"[0, 1]"
375291,126823,19,0,"[0, 1]"
375291,126823,55,0,"[0, 1]"
375291,126823,62,0,"[0, 1]"
375291,126823,51,0,"[0, 1]"
375291,126823,59,0,"[0, 1]"
375291,126823,47,0,"[0, 1]"
375291,126823,35,0,"[0, 1]"
375291,126823,46,0,"[0, 1]"
375291,126823,50,0,"[0, 1]"
375291,126823,48,0,"[0, 1]"
375291,126823,60,0,"[0, 1]"
375291,126823,98,0,"[0, 1]"
375291,126823,118,0,"[0, 1]"
375291,126823,91,0,"[0, 1]"
375291,126823,94,0,"[0, 1]"
375291,126823,95,0,"[0, 1]"
375291,126823,117,0,"[0, 1]"
375291,126823,106,0,"[0, 1]"
375291,126823,64,0,"[0, 1]"
375291,126823,71,0,"[0, 1]"
375291,126823,121,0,"[0, 1]"
375291,126823,92,0,"[0, 1]"
375291,126823,84,0,"[0, 1]"
375291,126823,177,0,"[0, 1]"
375291,126823,207,0,"[0, 1]"
375291,126823,186,0,"[0, 1]"
375291,126823,197,0,"[0, 1]"
375291,126823,212,0,"[0, 1]"
375291,126823,220,0,"[0, 1]"
375291,126823,143,0,"[0, 1]"
375291,126823,217,0,"[0, 1]"
375291,126823,193,0,"[0, 1]"
375291,126823,149,0,"[0, 1]"
375291,126823,233,0,"[0, 1]"
375291,126823,172,0,"[0, 1]"
375291,126823,166,0,"[0, 1]"
375291,126823,206,0,"[0, 1]"
375291,126823,311,0,"[0, 1]"
375291,126823,479,0,"[0, 1]"
375291,126823,391,0,"[0, 1]"
375291,126823,342,0,"[0, 1]"
375291,126823,485,0,"[0, 1]"
375291,126823,340,0,"[0, 1]"
375291,126823,452,0,"[0, 1]"
375291,126823,332,0,"[0, 1]"
375291,126823,421,0,"[0, 1]"
375291,126823,289,0,"[0, 1]"
375291,126823,430,0,"[0, 1]"
375291,126823,469,0,"[0, 1]"
375291,126823,366,0,"[0, 1]"
375291,126823,387,0,"[0, 1]"
375291,126823,361,0,"[0, 1]"
375291,126823,467,0,"[0, 1]"
375291,126823,565,0,"[0, 1]"
375291,126823,558,0,"[0, 1]"
375291,126823,911,0,"[0, 1]"
375291,126823,616,0,"[0, 1]"
375291,126823,693,0,"[0, 1]"
375291,126823,804,0,"[0, 1]"
375291,126823,556,0,"[0, 1]"
375291,126823,982,0,"[0, 1]"
375291,126823,943,0,"[0, 1]"
375291,126823,594,0,"[0, 1]"
375291,126823,834,0,"[0, 1]"
375291,126823,660,0,"[0, 1]"
375291,126823,764,0,"[0, 1]"
375291,126823,758,0,"[0, 1]"
375291,126823,667,0,"[0, 1]"
375291,126823,915,0,"[0, 1]"
375291,126823,919,0,"[0, 1]"
375291,126823,520,0,"[0, 1]"
375291,126823,1664,0,"[0, 1]"
375291,126823,1221,0,"[0, 1]"
375291,126823,1247,0,"[0, 1]"
375291,126823,1348,0,"[0, 1]"
375291,126823,1848,0,"[0, 1]"
375291,126823,1424,0,"[0, 1]"
375291,126823,1805,0,"[0, 1]"
375291,126823,1807,0,"[0, 1]"
375291,126823,1310,0,"[0, 1]"
375291,126823,1960,0,"[0, 1]"
375291,126823,1677,0,"[0, 1]"
375291,126823,1032,0,"[0, 1]"
375291,126823,1246,0,"[0, 1]"
375291,126823,1763,0,"[0, 1]"
375291,126823,1376,0,"[0, 1]"
375291,126823,1261,0,"[0, 1]"
375291,126823,1992,0,"[0, 1]"
375291,126823,1229,0,"[0, 1]"
375291,126823,1704,0,"[0, 1]"
375291,126823,1833,0,"[0, 1]"
375291,126823,3758,0,"[0, 1]"
375291,126823,2925,0,"[0, 1]"
375291,126823,3862,0,"[0, 1]"
375291,126823,3961,0,"[0, 1]"
375291,126823,3339,0,"[0, 1]"
375291,126823,2989,0,"[0, 1]"
375291,126823,2933,0,"[0, 1]"
375291,126823,3027,0,"[0, 1]"
375291,126823,2707,0,"[0, 1]"
375291,126823,3102,0,"[0, 1]"
375291,126823,2817,0,"[0, 1]"
375291,126823,2447,0,"[0, 1]"
375291,126823,3940,0,"[0, 1]"
375291,126823,2964,0,"[0, 1]"
375291,126823,2217,0,"[0, 1]"
375291,126823,3034,0,"[0, 1]"
375291,126823,3507,0,"[0, 1]"
375291,126823,3063,0,"[0, 1]"
375291,126823,2107,0,"[0, 1]"
375291,126823,3729,0,"[0, 1]"
375291,126823,2454,0,"[0, 1]"
375291,126823,2231,0,"[0, 1]"
375291,126823,3239670,1,"[0, 1]"
375291,126823,7161700,1,"[0, 1]"
375291,126823,7613985,1,"[0, 1]"
375291,126823,7235073,1,"[0, 1]"
375291,126823,7178665,1,"[0, 1]"
375291,126823,7530174,1,"[0, 1]"
375291,126823,7123943,1,"[0, 1]"
375291,126823,7676222,1,"[0, 1]"
375291,126823,4875,0,"[0, 1]"
375291,126823,7553018,1,"[0, 1]"
375291,126823,7159288,1,"[0, 1]"
375291,126823,7258744,1,"[0, 1]"
375291,126823,7378397,1,"[0, 1]"
375291,126823,4789,0,"[0, 1]"
375291,126823,7468368,1,"[0, 1]"
375291,126823,7082472,1,"[0, 1]"
375291,126823,7142571,1,"[0, 1]"
375291,126823,7091104,1,"[0, 1]"
375291,126823,7097083,1,"[0, 1]"
375291,126823,4681,0,"[0, 1]"
375291,126823,4955,0,"[0, 1]"
375291,126823,7108969,1,"[0, 1]"
375291,126823,4602,0,"[0, 1]"
375291,126823,7670356,1,"[0, 1]"
649200,7530762,7530762,1,"[1, 0]"
649200,7530762,4623,0,"[1, 0]"
649200,7530762,3244,0,"[1, 0]"
649200,7530762,1621,0,"[1, 0]"
649200,7530762,810,0,"[1, 0]"
649200,7530762,404,0,"[1, 0]"
649200,7530762,201,0,"[1, 0]"
649200,7530762,100,0,"[1, 0]"
649200,7530762,49,0,"[1, 0]"
649200,7530762,24,0,"[1, 0]"
649200,7530762,11,0,"[1, 0]"
649200,7530762,5,0,"[1, 0]"
649200,7530762,2,0,"[1, 0]"
649200,7530762,0,0,"[1, 0]"
649200,7530762,1,0,"[0, 1]"
649200,7530762,2,0,"[0, 1]"
649200,7530762,4,0,"[0, 1]"
649200,7530762,3,0,"[0, 1]"
649200,7530762,5,0,"[0, 1]"
649200,7530762,6,0,"[0, 1]"
649200,7530762,14,0,"[0, 1]"
649200,7530762,8,0,"[0, 1]"
649200,7530762,13,0,"[0, 1]"
649200,7530762,7,0,"[0, 1]"
649200,7530762,12,0,"[0, 1]"
649200,7530762,10,0,"[0, 1]"
649200,7530762,25,0,"[0, 1]"
649200,7530762,26,0,"[0, 1]"
649200,7530762,28,0,"[0, 1]"
649200,7530762,20,0,"[0, 1]"
649200,7530762,22,0,"[0, 1]"
649200,7530762,17,0,"[0, 1]"
649200,7530762,24,0,"[0, 1]"
649200,7530762,18,0,"[0, 1]"
649200,7530762,56,0,"[0, 1]"
649200,7530762,41,0,"[0, 1]"
649200,7530762,44,0,"[0, 1]"
649200,7530762,45,0,"[0, 1]"
649200,7530762,59,0,"[0, 1]"
649200,7530762,57,0,"[0, 1]"
649200,7530762,51,0,"[0, 1]"
649200,7530762,55,0,"[0, 1]"
649200,7530762,38,0,"[0, 1]"
649200,7530762,33,0,"[0, 1]"
649200,7530762,66,0,"[0, 1]"
649200,7530762,97,0,"[0, 1]"
649200,7530762,100,0,"[0, 1]"
649200,7530762,122,0,"[0, 1]"
649200,7530762,85,0,"[0, 1]"
649200,7530762,108,0,"[0, 1]"
649200,7530762,93,0,"[0, 1]"
649200,7530762,109,0,"[0, 1]"
649200,7530762,70,0,"[0, 1]"
649200,7530762,116,0,"[0, 1]"
649200,7530762,68,0,"[0, 1]"
649200,7530762,112,0,"[0, 1]"
649200,7530762,127,0,"[0, 1]"
649200,7530762,166,0,"[0, 1]"
649200,7530762,231,0,"[0, 1]"
649200,7530762,158,0,"[0, 1]"
649200,7530762,246,0,"[0, 1]"
649200,7530762,219,0,"[0, 1]"
649200,7530762,198,0,"[0, 1]"
649200,7530762,208,0,"[0, 1]"
649200,7530762,214,0,"[0, 1]"
649200,7530762,191,0,"[0, 1]"
649200,7530762,216,0,"[0, 1]"
649200,7530762,174,0,"[0, 1]"
649200,7530762,187,0,"[0, 1]"
649200,7530762,228,0,"[0, 1]"
649200,7530762,491,0,"[0, 1]"
649200,7530762,288,0,"[0, 1]"
649200,7530762,353,0,"[0, 1]"
649200,7530762,494,0,"[0, 1]"
649200,7530762,361,0,"[0, 1]"
649200,7530762,503,0,"[0, 1]"
649200,7530762,374,0,"[0, 1]"
649200,7530762,274,0,"[0, 1]"
649200,7530762,343,0,"[0, 1]"
649200,7530762,296,0,"[0, 1]"
649200,7530762,333,0,"[0, 1]"
649200,7530762,475,0,"[0, 1]"
649200,7530762,438,0,"[0, 1]"
649200,7530762,371,0,"[0, 1]"
649200,7530762,304,0,"[0, 1]"
649200,7530762,309,0,"[0, 1]"
649200,7530762,949,0,"[0, 1]"
649200,7530762,859,0,"[0, 1]"
649200,7530762,950,0,"[0, 1]"
649200,7530762,922,0,"[0, 1]"
649200,7530762,986,0,"[0, 1]"
649200,7530762,752,0,"[0, 1]"
649200,7530762,745,0,"[0, 1]"
649200,7530762,626,0,"[0, 1]"
649200,7530762,686,0,"[0, 1]"
649200,7530762,557,0,"[0, 1]"
649200,7530762,756,0,"[0, 1]"
649200,7530762,777,0,"[0, 1]"
649200,7530762,833,0,"[0, 1]"
649200,7530762,818,0,"[0, 1]"
649200,7530762,657,0,"[0, 1]"
649200,7530762,1006,0,"[0, 1]"
649200,7530762,789,0,"[0, 1]"
649200,7530762,710,0,"[0, 1]"
649200,7530762,1557,0,"[0, 1]"
649200,7530762,1924,0,"[0, 1]"
649200,7530762,1979,0,"[0, 1]"
649200,7530762,1340,0,"[0, 1]"
649200,7530762,1747,0,"[0, 1]"
649200,7530762,1057,0,"[0, 1]"
649200,7530762,1754,0,"[0, 1]"
649200,7530762,1086,0,"[0, 1]"
649200,7530762,1437,0,"[0, 1]"
649200,7530762,1439,0,"[0, 1]"
649200,7530762,1145,0,"[0, 1]"
649200,7530762,1720,0,"[0, 1]"
649200,7530762,1852,0,"[0, 1]"
649200,7530762,2009,0,"[0, 1]"
649200,7530762,1944,0,"[0, 1]"
649200,7530762,1245,0,"[0, 1]"
649200,7530762,1160,0,"[0, 1]"
649200,7530762,1853,0,"[0, 1]"
649200,7530762,1134,0,"[0, 1]"
649200,7530762,1591,0,"[0, 1]"
649200,7530762,2976,0,"[0, 1]"
649200,7530762,2580,0,"[0, 1]"
649200,7530762,3839,0,"[0, 1]"
649200,7530762,2410,0,"[0, 1]"
649200,7530762,3670,0,"[0, 1]"
649200,7530762,4078,0,"[0, 1]"
649200,7530762,3784,0,"[0, 1]"
649200,7530762,4018,0,"[0, 1]"
649200,7530762,3134,0,"[0, 1]"
649200,7530762,3643,0,"[0, 1]"
649200,7530762,3566,0,"[0, 1]"
649200,7530762,3731,0,"[0, 1]"
649200,7530762,2260,0,"[0, 1]"
649200,7530762,2889,0,"[0, 1]"
649200,7530762,2672,0,"[0, 1]"
649200,7530762,3448,0,"[0, 1]"
649200,7530762,2355,0,"[0, 1]"
649200,7530762,2065,0,"[0, 1]"
649200,7530762,3317,0,"[0, 1]"
649200,7530762,2460,0,"[0, 1]"
649200,7530762,2118,0,"[0, 1]"
649200,7530762,2140,0,"[0, 1]"
649200,7530762,4752,0,"[0, 1]"
649200,7530762,7144671,1,"[0, 1]"
649200,7530762,7262315,1,"[0, 1]"
649200,7530762,7621906,1,"[0, 1]"
649200,7530762,7234958,1,"[0, 1]"
649200,7530762,7670356,1,"[0, 1]"
649200,7530762,695180,1,"[0, 1]"
649200,7530762,7109416,1,"[0, 1]"
649200,7530762,7623799,1,"[0, 1]"
649200,7530762,7612308,1,"[0, 1]"
649200,7530762,7633985,1,"[0, 1]"
649200,7530762,4931,0,"[0, 1]"
649200,7530762,7155493,1,"[0, 1]"
649200,7530762,6519900,1,"[0, 1]"
649200,7530762,7092278,1,"[0, 1]"
649200,7530762,4589,0,"[0, 1]"
649200,7530762,7268725,1,"[0, 1]"
649200,7530762,7575848,1,"[0, 1]"
649200,7530762,7655418,1,"[0, 1]"
649200,7530762,7341787,1,"[0, 1]"
649200,7530762,7398774,1,"[0, 1]"
649200,7530762,7424843,1,"[0, 1]"
649200,7530762,2020524,1,"[0, 1]"
649200,7530762,7365157,1,"[0, 1]"
649200,7530762,7474233,1,"[0, 1]"
649200,7530762,7351963,1,"[0, 1]"
649200,7530762,7081741,1,"[0, 1]"
649200,7530762,7502917,1,"[0, 1]"
649200,7530762,7216281,1,"[0, 1]"
649200,7530762,7624226,1,"[0, 1]"
649200,7530762,7180062,1,"[0, 1]"
649200,7530762,7629448,1,"[0, 1]"
649200,7530762,7158201,1,"[0, 1]"
649200,7530762,7457321,1,"[0, 1]"
649200,7530762,7295399,1,"[0, 1]"
649200,7530762,5464614,1,"[0, 1]"
649200,7530762,7620494,1,"[0, 1]"
649200,7530762,7547622,1,"[0, 1]"
649200,7530762,4678132,1,"[0, 1]"
649200,7530762,7390629,1,"[0, 1]"
649200,7530762,7366186,1,"[0, 1]"
649200,7530762,7318114,1,"[0, 1]"
649200,7530762,7100317,1,"[0, 1]"
649200,7530762,7078672,1,"[0, 1]"
649200,7530762,7495369,1,"[0, 1]"
649200,7530762,7499902,1,"[0, 1]"
649200,7530762,7212537,1,"[0, 1]"
649200,7530762,7542609,1,"[0, 1]"
649200,7530762,6166672,1,"[0, 1]"
649200,7530762,7193473,1,"[0, 1]"
614598,7530907,7530907,1,"[1, 0]"
614598,7530907,4119,0,"[1, 0]"
614598,7530907,2102,0,"[1, 0]"
614598,7530907,1050,0,"[1, 0]"
614598,7530907,524,0,"[1, 0]"
614598,7530907,261,0,"[1, 0]"
614598,7530907,130,0,"[1, 0]"
614598,7530907,64,0,"[1, 0]"
614598,7530907,31,0,"[1, 0]"
614598,7530907,15,0,"[1, 0]"
614598,7530907,7,0,"[1, 0]"
614598,7530907,3,0,"[1, 0]"
614598,7530907,1,0,"[1, 0]"
614598,7530907,0,0,"[1, 0]"
614598,7530907,2,0,"[0, 1]"
614598,7530907,1,0,"[0, 1]"
614598,7530907,6,0,"[0, 1]"
614598,7530907,4,0,"[0, 1]"
614598,7530907,5,0,"[0, 1]"
614598,7530907,3,0,"[0, 1]"
614598,7530907,12,0,"[0, 1]"
614598,7530907,13,0,"[0, 1]"
614598,7530907,9,0,"[0, 1]"
614598,7530907,10,0,"[0, 1]"
614598,7530907,11,0,"[0, 1]"
614598,7530907,7,0,"[0, 1]"
614598,7530907,22,0,"[0, 1]"
614598,7530907,24,0,"[0, 1]"
614598,7530907,21,0,"[0, 1]"
614598,7530907,30,0,"[0, 1]"
614598,7530907,20,0,"[0, 1]"
614598,7530907,18,0,"[0, 1]"
614598,7530907,27,0,"[0, 1]"
614598,7530907,28,0,"[0, 1]"
614598,7530907,33,0,"[0, 1]"
614598,7530907,47,0,"[0, 1]"
614598,7530907,60,0,"[0, 1]"
614598,7530907,52,0,"[0, 1]"
614598,7530907,31,0,"[0, 1]"
614598,7530907,39,0,"[0, 1]"
614598,7530907,48,0,"[0, 1]"
614598,7530907,42,0,"[0, 1]"
614598,7530907,53,0,"[0, 1]"
614598,7530907,36,0,"[0, 1]"
614598,7530907,119,0,"[0, 1]"
614598,7530907,107,0,"[0, 1]"
614598,7530907,106,0,"[0, 1]"
614598,7530907,105,0,"[0, 1]"
614598,7530907,87,0,"[0, 1]"
614598,7530907,71,0,"[0, 1]"
614598,7530907,72,0,"[0, 1]"
614598,7530907,63,0,"[0, 1]"
614598,7530907,98,0,"[0, 1]"
614598,7530907,101,0,"[0, 1]"
614598,7530907,75,0,"[0, 1]"
614598,7530907,104,0,"[0, 1]"
614598,7530907,180,0,"[0, 1]"
614598,7530907,219,0,"[0, 1]"
614598,7530907,145,0,"[0, 1]"
614598,7530907,224,0,"[0, 1]"
614598,7530907,151,0,"[0, 1]"
614598,7530907,210,0,"[0, 1]"
614598,7530907,150,0,"[0, 1]"
614598,7530907,215,0,"[0, 1]"
614598,7530907,221,0,"[0, 1]"
614598,7530907,182,0,"[0, 1]"
614598,7530907,189,0,"[0, 1]"
614598,7530907,135,0,"[0, 1]"
614598,7530907,211,0,"[0, 1]"
614598,7530907,209,0,"[0, 1]"
614598,7530907,315,0,"[0, 1]"
614598,7530907,366,0,"[0, 1]"
614598,7530907,328,0,"[0, 1]"
614598,7530907,480,0,"[0, 1]"
614598,7530907,277,0,"[0, 1]"
614598,7530907,283,0,"[0, 1]"
614598,7530907,357,0,"[0, 1]"
614598,7530907,359,0,"[0, 1]"
614598,7530907,431,0,"[0, 1]"
614598,7530907,268,0,"[0, 1]"
614598,7530907,321,0,"[0, 1]"
614598,7530907,509,0,"[0, 1]"
614598,7530907,386,0,"[0, 1]"
614598,7530907,363,0,"[0, 1]"
614598,7530907,360,0,"[0, 1]"
614598,7530907,446,0,"[0, 1]"
614598,7530907,987,0,"[0, 1]"
614598,7530907,740,0,"[0, 1]"
614598,7530907,756,0,"[0, 1]"
614598,7530907,619,0,"[0, 1]"
614598,7530907,777,0,"[0, 1]"
614598,7530907,550,0,"[0, 1]"
614598,7530907,893,0,"[0, 1]"
614598,7530907,931,0,"[0, 1]"
614598,7530907,916,0,"[0, 1]"
614598,7530907,842,0,"[0, 1]"
614598,7530907,818,0,"[0, 1]"
614598,7530907,887,0,"[0, 1]"
614598,7530907,733,0,"[0, 1]"
614598,7530907,999,0,"[0, 1]"
614598,7530907,748,0,"[0, 1]"
614598,7530907,656,0,"[0, 1]"
614598,7530907,1016,0,"[0, 1]"
614598,7530907,606,0,"[0, 1]"
614598,7530907,2038,0,"[0, 1]"
614598,7530907,1667,0,"[0, 1]"
614598,7530907,1201,0,"[0, 1]"
614598,7530907,1724,0,"[0, 1]"
614598,7530907,1885,0,"[0, 1]"
614598,7530907,1389,0,"[0, 1]"
614598,7530907,1772,0,"[0, 1]"
614598,7530907,1672,0,"[0, 1]"
614598,7530907,1225,0,"[0, 1]"
614598,7530907,1784,0,"[0, 1]"
614598,7530907,1844,0,"[0, 1]"
614598,7530907,1405,0,"[0, 1]"
614598,7530907,1052,0,"[0, 1]"
614598,7530907,1456,0,"[0, 1]"
614598,7530907,1609,0,"[0, 1]"
614598,7530907,1312,0,"[0, 1]"
614598,7530907,1585,0,"[0, 1]"
614598,7530907,1334,0,"[0, 1]"
614598,7530907,1102,0,"[0, 1]"
614598,7530907,1929,0,"[0, 1]"
614598,7530907,3059,0,"[0, 1]"
614598,7530907,3175,0,"[0, 1]"
614598,7530907,3339,0,"[0, 1]"
614598,7530907,3328,0,"[0, 1]"
614598,7530907,3929,0,"[0, 1]"
614598,7530907,3918,0,"[0, 1]"
614598,7530907,3818,0,"[0, 1]"
614598,7530907,2306,0,"[0, 1]"
614598,7530907,2812,0,"[0, 1]"
614598,7530907,2960,0,"[0, 1]"
614598,7530907,2238,0,"[0, 1]"
614598,7530907,3525,0,"[0, 1]"
614598,7530907,2804,0,"[0, 1]"
614598,7530907,2178,0,"[0, 1]"
614598,7530907,3878,0,"[0, 1]"
614598,7530907,3060,0,"[0, 1]"
614598,7530907,3775,0,"[0, 1]"
614598,7530907,2286,0,"[0, 1]"
614598,7530907,2535,0,"[0, 1]"
614598,7530907,3868,0,"[0, 1]"
614598,7530907,2666,0,"[0, 1]"
614598,7530907,3718,0,"[0, 1]"
614598,7530907,7528547,1,"[0, 1]"
614598,7530907,7468499,1,"[0, 1]"
614598,7530907,7502851,1,"[0, 1]"
614598,7530907,7248372,1,"[0, 1]"
614598,7530907,860900,1,"[0, 1]"
614598,7530907,7305955,1,"[0, 1]"
614598,7530907,4828,0,"[0, 1]"
614598,7530907,4369406,1,"[0, 1]"
614598,7530907,7278210,1,"[0, 1]"
614598,7530907,4970,0,"[0, 1]"
614598,7530907,7291788,1,"[0, 1]"
614598,7530907,4493,0,"[0, 1]"
614598,7530907,7417952,1,"[0, 1]"
614598,7530907,7390870,1,"[0, 1]"
614598,7530907,7255970,1,"[0, 1]"
614598,7530907,4449328,1,"[0, 1]"
614598,7530907,7482263,1,"[0, 1]"
614598,7530907,7626411,1,"[0, 1]"
614598,7530907,7643649,1,"[0, 1]"
614598,7530907,7515977,1,"[0, 1]"
614598,7530907,1720532,1,"[0, 1]"
614598,7530907,7354712,1,"[0, 1]"
614598,7530907,7689536,1,"[0, 1]"
614598,7530907,7617757,1,"[0, 1]"
614598,7530907,7091499,1,"[0, 1]"
614598,7530907,7675407,1,"[0, 1]"
614598,7530907,7635765,1,"[0, 1]"
614598,7530907,6794229,1,"[0, 1]"
614598,7530907,7271568,1,"[0, 1]"
614598,7530907,7093592,1,"[0, 1]"
614598,7530907,3014034,1,"[0, 1]"
614598,7530907,7416571,1,"[0, 1]"
614598,7530907,7480664,1,"[0, 1]"
614598,7530907,7281400,1,"[0, 1]"
614598,7530907,6031498,1,"[0, 1]"
614598,7530907,7342178,1,"[0, 1]"
614598,7530907,7495099,1,"[0, 1]"
614598,7530907,7495319,1,"[0, 1]"
614598,7530907,7140020,1,"[0, 1]"
614598,7530907,309147,1,"[0, 1]"
614598,7530907,7688588,1,"[0, 1]"
614598,7530907,7213486,1,"[0, 1]"
614598,7530907,7686120,1,"[0, 1]"
614598,7530907,7675788,1,"[0, 1]"
614598,7530907,7685963,1,"[0, 1]"
614598,7530907,7235110,1,"[0, 1]"
614598,7530907,7072156,1,"[0, 1]"
614598,7530907,7456369,1,"[0, 1]"
614598,7530907,7263359,1,"[0, 1]"
614598,7530907,7549108,1,"[0, 1]"
478295,6359963,6359963,1,"[1, 0]"
478295,6359963,2126,0,"[1, 0]"
478295,6359963,1062,0,"[1, 0]"
478295,6359963,530,0,"[1, 0]"
478295,6359963,264,0,"[1, 0]"
478295,6359963,131,0,"[1, 0]"
478295,6359963,65,0,"[1, 0]"
478295,6359963,32,0,"[1, 0]"
478295,6359963,15,0,"[1, 0]"
478295,6359963,7,0,"[1, 0]"
478295,6359963,3,0,"[1, 0]"
478295,6359963,1,0,"[1, 0]"
478295,6359963,0,0,"[1, 0]"
478295,6359963,1,0,"[0, 1]"
478295,6359963,2,0,"[0, 1]"
478295,6359963,4,0,"[0, 1]"
478295,6359963,5,0,"[0, 1]"
478295,6359963,6,0,"[0, 1]"
478295,6359963,3,0,"[0, 1]"
478295,6359963,7,0,"[0, 1]"
478295,6359963,10,0,"[0, 1]"
478295,6359963,8,0,"[0, 1]"
478295,6359963,13,0,"[0, 1]"
478295,6359963,14,0,"[0, 1]"
478295,6359963,12,0,"[0, 1]"
478295,6359963,17,0,"[0, 1]"
478295,6359963,19,0,"[0, 1]"
478295,6359963,25,0,"[0, 1]"
478295,6359963,24,0,"[0, 1]"
478295,6359963,16,0,"[0, 1]"
478295,6359963,15,0,"[0, 1]"
478295,6359963,21,0,"[0, 1]"
478295,6359963,27,0,"[0, 1]"
478295,6359963,48,0,"[0, 1]"
478295,6359963,51,0,"[0, 1]"
478295,6359963,59,0,"[0, 1]"
478295,6359963,52,0,"[0, 1]"
478295,6359963,36,0,"[0, 1]"
478295,6359963,37,0,"[0, 1]"
478295,6359963,47,0,"[0, 1]"
478295,6359963,42,0,"[0, 1]"
478295,6359963,43,0,"[0, 1]"
478295,6359963,38,0,"[0, 1]"
478295,6359963,108,0,"[0, 1]"
478295,6359963,96,0,"[0, 1]"
478295,6359963,77,0,"[0, 1]"
478295,6359963,72,0,"[0, 1]"
478295,6359963,94,0,"[0, 1]"
478295,6359963,126,0,"[0, 1]"
478295,6359963,106,0,"[0, 1]"
478295,6359963,71,0,"[0, 1]"
478295,6359963,120,0,"[0, 1]"
478295,6359963,115,0,"[0, 1]"
478295,6359963,110,0,"[0, 1]"
478295,6359963,109,0,"[0, 1]"
478295,6359963,221,0,"[0, 1]"
478295,6359963,196,0,"[0, 1]"
478295,6359963,217,0,"[0, 1]"
478295,6359963,216,0,"[0, 1]"
478295,6359963,129,0,"[0, 1]"
478295,6359963,195,0,"[0, 1]"
478295,6359963,156,0,"[0, 1]"
478295,6359963,199,0,"[0, 1]"
478295,6359963,181,0,"[0, 1]"
478295,6359963,233,0,"[0, 1]"
478295,6359963,205,0,"[0, 1]"
478295,6359963,186,0,"[0, 1]"
478295,6359963,185,0,"[0, 1]"
478295,6359963,224,0,"[0, 1]"
478295,6359963,317,0,"[0, 1]"
478295,6359963,278,0,"[0, 1]"
478295,6359963,427,0,"[0, 1]"
478295,6359963,280,0,"[0, 1]"
478295,6359963,313,0,"[0, 1]"
478295,6359963,453,0,"[0, 1]"
478295,6359963,452,0,"[0, 1]"
478295,6359963,293,0,"[0, 1]"
478295,6359963,495,0,"[0, 1]"
478295,6359963,282,0,"[0, 1]"
478295,6359963,454,0,"[0, 1]"
478295,6359963,300,0,"[0, 1]"
478295,6359963,451,0,"[0, 1]"
478295,6359963,430,0,"[0, 1]"
478295,6359963,257,0,"[0, 1]"
478295,6359963,439,0,"[0, 1]"
478295,6359963,629,0,"[0, 1]"
478295,6359963,764,0,"[0, 1]"
478295,6359963,825,0,"[0, 1]"
478295,6359963,762,0,"[0, 1]"
478295,6359963,635,0,"[0, 1]"
478295,6359963,900,0,"[0, 1]"
478295,6359963,616,0,"[0, 1]"
478295,6359963,1000,0,"[0, 1]"
478295,6359963,872,0,"[0, 1]"
478295,6359963,934,0,"[0, 1]"
478295,6359963,673,0,"[0, 1]"
478295,6359963,609,0,"[0, 1]"
478295,6359963,915,0,"[0, 1]"
478295,6359963,531,0,"[0, 1]"
478295,6359963,602,0,"[0, 1]"
478295,6359963,1006,0,"[0, 1]"
478295,6359963,920,0,"[0, 1]"
478295,6359963,857,0,"[0, 1]"
478295,6359963,1226,0,"[0, 1]"
478295,6359963,1187,0,"[0, 1]"
478295,6359963,1325,0,"[0, 1]"
478295,6359963,1231,0,"[0, 1]"
478295,6359963,1781,0,"[0, 1]"
478295,6359963,1208,0,"[0, 1]"
478295,6359963,1314,0,"[0, 1]"
478295,6359963,1270,0,"[0, 1]"
478295,6359963,1662,0,"[0, 1]"
478295,6359963,1518,0,"[0, 1]"
478295,6359963,1374,0,"[0, 1]"
478295,6359963,1145,0,"[0, 1]"
478295,6359963,1955,0,"[0, 1]"
478295,6359963,1178,0,"[0, 1]"
478295,6359963,1081,0,"[0, 1]"
478295,6359963,2005,0,"[0, 1]"
478295,6359963,1221,0,"[0, 1]"
478295,6359963,1523,0,"[0, 1]"
478295,6359963,1320,0,"[0, 1]"
478295,6359963,1804,0,"[0, 1]"
478295,6359963,3501,0,"[0, 1]"
478295,6359963,3218,0,"[0, 1]"
478295,6359963,3273,0,"[0, 1]"
478295,6359963,3549,0,"[0, 1]"
478295,6359963,3421,0,"[0, 1]"
478295,6359963,2513,0,"[0, 1]"
478295,6359963,3910,0,"[0, 1]"
478295,6359963,3705,0,"[0, 1]"
478295,6359963,3526,0,"[0, 1]"
478295,6359963,2176,0,"[0, 1]"
478295,6359963,3906,0,"[0, 1]"
478295,6359963,3325,0,"[0, 1]"
478295,6359963,2143,0,"[0, 1]"
478295,6359963,3470,0,"[0, 1]"
478295,6359963,2580,0,"[0, 1]"
478295,6359963,2626,0,"[0, 1]"
478295,6359963,2546,0,"[0, 1]"
478295,6359963,2173,0,"[0, 1]"
478295,6359963,3346,0,"[0, 1]"
478295,6359963,3991,0,"[0, 1]"
478295,6359963,3120,0,"[0, 1]"
478295,6359963,2667,0,"[0, 1]"
478295,6359963,7235642,1,"[0, 1]"
478295,6359963,4306,0,"[0, 1]"
478295,6359963,7202357,1,"[0, 1]"
478295,6359963,7288218,1,"[0, 1]"
478295,6359963,7499518,1,"[0, 1]"
478295,6359963,7495322,1,"[0, 1]"
478295,6359963,7593612,1,"[0, 1]"
478295,6359963,4375,0,"[0, 1]"
478295,6359963,7289647,1,"[0, 1]"
478295,6359963,7601418,1,"[0, 1]"
478295,6359963,4606,0,"[0, 1]"
478295,6359963,7078279,1,"[0, 1]"
478295,6359963,7499926,1,"[0, 1]"
478295,6359963,7278560,1,"[0, 1]"
478295,6359963,7199090,1,"[0, 1]"
478295,6359963,2009392,1,"[0, 1]"
478295,6359963,7178110,1,"[0, 1]"
478295,6359963,7444684,1,"[0, 1]"
478295,6359963,286523,1,"[0, 1]"
478295,6359963,7346319,1,"[0, 1]"
478295,6359963,7674790,1,"[0, 1]"
478295,6359963,4788,0,"[0, 1]"
478295,6359963,7151971,1,"[0, 1]"
478295,6359963,7087695,1,"[0, 1]"
674914,7531043,7531043,1,"[1, 0]"
674914,7531043,3362,0,"[1, 0]"
674914,7531043,1680,0,"[1, 0]"
674914,7531043,839,0,"[1, 0]"
674914,7531043,419,0,"[1, 0]"
674914,7531043,209,0,"[1, 0]"
674914,7531043,104,0,"[1, 0]"
674914,7531043,51,0,"[1, 0]"
674914,7531043,25,0,"[1, 0]"
674914,7531043,12,0,"[1, 0]"
674914,7531043,5,0,"[1, 0]"
674914,7531043,2,0,"[1, 0]"
674914,7531043,0,0,"[1, 0]"
674914,7531043,2,0,"[0, 1]"
674914,7531043,1,0,"[0, 1]"
674914,7531043,5,0,"[0, 1]"
674914,7531043,4,0,"[0, 1]"
674914,7531043,3,0,"[0, 1]"
674914,7531043,6,0,"[0, 1]"
674914,7531043,11,0,"[0, 1]"
674914,7531043,14,0,"[0, 1]"
674914,7531043,12,0,"[0, 1]"
674914,7531043,10,0,"[0, 1]"
674914,7531043,8,0,"[0, 1]"
674914,7531043,13,0,"[0, 1]"
674914,7531043,17,0,"[0, 1]"
674914,7531043,24,0,"[0, 1]"
674914,7531043,18,0,"[0, 1]"
674914,7531043,20,0,"[0, 1]"
674914,7531043,23,0,"[0, 1]"
674914,7531043,19,0,"[0, 1]"
674914,7531043,27,0,"[0, 1]"
674914,7531043,21,0,"[0, 1]"
674914,7531043,53,0,"[0, 1]"
674914,7531043,52,0,"[0, 1]"
674914,7531043,43,0,"[0, 1]"
674914,7531043,40,0,"[0, 1]"
674914,7531043,36,0,"[0, 1]"
674914,7531043,49,0,"[0, 1]"
674914,7531043,41,0,"[0, 1]"
674914,7531043,34,0,"[0, 1]"
674914,7531043,51,0,"[0, 1]"
674914,7531043,45,0,"[0, 1]"
674914,7531043,111,0,"[0, 1]"
674914,7531043,77,0,"[0, 1]"
674914,7531043,116,0,"[0, 1]"
674914,7531043,123,0,"[0, 1]"
674914,7531043,78,0,"[0, 1]"
674914,7531043,106,0,"[0, 1]"
674914,7531043,118,0,"[0, 1]"
674914,7531043,69,0,"[0, 1]"
674914,7531043,65,0,"[0, 1]"
674914,7531043,71,0,"[0, 1]"
674914,7531043,79,0,"[0, 1]"
674914,7531043,82,0,"[0, 1]"
674914,7531043,128,0,"[0, 1]"
674914,7531043,211,0,"[0, 1]"
674914,7531043,214,0,"[0, 1]"
674914,7531043,138,0,"[0, 1]"
674914,7531043,218,0,"[0, 1]"
674914,7531043,247,0,"[0, 1]"
674914,7531043,136,0,"[0, 1]"
674914,7531043,179,0,"[0, 1]"
674914,7531043,207,0,"[0, 1]"
674914,7531043,253,0,"[0, 1]"
674914,7531043,198,0,"[0, 1]"
674914,7531043,234,0,"[0, 1]"
674914,7531043,177,0,"[0, 1]"
674914,7531043,181,0,"[0, 1]"
674914,7531043,324,0,"[0, 1]"
674914,7531043,281,0,"[0, 1]"
674914,7531043,434,0,"[0, 1]"
674914,7531043,328,0,"[0, 1]"
674914,7531043,388,0,"[0, 1]"
674914,7531043,263,0,"[0, 1]"
674914,7531043,473,0,"[0, 1]"
674914,7531043,443,0,"[0, 1]"
674914,7531043,298,0,"[0, 1]"
674914,7531043,417,0,"[0, 1]"
674914,7531043,381,0,"[0, 1]"
674914,7531043,479,0,"[0, 1]"
674914,7531043,509,0,"[0, 1]"
674914,7531043,406,0,"[0, 1]"
674914,7531043,268,0,"[0, 1]"
674914,7531043,382,0,"[0, 1]"
674914,7531043,879,0,"[0, 1]"
674914,7531043,796,0,"[0, 1]"
674914,7531043,808,0,"[0, 1]"
674914,7531043,715,0,"[0, 1]"
674914,7531043,602,0,"[0, 1]"
674914,7531043,845,0,"[0, 1]"
674914,7531043,934,0,"[0, 1]"
674914,7531043,653,0,"[0, 1]"
674914,7531043,683,0,"[0, 1]"
674914,7531043,750,0,"[0, 1]"
674914,7531043,535,0,"[0, 1]"
674914,7531043,599,0,"[0, 1]"
674914,7531043,540,0,"[0, 1]"
674914,7531043,886,0,"[0, 1]"
674914,7531043,1017,0,"[0, 1]"
674914,7531043,566,0,"[0, 1]"
674914,7531043,780,0,"[0, 1]"
674914,7531043,805,0,"[0, 1]"
674914,7531043,1313,0,"[0, 1]"
674914,7531043,1652,0,"[0, 1]"
674914,7531043,1232,0,"[0, 1]"
674914,7531043,1024,0,"[0, 1]"
674914,7531043,1074,0,"[0, 1]"
674914,7531043,1991,0,"[0, 1]"
674914,7531043,2014,0,"[0, 1]"
674914,7531043,1188,0,"[0, 1]"
674914,7531043,1113,0,"[0, 1]"
674914,7531043,1594,0,"[0, 1]"
674914,7531043,1962,0,"[0, 1]"
674914,7531043,1314,0,"[0, 1]"
674914,7531043,1090,0,"[0, 1]"
674914,7531043,1401,0,"[0, 1]"
674914,7531043,2038,0,"[0, 1]"
674914,7531043,1098,0,"[0, 1]"
674914,7531043,1224,0,"[0, 1]"
674914,7531043,2044,0,"[0, 1]"
674914,7531043,1736,0,"[0, 1]"
674914,7531043,1492,0,"[0, 1]"
674914,7531043,2740,0,"[0, 1]"
674914,7531043,2846,0,"[0, 1]"
674914,7531043,3123,0,"[0, 1]"
674914,7531043,2520,0,"[0, 1]"
674914,7531043,3488,0,"[0, 1]"
674914,7531043,3544,0,"[0, 1]"
674914,7531043,2204,0,"[0, 1]"
674914,7531043,3571,0,"[0, 1]"
674914,7531043,2701,0,"[0, 1]"
674914,7531043,2125,0,"[0, 1]"
674914,7531043,2369,0,"[0, 1]"
674914,7531043,2648,0,"[0, 1]"
674914,7531043,2737,0,"[0, 1]"
674914,7531043,2179,0,"[0, 1]"
674914,7531043,2133,0,"[0, 1]"
674914,7531043,3454,0,"[0, 1]"
674914,7531043,2549,0,"[0, 1]"
674914,7531043,2271,0,"[0, 1]"
674914,7531043,2618,0,"[0, 1]"
674914,7531043,3816,0,"[0, 1]"
674914,7531043,3586,0,"[0, 1]"
674914,7531043,3708,0,"[0, 1]"
674914,7531043,4644,0,"[0, 1]"
674914,7531043,7685957,1,"[0, 1]"
674914,7531043,4896,0,"[0, 1]"
674914,7531043,7396499,1,"[0, 1]"
674914,7531043,4497,0,"[0, 1]"
674914,7531043,7138770,1,"[0, 1]"
674914,7531043,7095212,1,"[0, 1]"
674914,7531043,4660,0,"[0, 1]"
674914,7531043,7381706,1,"[0, 1]"
674914,7531043,7359238,1,"[0, 1]"
674914,7531043,7408152,1,"[0, 1]"
674914,7531043,4960,0,"[0, 1]"
674914,7531043,7275543,1,"[0, 1]"
674914,7531043,4675,0,"[0, 1]"
674914,7531043,7627391,1,"[0, 1]"
674914,7531043,7538059,1,"[0, 1]"
674914,7531043,4921,0,"[0, 1]"
674914,7531043,4540,0,"[0, 1]"
674914,7531043,414827,1,"[0, 1]"
674914,7531043,7249620,1,"[0, 1]"
674914,7531043,7564578,1,"[0, 1]"
674914,7531043,7225667,1,"[0, 1]"
674914,7531043,7447712,1,"[0, 1]"
674914,7531043,7592945,1,"[0, 1]"
659230,7531069,7531069,1,"[1, 0]"
659230,7531069,2474,0,"[1, 0]"
659230,7531069,1236,0,"[1, 0]"
659230,7531069,617,0,"[1, 0]"
659230,7531069,308,0,"[1, 0]"
659230,7531069,153,0,"[1, 0]"
659230,7531069,76,0,"[1, 0]"
659230,7531069,37,0,"[1, 0]"
659230,7531069,18,0,"[1, 0]"
659230,7531069,8,0,"[1, 0]"
659230,7531069,3,0,"[1, 0]"
659230,7531069,1,0,"[1, 0]"
659230,7531069,0,0,"[1, 0]"
659230,7531069,1,0,"[0, 1]"
659230,7531069,2,0,"[0, 1]"
659230,7531069,6,0,"[0, 1]"
659230,7531069,5,0,"[0, 1]"
659230,7531069,3,0,"[0, 1]"
659230,7531069,4,0,"[0, 1]"
659230,7531069,10,0,"[0, 1]"
659230,7531069,7,0,"[0, 1]"
659230,7531069,8,0,"[0, 1]"
659230,7531069,12,0,"[0, 1]"
659230,7531069,9,0,"[0, 1]"
659230,7531069,13,0,"[0, 1]"
659230,7531069,19,0,"[0, 1]"
659230,7531069,25,0,"[0, 1]"
659230,7531069,22,0,"[0, 1]"
659230,7531069,26,0,"[0, 1]"
659230,7531069,29,0,"[0, 1]"
659230,7531069,20,0,"[0, 1]"
659230,7531069,16,0,"[0, 1]"
659230,7531069,17,0,"[0, 1]"
659230,7531069,54,0,"[0, 1]"
659230,7531069,62,0,"[0, 1]"
659230,7531069,53,0,"[0, 1]"
659230,7531069,41,0,"[0, 1]"
659230,7531069,35,0,"[0, 1]"
659230,7531069,32,0,"[0, 1]"
659230,7531069,45,0,"[0, 1]"
659230,7531069,33,0,"[0, 1]"
659230,7531069,44,0,"[0, 1]"
659230,7531069,60,0,"[0, 1]"
659230,7531069,70,0,"[0, 1]"
659230,7531069,74,0,"[0, 1]"
659230,7531069,80,0,"[0, 1]"
659230,7531069,72,0,"[0, 1]"
659230,7531069,89,0,"[0, 1]"
659230,7531069,114,0,"[0, 1]"
659230,7531069,100,0,"[0, 1]"
659230,7531069,118,0,"[0, 1]"
659230,7531069,64,0,"[0, 1]"
659230,7531069,95,0,"[0, 1]"
659230,7531069,105,0,"[0, 1]"
659230,7531069,75,0,"[0, 1]"
659230,7531069,250,0,"[0, 1]"
659230,7531069,178,0,"[0, 1]"
659230,7531069,133,0,"[0, 1]"
659230,7531069,232,0,"[0, 1]"
659230,7531069,188,0,"[0, 1]"
659230,7531069,220,0,"[0, 1]"
659230,7531069,233,0,"[0, 1]"
659230,7531069,248,0,"[0, 1]"
659230,7531069,172,0,"[0, 1]"
659230,7531069,159,0,"[0, 1]"
659230,7531069,189,0,"[0, 1]"
659230,7531069,179,0,"[0, 1]"
659230,7531069,239,0,"[0, 1]"
659230,7531069,145,0,"[0, 1]"
659230,7531069,274,0,"[0, 1]"
659230,7531069,417,0,"[0, 1]"
659230,7531069,445,0,"[0, 1]"
659230,7531069,474,0,"[0, 1]"
659230,7531069,429,0,"[0, 1]"
659230,7531069,288,0,"[0, 1]"
659230,7531069,415,0,"[0, 1]"
659230,7531069,470,0,"[0, 1]"
659230,7531069,454,0,"[0, 1]"
659230,7531069,325,0,"[0, 1]"
659230,7531069,367,0,"[0, 1]"
659230,7531069,344,0,"[0, 1]"
659230,7531069,403,0,"[0, 1]"
659230,7531069,354,0,"[0, 1]"
659230,7531069,357,0,"[0, 1]"
659230,7531069,384,0,"[0, 1]"
659230,7531069,758,0,"[0, 1]"
659230,7531069,879,0,"[0, 1]"
659230,7531069,782,0,"[0, 1]"
659230,7531069,525,0,"[0, 1]"
659230,7531069,737,0,"[0, 1]"
659230,7531069,610,0,"[0, 1]"
659230,7531069,832,0,"[0, 1]"
659230,7531069,618,0,"[0, 1]"
659230,7531069,754,0,"[0, 1]"
659230,7531069,567,0,"[0, 1]"
659230,7531069,938,0,"[0, 1]"
659230,7531069,751,0,"[0, 1]"
659230,7531069,614,0,"[0, 1]"
659230,7531069,658,0,"[0, 1]"
659230,7531069,807,0,"[0, 1]"
659230,7531069,599,0,"[0, 1]"
659230,7531069,856,0,"[0, 1]"
659230,7531069,554,0,"[0, 1]"
659230,7531069,1253,0,"[0, 1]"
659230,7531069,1293,0,"[0, 1]"
659230,7531069,1484,0,"[0, 1]"
659230,7531069,1531,0,"[0, 1]"
659230,7531069,1632,0,"[0, 1]"
659230,7531069,1419,0,"[0, 1]"
659230,7531069,1276,0,"[0, 1]"
659230,7531069,2028,0,"[0, 1]"
659230,7531069,1515,0,"[0, 1]"
659230,7531069,1511,0,"[0, 1]"
659230,7531069,1483,0,"[0, 1]"
659230,7531069,1281,0,"[0, 1]"
659230,7531069,1753,0,"[0, 1]"
659230,7531069,1031,0,"[0, 1]"
659230,7531069,1067,0,"[0, 1]"
659230,7531069,1240,0,"[0, 1]"
659230,7531069,1911,0,"[0, 1]"
659230,7531069,1957,0,"[0, 1]"
659230,7531069,1724,0,"[0, 1]"
659230,7531069,1835,0,"[0, 1]"
659230,7531069,2796,0,"[0, 1]"
659230,7531069,3739,0,"[0, 1]"
659230,7531069,2206,0,"[0, 1]"
659230,7531069,3881,0,"[0, 1]"
659230,7531069,3785,0,"[0, 1]"
659230,7531069,3335,0,"[0, 1]"
659230,7531069,2326,0,"[0, 1]"
659230,7531069,3994,0,"[0, 1]"
659230,7531069,2722,0,"[0, 1]"
659230,7531069,3122,0,"[0, 1]"
659230,7531069,4050,0,"[0, 1]"
659230,7531069,3398,0,"[0, 1]"
659230,7531069,2619,0,"[0, 1]"
659230,7531069,3857,0,"[0, 1]"
659230,7531069,2557,0,"[0, 1]"
659230,7531069,3477,0,"[0, 1]"
659230,7531069,2331,0,"[0, 1]"
659230,7531069,2984,0,"[0, 1]"
659230,7531069,3557,0,"[0, 1]"
659230,7531069,2795,0,"[0, 1]"
659230,7531069,2260,0,"[0, 1]"
659230,7531069,3463,0,"[0, 1]"
659230,7531069,7613702,1,"[0, 1]"
659230,7531069,7226373,1,"[0, 1]"
659230,7531069,4127,0,"[0, 1]"
659230,7531069,7371320,1,"[0, 1]"
659230,7531069,7681665,1,"[0, 1]"
659230,7531069,4714,0,"[0, 1]"
659230,7531069,7153842,1,"[0, 1]"
659230,7531069,7281799,1,"[0, 1]"
659230,7531069,7637574,1,"[0, 1]"
659230,7531069,7387480,1,"[0, 1]"
659230,7531069,7221542,1,"[0, 1]"
659230,7531069,850886,1,"[0, 1]"
659230,7531069,7664890,1,"[0, 1]"
659230,7531069,7200386,1,"[0, 1]"
659230,7531069,7117184,1,"[0, 1]"
659230,7531069,7684215,1,"[0, 1]"
659230,7531069,4677,0,"[0, 1]"
659230,7531069,7551972,1,"[0, 1]"
659230,7531069,7263157,1,"[0, 1]"
659230,7531069,7583207,1,"[0, 1]"
659230,7531069,7393374,1,"[0, 1]"
659230,7531069,7186156,1,"[0, 1]"
659230,7531069,184742,1,"[0, 1]"
659230,7531069,7163370,1,"[0, 1]"
659230,7531075,7531075,1,"[1, 0]"
659230,7531075,2474,0,"[1, 0]"
659230,7531075,1236,0,"[1, 0]"
659230,7531075,617,0,"[1, 0]"
659230,7531075,308,0,"[1, 0]"
659230,7531075,153,0,"[1, 0]"
659230,7531075,76,0,"[1, 0]"
659230,7531075,37,0,"[1, 0]"
659230,7531075,18,0,"[1, 0]"
659230,7531075,8,0,"[1, 0]"
659230,7531075,3,0,"[1, 0]"
659230,7531075,1,0,"[1, 0]"
659230,7531075,0,0,"[1, 0]"
659230,7531075,2,0,"[0, 1]"
659230,7531075,1,0,"[0, 1]"
659230,7531075,5,0,"[0, 1]"
659230,7531075,4,0,"[0, 1]"
659230,7531075,3,0,"[0, 1]"
659230,7531075,6,0,"[0, 1]"
659230,7531075,9,0,"[0, 1]"
659230,7531075,11,0,"[0, 1]"
659230,7531075,13,0,"[0, 1]"
659230,7531075,7,0,"[0, 1]"
659230,7531075,10,0,"[0, 1]"
659230,7531075,14,0,"[0, 1]"
659230,7531075,23,0,"[0, 1]"
659230,7531075,29,0,"[0, 1]"
659230,7531075,17,0,"[0, 1]"
659230,7531075,26,0,"[0, 1]"
659230,7531075,30,0,"[0, 1]"
659230,7531075,27,0,"[0, 1]"
659230,7531075,19,0,"[0, 1]"
659230,7531075,22,0,"[0, 1]"
659230,7531075,42,0,"[0, 1]"
659230,7531075,45,0,"[0, 1]"
659230,7531075,31,0,"[0, 1]"
659230,7531075,50,0,"[0, 1]"
659230,7531075,52,0,"[0, 1]"
659230,7531075,35,0,"[0, 1]"
659230,7531075,33,0,"[0, 1]"
659230,7531075,44,0,"[0, 1]"
659230,7531075,36,0,"[0, 1]"
659230,7531075,40,0,"[0, 1]"
659230,7531075,74,0,"[0, 1]"
659230,7531075,106,0,"[0, 1]"
659230,7531075,87,0,"[0, 1]"
659230,7531075,78,0,"[0, 1]"
659230,7531075,63,0,"[0, 1]"
659230,7531075,77,0,"[0, 1]"
659230,7531075,68,0,"[0, 1]"
659230,7531075,98,0,"[0, 1]"
659230,7531075,116,0,"[0, 1]"
659230,7531075,110,0,"[0, 1]"
659230,7531075,108,0,"[0, 1]"
659230,7531075,73,0,"[0, 1]"
659230,7531075,208,0,"[0, 1]"
659230,7531075,183,0,"[0, 1]"
659230,7531075,165,0,"[0, 1]"
659230,7531075,143,0,"[0, 1]"
659230,7531075,244,0,"[0, 1]"
659230,7531075,206,0,"[0, 1]"
659230,7531075,240,0,"[0, 1]"
659230,7531075,185,0,"[0, 1]"
659230,7531075,196,0,"[0, 1]"
659230,7531075,250,0,"[0, 1]"
659230,7531075,200,0,"[0, 1]"
659230,7531075,136,0,"[0, 1]"
659230,7531075,241,0,"[0, 1]"
659230,7531075,211,0,"[0, 1]"
659230,7531075,283,0,"[0, 1]"
659230,7531075,301,0,"[0, 1]"
659230,7531075,480,0,"[0, 1]"
659230,7531075,447,0,"[0, 1]"
659230,7531075,475,0,"[0, 1]"
659230,7531075,309,0,"[0, 1]"
659230,7531075,483,0,"[0, 1]"
659230,7531075,258,0,"[0, 1]"
659230,7531075,337,0,"[0, 1]"
659230,7531075,282,0,"[0, 1]"
659230,7531075,477,0,"[0, 1]"
659230,7531075,352,0,"[0, 1]"
659230,7531075,476,0,"[0, 1]"
659230,7531075,376,0,"[0, 1]"
659230,7531075,442,0,"[0, 1]"
659230,7531075,346,0,"[0, 1]"
659230,7531075,737,0,"[0, 1]"
659230,7531075,1008,0,"[0, 1]"
659230,7531075,975,0,"[0, 1]"
659230,7531075,607,0,"[0, 1]"
659230,7531075,678,0,"[0, 1]"
659230,7531075,649,0,"[0, 1]"
659230,7531075,701,0,"[0, 1]"
659230,7531075,566,0,"[0, 1]"
659230,7531075,778,0,"[0, 1]"
659230,7531075,511,0,"[0, 1]"
659230,7531075,700,0,"[0, 1]"
659230,7531075,710,0,"[0, 1]"
659230,7531075,571,0,"[0, 1]"
659230,7531075,909,0,"[0, 1]"
659230,7531075,859,0,"[0, 1]"
659230,7531075,558,0,"[0, 1]"
659230,7531075,920,0,"[0, 1]"
659230,7531075,813,0,"[0, 1]"
659230,7531075,1721,0,"[0, 1]"
659230,7531075,1517,0,"[0, 1]"
659230,7531075,1128,0,"[0, 1]"
659230,7531075,1164,0,"[0, 1]"
659230,7531075,1883,0,"[0, 1]"
659230,7531075,1891,0,"[0, 1]"
659230,7531075,1167,0,"[0, 1]"
659230,7531075,1577,0,"[0, 1]"
659230,7531075,1828,0,"[0, 1]"
659230,7531075,1069,0,"[0, 1]"
659230,7531075,1902,0,"[0, 1]"
659230,7531075,1176,0,"[0, 1]"
659230,7531075,1871,0,"[0, 1]"
659230,7531075,1217,0,"[0, 1]"
659230,7531075,1707,0,"[0, 1]"
659230,7531075,1979,0,"[0, 1]"
659230,7531075,1030,0,"[0, 1]"
659230,7531075,1296,0,"[0, 1]"
659230,7531075,2019,0,"[0, 1]"
659230,7531075,1816,0,"[0, 1]"
659230,7531075,3079,0,"[0, 1]"
659230,7531075,2893,0,"[0, 1]"
659230,7531075,2948,0,"[0, 1]"
659230,7531075,3660,0,"[0, 1]"
659230,7531075,2958,0,"[0, 1]"
659230,7531075,3305,0,"[0, 1]"
659230,7531075,2251,0,"[0, 1]"
659230,7531075,2906,0,"[0, 1]"
659230,7531075,2687,0,"[0, 1]"
659230,7531075,2295,0,"[0, 1]"
659230,7531075,2321,0,"[0, 1]"
659230,7531075,2741,0,"[0, 1]"
659230,7531075,4083,0,"[0, 1]"
659230,7531075,3345,0,"[0, 1]"
659230,7531075,3048,0,"[0, 1]"
659230,7531075,2297,0,"[0, 1]"
659230,7531075,3250,0,"[0, 1]"
659230,7531075,3938,0,"[0, 1]"
659230,7531075,2394,0,"[0, 1]"
659230,7531075,2169,0,"[0, 1]"
659230,7531075,2831,0,"[0, 1]"
659230,7531075,2425,0,"[0, 1]"
659230,7531075,7260196,1,"[0, 1]"
659230,7531075,7168247,1,"[0, 1]"
659230,7531075,4338,0,"[0, 1]"
659230,7531075,7252662,1,"[0, 1]"
659230,7531075,7511201,1,"[0, 1]"
659230,7531075,7553018,1,"[0, 1]"
659230,7531075,7421528,1,"[0, 1]"
659230,7531075,7288218,1,"[0, 1]"
659230,7531075,7344388,1,"[0, 1]"
659230,7531075,7225389,1,"[0, 1]"
659230,7531075,7632216,1,"[0, 1]"
659230,7531075,7255219,1,"[0, 1]"
659230,7531075,7354572,1,"[0, 1]"
659230,7531075,7101044,1,"[0, 1]"
659230,7531075,6037180,1,"[0, 1]"
659230,7531075,7444684,1,"[0, 1]"
659230,7531075,4637,0,"[0, 1]"
659230,7531075,7100724,1,"[0, 1]"
659230,7531075,4554,0,"[0, 1]"
659230,7531075,7311598,1,"[0, 1]"
659230,7531075,7111812,1,"[0, 1]"
659230,7531075,7595054,1,"[0, 1]"
659230,7531075,7106746,1,"[0, 1]"
659230,7531075,4237,0,"[0, 1]"
611366,7531219,7531219,1,"[1, 0]"
611366,7531219,2100,0,"[1, 0]"
611366,7531219,1049,0,"[1, 0]"
611366,7531219,524,0,"[1, 0]"
611366,7531219,261,0,"[1, 0]"
611366,7531219,130,0,"[1, 0]"
611366,7531219,64,0,"[1, 0]"
611366,7531219,31,0,"[1, 0]"
611366,7531219,15,0,"[1, 0]"
611366,7531219,7,0,"[1, 0]"
611366,7531219,3,0,"[1, 0]"
611366,7531219,1,0,"[1, 0]"
611366,7531219,0,0,"[1, 0]"
611366,7531219,1,0,"[0, 1]"
611366,7531219,2,0,"[0, 1]"
611366,7531219,4,0,"[0, 1]"
611366,7531219,3,0,"[0, 1]"
611366,7531219,6,0,"[0, 1]"
611366,7531219,5,0,"[0, 1]"
611366,7531219,13,0,"[0, 1]"
611366,7531219,10,0,"[0, 1]"
611366,7531219,11,0,"[0, 1]"
611366,7531219,7,0,"[0, 1]"
611366,7531219,12,0,"[0, 1]"
611366,7531219,9,0,"[0, 1]"
611366,7531219,17,0,"[0, 1]"
611366,7531219,24,0,"[0, 1]"
611366,7531219,28,0,"[0, 1]"
611366,7531219,19,0,"[0, 1]"
611366,7531219,21,0,"[0, 1]"
611366,7531219,29,0,"[0, 1]"
611366,7531219,26,0,"[0, 1]"
611366,7531219,25,0,"[0, 1]"
611366,7531219,56,0,"[0, 1]"
611366,7531219,53,0,"[0, 1]"
611366,7531219,38,0,"[0, 1]"
611366,7531219,35,0,"[0, 1]"
611366,7531219,45,0,"[0, 1]"
611366,7531219,44,0,"[0, 1]"
611366,7531219,41,0,"[0, 1]"
611366,7531219,32,0,"[0, 1]"
611366,7531219,55,0,"[0, 1]"
611366,7531219,52,0,"[0, 1]"
611366,7531219,71,0,"[0, 1]"
611366,7531219,118,0,"[0, 1]"
611366,7531219,93,0,"[0, 1]"
611366,7531219,124,0,"[0, 1]"
611366,7531219,106,0,"[0, 1]"
611366,7531219,68,0,"[0, 1]"
611366,7531219,87,0,"[0, 1]"
611366,7531219,96,0,"[0, 1]"
611366,7531219,75,0,"[0, 1]"
611366,7531219,105,0,"[0, 1]"
611366,7531219,91,0,"[0, 1]"
611366,7531219,114,0,"[0, 1]"
611366,7531219,242,0,"[0, 1]"
611366,7531219,169,0,"[0, 1]"
611366,7531219,131,0,"[0, 1]"
611366,7531219,231,0,"[0, 1]"
611366,7531219,150,0,"[0, 1]"
611366,7531219,172,0,"[0, 1]"
611366,7531219,146,0,"[0, 1]"
611366,7531219,196,0,"[0, 1]"
611366,7531219,228,0,"[0, 1]"
611366,7531219,210,0,"[0, 1]"
611366,7531219,141,0,"[0, 1]"
611366,7531219,190,0,"[0, 1]"
611366,7531219,184,0,"[0, 1]"
611366,7531219,239,0,"[0, 1]"
611366,7531219,436,0,"[0, 1]"
611366,7531219,372,0,"[0, 1]"
611366,7531219,255,0,"[0, 1]"
611366,7531219,452,0,"[0, 1]"
611366,7531219,381,0,"[0, 1]"
611366,7531219,495,0,"[0, 1]"
611366,7531219,493,0,"[0, 1]"
611366,7531219,369,0,"[0, 1]"
611366,7531219,311,0,"[0, 1]"
611366,7531219,439,0,"[0, 1]"
611366,7531219,393,0,"[0, 1]"
611366,7531219,373,0,"[0, 1]"
611366,7531219,323,0,"[0, 1]"
611366,7531219,408,0,"[0, 1]"
611366,7531219,396,0,"[0, 1]"
611366,7531219,501,0,"[0, 1]"
611366,7531219,988,0,"[0, 1]"
611366,7531219,879,0,"[0, 1]"
611366,7531219,929,0,"[0, 1]"
611366,7531219,769,0,"[0, 1]"
611366,7531219,781,0,"[0, 1]"
611366,7531219,829,0,"[0, 1]"
611366,7531219,883,0,"[0, 1]"
611366,7531219,830,0,"[0, 1]"
611366,7531219,774,0,"[0, 1]"
611366,7531219,784,0,"[0, 1]"
611366,7531219,759,0,"[0, 1]"
611366,7531219,957,0,"[0, 1]"
611366,7531219,705,0,"[0, 1]"
611366,7531219,667,0,"[0, 1]"
611366,7531219,889,0,"[0, 1]"
611366,7531219,779,0,"[0, 1]"
611366,7531219,660,0,"[0, 1]"
611366,7531219,655,0,"[0, 1]"
611366,7531219,1921,0,"[0, 1]"
611366,7531219,1465,0,"[0, 1]"
611366,7531219,2024,0,"[0, 1]"
611366,7531219,1931,0,"[0, 1]"
611366,7531219,1630,0,"[0, 1]"
611366,7531219,1573,0,"[0, 1]"
611366,7531219,1687,0,"[0, 1]"
611366,7531219,1327,0,"[0, 1]"
611366,7531219,1850,0,"[0, 1]"
611366,7531219,1040,0,"[0, 1]"
611366,7531219,1443,0,"[0, 1]"
611366,7531219,1779,0,"[0, 1]"
611366,7531219,2038,0,"[0, 1]"
611366,7531219,1713,0,"[0, 1]"
611366,7531219,1837,0,"[0, 1]"
611366,7531219,1394,0,"[0, 1]"
611366,7531219,1257,0,"[0, 1]"
611366,7531219,1171,0,"[0, 1]"
611366,7531219,1991,0,"[0, 1]"
611366,7531219,1593,0,"[0, 1]"
611366,7531219,2120,0,"[0, 1]"
611366,7531219,3075,0,"[0, 1]"
611366,7531219,3572,0,"[0, 1]"
611366,7531219,3338,0,"[0, 1]"
611366,7531219,2640,0,"[0, 1]"
611366,7531219,3909,0,"[0, 1]"
611366,7531219,2991,0,"[0, 1]"
611366,7531219,2495,0,"[0, 1]"
611366,7531219,2839,0,"[0, 1]"
611366,7531219,3867,0,"[0, 1]"
611366,7531219,2155,0,"[0, 1]"
611366,7531219,2090,0,"[0, 1]"
611366,7531219,2520,0,"[0, 1]"
611366,7531219,2586,0,"[0, 1]"
611366,7531219,2849,0,"[0, 1]"
611366,7531219,3920,0,"[0, 1]"
611366,7531219,3405,0,"[0, 1]"
611366,7531219,3812,0,"[0, 1]"
611366,7531219,2533,0,"[0, 1]"
611366,7531219,3833,0,"[0, 1]"
611366,7531219,2591,0,"[0, 1]"
611366,7531219,3514,0,"[0, 1]"
611366,7531219,7496523,1,"[0, 1]"
611366,7531219,7148053,1,"[0, 1]"
611366,7531219,7349580,1,"[0, 1]"
611366,7531219,4812,0,"[0, 1]"
611366,7531219,1091839,1,"[0, 1]"
611366,7531219,7386585,1,"[0, 1]"
611366,7531219,7174634,1,"[0, 1]"
611366,7531219,7087159,1,"[0, 1]"
611366,7531219,7476722,1,"[0, 1]"
611366,7531219,4131,0,"[0, 1]"
611366,7531219,7367183,1,"[0, 1]"
611366,7531219,4825,0,"[0, 1]"
611366,7531219,7413000,1,"[0, 1]"
611366,7531219,4259,0,"[0, 1]"
611366,7531219,7234626,1,"[0, 1]"
611366,7531219,7305235,1,"[0, 1]"
611366,7531219,3746070,1,"[0, 1]"
611366,7531219,7300747,1,"[0, 1]"
611366,7531219,7548990,1,"[0, 1]"
611366,7531219,4940,0,"[0, 1]"
611366,7531219,7420248,1,"[0, 1]"
611366,7531219,7436153,1,"[0, 1]"
611366,7531219,7568153,1,"[0, 1]"
611366,7531219,3232379,1,"[0, 1]"
564668,7531418,7531418,1,"[1, 0]"
564668,7531418,3513,0,"[1, 0]"
564668,7531418,1756,0,"[1, 0]"
564668,7531418,877,0,"[1, 0]"
564668,7531418,438,0,"[1, 0]"
564668,7531418,218,0,"[1, 0]"
564668,7531418,108,0,"[1, 0]"
564668,7531418,53,0,"[1, 0]"
564668,7531418,26,0,"[1, 0]"
564668,7531418,12,0,"[1, 0]"
564668,7531418,5,0,"[1, 0]"
564668,7531418,2,0,"[1, 0]"
564668,7531418,0,0,"[1, 0]"
564668,7531418,1,0,"[0, 1]"
564668,7531418,2,0,"[0, 1]"
564668,7531418,4,0,"[0, 1]"
564668,7531418,6,0,"[0, 1]"
564668,7531418,3,0,"[0, 1]"
564668,7531418,5,0,"[0, 1]"
564668,7531418,14,0,"[0, 1]"
564668,7531418,7,0,"[0, 1]"
564668,7531418,13,0,"[0, 1]"
564668,7531418,10,0,"[0, 1]"
564668,7531418,9,0,"[0, 1]"
564668,7531418,8,0,"[0, 1]"
564668,7531418,28,0,"[0, 1]"
564668,7531418,24,0,"[0, 1]"
564668,7531418,27,0,"[0, 1]"
564668,7531418,29,0,"[0, 1]"
564668,7531418,21,0,"[0, 1]"
564668,7531418,17,0,"[0, 1]"
564668,7531418,30,0,"[0, 1]"
564668,7531418,20,0,"[0, 1]"
564668,7531418,48,0,"[0, 1]"
564668,7531418,58,0,"[0, 1]"
564668,7531418,55,0,"[0, 1]"
564668,7531418,31,0,"[0, 1]"
564668,7531418,49,0,"[0, 1]"
564668,7531418,33,0,"[0, 1]"
564668,7531418,52,0,"[0, 1]"
564668,7531418,35,0,"[0, 1]"
564668,7531418,59,0,"[0, 1]"
564668,7531418,37,0,"[0, 1]"
564668,7531418,81,0,"[0, 1]"
564668,7531418,85,0,"[0, 1]"
564668,7531418,109,0,"[0, 1]"
564668,7531418,108,0,"[0, 1]"
564668,7531418,89,0,"[0, 1]"
564668,7531418,126,0,"[0, 1]"
564668,7531418,73,0,"[0, 1]"
564668,7531418,111,0,"[0, 1]"
564668,7531418,103,0,"[0, 1]"
564668,7531418,65,0,"[0, 1]"
564668,7531418,69,0,"[0, 1]"
564668,7531418,120,0,"[0, 1]"
564668,7531418,254,0,"[0, 1]"
564668,7531418,218,0,"[0, 1]"
564668,7531418,221,0,"[0, 1]"
564668,7531418,200,0,"[0, 1]"
564668,7531418,159,0,"[0, 1]"
564668,7531418,219,0,"[0, 1]"
564668,7531418,127,0,"[0, 1]"
564668,7531418,148,0,"[0, 1]"
564668,7531418,176,0,"[0, 1]"
564668,7531418,155,0,"[0, 1]"
564668,7531418,152,0,"[0, 1]"
564668,7531418,138,0,"[0, 1]"
564668,7531418,191,0,"[0, 1]"
564668,7531418,190,0,"[0, 1]"
564668,7531418,304,0,"[0, 1]"
564668,7531418,359,0,"[0, 1]"
564668,7531418,298,0,"[0, 1]"
564668,7531418,332,0,"[0, 1]"
564668,7531418,420,0,"[0, 1]"
564668,7531418,412,0,"[0, 1]"
564668,7531418,478,0,"[0, 1]"
564668,7531418,477,0,"[0, 1]"
564668,7531418,413,0,"[0, 1]"
564668,7531418,313,0,"[0, 1]"
564668,7531418,305,0,"[0, 1]"
564668,7531418,272,0,"[0, 1]"
564668,7531418,316,0,"[0, 1]"
564668,7531418,353,0,"[0, 1]"
564668,7531418,351,0,"[0, 1]"
564668,7531418,467,0,"[0, 1]"
564668,7531418,779,0,"[0, 1]"
564668,7531418,683,0,"[0, 1]"
564668,7531418,537,0,"[0, 1]"
564668,7531418,931,0,"[0, 1]"
564668,7531418,1006,0,"[0, 1]"
564668,7531418,515,0,"[0, 1]"
564668,7531418,810,0,"[0, 1]"
564668,7531418,961,0,"[0, 1]"
564668,7531418,983,0,"[0, 1]"
564668,7531418,971,0,"[0, 1]"
564668,7531418,866,0,"[0, 1]"
564668,7531418,831,0,"[0, 1]"
564668,7531418,656,0,"[0, 1]"
564668,7531418,943,0,"[0, 1]"
564668,7531418,885,0,"[0, 1]"
564668,7531418,980,0,"[0, 1]"
564668,7531418,511,0,"[0, 1]"
564668,7531418,556,0,"[0, 1]"
564668,7531418,1990,0,"[0, 1]"
564668,7531418,1251,0,"[0, 1]"
564668,7531418,1479,0,"[0, 1]"
564668,7531418,1400,0,"[0, 1]"
564668,7531418,1121,0,"[0, 1]"
564668,7531418,1501,0,"[0, 1]"
564668,7531418,1457,0,"[0, 1]"
564668,7531418,1055,0,"[0, 1]"
564668,7531418,1443,0,"[0, 1]"
564668,7531418,1149,0,"[0, 1]"
564668,7531418,1206,0,"[0, 1]"
564668,7531418,1097,0,"[0, 1]"
564668,7531418,2012,0,"[0, 1]"
564668,7531418,1523,0,"[0, 1]"
564668,7531418,1987,0,"[0, 1]"
564668,7531418,1059,0,"[0, 1]"
564668,7531418,1555,0,"[0, 1]"
564668,7531418,1675,0,"[0, 1]"
564668,7531418,1498,0,"[0, 1]"
564668,7531418,1898,0,"[0, 1]"
564668,7531418,2678,0,"[0, 1]"
564668,7531418,2562,0,"[0, 1]"
564668,7531418,3541,0,"[0, 1]"
564668,7531418,2908,0,"[0, 1]"
564668,7531418,3491,0,"[0, 1]"
564668,7531418,2168,0,"[0, 1]"
564668,7531418,3966,0,"[0, 1]"
564668,7531418,2425,0,"[0, 1]"
564668,7531418,3066,0,"[0, 1]"
564668,7531418,2972,0,"[0, 1]"
564668,7531418,4072,0,"[0, 1]"
564668,7531418,2090,0,"[0, 1]"
564668,7531418,3696,0,"[0, 1]"
564668,7531418,2609,0,"[0, 1]"
564668,7531418,3755,0,"[0, 1]"
564668,7531418,3054,0,"[0, 1]"
564668,7531418,3875,0,"[0, 1]"
564668,7531418,2912,0,"[0, 1]"
564668,7531418,3356,0,"[0, 1]"
564668,7531418,2456,0,"[0, 1]"
564668,7531418,3982,0,"[0, 1]"
564668,7531418,3942,0,"[0, 1]"
564668,7531418,7311487,1,"[0, 1]"
564668,7531418,7133662,1,"[0, 1]"
564668,7531418,7152839,1,"[0, 1]"
564668,7531418,7672149,1,"[0, 1]"
564668,7531418,7118190,1,"[0, 1]"
564668,7531418,4292,0,"[0, 1]"
564668,7531418,7551078,1,"[0, 1]"
564668,7531418,7294084,1,"[0, 1]"
564668,7531418,4398,0,"[0, 1]"
564668,7531418,7160065,1,"[0, 1]"
564668,7531418,7144391,1,"[0, 1]"
564668,7531418,4119,0,"[0, 1]"
564668,7531418,7625543,1,"[0, 1]"
564668,7531418,4992,0,"[0, 1]"
564668,7531418,223186,1,"[0, 1]"
564668,7531418,7510504,1,"[0, 1]"
564668,7531418,664423,1,"[0, 1]"
564668,7531418,2091170,1,"[0, 1]"
564668,7531418,7112559,1,"[0, 1]"
564668,7531418,7214212,1,"[0, 1]"
564668,7531418,7128776,1,"[0, 1]"
564668,7531418,7407380,1,"[0, 1]"
564668,7531418,7070643,1,"[0, 1]"
564668,7531418,7246062,1,"[0, 1]"
88160,695187,695187,1,"[1, 0]"
88160,695187,4959,0,"[1, 0]"
88160,695187,4006,0,"[1, 0]"
88160,695187,2002,0,"[1, 0]"
88160,695187,1000,0,"[1, 0]"
88160,695187,499,0,"[1, 0]"
88160,695187,249,0,"[1, 0]"
88160,695187,124,0,"[1, 0]"
88160,695187,61,0,"[1, 0]"
88160,695187,30,0,"[1, 0]"
88160,695187,14,0,"[1, 0]"
88160,695187,6,0,"[1, 0]"
88160,695187,2,0,"[1, 0]"
88160,695187,0,0,"[1, 0]"
88160,695187,1,0,"[0, 1]"
88160,695187,2,0,"[0, 1]"
88160,695187,5,0,"[0, 1]"
88160,695187,3,0,"[0, 1]"
88160,695187,6,0,"[0, 1]"
88160,695187,4,0,"[0, 1]"
88160,695187,13,0,"[0, 1]"
88160,695187,8,0,"[0, 1]"
88160,695187,14,0,"[0, 1]"
88160,695187,12,0,"[0, 1]"
88160,695187,9,0,"[0, 1]"
88160,695187,7,0,"[0, 1]"
88160,695187,20,0,"[0, 1]"
88160,695187,24,0,"[0, 1]"
88160,695187,22,0,"[0, 1]"
88160,695187,19,0,"[0, 1]"
88160,695187,30,0,"[0, 1]"
88160,695187,25,0,"[0, 1]"
88160,695187,28,0,"[0, 1]"
88160,695187,23,0,"[0, 1]"
88160,695187,47,0,"[0, 1]"
88160,695187,41,0,"[0, 1]"
88160,695187,48,0,"[0, 1]"
88160,695187,62,0,"[0, 1]"
88160,695187,39,0,"[0, 1]"
88160,695187,56,0,"[0, 1]"
88160,695187,51,0,"[0, 1]"
88160,695187,57,0,"[0, 1]"
88160,695187,54,0,"[0, 1]"
88160,695187,49,0,"[0, 1]"
88160,695187,95,0,"[0, 1]"
88160,695187,91,0,"[0, 1]"
88160,695187,86,0,"[0, 1]"
88160,695187,117,0,"[0, 1]"
88160,695187,102,0,"[0, 1]"
88160,695187,63,0,"[0, 1]"
88160,695187,84,0,"[0, 1]"
88160,695187,93,0,"[0, 1]"
88160,695187,96,0,"[0, 1]"
88160,695187,108,0,"[0, 1]"
88160,695187,103,0,"[0, 1]"
88160,695187,120,0,"[0, 1]"
88160,695187,219,0,"[0, 1]"
88160,695187,186,0,"[0, 1]"
88160,695187,163,0,"[0, 1]"
88160,695187,196,0,"[0, 1]"
88160,695187,152,0,"[0, 1]"
88160,695187,245,0,"[0, 1]"
88160,695187,218,0,"[0, 1]"
88160,695187,130,0,"[0, 1]"
88160,695187,229,0,"[0, 1]"
88160,695187,228,0,"[0, 1]"
88160,695187,231,0,"[0, 1]"
88160,695187,224,0,"[0, 1]"
88160,695187,223,0,"[0, 1]"
88160,695187,162,0,"[0, 1]"
88160,695187,310,0,"[0, 1]"
88160,695187,320,0,"[0, 1]"
88160,695187,472,0,"[0, 1]"
88160,695187,429,0,"[0, 1]"
88160,695187,473,0,"[0, 1]"
88160,695187,280,0,"[0, 1]"
88160,695187,419,0,"[0, 1]"
88160,695187,382,0,"[0, 1]"
88160,695187,504,0,"[0, 1]"
88160,695187,323,0,"[0, 1]"
88160,695187,327,0,"[0, 1]"
88160,695187,427,0,"[0, 1]"
88160,695187,459,0,"[0, 1]"
88160,695187,403,0,"[0, 1]"
88160,695187,378,0,"[0, 1]"
88160,695187,416,0,"[0, 1]"
88160,695187,945,0,"[0, 1]"
88160,695187,981,0,"[0, 1]"
88160,695187,517,0,"[0, 1]"
88160,695187,722,0,"[0, 1]"
88160,695187,599,0,"[0, 1]"
88160,695187,632,0,"[0, 1]"
88160,695187,774,0,"[0, 1]"
88160,695187,647,0,"[0, 1]"
88160,695187,949,0,"[0, 1]"
88160,695187,561,0,"[0, 1]"
88160,695187,529,0,"[0, 1]"
88160,695187,513,0,"[0, 1]"
88160,695187,935,0,"[0, 1]"
88160,695187,849,0,"[0, 1]"
88160,695187,606,0,"[0, 1]"
88160,695187,789,0,"[0, 1]"
88160,695187,961,0,"[0, 1]"
88160,695187,622,0,"[0, 1]"
88160,695187,1931,0,"[0, 1]"
88160,695187,1088,0,"[0, 1]"
88160,695187,1832,0,"[0, 1]"
88160,695187,1462,0,"[0, 1]"
88160,695187,1505,0,"[0, 1]"
88160,695187,1204,0,"[0, 1]"
88160,695187,1067,0,"[0, 1]"
88160,695187,1162,0,"[0, 1]"
88160,695187,1781,0,"[0, 1]"
88160,695187,1508,0,"[0, 1]"
88160,695187,1616,0,"[0, 1]"
88160,695187,1157,0,"[0, 1]"
88160,695187,1758,0,"[0, 1]"
88160,695187,1770,0,"[0, 1]"
88160,695187,1519,0,"[0, 1]"
88160,695187,1387,0,"[0, 1]"
88160,695187,1650,0,"[0, 1]"
88160,695187,1179,0,"[0, 1]"
88160,695187,1373,0,"[0, 1]"
88160,695187,1516,0,"[0, 1]"
88160,695187,3018,0,"[0, 1]"
88160,695187,2715,0,"[0, 1]"
88160,695187,4022,0,"[0, 1]"
88160,695187,3599,0,"[0, 1]"
88160,695187,2762,0,"[0, 1]"
88160,695187,3336,0,"[0, 1]"
88160,695187,3439,0,"[0, 1]"
88160,695187,2786,0,"[0, 1]"
88160,695187,2360,0,"[0, 1]"
88160,695187,2745,0,"[0, 1]"
88160,695187,3450,0,"[0, 1]"
88160,695187,3190,0,"[0, 1]"
88160,695187,3251,0,"[0, 1]"
88160,695187,2890,0,"[0, 1]"
88160,695187,3613,0,"[0, 1]"
88160,695187,2143,0,"[0, 1]"
88160,695187,2225,0,"[0, 1]"
88160,695187,3380,0,"[0, 1]"
88160,695187,2369,0,"[0, 1]"
88160,695187,2053,0,"[0, 1]"
88160,695187,3184,0,"[0, 1]"
88160,695187,2710,0,"[0, 1]"
88160,695187,7597593,1,"[0, 1]"
88160,695187,7296437,1,"[0, 1]"
88160,695187,7581655,1,"[0, 1]"
88160,695187,7539872,1,"[0, 1]"
88160,695187,430598,1,"[0, 1]"
88160,695187,7173581,1,"[0, 1]"
88160,695187,7221660,1,"[0, 1]"
88160,695187,7524975,1,"[0, 1]"
88160,695187,7212203,1,"[0, 1]"
88160,695187,6419354,1,"[0, 1]"
88160,695187,4695,0,"[0, 1]"
88160,695187,4127,0,"[0, 1]"
88160,695187,4520,0,"[0, 1]"
88160,695187,664423,1,"[0, 1]"
88160,695187,4631,0,"[0, 1]"
88160,695187,7608823,1,"[0, 1]"
88160,695187,7682183,1,"[0, 1]"
88160,695187,7230403,1,"[0, 1]"
88160,695187,7629481,1,"[0, 1]"
88160,695187,7263747,1,"[0, 1]"
88160,695187,7689572,1,"[0, 1]"
88160,695187,7125770,1,"[0, 1]"
88160,695187,7289626,1,"[0, 1]"
88160,695187,7179178,1,"[0, 1]"
88160,695187,7113886,1,"[0, 1]"
88160,695187,7647720,1,"[0, 1]"
88160,695187,7482805,1,"[0, 1]"
88160,695187,7408139,1,"[0, 1]"
88160,695187,7414143,1,"[0, 1]"
88160,695187,7315531,1,"[0, 1]"
88160,695187,7403875,1,"[0, 1]"
88160,695187,5630467,1,"[0, 1]"
88160,695187,309147,1,"[0, 1]"
88160,695187,7669183,1,"[0, 1]"
88160,695187,7595984,1,"[0, 1]"
88160,695187,7108534,1,"[0, 1]"
88160,695187,7097707,1,"[0, 1]"
88160,695187,7638762,1,"[0, 1]"
88160,695187,7603501,1,"[0, 1]"
88160,695187,7295399,1,"[0, 1]"
88160,695187,7355086,1,"[0, 1]"
88160,695187,7480664,1,"[0, 1]"
88160,695187,6121038,1,"[0, 1]"
88160,695187,7303645,1,"[0, 1]"
88160,695187,7118287,1,"[0, 1]"
88160,695187,7170746,1,"[0, 1]"
88160,695187,7211513,1,"[0, 1]"
88160,695187,7550146,1,"[0, 1]"
88160,695187,7343719,1,"[0, 1]"
88160,695187,7635765,1,"[0, 1]"
88160,695180,695180,1,"[1, 0]"
88160,695180,4003,0,"[1, 0]"
88160,695180,2001,0,"[1, 0]"
88160,695180,1000,0,"[1, 0]"
88160,695180,499,0,"[1, 0]"
88160,695180,249,0,"[1, 0]"
88160,695180,124,0,"[1, 0]"
88160,695180,61,0,"[1, 0]"
88160,695180,30,0,"[1, 0]"
88160,695180,14,0,"[1, 0]"
88160,695180,6,0,"[1, 0]"
88160,695180,2,0,"[1, 0]"
88160,695180,0,0,"[1, 0]"
88160,695180,1,0,"[0, 1]"
88160,695180,2,0,"[0, 1]"
88160,695180,5,0,"[0, 1]"
88160,695180,3,0,"[0, 1]"
88160,695180,6,0,"[0, 1]"
88160,695180,4,0,"[0, 1]"
88160,695180,10,0,"[0, 1]"
88160,695180,11,0,"[0, 1]"
88160,695180,12,0,"[0, 1]"
88160,695180,13,0,"[0, 1]"
88160,695180,8,0,"[0, 1]"
88160,695180,14,0,"[0, 1]"
88160,695180,26,0,"[0, 1]"
88160,695180,15,0,"[0, 1]"
88160,695180,18,0,"[0, 1]"
88160,695180,29,0,"[0, 1]"
88160,695180,21,0,"[0, 1]"
88160,695180,27,0,"[0, 1]"
88160,695180,25,0,"[0, 1]"
88160,695180,20,0,"[0, 1]"
88160,695180,45,0,"[0, 1]"
88160,695180,35,0,"[0, 1]"
88160,695180,60,0,"[0, 1]"
88160,695180,57,0,"[0, 1]"
88160,695180,31,0,"[0, 1]"
88160,695180,40,0,"[0, 1]"
88160,695180,41,0,"[0, 1]"
88160,695180,51,0,"[0, 1]"
88160,695180,50,0,"[0, 1]"
88160,695180,47,0,"[0, 1]"
88160,695180,104,0,"[0, 1]"
88160,695180,117,0,"[0, 1]"
88160,695180,125,0,"[0, 1]"
88160,695180,112,0,"[0, 1]"
88160,695180,109,0,"[0, 1]"
88160,695180,98,0,"[0, 1]"
88160,695180,89,0,"[0, 1]"
88160,695180,65,0,"[0, 1]"
88160,695180,120,0,"[0, 1]"
88160,695180,101,0,"[0, 1]"
88160,695180,93,0,"[0, 1]"
88160,695180,86,0,"[0, 1]"
88160,695180,206,0,"[0, 1]"
88160,695180,220,0,"[0, 1]"
88160,695180,161,0,"[0, 1]"
88160,695180,172,0,"[0, 1]"
88160,695180,187,0,"[0, 1]"
88160,695180,178,0,"[0, 1]"
88160,695180,141,0,"[0, 1]"
88160,695180,228,0,"[0, 1]"
88160,695180,201,0,"[0, 1]"
88160,695180,166,0,"[0, 1]"
88160,695180,238,0,"[0, 1]"
88160,695180,232,0,"[0, 1]"
88160,695180,204,0,"[0, 1]"
88160,695180,212,0,"[0, 1]"
88160,695180,503,0,"[0, 1]"
88160,695180,429,0,"[0, 1]"
88160,695180,265,0,"[0, 1]"
88160,695180,284,0,"[0, 1]"
88160,695180,498,0,"[0, 1]"
88160,695180,373,0,"[0, 1]"
88160,695180,326,0,"[0, 1]"
88160,695180,413,0,"[0, 1]"
88160,695180,275,0,"[0, 1]"
88160,695180,387,0,"[0, 1]"
88160,695180,305,0,"[0, 1]"
88160,695180,293,0,"[0, 1]"
88160,695180,306,0,"[0, 1]"
88160,695180,270,0,"[0, 1]"
88160,695180,314,0,"[0, 1]"
88160,695180,255,0,"[0, 1]"
88160,695180,877,0,"[0, 1]"
88160,695180,697,0,"[0, 1]"
88160,695180,854,0,"[0, 1]"
88160,695180,712,0,"[0, 1]"
88160,695180,911,0,"[0, 1]"
88160,695180,900,0,"[0, 1]"
88160,695180,820,0,"[0, 1]"
88160,695180,613,0,"[0, 1]"
88160,695180,693,0,"[0, 1]"
88160,695180,830,0,"[0, 1]"
88160,695180,541,0,"[0, 1]"
88160,695180,998,0,"[0, 1]"
88160,695180,886,0,"[0, 1]"
88160,695180,957,0,"[0, 1]"
88160,695180,855,0,"[0, 1]"
88160,695180,791,0,"[0, 1]"
88160,695180,677,0,"[0, 1]"
88160,695180,813,0,"[0, 1]"
88160,695180,1273,0,"[0, 1]"
88160,695180,1562,0,"[0, 1]"
88160,695180,1891,0,"[0, 1]"
88160,695180,1209,0,"[0, 1]"
88160,695180,1434,0,"[0, 1]"
88160,695180,1852,0,"[0, 1]"
88160,695180,1643,0,"[0, 1]"
88160,695180,1507,0,"[0, 1]"
88160,695180,1956,0,"[0, 1]"
88160,695180,1606,0,"[0, 1]"
88160,695180,1200,0,"[0, 1]"
88160,695180,1204,0,"[0, 1]"
88160,695180,1862,0,"[0, 1]"
88160,695180,1282,0,"[0, 1]"
88160,695180,1520,0,"[0, 1]"
88160,695180,1622,0,"[0, 1]"
88160,695180,1407,0,"[0, 1]"
88160,695180,1160,0,"[0, 1]"
88160,695180,1988,0,"[0, 1]"
88160,695180,1379,0,"[0, 1]"
88160,695180,2639,0,"[0, 1]"
88160,695180,2819,0,"[0, 1]"
88160,695180,2244,0,"[0, 1]"
88160,695180,2495,0,"[0, 1]"
88160,695180,2986,0,"[0, 1]"
88160,695180,2133,0,"[0, 1]"
88160,695180,2314,0,"[0, 1]"
88160,695180,3301,0,"[0, 1]"
88160,695180,3303,0,"[0, 1]"
88160,695180,3952,0,"[0, 1]"
88160,695180,2524,0,"[0, 1]"
88160,695180,2921,0,"[0, 1]"
88160,695180,2238,0,"[0, 1]"
88160,695180,2207,0,"[0, 1]"
88160,695180,2580,0,"[0, 1]"
88160,695180,4041,0,"[0, 1]"
88160,695180,2626,0,"[0, 1]"
88160,695180,3953,0,"[0, 1]"
88160,695180,2372,0,"[0, 1]"
88160,695180,3565,0,"[0, 1]"
88160,695180,3753,0,"[0, 1]"
88160,695180,3917,0,"[0, 1]"
88160,695180,7240637,1,"[0, 1]"
88160,695180,7517018,1,"[0, 1]"
88160,695180,4393,0,"[0, 1]"
88160,695180,7411800,1,"[0, 1]"
88160,695180,7623179,1,"[0, 1]"
88160,695180,7547357,1,"[0, 1]"
88160,695180,7633044,1,"[0, 1]"
88160,695180,4149,0,"[0, 1]"
88160,695180,7513834,1,"[0, 1]"
88160,695180,4103,0,"[0, 1]"
88160,695180,1696122,1,"[0, 1]"
88160,695180,4899,0,"[0, 1]"
88160,695180,7626695,1,"[0, 1]"
88160,695180,7085111,1,"[0, 1]"
88160,695180,7190589,1,"[0, 1]"
88160,695180,7210633,1,"[0, 1]"
88160,695180,1216143,1,"[0, 1]"
88160,695180,7555704,1,"[0, 1]"
88160,695180,7436421,1,"[0, 1]"
88160,695180,1059218,1,"[0, 1]"
88160,695180,3190502,1,"[0, 1]"
88160,695180,7379655,1,"[0, 1]"
88160,695180,7609557,1,"[0, 1]"
88160,695180,7169477,1,"[0, 1]"
722413,7531801,7531801,1,"[1, 0]"
722413,7531801,2251,0,"[1, 0]"
722413,7531801,1125,0,"[1, 0]"
722413,7531801,562,0,"[1, 0]"
722413,7531801,280,0,"[1, 0]"
722413,7531801,139,0,"[1, 0]"
722413,7531801,69,0,"[1, 0]"
722413,7531801,34,0,"[1, 0]"
722413,7531801,16,0,"[1, 0]"
722413,7531801,7,0,"[1, 0]"
722413,7531801,3,0,"[1, 0]"
722413,7531801,1,0,"[1, 0]"
722413,7531801,0,0,"[1, 0]"
722413,7531801,1,0,"[0, 1]"
722413,7531801,2,0,"[0, 1]"
722413,7531801,4,0,"[0, 1]"
722413,7531801,3,0,"[0, 1]"
722413,7531801,6,0,"[0, 1]"
722413,7531801,5,0,"[0, 1]"
722413,7531801,13,0,"[0, 1]"
722413,7531801,9,0,"[0, 1]"
722413,7531801,8,0,"[0, 1]"
722413,7531801,12,0,"[0, 1]"
722413,7531801,14,0,"[0, 1]"
722413,7531801,11,0,"[0, 1]"
722413,7531801,16,0,"[0, 1]"
722413,7531801,18,0,"[0, 1]"
722413,7531801,24,0,"[0, 1]"
722413,7531801,15,0,"[0, 1]"
722413,7531801,23,0,"[0, 1]"
722413,7531801,26,0,"[0, 1]"
722413,7531801,29,0,"[0, 1]"
722413,7531801,25,0,"[0, 1]"
722413,7531801,58,0,"[0, 1]"
722413,7531801,54,0,"[0, 1]"
722413,7531801,62,0,"[0, 1]"
722413,7531801,48,0,"[0, 1]"
722413,7531801,46,0,"[0, 1]"
722413,7531801,43,0,"[0, 1]"
722413,7531801,53,0,"[0, 1]"
722413,7531801,47,0,"[0, 1]"
722413,7531801,39,0,"[0, 1]"
722413,7531801,38,0,"[0, 1]"
722413,7531801,68,0,"[0, 1]"
722413,7531801,106,0,"[0, 1]"
722413,7531801,88,0,"[0, 1]"
722413,7531801,89,0,"[0, 1]"
722413,7531801,90,0,"[0, 1]"
722413,7531801,119,0,"[0, 1]"
722413,7531801,96,0,"[0, 1]"
722413,7531801,105,0,"[0, 1]"
722413,7531801,75,0,"[0, 1]"
722413,7531801,81,0,"[0, 1]"
722413,7531801,66,0,"[0, 1]"
722413,7531801,64,0,"[0, 1]"
722413,7531801,183,0,"[0, 1]"
722413,7531801,209,0,"[0, 1]"
722413,7531801,231,0,"[0, 1]"
722413,7531801,253,0,"[0, 1]"
722413,7531801,203,0,"[0, 1]"
722413,7531801,169,0,"[0, 1]"
722413,7531801,132,0,"[0, 1]"
722413,7531801,134,0,"[0, 1]"
722413,7531801,254,0,"[0, 1]"
722413,7531801,196,0,"[0, 1]"
722413,7531801,164,0,"[0, 1]"
722413,7531801,245,0,"[0, 1]"
722413,7531801,184,0,"[0, 1]"
722413,7531801,163,0,"[0, 1]"
722413,7531801,293,0,"[0, 1]"
722413,7531801,399,0,"[0, 1]"
722413,7531801,443,0,"[0, 1]"
722413,7531801,504,0,"[0, 1]"
722413,7531801,417,0,"[0, 1]"
722413,7531801,451,0,"[0, 1]"
722413,7531801,305,0,"[0, 1]"
722413,7531801,301,0,"[0, 1]"
722413,7531801,486,0,"[0, 1]"
722413,7531801,291,0,"[0, 1]"
722413,7531801,374,0,"[0, 1]"
722413,7531801,466,0,"[0, 1]"
722413,7531801,306,0,"[0, 1]"
722413,7531801,312,0,"[0, 1]"
722413,7531801,360,0,"[0, 1]"
722413,7531801,491,0,"[0, 1]"
722413,7531801,576,0,"[0, 1]"
722413,7531801,838,0,"[0, 1]"
722413,7531801,575,0,"[0, 1]"
722413,7531801,989,0,"[0, 1]"
722413,7531801,583,0,"[0, 1]"
722413,7531801,797,0,"[0, 1]"
722413,7531801,711,0,"[0, 1]"
722413,7531801,757,0,"[0, 1]"
722413,7531801,600,0,"[0, 1]"
722413,7531801,843,0,"[0, 1]"
722413,7531801,827,0,"[0, 1]"
722413,7531801,520,0,"[0, 1]"
722413,7531801,660,0,"[0, 1]"
722413,7531801,807,0,"[0, 1]"
722413,7531801,846,0,"[0, 1]"
722413,7531801,770,0,"[0, 1]"
722413,7531801,976,0,"[0, 1]"
722413,7531801,887,0,"[0, 1]"
722413,7531801,1106,0,"[0, 1]"
722413,7531801,1267,0,"[0, 1]"
722413,7531801,1572,0,"[0, 1]"
722413,7531801,1238,0,"[0, 1]"
722413,7531801,1284,0,"[0, 1]"
722413,7531801,1951,0,"[0, 1]"
722413,7531801,1167,0,"[0, 1]"
722413,7531801,1188,0,"[0, 1]"
722413,7531801,1258,0,"[0, 1]"
722413,7531801,1099,0,"[0, 1]"
722413,7531801,1979,0,"[0, 1]"
722413,7531801,1253,0,"[0, 1]"
722413,7531801,1837,0,"[0, 1]"
722413,7531801,1161,0,"[0, 1]"
722413,7531801,1719,0,"[0, 1]"
722413,7531801,1454,0,"[0, 1]"
722413,7531801,1555,0,"[0, 1]"
722413,7531801,1542,0,"[0, 1]"
722413,7531801,1518,0,"[0, 1]"
722413,7531801,1034,0,"[0, 1]"
722413,7531801,3234,0,"[0, 1]"
722413,7531801,3941,0,"[0, 1]"
722413,7531801,3209,0,"[0, 1]"
722413,7531801,3067,0,"[0, 1]"
722413,7531801,2395,0,"[0, 1]"
722413,7531801,2103,0,"[0, 1]"
722413,7531801,2452,0,"[0, 1]"
722413,7531801,2657,0,"[0, 1]"
722413,7531801,2550,0,"[0, 1]"
722413,7531801,3384,0,"[0, 1]"
722413,7531801,2850,0,"[0, 1]"
722413,7531801,3386,0,"[0, 1]"
722413,7531801,4045,0,"[0, 1]"
722413,7531801,3177,0,"[0, 1]"
722413,7531801,2126,0,"[0, 1]"
722413,7531801,2467,0,"[0, 1]"
722413,7531801,3479,0,"[0, 1]"
722413,7531801,2831,0,"[0, 1]"
722413,7531801,2985,0,"[0, 1]"
722413,7531801,2372,0,"[0, 1]"
722413,7531801,2475,0,"[0, 1]"
722413,7531801,3301,0,"[0, 1]"
722413,7531801,4941,0,"[0, 1]"
722413,7531801,7097165,1,"[0, 1]"
722413,7531801,7270152,1,"[0, 1]"
722413,7531801,447379,1,"[0, 1]"
722413,7531801,4748,0,"[0, 1]"
722413,7531801,7555272,1,"[0, 1]"
722413,7531801,4382,0,"[0, 1]"
722413,7531801,7671438,1,"[0, 1]"
722413,7531801,7246430,1,"[0, 1]"
722413,7531801,7175200,1,"[0, 1]"
722413,7531801,7596795,1,"[0, 1]"
722413,7531801,7197436,1,"[0, 1]"
722413,7531801,7488652,1,"[0, 1]"
722413,7531801,7129766,1,"[0, 1]"
722413,7531801,7324293,1,"[0, 1]"
722413,7531801,7265543,1,"[0, 1]"
722413,7531801,7613233,1,"[0, 1]"
722413,7531801,7263747,1,"[0, 1]"
722413,7531801,4387,0,"[0, 1]"
722413,7531801,7198089,1,"[0, 1]"
722413,7531801,7604698,1,"[0, 1]"
722413,7531801,7500732,1,"[0, 1]"
722413,7531801,5080241,1,"[0, 1]"
722413,7531801,7095016,1,"[0, 1]"
722413,7531802,7531802,1,"[1, 0]"
722413,7531802,4317,0,"[1, 0]"
722413,7531802,2550,0,"[1, 0]"
722413,7531802,1274,0,"[1, 0]"
722413,7531802,636,0,"[1, 0]"
722413,7531802,317,0,"[1, 0]"
722413,7531802,158,0,"[1, 0]"
722413,7531802,78,0,"[1, 0]"
722413,7531802,38,0,"[1, 0]"
722413,7531802,18,0,"[1, 0]"
722413,7531802,8,0,"[1, 0]"
722413,7531802,3,0,"[1, 0]"
722413,7531802,1,0,"[1, 0]"
722413,7531802,0,0,"[1, 0]"
722413,7531802,1,0,"[0, 1]"
722413,7531802,2,0,"[0, 1]"
722413,7531802,3,0,"[0, 1]"
722413,7531802,5,0,"[0, 1]"
722413,7531802,4,0,"[0, 1]"
722413,7531802,6,0,"[0, 1]"
722413,7531802,10,0,"[0, 1]"
722413,7531802,13,0,"[0, 1]"
722413,7531802,11,0,"[0, 1]"
722413,7531802,14,0,"[0, 1]"
722413,7531802,9,0,"[0, 1]"
722413,7531802,7,0,"[0, 1]"
722413,7531802,24,0,"[0, 1]"
722413,7531802,19,0,"[0, 1]"
722413,7531802,27,0,"[0, 1]"
722413,7531802,22,0,"[0, 1]"
722413,7531802,25,0,"[0, 1]"
722413,7531802,16,0,"[0, 1]"
722413,7531802,28,0,"[0, 1]"
722413,7531802,23,0,"[0, 1]"
722413,7531802,46,0,"[0, 1]"
722413,7531802,44,0,"[0, 1]"
722413,7531802,56,0,"[0, 1]"
722413,7531802,48,0,"[0, 1]"
722413,7531802,52,0,"[0, 1]"
722413,7531802,54,0,"[0, 1]"
722413,7531802,36,0,"[0, 1]"
722413,7531802,40,0,"[0, 1]"
722413,7531802,61,0,"[0, 1]"
722413,7531802,55,0,"[0, 1]"
722413,7531802,94,0,"[0, 1]"
722413,7531802,118,0,"[0, 1]"
722413,7531802,69,0,"[0, 1]"
722413,7531802,83,0,"[0, 1]"
722413,7531802,117,0,"[0, 1]"
722413,7531802,113,0,"[0, 1]"
722413,7531802,85,0,"[0, 1]"
722413,7531802,116,0,"[0, 1]"
722413,7531802,72,0,"[0, 1]"
722413,7531802,119,0,"[0, 1]"
722413,7531802,68,0,"[0, 1]"
722413,7531802,126,0,"[0, 1]"
722413,7531802,173,0,"[0, 1]"
722413,7531802,147,0,"[0, 1]"
722413,7531802,247,0,"[0, 1]"
722413,7531802,158,0,"[0, 1]"
722413,7531802,140,0,"[0, 1]"
722413,7531802,133,0,"[0, 1]"
722413,7531802,132,0,"[0, 1]"
722413,7531802,248,0,"[0, 1]"
722413,7531802,163,0,"[0, 1]"
722413,7531802,208,0,"[0, 1]"
722413,7531802,228,0,"[0, 1]"
722413,7531802,199,0,"[0, 1]"
722413,7531802,131,0,"[0, 1]"
722413,7531802,196,0,"[0, 1]"
722413,7531802,362,0,"[0, 1]"
722413,7531802,305,0,"[0, 1]"
722413,7531802,313,0,"[0, 1]"
722413,7531802,339,0,"[0, 1]"
722413,7531802,483,0,"[0, 1]"
722413,7531802,439,0,"[0, 1]"
722413,7531802,426,0,"[0, 1]"
722413,7531802,412,0,"[0, 1]"
722413,7531802,332,0,"[0, 1]"
722413,7531802,501,0,"[0, 1]"
722413,7531802,391,0,"[0, 1]"
722413,7531802,321,0,"[0, 1]"
722413,7531802,499,0,"[0, 1]"
722413,7531802,336,0,"[0, 1]"
722413,7531802,300,0,"[0, 1]"
722413,7531802,319,0,"[0, 1]"
722413,7531802,983,0,"[0, 1]"
722413,7531802,750,0,"[0, 1]"
722413,7531802,817,0,"[0, 1]"
722413,7531802,556,0,"[0, 1]"
722413,7531802,522,0,"[0, 1]"
722413,7531802,574,0,"[0, 1]"
722413,7531802,848,0,"[0, 1]"
722413,7531802,940,0,"[0, 1]"
722413,7531802,649,0,"[0, 1]"
722413,7531802,515,0,"[0, 1]"
722413,7531802,542,0,"[0, 1]"
722413,7531802,942,0,"[0, 1]"
722413,7531802,721,0,"[0, 1]"
722413,7531802,656,0,"[0, 1]"
722413,7531802,760,0,"[0, 1]"
722413,7531802,571,0,"[0, 1]"
722413,7531802,783,0,"[0, 1]"
722413,7531802,525,0,"[0, 1]"
722413,7531802,1045,0,"[0, 1]"
722413,7531802,1703,0,"[0, 1]"
722413,7531802,1980,0,"[0, 1]"
722413,7531802,1744,0,"[0, 1]"
722413,7531802,1040,0,"[0, 1]"
722413,7531802,1732,0,"[0, 1]"
722413,7531802,1652,0,"[0, 1]"
722413,7531802,1423,0,"[0, 1]"
722413,7531802,1320,0,"[0, 1]"
722413,7531802,1367,0,"[0, 1]"
722413,7531802,1032,0,"[0, 1]"
722413,7531802,1639,0,"[0, 1]"
722413,7531802,1536,0,"[0, 1]"
722413,7531802,1930,0,"[0, 1]"
722413,7531802,1816,0,"[0, 1]"
722413,7531802,1390,0,"[0, 1]"
722413,7531802,1055,0,"[0, 1]"
722413,7531802,1480,0,"[0, 1]"
722413,7531802,1112,0,"[0, 1]"
722413,7531802,2023,0,"[0, 1]"
722413,7531802,2357,0,"[0, 1]"
722413,7531802,3351,0,"[0, 1]"
722413,7531802,2523,0,"[0, 1]"
722413,7531802,2703,0,"[0, 1]"
722413,7531802,2844,0,"[0, 1]"
722413,7531802,2125,0,"[0, 1]"
722413,7531802,3022,0,"[0, 1]"
722413,7531802,2134,0,"[0, 1]"
722413,7531802,3110,0,"[0, 1]"
722413,7531802,3565,0,"[0, 1]"
722413,7531802,2793,0,"[0, 1]"
722413,7531802,2885,0,"[0, 1]"
722413,7531802,2810,0,"[0, 1]"
722413,7531802,4061,0,"[0, 1]"
722413,7531802,2372,0,"[0, 1]"
722413,7531802,3187,0,"[0, 1]"
722413,7531802,2262,0,"[0, 1]"
722413,7531802,2561,0,"[0, 1]"
722413,7531802,2945,0,"[0, 1]"
722413,7531802,3708,0,"[0, 1]"
722413,7531802,3526,0,"[0, 1]"
722413,7531802,3100,0,"[0, 1]"
722413,7531802,4878,0,"[0, 1]"
722413,7531802,7477820,1,"[0, 1]"
722413,7531802,4892,0,"[0, 1]"
722413,7531802,7682753,1,"[0, 1]"
722413,7531802,4289,0,"[0, 1]"
722413,7531802,7172798,1,"[0, 1]"
722413,7531802,3165836,1,"[0, 1]"
722413,7531802,7133967,1,"[0, 1]"
722413,7531802,7541334,1,"[0, 1]"
722413,7531802,4776,0,"[0, 1]"
722413,7531802,7136061,1,"[0, 1]"
722413,7531802,7581592,1,"[0, 1]"
722413,7531802,4792,0,"[0, 1]"
722413,7531802,7172572,1,"[0, 1]"
722413,7531802,7625918,1,"[0, 1]"
722413,7531802,7359452,1,"[0, 1]"
722413,7531802,7365925,1,"[0, 1]"
722413,7531802,5786828,1,"[0, 1]"
722413,7531802,4769,0,"[0, 1]"
722413,7531802,7290481,1,"[0, 1]"
722413,7531802,7199352,1,"[0, 1]"
722413,7531802,7090002,1,"[0, 1]"
722413,7531802,7406927,1,"[0, 1]"
722413,7531802,7547353,1,"[0, 1]"
722413,7531802,7609925,1,"[0, 1]"
722413,7531802,7573530,1,"[0, 1]"
722413,7531802,7632562,1,"[0, 1]"
722413,7531802,7080466,1,"[0, 1]"
722413,7531802,7673051,1,"[0, 1]"
722413,7531802,4778293,1,"[0, 1]"
722413,7531802,7224650,1,"[0, 1]"
722413,7531802,2589472,1,"[0, 1]"
722413,7531802,7120173,1,"[0, 1]"
722413,7531802,4984328,1,"[0, 1]"
722413,7531802,7083703,1,"[0, 1]"
722413,7531802,6227469,1,"[0, 1]"
722413,7531802,7384185,1,"[0, 1]"
722413,7531802,7614155,1,"[0, 1]"
722413,7531802,7430712,1,"[0, 1]"
722413,7531802,7123252,1,"[0, 1]"
722413,7531802,7403592,1,"[0, 1]"
722413,7531802,7521587,1,"[0, 1]"
722413,7531802,5390183,1,"[0, 1]"
722413,7531802,7520282,1,"[0, 1]"
722413,7531802,7279541,1,"[0, 1]"
722413,7531802,7508495,1,"[0, 1]"
722413,7531802,7616897,1,"[0, 1]"
722413,7531802,7187827,1,"[0, 1]"
722413,7531802,7208259,1,"[0, 1]"
722413,7531802,7457254,1,"[0, 1]"
400631,7531950,7531950,1,"[1, 0]"
400631,7531950,3471,0,"[1, 0]"
400631,7531950,1735,0,"[1, 0]"
400631,7531950,867,0,"[1, 0]"
400631,7531950,433,0,"[1, 0]"
400631,7531950,216,0,"[1, 0]"
400631,7531950,107,0,"[1, 0]"
400631,7531950,53,0,"[1, 0]"
400631,7531950,26,0,"[1, 0]"
400631,7531950,12,0,"[1, 0]"
400631,7531950,5,0,"[1, 0]"
400631,7531950,2,0,"[1, 0]"
400631,7531950,0,0,"[1, 0]"
400631,7531950,2,0,"[0, 1]"
400631,7531950,1,0,"[0, 1]"
400631,7531950,4,0,"[0, 1]"
400631,7531950,3,0,"[0, 1]"
400631,7531950,5,0,"[0, 1]"
400631,7531950,6,0,"[0, 1]"
400631,7531950,12,0,"[0, 1]"
400631,7531950,14,0,"[0, 1]"
400631,7531950,10,0,"[0, 1]"
400631,7531950,9,0,"[0, 1]"
400631,7531950,13,0,"[0, 1]"
400631,7531950,8,0,"[0, 1]"
400631,7531950,28,0,"[0, 1]"
400631,7531950,27,0,"[0, 1]"
400631,7531950,18,0,"[0, 1]"
400631,7531950,19,0,"[0, 1]"
400631,7531950,20,0,"[0, 1]"
400631,7531950,30,0,"[0, 1]"
400631,7531950,22,0,"[0, 1]"
400631,7531950,21,0,"[0, 1]"
400631,7531950,41,0,"[0, 1]"
400631,7531950,35,0,"[0, 1]"
400631,7531950,54,0,"[0, 1]"
400631,7531950,36,0,"[0, 1]"
400631,7531950,57,0,"[0, 1]"
400631,7531950,49,0,"[0, 1]"
400631,7531950,58,0,"[0, 1]"
400631,7531950,61,0,"[0, 1]"
400631,7531950,55,0,"[0, 1]"
400631,7531950,50,0,"[0, 1]"
400631,7531950,88,0,"[0, 1]"
400631,7531950,126,0,"[0, 1]"
400631,7531950,93,0,"[0, 1]"
400631,7531950,85,0,"[0, 1]"
400631,7531950,99,0,"[0, 1]"
400631,7531950,69,0,"[0, 1]"
400631,7531950,84,0,"[0, 1]"
400631,7531950,104,0,"[0, 1]"
400631,7531950,122,0,"[0, 1]"
400631,7531950,87,0,"[0, 1]"
400631,7531950,91,0,"[0, 1]"
400631,7531950,116,0,"[0, 1]"
400631,7531950,182,0,"[0, 1]"
400631,7531950,220,0,"[0, 1]"
400631,7531950,139,0,"[0, 1]"
400631,7531950,157,0,"[0, 1]"
400631,7531950,145,0,"[0, 1]"
400631,7531950,153,0,"[0, 1]"
400631,7531950,179,0,"[0, 1]"
400631,7531950,185,0,"[0, 1]"
400631,7531950,227,0,"[0, 1]"
400631,7531950,192,0,"[0, 1]"
400631,7531950,131,0,"[0, 1]"
400631,7531950,249,0,"[0, 1]"
400631,7531950,229,0,"[0, 1]"
400631,7531950,136,0,"[0, 1]"
400631,7531950,463,0,"[0, 1]"
400631,7531950,493,0,"[0, 1]"
400631,7531950,290,0,"[0, 1]"
400631,7531950,300,0,"[0, 1]"
400631,7531950,301,0,"[0, 1]"
400631,7531950,364,0,"[0, 1]"
400631,7531950,431,0,"[0, 1]"
400631,7531950,256,0,"[0, 1]"
400631,7531950,357,0,"[0, 1]"
400631,7531950,418,0,"[0, 1]"
400631,7531950,498,0,"[0, 1]"
400631,7531950,351,0,"[0, 1]"
400631,7531950,318,0,"[0, 1]"
400631,7531950,305,0,"[0, 1]"
400631,7531950,445,0,"[0, 1]"
400631,7531950,338,0,"[0, 1]"
400631,7531950,771,0,"[0, 1]"
400631,7531950,975,0,"[0, 1]"
400631,7531950,891,0,"[0, 1]"
400631,7531950,646,0,"[0, 1]"
400631,7531950,630,0,"[0, 1]"
400631,7531950,720,0,"[0, 1]"
400631,7531950,715,0,"[0, 1]"
400631,7531950,994,0,"[0, 1]"
400631,7531950,553,0,"[0, 1]"
400631,7531950,557,0,"[0, 1]"
400631,7531950,965,0,"[0, 1]"
400631,7531950,979,0,"[0, 1]"
400631,7531950,744,0,"[0, 1]"
400631,7531950,533,0,"[0, 1]"
400631,7531950,641,0,"[0, 1]"
400631,7531950,942,0,"[0, 1]"
400631,7531950,672,0,"[0, 1]"
400631,7531950,722,0,"[0, 1]"
400631,7531950,1038,0,"[0, 1]"
400631,7531950,1873,0,"[0, 1]"
400631,7531950,2038,0,"[0, 1]"
400631,7531950,1418,0,"[0, 1]"
400631,7531950,1102,0,"[0, 1]"
400631,7531950,1277,0,"[0, 1]"
400631,7531950,1679,0,"[0, 1]"
400631,7531950,1536,0,"[0, 1]"
400631,7531950,1540,0,"[0, 1]"
400631,7531950,1635,0,"[0, 1]"
400631,7531950,1783,0,"[0, 1]"
400631,7531950,1471,0,"[0, 1]"
400631,7531950,2045,0,"[0, 1]"
400631,7531950,1388,0,"[0, 1]"
400631,7531950,1168,0,"[0, 1]"
400631,7531950,1355,0,"[0, 1]"
400631,7531950,2034,0,"[0, 1]"
400631,7531950,1925,0,"[0, 1]"
400631,7531950,1282,0,"[0, 1]"
400631,7531950,1302,0,"[0, 1]"
400631,7531950,3661,0,"[0, 1]"
400631,7531950,3966,0,"[0, 1]"
400631,7531950,3521,0,"[0, 1]"
400631,7531950,3626,0,"[0, 1]"
400631,7531950,3257,0,"[0, 1]"
400631,7531950,2130,0,"[0, 1]"
400631,7531950,2924,0,"[0, 1]"
400631,7531950,3809,0,"[0, 1]"
400631,7531950,3561,0,"[0, 1]"
400631,7531950,2272,0,"[0, 1]"
400631,7531950,2717,0,"[0, 1]"
400631,7531950,3130,0,"[0, 1]"
400631,7531950,2405,0,"[0, 1]"
400631,7531950,3822,0,"[0, 1]"
400631,7531950,3985,0,"[0, 1]"
400631,7531950,4089,0,"[0, 1]"
400631,7531950,3147,0,"[0, 1]"
400631,7531950,3858,0,"[0, 1]"
400631,7531950,2198,0,"[0, 1]"
400631,7531950,3880,0,"[0, 1]"
400631,7531950,2874,0,"[0, 1]"
400631,7531950,2447,0,"[0, 1]"
400631,7531950,4279,0,"[0, 1]"
400631,7531950,4923,0,"[0, 1]"
400631,7531950,7235073,1,"[0, 1]"
400631,7531950,4900,0,"[0, 1]"
400631,7531950,7072838,1,"[0, 1]"
400631,7531950,7068907,1,"[0, 1]"
400631,7531950,3655235,1,"[0, 1]"
400631,7531950,7261293,1,"[0, 1]"
400631,7531950,2397478,1,"[0, 1]"
400631,7531950,4908,0,"[0, 1]"
400631,7531950,7218061,1,"[0, 1]"
400631,7531950,7144918,1,"[0, 1]"
400631,7531950,7472169,1,"[0, 1]"
400631,7531950,4554,0,"[0, 1]"
400631,7531950,4744,0,"[0, 1]"
400631,7531950,7559349,1,"[0, 1]"
400631,7531950,7099506,1,"[0, 1]"
400631,7531950,7147356,1,"[0, 1]"
400631,7531950,4874,0,"[0, 1]"
400631,7531950,7689707,1,"[0, 1]"
400631,7531950,7296401,1,"[0, 1]"
400631,7531950,7587602,1,"[0, 1]"
400631,7531950,7550591,1,"[0, 1]"
400631,7531950,7153209,1,"[0, 1]"
151011,7532006,7532006,1,"[1, 0]"
151011,7532006,4942,0,"[1, 0]"
151011,7532006,3967,0,"[1, 0]"
151011,7532006,1983,0,"[1, 0]"
151011,7532006,991,0,"[1, 0]"
151011,7532006,495,0,"[1, 0]"
151011,7532006,247,0,"[1, 0]"
151011,7532006,123,0,"[1, 0]"
151011,7532006,61,0,"[1, 0]"
151011,7532006,30,0,"[1, 0]"
151011,7532006,14,0,"[1, 0]"
151011,7532006,6,0,"[1, 0]"
151011,7532006,2,0,"[1, 0]"
151011,7532006,0,0,"[1, 0]"
151011,7532006,1,0,"[0, 1]"
151011,7532006,2,0,"[0, 1]"
151011,7532006,4,0,"[0, 1]"
151011,7532006,6,0,"[0, 1]"
151011,7532006,5,0,"[0, 1]"
151011,7532006,3,0,"[0, 1]"
151011,7532006,11,0,"[0, 1]"
151011,7532006,7,0,"[0, 1]"
151011,7532006,9,0,"[0, 1]"
151011,7532006,8,0,"[0, 1]"
151011,7532006,12,0,"[0, 1]"
151011,7532006,10,0,"[0, 1]"
151011,7532006,20,0,"[0, 1]"
151011,7532006,28,0,"[0, 1]"
151011,7532006,27,0,"[0, 1]"
151011,7532006,18,0,"[0, 1]"
151011,7532006,19,0,"[0, 1]"
151011,7532006,30,0,"[0, 1]"
151011,7532006,21,0,"[0, 1]"
151011,7532006,26,0,"[0, 1]"
151011,7532006,42,0,"[0, 1]"
151011,7532006,34,0,"[0, 1]"
151011,7532006,55,0,"[0, 1]"
151011,7532006,39,0,"[0, 1]"
151011,7532006,49,0,"[0, 1]"
151011,7532006,50,0,"[0, 1]"
151011,7532006,62,0,"[0, 1]"
151011,7532006,38,0,"[0, 1]"
151011,7532006,58,0,"[0, 1]"
151011,7532006,41,0,"[0, 1]"
151011,7532006,68,0,"[0, 1]"
151011,7532006,108,0,"[0, 1]"
151011,7532006,104,0,"[0, 1]"
151011,7532006,74,0,"[0, 1]"
151011,7532006,82,0,"[0, 1]"
151011,7532006,103,0,"[0, 1]"
151011,7532006,107,0,"[0, 1]"
151011,7532006,126,0,"[0, 1]"
151011,7532006,72,0,"[0, 1]"
151011,7532006,110,0,"[0, 1]"
151011,7532006,97,0,"[0, 1]"
151011,7532006,125,0,"[0, 1]"
151011,7532006,242,0,"[0, 1]"
151011,7532006,173,0,"[0, 1]"
151011,7532006,157,0,"[0, 1]"
151011,7532006,225,0,"[0, 1]"
151011,7532006,127,0,"[0, 1]"
151011,7532006,171,0,"[0, 1]"
151011,7532006,135,0,"[0, 1]"
151011,7532006,244,0,"[0, 1]"
151011,7532006,133,0,"[0, 1]"
151011,7532006,161,0,"[0, 1]"
151011,7532006,229,0,"[0, 1]"
151011,7532006,156,0,"[0, 1]"
151011,7532006,246,0,"[0, 1]"
151011,7532006,228,0,"[0, 1]"
151011,7532006,261,0,"[0, 1]"
151011,7532006,425,0,"[0, 1]"
151011,7532006,474,0,"[0, 1]"
151011,7532006,486,0,"[0, 1]"
151011,7532006,466,0,"[0, 1]"
151011,7532006,484,0,"[0, 1]"
151011,7532006,492,0,"[0, 1]"
151011,7532006,372,0,"[0, 1]"
151011,7532006,295,0,"[0, 1]"
151011,7532006,430,0,"[0, 1]"
151011,7532006,461,0,"[0, 1]"
151011,7532006,306,0,"[0, 1]"
151011,7532006,302,0,"[0, 1]"
151011,7532006,286,0,"[0, 1]"
151011,7532006,405,0,"[0, 1]"
151011,7532006,336,0,"[0, 1]"
151011,7532006,772,0,"[0, 1]"
151011,7532006,910,0,"[0, 1]"
151011,7532006,600,0,"[0, 1]"
151011,7532006,526,0,"[0, 1]"
151011,7532006,533,0,"[0, 1]"
151011,7532006,642,0,"[0, 1]"
151011,7532006,523,0,"[0, 1]"
151011,7532006,621,0,"[0, 1]"
151011,7532006,723,0,"[0, 1]"
151011,7532006,735,0,"[0, 1]"
151011,7532006,902,0,"[0, 1]"
151011,7532006,614,0,"[0, 1]"
151011,7532006,948,0,"[0, 1]"
151011,7532006,780,0,"[0, 1]"
151011,7532006,956,0,"[0, 1]"
151011,7532006,803,0,"[0, 1]"
151011,7532006,951,0,"[0, 1]"
151011,7532006,859,0,"[0, 1]"
151011,7532006,1657,0,"[0, 1]"
151011,7532006,1080,0,"[0, 1]"
151011,7532006,1645,0,"[0, 1]"
151011,7532006,1698,0,"[0, 1]"
151011,7532006,1622,0,"[0, 1]"
151011,7532006,1650,0,"[0, 1]"
151011,7532006,2025,0,"[0, 1]"
151011,7532006,1522,0,"[0, 1]"
151011,7532006,1997,0,"[0, 1]"
151011,7532006,1367,0,"[0, 1]"
151011,7532006,1613,0,"[0, 1]"
151011,7532006,2018,0,"[0, 1]"
151011,7532006,1993,0,"[0, 1]"
151011,7532006,1845,0,"[0, 1]"
151011,7532006,1701,0,"[0, 1]"
151011,7532006,1105,0,"[0, 1]"
151011,7532006,1970,0,"[0, 1]"
151011,7532006,1228,0,"[0, 1]"
151011,7532006,1088,0,"[0, 1]"
151011,7532006,1295,0,"[0, 1]"
151011,7532006,3926,0,"[0, 1]"
151011,7532006,3531,0,"[0, 1]"
151011,7532006,3322,0,"[0, 1]"
151011,7532006,3247,0,"[0, 1]"
151011,7532006,3654,0,"[0, 1]"
151011,7532006,3078,0,"[0, 1]"
151011,7532006,2468,0,"[0, 1]"
151011,7532006,3499,0,"[0, 1]"
151011,7532006,2909,0,"[0, 1]"
151011,7532006,2990,0,"[0, 1]"
151011,7532006,2655,0,"[0, 1]"
151011,7532006,2326,0,"[0, 1]"
151011,7532006,2208,0,"[0, 1]"
151011,7532006,2749,0,"[0, 1]"
151011,7532006,2636,0,"[0, 1]"
151011,7532006,3655,0,"[0, 1]"
151011,7532006,2169,0,"[0, 1]"
151011,7532006,3318,0,"[0, 1]"
151011,7532006,3095,0,"[0, 1]"
151011,7532006,3051,0,"[0, 1]"
151011,7532006,2140,0,"[0, 1]"
151011,7532006,3523,0,"[0, 1]"
151011,7532006,4296,0,"[0, 1]"
151011,7532006,7484272,1,"[0, 1]"
151011,7532006,7091331,1,"[0, 1]"
151011,7532006,7391872,1,"[0, 1]"
151011,7532006,7411029,1,"[0, 1]"
151011,7532006,4934,0,"[0, 1]"
151011,7532006,4854,0,"[0, 1]"
151011,7532006,7140358,1,"[0, 1]"
151011,7532006,7292567,1,"[0, 1]"
151011,7532006,7087829,1,"[0, 1]"
151011,7532006,7168511,1,"[0, 1]"
151011,7532006,4129,0,"[0, 1]"
151011,7532006,7493198,1,"[0, 1]"
151011,7532006,7424207,1,"[0, 1]"
151011,7532006,4145,0,"[0, 1]"
151011,7532006,7469186,1,"[0, 1]"
151011,7532006,4264,0,"[0, 1]"
151011,7532006,7260887,1,"[0, 1]"
151011,7532006,4951,0,"[0, 1]"
151011,7532006,7671705,1,"[0, 1]"
151011,7532006,4841,0,"[0, 1]"
151011,7532006,7526879,1,"[0, 1]"
151011,7532006,7280608,1,"[0, 1]"
151011,7532006,7543689,1,"[0, 1]"
151011,7532006,7637010,1,"[0, 1]"
151011,7532006,7649192,1,"[0, 1]"
151011,7532006,7564762,1,"[0, 1]"
151011,7532006,7580864,1,"[0, 1]"
151011,7532006,1567596,1,"[0, 1]"
151011,7532006,7216300,1,"[0, 1]"
151011,7532006,7067743,1,"[0, 1]"
151011,7532006,7461259,1,"[0, 1]"
151011,7532006,7655600,1,"[0, 1]"
151011,7532006,7102190,1,"[0, 1]"
151011,7532006,7572898,1,"[0, 1]"
151011,7532006,7434654,1,"[0, 1]"
151011,7532006,7632239,1,"[0, 1]"
151011,7532006,7510002,1,"[0, 1]"
151011,7532006,4792479,1,"[0, 1]"
151011,7532006,2504788,1,"[0, 1]"
151011,7532006,7550141,1,"[0, 1]"
151011,7532006,7341207,1,"[0, 1]"
151011,7532006,7330660,1,"[0, 1]"
151011,7532006,7426822,1,"[0, 1]"
151011,7532006,7496366,1,"[0, 1]"
151011,7532006,7407113,1,"[0, 1]"
151011,7532006,7676121,1,"[0, 1]"
151011,7532006,7274778,1,"[0, 1]"
151011,7532006,7130196,1,"[0, 1]"
151011,7532006,7595623,1,"[0, 1]"
261521,1735979,1735979,1,"[1, 0]"
261521,1735979,4536,0,"[1, 0]"
261521,1735979,3047,0,"[1, 0]"
261521,1735979,1523,0,"[1, 0]"
261521,1735979,761,0,"[1, 0]"
261521,1735979,380,0,"[1, 0]"
261521,1735979,189,0,"[1, 0]"
261521,1735979,94,0,"[1, 0]"
261521,1735979,46,0,"[1, 0]"
261521,1735979,22,0,"[1, 0]"
261521,1735979,10,0,"[1, 0]"
261521,1735979,4,0,"[1, 0]"
261521,1735979,1,0,"[1, 0]"
261521,1735979,0,0,"[1, 0]"
261521,1735979,2,0,"[0, 1]"
261521,1735979,1,0,"[0, 1]"
261521,1735979,4,0,"[0, 1]"
261521,1735979,6,0,"[0, 1]"
261521,1735979,5,0,"[0, 1]"
261521,1735979,3,0,"[0, 1]"
261521,1735979,7,0,"[0, 1]"
261521,1735979,9,0,"[0, 1]"
261521,1735979,8,0,"[0, 1]"
261521,1735979,14,0,"[0, 1]"
261521,1735979,11,0,"[0, 1]"
261521,1735979,10,0,"[0, 1]"
261521,1735979,19,0,"[0, 1]"
261521,1735979,21,0,"[0, 1]"
261521,1735979,30,0,"[0, 1]"
261521,1735979,17,0,"[0, 1]"
261521,1735979,28,0,"[0, 1]"
261521,1735979,18,0,"[0, 1]"
261521,1735979,22,0,"[0, 1]"
261521,1735979,20,0,"[0, 1]"
261521,1735979,44,0,"[0, 1]"
261521,1735979,62,0,"[0, 1]"
261521,1735979,53,0,"[0, 1]"
261521,1735979,34,0,"[0, 1]"
261521,1735979,54,0,"[0, 1]"
261521,1735979,50,0,"[0, 1]"
261521,1735979,56,0,"[0, 1]"
261521,1735979,40,0,"[0, 1]"
261521,1735979,58,0,"[0, 1]"
261521,1735979,57,0,"[0, 1]"
261521,1735979,116,0,"[0, 1]"
261521,1735979,81,0,"[0, 1]"
261521,1735979,87,0,"[0, 1]"
261521,1735979,114,0,"[0, 1]"
261521,1735979,111,0,"[0, 1]"
261521,1735979,124,0,"[0, 1]"
261521,1735979,102,0,"[0, 1]"
261521,1735979,74,0,"[0, 1]"
261521,1735979,88,0,"[0, 1]"
261521,1735979,113,0,"[0, 1]"
261521,1735979,80,0,"[0, 1]"
261521,1735979,66,0,"[0, 1]"
261521,1735979,188,0,"[0, 1]"
261521,1735979,209,0,"[0, 1]"
261521,1735979,195,0,"[0, 1]"
261521,1735979,215,0,"[0, 1]"
261521,1735979,217,0,"[0, 1]"
261521,1735979,159,0,"[0, 1]"
261521,1735979,230,0,"[0, 1]"
261521,1735979,161,0,"[0, 1]"
261521,1735979,201,0,"[0, 1]"
261521,1735979,203,0,"[0, 1]"
261521,1735979,147,0,"[0, 1]"
261521,1735979,127,0,"[0, 1]"
261521,1735979,236,0,"[0, 1]"
261521,1735979,128,0,"[0, 1]"
261521,1735979,496,0,"[0, 1]"
261521,1735979,462,0,"[0, 1]"
261521,1735979,267,0,"[0, 1]"
261521,1735979,484,0,"[0, 1]"
261521,1735979,258,0,"[0, 1]"
261521,1735979,453,0,"[0, 1]"
261521,1735979,278,0,"[0, 1]"
261521,1735979,377,0,"[0, 1]"
261521,1735979,294,0,"[0, 1]"
261521,1735979,375,0,"[0, 1]"
261521,1735979,422,0,"[0, 1]"
261521,1735979,490,0,"[0, 1]"
261521,1735979,358,0,"[0, 1]"
261521,1735979,424,0,"[0, 1]"
261521,1735979,428,0,"[0, 1]"
261521,1735979,328,0,"[0, 1]"
261521,1735979,732,0,"[0, 1]"
261521,1735979,788,0,"[0, 1]"
261521,1735979,798,0,"[0, 1]"
261521,1735979,998,0,"[0, 1]"
261521,1735979,1022,0,"[0, 1]"
261521,1735979,921,0,"[0, 1]"
261521,1735979,615,0,"[0, 1]"
261521,1735979,849,0,"[0, 1]"
261521,1735979,902,0,"[0, 1]"
261521,1735979,591,0,"[0, 1]"
261521,1735979,652,0,"[0, 1]"
261521,1735979,949,0,"[0, 1]"
261521,1735979,727,0,"[0, 1]"
261521,1735979,549,0,"[0, 1]"
261521,1735979,812,0,"[0, 1]"
261521,1735979,524,0,"[0, 1]"
261521,1735979,607,0,"[0, 1]"
261521,1735979,770,0,"[0, 1]"
261521,1735979,1397,0,"[0, 1]"
261521,1735979,1726,0,"[0, 1]"
261521,1735979,1147,0,"[0, 1]"
261521,1735979,1858,0,"[0, 1]"
261521,1735979,1204,0,"[0, 1]"
261521,1735979,1977,0,"[0, 1]"
261521,1735979,1236,0,"[0, 1]"
261521,1735979,1395,0,"[0, 1]"
261521,1735979,1637,0,"[0, 1]"
261521,1735979,1689,0,"[0, 1]"
261521,1735979,1715,0,"[0, 1]"
261521,1735979,1745,0,"[0, 1]"
261521,1735979,1228,0,"[0, 1]"
261521,1735979,1233,0,"[0, 1]"
261521,1735979,1425,0,"[0, 1]"
261521,1735979,1034,0,"[0, 1]"
261521,1735979,1412,0,"[0, 1]"
261521,1735979,1646,0,"[0, 1]"
261521,1735979,1421,0,"[0, 1]"
261521,1735979,1787,0,"[0, 1]"
261521,1735979,3105,0,"[0, 1]"
261521,1735979,3642,0,"[0, 1]"
261521,1735979,2252,0,"[0, 1]"
261521,1735979,4048,0,"[0, 1]"
261521,1735979,2459,0,"[0, 1]"
261521,1735979,2472,0,"[0, 1]"
261521,1735979,3093,0,"[0, 1]"
261521,1735979,3259,0,"[0, 1]"
261521,1735979,2557,0,"[0, 1]"
261521,1735979,3336,0,"[0, 1]"
261521,1735979,2433,0,"[0, 1]"
261521,1735979,3488,0,"[0, 1]"
261521,1735979,3968,0,"[0, 1]"
261521,1735979,3195,0,"[0, 1]"
261521,1735979,3065,0,"[0, 1]"
261521,1735979,2840,0,"[0, 1]"
261521,1735979,3882,0,"[0, 1]"
261521,1735979,3598,0,"[0, 1]"
261521,1735979,3999,0,"[0, 1]"
261521,1735979,2125,0,"[0, 1]"
261521,1735979,3903,0,"[0, 1]"
261521,1735979,3241,0,"[0, 1]"
261521,1735979,7669618,1,"[0, 1]"
261521,1735979,7504184,1,"[0, 1]"
261521,1735979,7125439,1,"[0, 1]"
261521,1735979,7242338,1,"[0, 1]"
261521,1735979,7231200,1,"[0, 1]"
261521,1735979,4396,0,"[0, 1]"
261521,1735979,7141911,1,"[0, 1]"
261521,1735979,7274990,1,"[0, 1]"
261521,1735979,7281622,1,"[0, 1]"
261521,1735979,4852,0,"[0, 1]"
261521,1735979,7265145,1,"[0, 1]"
261521,1735979,7486503,1,"[0, 1]"
261521,1735979,7635187,1,"[0, 1]"
261521,1735979,7366036,1,"[0, 1]"
261521,1735979,7645605,1,"[0, 1]"
261521,1735979,7359558,1,"[0, 1]"
261521,1735979,7462026,1,"[0, 1]"
261521,1735979,7461042,1,"[0, 1]"
261521,1735979,4575,0,"[0, 1]"
261521,1735979,7421528,1,"[0, 1]"
261521,1735979,7277771,1,"[0, 1]"
261521,1735979,7484982,1,"[0, 1]"
261521,1735979,4975,0,"[0, 1]"
261521,1735979,7409861,1,"[0, 1]"
261521,1735979,3518144,1,"[0, 1]"
261521,1735979,7169557,1,"[0, 1]"
261521,1735979,5475009,1,"[0, 1]"
261521,1735979,7562097,1,"[0, 1]"
261521,1735979,7234407,1,"[0, 1]"
261521,1735979,7506197,1,"[0, 1]"
261521,1735979,7279808,1,"[0, 1]"
261521,1735979,4102612,1,"[0, 1]"
261521,1735979,7543769,1,"[0, 1]"
261521,1735979,7075398,1,"[0, 1]"
261521,1735979,7279478,1,"[0, 1]"
261521,1735979,7348202,1,"[0, 1]"
261521,1735979,7535295,1,"[0, 1]"
261521,1735979,7610379,1,"[0, 1]"
261521,1735979,7592790,1,"[0, 1]"
261521,1735979,7092969,1,"[0, 1]"
261521,1735979,85696,1,"[0, 1]"
261521,1735979,7118416,1,"[0, 1]"
261521,1735979,7572898,1,"[0, 1]"
261521,1735979,5390183,1,"[0, 1]"
261521,1735979,7110600,1,"[0, 1]"
261521,1735979,7333164,1,"[0, 1]"
261521,1735979,7528490,1,"[0, 1]"
261521,1735979,7226385,1,"[0, 1]"
261521,1735979,7201997,1,"[0, 1]"
261521,1735979,7610990,1,"[0, 1]"
66771,7532068,7532068,1,"[1, 0]"
66771,7532068,3688,0,"[1, 0]"
66771,7532068,1843,0,"[1, 0]"
66771,7532068,921,0,"[1, 0]"
66771,7532068,460,0,"[1, 0]"
66771,7532068,229,0,"[1, 0]"
66771,7532068,114,0,"[1, 0]"
66771,7532068,56,0,"[1, 0]"
66771,7532068,27,0,"[1, 0]"
66771,7532068,13,0,"[1, 0]"
66771,7532068,6,0,"[1, 0]"
66771,7532068,2,0,"[1, 0]"
66771,7532068,0,0,"[1, 0]"
66771,7532068,1,0,"[0, 1]"
66771,7532068,2,0,"[0, 1]"
66771,7532068,3,0,"[0, 1]"
66771,7532068,6,0,"[0, 1]"
66771,7532068,4,0,"[0, 1]"
66771,7532068,5,0,"[0, 1]"
66771,7532068,8,0,"[0, 1]"
66771,7532068,7,0,"[0, 1]"
66771,7532068,9,0,"[0, 1]"
66771,7532068,12,0,"[0, 1]"
66771,7532068,13,0,"[0, 1]"
66771,7532068,10,0,"[0, 1]"
66771,7532068,19,0,"[0, 1]"
66771,7532068,25,0,"[0, 1]"
66771,7532068,18,0,"[0, 1]"
66771,7532068,28,0,"[0, 1]"
66771,7532068,22,0,"[0, 1]"
66771,7532068,26,0,"[0, 1]"
66771,7532068,16,0,"[0, 1]"
66771,7532068,21,0,"[0, 1]"
66771,7532068,55,0,"[0, 1]"
66771,7532068,31,0,"[0, 1]"
66771,7532068,56,0,"[0, 1]"
66771,7532068,47,0,"[0, 1]"
66771,7532068,42,0,"[0, 1]"
66771,7532068,33,0,"[0, 1]"
66771,7532068,32,0,"[0, 1]"
66771,7532068,61,0,"[0, 1]"
66771,7532068,58,0,"[0, 1]"
66771,7532068,51,0,"[0, 1]"
66771,7532068,63,0,"[0, 1]"
66771,7532068,74,0,"[0, 1]"
66771,7532068,100,0,"[0, 1]"
66771,7532068,118,0,"[0, 1]"
66771,7532068,111,0,"[0, 1]"
66771,7532068,108,0,"[0, 1]"
66771,7532068,125,0,"[0, 1]"
66771,7532068,94,0,"[0, 1]"
66771,7532068,79,0,"[0, 1]"
66771,7532068,68,0,"[0, 1]"
66771,7532068,107,0,"[0, 1]"
66771,7532068,92,0,"[0, 1]"
66771,7532068,182,0,"[0, 1]"
66771,7532068,245,0,"[0, 1]"
66771,7532068,241,0,"[0, 1]"
66771,7532068,236,0,"[0, 1]"
66771,7532068,181,0,"[0, 1]"
66771,7532068,168,0,"[0, 1]"
66771,7532068,180,0,"[0, 1]"
66771,7532068,206,0,"[0, 1]"
66771,7532068,247,0,"[0, 1]"
66771,7532068,222,0,"[0, 1]"
66771,7532068,141,0,"[0, 1]"
66771,7532068,229,0,"[0, 1]"
66771,7532068,204,0,"[0, 1]"
66771,7532068,150,0,"[0, 1]"
66771,7532068,323,0,"[0, 1]"
66771,7532068,420,0,"[0, 1]"
66771,7532068,508,0,"[0, 1]"
66771,7532068,284,0,"[0, 1]"
66771,7532068,450,0,"[0, 1]"
66771,7532068,471,0,"[0, 1]"
66771,7532068,430,0,"[0, 1]"
66771,7532068,327,0,"[0, 1]"
66771,7532068,423,0,"[0, 1]"
66771,7532068,463,0,"[0, 1]"
66771,7532068,274,0,"[0, 1]"
66771,7532068,301,0,"[0, 1]"
66771,7532068,341,0,"[0, 1]"
66771,7532068,389,0,"[0, 1]"
66771,7532068,469,0,"[0, 1]"
66771,7532068,428,0,"[0, 1]"
66771,7532068,882,0,"[0, 1]"
66771,7532068,927,0,"[0, 1]"
66771,7532068,528,0,"[0, 1]"
66771,7532068,628,0,"[0, 1]"
66771,7532068,941,0,"[0, 1]"
66771,7532068,641,0,"[0, 1]"
66771,7532068,518,0,"[0, 1]"
66771,7532068,511,0,"[0, 1]"
66771,7532068,806,0,"[0, 1]"
66771,7532068,654,0,"[0, 1]"
66771,7532068,620,0,"[0, 1]"
66771,7532068,821,0,"[0, 1]"
66771,7532068,687,0,"[0, 1]"
66771,7532068,619,0,"[0, 1]"
66771,7532068,872,0,"[0, 1]"
66771,7532068,745,0,"[0, 1]"
66771,7532068,623,0,"[0, 1]"
66771,7532068,600,0,"[0, 1]"
66771,7532068,1617,0,"[0, 1]"
66771,7532068,1570,0,"[0, 1]"
66771,7532068,1827,0,"[0, 1]"
66771,7532068,1437,0,"[0, 1]"
66771,7532068,1081,0,"[0, 1]"
66771,7532068,1609,0,"[0, 1]"
66771,7532068,1641,0,"[0, 1]"
66771,7532068,1036,0,"[0, 1]"
66771,7532068,1903,0,"[0, 1]"
66771,7532068,1542,0,"[0, 1]"
66771,7532068,1119,0,"[0, 1]"
66771,7532068,1403,0,"[0, 1]"
66771,7532068,1225,0,"[0, 1]"
66771,7532068,1807,0,"[0, 1]"
66771,7532068,1116,0,"[0, 1]"
66771,7532068,1831,0,"[0, 1]"
66771,7532068,1888,0,"[0, 1]"
66771,7532068,1151,0,"[0, 1]"
66771,7532068,1197,0,"[0, 1]"
66771,7532068,1712,0,"[0, 1]"
66771,7532068,3191,0,"[0, 1]"
66771,7532068,2384,0,"[0, 1]"
66771,7532068,2426,0,"[0, 1]"
66771,7532068,2491,0,"[0, 1]"
66771,7532068,2958,0,"[0, 1]"
66771,7532068,2465,0,"[0, 1]"
66771,7532068,2524,0,"[0, 1]"
66771,7532068,2657,0,"[0, 1]"
66771,7532068,3989,0,"[0, 1]"
66771,7532068,3560,0,"[0, 1]"
66771,7532068,4047,0,"[0, 1]"
66771,7532068,2992,0,"[0, 1]"
66771,7532068,2998,0,"[0, 1]"
66771,7532068,4056,0,"[0, 1]"
66771,7532068,3508,0,"[0, 1]"
66771,7532068,3010,0,"[0, 1]"
66771,7532068,2671,0,"[0, 1]"
66771,7532068,2794,0,"[0, 1]"
66771,7532068,3865,0,"[0, 1]"
66771,7532068,3956,0,"[0, 1]"
66771,7532068,2882,0,"[0, 1]"
66771,7532068,3663,0,"[0, 1]"
66771,7532068,7263747,1,"[0, 1]"
66771,7532068,7624096,1,"[0, 1]"
66771,7532068,7144584,1,"[0, 1]"
66771,7532068,7289397,1,"[0, 1]"
66771,7532068,7652351,1,"[0, 1]"
66771,7532068,7411535,1,"[0, 1]"
66771,7532068,4607,0,"[0, 1]"
66771,7532068,7570591,1,"[0, 1]"
66771,7532068,103635,1,"[0, 1]"
66771,7532068,4498,0,"[0, 1]"
66771,7532068,4888,0,"[0, 1]"
66771,7532068,7436289,1,"[0, 1]"
66771,7532068,4429,0,"[0, 1]"
66771,7532068,7446792,1,"[0, 1]"
66771,7532068,7320965,1,"[0, 1]"
66771,7532068,7465839,1,"[0, 1]"
66771,7532068,7393434,1,"[0, 1]"
66771,7532068,7146387,1,"[0, 1]"
66771,7532068,7519535,1,"[0, 1]"
66771,7532068,4443,0,"[0, 1]"
66771,7532068,7643455,1,"[0, 1]"
66771,7532068,7293312,1,"[0, 1]"
66771,7532068,7581655,1,"[0, 1]"
66771,7532068,7236803,1,"[0, 1]"
1096126,7532087,7532087,1,"[1, 0]"
1096126,7532087,4446,0,"[1, 0]"
1096126,7532087,2843,0,"[1, 0]"
1096126,7532087,1421,0,"[1, 0]"
1096126,7532087,710,0,"[1, 0]"
1096126,7532087,354,0,"[1, 0]"
1096126,7532087,176,0,"[1, 0]"
1096126,7532087,87,0,"[1, 0]"
1096126,7532087,43,0,"[1, 0]"
1096126,7532087,21,0,"[1, 0]"
1096126,7532087,10,0,"[1, 0]"
1096126,7532087,4,0,"[1, 0]"
1096126,7532087,1,0,"[1, 0]"
1096126,7532087,0,0,"[1, 0]"
1096126,7532087,1,0,"[0, 1]"
1096126,7532087,2,0,"[0, 1]"
1096126,7532087,6,0,"[0, 1]"
1096126,7532087,3,0,"[0, 1]"
1096126,7532087,5,0,"[0, 1]"
1096126,7532087,4,0,"[0, 1]"
1096126,7532087,10,0,"[0, 1]"
1096126,7532087,11,0,"[0, 1]"
1096126,7532087,13,0,"[0, 1]"
1096126,7532087,14,0,"[0, 1]"
1096126,7532087,12,0,"[0, 1]"
1096126,7532087,8,0,"[0, 1]"
1096126,7532087,20,0,"[0, 1]"
1096126,7532087,17,0,"[0, 1]"
1096126,7532087,19,0,"[0, 1]"
1096126,7532087,28,0,"[0, 1]"
1096126,7532087,29,0,"[0, 1]"
1096126,7532087,15,0,"[0, 1]"
1096126,7532087,23,0,"[0, 1]"
1096126,7532087,26,0,"[0, 1]"
1096126,7532087,34,0,"[0, 1]"
1096126,7532087,31,0,"[0, 1]"
1096126,7532087,39,0,"[0, 1]"
1096126,7532087,46,0,"[0, 1]"
1096126,7532087,62,0,"[0, 1]"
1096126,7532087,59,0,"[0, 1]"
1096126,7532087,41,0,"[0, 1]"
1096126,7532087,47,0,"[0, 1]"
1096126,7532087,38,0,"[0, 1]"
1096126,7532087,50,0,"[0, 1]"
1096126,7532087,111,0,"[0, 1]"
1096126,7532087,86,0,"[0, 1]"
1096126,7532087,80,0,"[0, 1]"
1096126,7532087,116,0,"[0, 1]"
1096126,7532087,99,0,"[0, 1]"
1096126,7532087,108,0,"[0, 1]"
1096126,7532087,84,0,"[0, 1]"
1096126,7532087,126,0,"[0, 1]"
1096126,7532087,106,0,"[0, 1]"
1096126,7532087,102,0,"[0, 1]"
1096126,7532087,81,0,"[0, 1]"
1096126,7532087,101,0,"[0, 1]"
1096126,7532087,222,0,"[0, 1]"
1096126,7532087,155,0,"[0, 1]"
1096126,7532087,207,0,"[0, 1]"
1096126,7532087,232,0,"[0, 1]"
1096126,7532087,221,0,"[0, 1]"
1096126,7532087,225,0,"[0, 1]"
1096126,7532087,143,0,"[0, 1]"
1096126,7532087,228,0,"[0, 1]"
1096126,7532087,206,0,"[0, 1]"
1096126,7532087,249,0,"[0, 1]"
1096126,7532087,191,0,"[0, 1]"
1096126,7532087,166,0,"[0, 1]"
1096126,7532087,179,0,"[0, 1]"
1096126,7532087,164,0,"[0, 1]"
1096126,7532087,367,0,"[0, 1]"
1096126,7532087,510,0,"[0, 1]"
1096126,7532087,471,0,"[0, 1]"
1096126,7532087,285,0,"[0, 1]"
1096126,7532087,274,0,"[0, 1]"
1096126,7532087,370,0,"[0, 1]"
1096126,7532087,315,0,"[0, 1]"
1096126,7532087,486,0,"[0, 1]"
1096126,7532087,458,0,"[0, 1]"
1096126,7532087,360,0,"[0, 1]"
1096126,7532087,500,0,"[0, 1]"
1096126,7532087,379,0,"[0, 1]"
1096126,7532087,330,0,"[0, 1]"
1096126,7532087,292,0,"[0, 1]"
1096126,7532087,268,0,"[0, 1]"
1096126,7532087,362,0,"[0, 1]"
1096126,7532087,695,0,"[0, 1]"
1096126,7532087,641,0,"[0, 1]"
1096126,7532087,671,0,"[0, 1]"
1096126,7532087,704,0,"[0, 1]"
1096126,7532087,728,0,"[0, 1]"
1096126,7532087,789,0,"[0, 1]"
1096126,7532087,523,0,"[0, 1]"
1096126,7532087,879,0,"[0, 1]"
1096126,7532087,717,0,"[0, 1]"
1096126,7532087,847,0,"[0, 1]"
1096126,7532087,667,0,"[0, 1]"
1096126,7532087,514,0,"[0, 1]"
1096126,7532087,871,0,"[0, 1]"
1096126,7532087,759,0,"[0, 1]"
1096126,7532087,670,0,"[0, 1]"
1096126,7532087,949,0,"[0, 1]"
1096126,7532087,984,0,"[0, 1]"
1096126,7532087,998,0,"[0, 1]"
1096126,7532087,1136,0,"[0, 1]"
1096126,7532087,1888,0,"[0, 1]"
1096126,7532087,1137,0,"[0, 1]"
1096126,7532087,1612,0,"[0, 1]"
1096126,7532087,1568,0,"[0, 1]"
1096126,7532087,1897,0,"[0, 1]"
1096126,7532087,1541,0,"[0, 1]"
1096126,7532087,1349,0,"[0, 1]"
1096126,7532087,1212,0,"[0, 1]"
1096126,7532087,1993,0,"[0, 1]"
1096126,7532087,1201,0,"[0, 1]"
1096126,7532087,1079,0,"[0, 1]"
1096126,7532087,1286,0,"[0, 1]"
1096126,7532087,1162,0,"[0, 1]"
1096126,7532087,1770,0,"[0, 1]"
1096126,7532087,1403,0,"[0, 1]"
1096126,7532087,1068,0,"[0, 1]"
1096126,7532087,1804,0,"[0, 1]"
1096126,7532087,1809,0,"[0, 1]"
1096126,7532087,1504,0,"[0, 1]"
1096126,7532087,3349,0,"[0, 1]"
1096126,7532087,2660,0,"[0, 1]"
1096126,7532087,3924,0,"[0, 1]"
1096126,7532087,4030,0,"[0, 1]"
1096126,7532087,2094,0,"[0, 1]"
1096126,7532087,3313,0,"[0, 1]"
1096126,7532087,3793,0,"[0, 1]"
1096126,7532087,2597,0,"[0, 1]"
1096126,7532087,3865,0,"[0, 1]"
1096126,7532087,3487,0,"[0, 1]"
1096126,7532087,2574,0,"[0, 1]"
1096126,7532087,2986,0,"[0, 1]"
1096126,7532087,2579,0,"[0, 1]"
1096126,7532087,3097,0,"[0, 1]"
1096126,7532087,2935,0,"[0, 1]"
1096126,7532087,2748,0,"[0, 1]"
1096126,7532087,3398,0,"[0, 1]"
1096126,7532087,2224,0,"[0, 1]"
1096126,7532087,2165,0,"[0, 1]"
1096126,7532087,3987,0,"[0, 1]"
1096126,7532087,2167,0,"[0, 1]"
1096126,7532087,2444,0,"[0, 1]"
1096126,7532087,4725,0,"[0, 1]"
1096126,7532087,7217799,1,"[0, 1]"
1096126,7532087,4211,0,"[0, 1]"
1096126,7532087,4825,0,"[0, 1]"
1096126,7532087,73759,1,"[0, 1]"
1096126,7532087,7045036,1,"[0, 1]"
1096126,7532087,4292,0,"[0, 1]"
1096126,7532087,7295424,1,"[0, 1]"
1096126,7532087,7345682,1,"[0, 1]"
1096126,7532087,7197935,1,"[0, 1]"
1096126,7532087,7654094,1,"[0, 1]"
1096126,7532087,7647539,1,"[0, 1]"
1096126,7532087,4215,0,"[0, 1]"
1096126,7532087,3058555,1,"[0, 1]"
1096126,7532087,2135853,1,"[0, 1]"
1096126,7532087,7118963,1,"[0, 1]"
1096126,7532087,4840,0,"[0, 1]"
1096126,7532087,7107115,1,"[0, 1]"
1096126,7532087,3239670,1,"[0, 1]"
1096126,7532087,184742,1,"[0, 1]"
1096126,7532087,7637587,1,"[0, 1]"
1096126,7532087,7236861,1,"[0, 1]"
1096126,7532087,7118453,1,"[0, 1]"
1096126,7532087,7544274,1,"[0, 1]"
1096126,7532087,7629139,1,"[0, 1]"
1096126,7532087,7415340,1,"[0, 1]"
1096126,7532087,7093179,1,"[0, 1]"
1096126,7532087,7124029,1,"[0, 1]"
1096126,7532087,7086688,1,"[0, 1]"
1096126,7532087,7434654,1,"[0, 1]"
1096126,7532087,7392644,1,"[0, 1]"
1096126,7532087,7463339,1,"[0, 1]"
1096126,7532087,7258172,1,"[0, 1]"
1096126,7532087,7624604,1,"[0, 1]"
1096126,7532087,7535859,1,"[0, 1]"
1096126,7532087,7099935,1,"[0, 1]"
1096126,7532087,7648865,1,"[0, 1]"
1096126,7532087,7363961,1,"[0, 1]"
1096126,7532087,6026974,1,"[0, 1]"
1096126,7532087,7289721,1,"[0, 1]"
1096126,7532087,7541223,1,"[0, 1]"
1096126,7532087,7154451,1,"[0, 1]"
1096126,7532087,7175875,1,"[0, 1]"
1096126,7532087,7431953,1,"[0, 1]"
1096126,7532087,7315363,1,"[0, 1]"
1096126,7532087,7406933,1,"[0, 1]"
1096126,7532087,7482805,1,"[0, 1]"
1096126,7532087,7144202,1,"[0, 1]"
1096126,7532087,7682611,1,"[0, 1]"
1096126,7532087,7217129,1,"[0, 1]"
738525,7532230,7532230,1,"[1, 0]"
738525,7532230,4760,0,"[1, 0]"
738525,7532230,3556,0,"[1, 0]"
738525,7532230,1777,0,"[1, 0]"
738525,7532230,888,0,"[1, 0]"
738525,7532230,443,0,"[1, 0]"
738525,7532230,221,0,"[1, 0]"
738525,7532230,110,0,"[1, 0]"
738525,7532230,54,0,"[1, 0]"
738525,7532230,26,0,"[1, 0]"
738525,7532230,12,0,"[1, 0]"
738525,7532230,5,0,"[1, 0]"
738525,7532230,2,0,"[1, 0]"
738525,7532230,0,0,"[1, 0]"
738525,7532230,2,0,"[0, 1]"
738525,7532230,1,0,"[0, 1]"
738525,7532230,5,0,"[0, 1]"
738525,7532230,4,0,"[0, 1]"
738525,7532230,6,0,"[0, 1]"
738525,7532230,3,0,"[0, 1]"
738525,7532230,12,0,"[0, 1]"
738525,7532230,10,0,"[0, 1]"
738525,7532230,9,0,"[0, 1]"
738525,7532230,11,0,"[0, 1]"
738525,7532230,14,0,"[0, 1]"
738525,7532230,8,0,"[0, 1]"
738525,7532230,27,0,"[0, 1]"
738525,7532230,19,0,"[0, 1]"
738525,7532230,20,0,"[0, 1]"
738525,7532230,23,0,"[0, 1]"
738525,7532230,29,0,"[0, 1]"
738525,7532230,22,0,"[0, 1]"
738525,7532230,26,0,"[0, 1]"
738525,7532230,28,0,"[0, 1]"
738525,7532230,45,0,"[0, 1]"
738525,7532230,38,0,"[0, 1]"
738525,7532230,55,0,"[0, 1]"
738525,7532230,43,0,"[0, 1]"
738525,7532230,44,0,"[0, 1]"
738525,7532230,33,0,"[0, 1]"
738525,7532230,31,0,"[0, 1]"
738525,7532230,46,0,"[0, 1]"
738525,7532230,53,0,"[0, 1]"
738525,7532230,49,0,"[0, 1]"
738525,7532230,96,0,"[0, 1]"
738525,7532230,119,0,"[0, 1]"
738525,7532230,124,0,"[0, 1]"
738525,7532230,87,0,"[0, 1]"
738525,7532230,113,0,"[0, 1]"
738525,7532230,110,0,"[0, 1]"
738525,7532230,95,0,"[0, 1]"
738525,7532230,68,0,"[0, 1]"
738525,7532230,115,0,"[0, 1]"
738525,7532230,99,0,"[0, 1]"
738525,7532230,102,0,"[0, 1]"
738525,7532230,88,0,"[0, 1]"
738525,7532230,251,0,"[0, 1]"
738525,7532230,164,0,"[0, 1]"
738525,7532230,234,0,"[0, 1]"
738525,7532230,213,0,"[0, 1]"
738525,7532230,233,0,"[0, 1]"
738525,7532230,205,0,"[0, 1]"
738525,7532230,167,0,"[0, 1]"
738525,7532230,165,0,"[0, 1]"
738525,7532230,189,0,"[0, 1]"
738525,7532230,137,0,"[0, 1]"
738525,7532230,201,0,"[0, 1]"
738525,7532230,154,0,"[0, 1]"
738525,7532230,211,0,"[0, 1]"
738525,7532230,240,0,"[0, 1]"
738525,7532230,455,0,"[0, 1]"
738525,7532230,258,0,"[0, 1]"
738525,7532230,305,0,"[0, 1]"
738525,7532230,373,0,"[0, 1]"
738525,7532230,477,0,"[0, 1]"
738525,7532230,375,0,"[0, 1]"
738525,7532230,361,0,"[0, 1]"
738525,7532230,307,0,"[0, 1]"
738525,7532230,328,0,"[0, 1]"
738525,7532230,263,0,"[0, 1]"
738525,7532230,438,0,"[0, 1]"
738525,7532230,509,0,"[0, 1]"
738525,7532230,383,0,"[0, 1]"
738525,7532230,495,0,"[0, 1]"
738525,7532230,454,0,"[0, 1]"
738525,7532230,416,0,"[0, 1]"
738525,7532230,647,0,"[0, 1]"
738525,7532230,545,0,"[0, 1]"
738525,7532230,573,0,"[0, 1]"
738525,7532230,979,0,"[0, 1]"
738525,7532230,741,0,"[0, 1]"
738525,7532230,564,0,"[0, 1]"
738525,7532230,679,0,"[0, 1]"
738525,7532230,744,0,"[0, 1]"
738525,7532230,917,0,"[0, 1]"
738525,7532230,640,0,"[0, 1]"
738525,7532230,653,0,"[0, 1]"
738525,7532230,1006,0,"[0, 1]"
738525,7532230,636,0,"[0, 1]"
738525,7532230,513,0,"[0, 1]"
738525,7532230,877,0,"[0, 1]"
738525,7532230,888,0,"[0, 1]"
738525,7532230,953,0,"[0, 1]"
738525,7532230,685,0,"[0, 1]"
738525,7532230,1222,0,"[0, 1]"
738525,7532230,1780,0,"[0, 1]"
738525,7532230,1102,0,"[0, 1]"
738525,7532230,1475,0,"[0, 1]"
738525,7532230,1854,0,"[0, 1]"
738525,7532230,1122,0,"[0, 1]"
738525,7532230,1671,0,"[0, 1]"
738525,7532230,1448,0,"[0, 1]"
738525,7532230,1038,0,"[0, 1]"
738525,7532230,1186,0,"[0, 1]"
738525,7532230,1070,0,"[0, 1]"
738525,7532230,1300,0,"[0, 1]"
738525,7532230,1324,0,"[0, 1]"
738525,7532230,1601,0,"[0, 1]"
738525,7532230,1427,0,"[0, 1]"
738525,7532230,1107,0,"[0, 1]"
738525,7532230,1129,0,"[0, 1]"
738525,7532230,1385,0,"[0, 1]"
738525,7532230,1701,0,"[0, 1]"
738525,7532230,1552,0,"[0, 1]"
738525,7532230,2885,0,"[0, 1]"
738525,7532230,3524,0,"[0, 1]"
738525,7532230,2811,0,"[0, 1]"
738525,7532230,3547,0,"[0, 1]"
738525,7532230,3180,0,"[0, 1]"
738525,7532230,3151,0,"[0, 1]"
738525,7532230,3076,0,"[0, 1]"
738525,7532230,2096,0,"[0, 1]"
738525,7532230,2840,0,"[0, 1]"
738525,7532230,3476,0,"[0, 1]"
738525,7532230,2559,0,"[0, 1]"
738525,7532230,3077,0,"[0, 1]"
738525,7532230,3241,0,"[0, 1]"
738525,7532230,4021,0,"[0, 1]"
738525,7532230,2292,0,"[0, 1]"
738525,7532230,2728,0,"[0, 1]"
738525,7532230,3743,0,"[0, 1]"
738525,7532230,2155,0,"[0, 1]"
738525,7532230,2377,0,"[0, 1]"
738525,7532230,3193,0,"[0, 1]"
738525,7532230,4043,0,"[0, 1]"
738525,7532230,3653,0,"[0, 1]"
738525,7532230,7681196,1,"[0, 1]"
738525,7532230,7354370,1,"[0, 1]"
738525,7532230,7407784,1,"[0, 1]"
738525,7532230,7237947,1,"[0, 1]"
738525,7532230,7264060,1,"[0, 1]"
738525,7532230,7353071,1,"[0, 1]"
738525,7532230,7495326,1,"[0, 1]"
738525,7532230,1118015,1,"[0, 1]"
738525,7532230,7557542,1,"[0, 1]"
738525,7532230,4427,0,"[0, 1]"
738525,7532230,2438646,1,"[0, 1]"
738525,7532230,7573434,1,"[0, 1]"
738525,7532230,7427166,1,"[0, 1]"
738525,7532230,7557520,1,"[0, 1]"
738525,7532230,7169371,1,"[0, 1]"
738525,7532230,7164008,1,"[0, 1]"
738525,7532230,7586101,1,"[0, 1]"
738525,7532230,7184530,1,"[0, 1]"
738525,7532230,7125687,1,"[0, 1]"
738525,7532230,7444555,1,"[0, 1]"
738525,7532230,7280757,1,"[0, 1]"
738525,7532230,4842,0,"[0, 1]"
738525,7532230,4362,0,"[0, 1]"
738525,7532230,7657714,1,"[0, 1]"
738525,7532230,3025548,1,"[0, 1]"
738525,7532230,1186091,1,"[0, 1]"
738525,7532230,7196767,1,"[0, 1]"
738525,7532230,7619989,1,"[0, 1]"
738525,7532230,7660272,1,"[0, 1]"
738525,7532230,7447046,1,"[0, 1]"
738525,7532230,7424521,1,"[0, 1]"
738525,7532230,7588733,1,"[0, 1]"
738525,7532230,7279289,1,"[0, 1]"
738525,7532230,7490261,1,"[0, 1]"
738525,7532230,7147941,1,"[0, 1]"
738525,7532230,7689001,1,"[0, 1]"
738525,7532230,7498032,1,"[0, 1]"
738525,7532230,7599423,1,"[0, 1]"
738525,7532230,7225843,1,"[0, 1]"
738525,7532230,7297061,1,"[0, 1]"
738525,7532230,7162765,1,"[0, 1]"
738525,7532230,1237909,1,"[0, 1]"
738525,7532230,7222529,1,"[0, 1]"
738525,7532230,7224789,1,"[0, 1]"
738525,7532230,613301,1,"[0, 1]"
738525,7532230,4071319,1,"[0, 1]"
738525,7532230,7477943,1,"[0, 1]"
738525,7532230,2435952,1,"[0, 1]"
738525,7532230,7219650,1,"[0, 1]"
738525,7532230,1245358,1,"[0, 1]"
142579,7532374,7532374,1,"[1, 0]"
142579,7532374,2425,0,"[1, 0]"
142579,7532374,1212,0,"[1, 0]"
142579,7532374,605,0,"[1, 0]"
142579,7532374,302,0,"[1, 0]"
142579,7532374,150,0,"[1, 0]"
142579,7532374,74,0,"[1, 0]"
142579,7532374,36,0,"[1, 0]"
142579,7532374,17,0,"[1, 0]"
142579,7532374,8,0,"[1, 0]"
142579,7532374,3,0,"[1, 0]"
142579,7532374,1,0,"[1, 0]"
142579,7532374,0,0,"[1, 0]"
142579,7532374,1,0,"[0, 1]"
142579,7532374,2,0,"[0, 1]"
142579,7532374,3,0,"[0, 1]"
142579,7532374,5,0,"[0, 1]"
142579,7532374,4,0,"[0, 1]"
142579,7532374,6,0,"[0, 1]"
142579,7532374,10,0,"[0, 1]"
142579,7532374,7,0,"[0, 1]"
142579,7532374,8,0,"[0, 1]"
142579,7532374,13,0,"[0, 1]"
142579,7532374,12,0,"[0, 1]"
142579,7532374,14,0,"[0, 1]"
142579,7532374,23,0,"[0, 1]"
142579,7532374,24,0,"[0, 1]"
142579,7532374,19,0,"[0, 1]"
142579,7532374,21,0,"[0, 1]"
142579,7532374,25,0,"[0, 1]"
142579,7532374,30,0,"[0, 1]"
142579,7532374,27,0,"[0, 1]"
142579,7532374,20,0,"[0, 1]"
142579,7532374,38,0,"[0, 1]"
142579,7532374,40,0,"[0, 1]"
142579,7532374,60,0,"[0, 1]"
142579,7532374,52,0,"[0, 1]"
142579,7532374,32,0,"[0, 1]"
142579,7532374,44,0,"[0, 1]"
142579,7532374,36,0,"[0, 1]"
142579,7532374,58,0,"[0, 1]"
142579,7532374,54,0,"[0, 1]"
142579,7532374,31,0,"[0, 1]"
142579,7532374,96,0,"[0, 1]"
142579,7532374,63,0,"[0, 1]"
142579,7532374,75,0,"[0, 1]"
142579,7532374,80,0,"[0, 1]"
142579,7532374,100,0,"[0, 1]"
142579,7532374,81,0,"[0, 1]"
142579,7532374,113,0,"[0, 1]"
142579,7532374,126,0,"[0, 1]"
142579,7532374,71,0,"[0, 1]"
142579,7532374,117,0,"[0, 1]"
142579,7532374,66,0,"[0, 1]"
142579,7532374,84,0,"[0, 1]"
142579,7532374,217,0,"[0, 1]"
142579,7532374,246,0,"[0, 1]"
142579,7532374,240,0,"[0, 1]"
142579,7532374,128,0,"[0, 1]"
142579,7532374,218,0,"[0, 1]"
142579,7532374,192,0,"[0, 1]"
142579,7532374,183,0,"[0, 1]"
142579,7532374,152,0,"[0, 1]"
142579,7532374,237,0,"[0, 1]"
142579,7532374,132,0,"[0, 1]"
142579,7532374,138,0,"[0, 1]"
142579,7532374,225,0,"[0, 1]"
142579,7532374,181,0,"[0, 1]"
142579,7532374,249,0,"[0, 1]"
142579,7532374,272,0,"[0, 1]"
142579,7532374,503,0,"[0, 1]"
142579,7532374,270,0,"[0, 1]"
142579,7532374,409,0,"[0, 1]"
142579,7532374,290,0,"[0, 1]"
142579,7532374,394,0,"[0, 1]"
142579,7532374,507,0,"[0, 1]"
142579,7532374,277,0,"[0, 1]"
142579,7532374,463,0,"[0, 1]"
142579,7532374,440,0,"[0, 1]"
142579,7532374,430,0,"[0, 1]"
142579,7532374,335,0,"[0, 1]"
142579,7532374,474,0,"[0, 1]"
142579,7532374,329,0,"[0, 1]"
142579,7532374,314,0,"[0, 1]"
142579,7532374,415,0,"[0, 1]"
142579,7532374,599,0,"[0, 1]"
142579,7532374,986,0,"[0, 1]"
142579,7532374,703,0,"[0, 1]"
142579,7532374,635,0,"[0, 1]"
142579,7532374,844,0,"[0, 1]"
142579,7532374,771,0,"[0, 1]"
142579,7532374,594,0,"[0, 1]"
142579,7532374,927,0,"[0, 1]"
142579,7532374,722,0,"[0, 1]"
142579,7532374,900,0,"[0, 1]"
142579,7532374,935,0,"[0, 1]"
142579,7532374,805,0,"[0, 1]"
142579,7532374,867,0,"[0, 1]"
142579,7532374,579,0,"[0, 1]"
142579,7532374,587,0,"[0, 1]"
142579,7532374,680,0,"[0, 1]"
142579,7532374,956,0,"[0, 1]"
142579,7532374,879,0,"[0, 1]"
142579,7532374,1230,0,"[0, 1]"
142579,7532374,1212,0,"[0, 1]"
142579,7532374,1724,0,"[0, 1]"
142579,7532374,1069,0,"[0, 1]"
142579,7532374,1217,0,"[0, 1]"
142579,7532374,1332,0,"[0, 1]"
142579,7532374,1561,0,"[0, 1]"
142579,7532374,1855,0,"[0, 1]"
142579,7532374,1995,0,"[0, 1]"
142579,7532374,1430,0,"[0, 1]"
142579,7532374,1985,0,"[0, 1]"
142579,7532374,1227,0,"[0, 1]"
142579,7532374,1951,0,"[0, 1]"
142579,7532374,1721,0,"[0, 1]"
142579,7532374,1179,0,"[0, 1]"
142579,7532374,1584,0,"[0, 1]"
142579,7532374,1107,0,"[0, 1]"
142579,7532374,1949,0,"[0, 1]"
142579,7532374,1526,0,"[0, 1]"
142579,7532374,1671,0,"[0, 1]"
142579,7532374,3536,0,"[0, 1]"
142579,7532374,2296,0,"[0, 1]"
142579,7532374,3859,0,"[0, 1]"
142579,7532374,2292,0,"[0, 1]"
142579,7532374,2628,0,"[0, 1]"
142579,7532374,2958,0,"[0, 1]"
142579,7532374,3896,0,"[0, 1]"
142579,7532374,3357,0,"[0, 1]"
142579,7532374,3858,0,"[0, 1]"
142579,7532374,2831,0,"[0, 1]"
142579,7532374,2321,0,"[0, 1]"
142579,7532374,3933,0,"[0, 1]"
142579,7532374,3523,0,"[0, 1]"
142579,7532374,3722,0,"[0, 1]"
142579,7532374,2818,0,"[0, 1]"
142579,7532374,3780,0,"[0, 1]"
142579,7532374,3663,0,"[0, 1]"
142579,7532374,3492,0,"[0, 1]"
142579,7532374,3917,0,"[0, 1]"
142579,7532374,2238,0,"[0, 1]"
142579,7532374,3804,0,"[0, 1]"
142579,7532374,3730,0,"[0, 1]"
142579,7532374,7086847,1,"[0, 1]"
142579,7532374,7079067,1,"[0, 1]"
142579,7532374,7416852,1,"[0, 1]"
142579,7532374,6736867,1,"[0, 1]"
142579,7532374,7171168,1,"[0, 1]"
142579,7532374,490553,1,"[0, 1]"
142579,7532374,4774,0,"[0, 1]"
142579,7532374,2581858,1,"[0, 1]"
142579,7532374,7127220,1,"[0, 1]"
142579,7532374,4689,0,"[0, 1]"
142579,7532374,7682753,1,"[0, 1]"
142579,7532374,7135965,1,"[0, 1]"
142579,7532374,4633,0,"[0, 1]"
142579,7532374,7342150,1,"[0, 1]"
142579,7532374,4968,0,"[0, 1]"
142579,7532374,4865,0,"[0, 1]"
142579,7532374,7183581,1,"[0, 1]"
142579,7532374,1944454,1,"[0, 1]"
142579,7532374,7221660,1,"[0, 1]"
142579,7532374,7276680,1,"[0, 1]"
142579,7532374,7317831,1,"[0, 1]"
142579,7532374,7202337,1,"[0, 1]"
142579,7532374,4947,0,"[0, 1]"
142579,7532374,7135949,1,"[0, 1]"
142579,7532380,7532380,1,"[1, 0]"
142579,7532380,4348,0,"[1, 0]"
142579,7532380,2621,0,"[1, 0]"
142579,7532380,1310,0,"[1, 0]"
142579,7532380,654,0,"[1, 0]"
142579,7532380,326,0,"[1, 0]"
142579,7532380,162,0,"[1, 0]"
142579,7532380,80,0,"[1, 0]"
142579,7532380,39,0,"[1, 0]"
142579,7532380,19,0,"[1, 0]"
142579,7532380,9,0,"[1, 0]"
142579,7532380,4,0,"[1, 0]"
142579,7532380,1,0,"[1, 0]"
142579,7532380,0,0,"[1, 0]"
142579,7532380,1,0,"[0, 1]"
142579,7532380,2,0,"[0, 1]"
142579,7532380,5,0,"[0, 1]"
142579,7532380,4,0,"[0, 1]"
142579,7532380,3,0,"[0, 1]"
142579,7532380,6,0,"[0, 1]"
142579,7532380,12,0,"[0, 1]"
142579,7532380,8,0,"[0, 1]"
142579,7532380,10,0,"[0, 1]"
142579,7532380,13,0,"[0, 1]"
142579,7532380,9,0,"[0, 1]"
142579,7532380,14,0,"[0, 1]"
142579,7532380,28,0,"[0, 1]"
142579,7532380,15,0,"[0, 1]"
142579,7532380,19,0,"[0, 1]"
142579,7532380,18,0,"[0, 1]"
142579,7532380,21,0,"[0, 1]"
142579,7532380,26,0,"[0, 1]"
142579,7532380,20,0,"[0, 1]"
142579,7532380,23,0,"[0, 1]"
142579,7532380,33,0,"[0, 1]"
142579,7532380,55,0,"[0, 1]"
142579,7532380,48,0,"[0, 1]"
142579,7532380,44,0,"[0, 1]"
142579,7532380,45,0,"[0, 1]"
142579,7532380,40,0,"[0, 1]"
142579,7532380,32,0,"[0, 1]"
142579,7532380,56,0,"[0, 1]"
142579,7532380,39,0,"[0, 1]"
142579,7532380,54,0,"[0, 1]"
142579,7532380,72,0,"[0, 1]"
142579,7532380,64,0,"[0, 1]"
142579,7532380,107,0,"[0, 1]"
142579,7532380,119,0,"[0, 1]"
142579,7532380,115,0,"[0, 1]"
142579,7532380,124,0,"[0, 1]"
142579,7532380,84,0,"[0, 1]"
142579,7532380,78,0,"[0, 1]"
142579,7532380,69,0,"[0, 1]"
142579,7532380,65,0,"[0, 1]"
142579,7532380,66,0,"[0, 1]"
142579,7532380,93,0,"[0, 1]"
142579,7532380,239,0,"[0, 1]"
142579,7532380,211,0,"[0, 1]"
142579,7532380,189,0,"[0, 1]"
142579,7532380,131,0,"[0, 1]"
142579,7532380,212,0,"[0, 1]"
142579,7532380,135,0,"[0, 1]"
142579,7532380,241,0,"[0, 1]"
142579,7532380,201,0,"[0, 1]"
142579,7532380,196,0,"[0, 1]"
142579,7532380,246,0,"[0, 1]"
142579,7532380,207,0,"[0, 1]"
142579,7532380,172,0,"[0, 1]"
142579,7532380,167,0,"[0, 1]"
142579,7532380,183,0,"[0, 1]"
142579,7532380,324,0,"[0, 1]"
142579,7532380,471,0,"[0, 1]"
142579,7532380,362,0,"[0, 1]"
142579,7532380,363,0,"[0, 1]"
142579,7532380,431,0,"[0, 1]"
142579,7532380,464,0,"[0, 1]"
142579,7532380,418,0,"[0, 1]"
142579,7532380,366,0,"[0, 1]"
142579,7532380,276,0,"[0, 1]"
142579,7532380,379,0,"[0, 1]"
142579,7532380,482,0,"[0, 1]"
142579,7532380,337,0,"[0, 1]"
142579,7532380,457,0,"[0, 1]"
142579,7532380,411,0,"[0, 1]"
142579,7532380,354,0,"[0, 1]"
142579,7532380,410,0,"[0, 1]"
142579,7532380,570,0,"[0, 1]"
142579,7532380,683,0,"[0, 1]"
142579,7532380,537,0,"[0, 1]"
142579,7532380,799,0,"[0, 1]"
142579,7532380,522,0,"[0, 1]"
142579,7532380,699,0,"[0, 1]"
142579,7532380,605,0,"[0, 1]"
142579,7532380,544,0,"[0, 1]"
142579,7532380,904,0,"[0, 1]"
142579,7532380,661,0,"[0, 1]"
142579,7532380,527,0,"[0, 1]"
142579,7532380,922,0,"[0, 1]"
142579,7532380,592,0,"[0, 1]"
142579,7532380,545,0,"[0, 1]"
142579,7532380,599,0,"[0, 1]"
142579,7532380,812,0,"[0, 1]"
142579,7532380,734,0,"[0, 1]"
142579,7532380,668,0,"[0, 1]"
142579,7532380,1749,0,"[0, 1]"
142579,7532380,1285,0,"[0, 1]"
142579,7532380,1958,0,"[0, 1]"
142579,7532380,1879,0,"[0, 1]"
142579,7532380,1313,0,"[0, 1]"
142579,7532380,1564,0,"[0, 1]"
142579,7532380,1255,0,"[0, 1]"
142579,7532380,1571,0,"[0, 1]"
142579,7532380,1328,0,"[0, 1]"
142579,7532380,1907,0,"[0, 1]"
142579,7532380,1338,0,"[0, 1]"
142579,7532380,1041,0,"[0, 1]"
142579,7532380,1048,0,"[0, 1]"
142579,7532380,1860,0,"[0, 1]"
142579,7532380,1412,0,"[0, 1]"
142579,7532380,1617,0,"[0, 1]"
142579,7532380,1455,0,"[0, 1]"
142579,7532380,1426,0,"[0, 1]"
142579,7532380,1321,0,"[0, 1]"
142579,7532380,1877,0,"[0, 1]"
142579,7532380,3661,0,"[0, 1]"
142579,7532380,3502,0,"[0, 1]"
142579,7532380,2745,0,"[0, 1]"
142579,7532380,2119,0,"[0, 1]"
142579,7532380,3383,0,"[0, 1]"
142579,7532380,3325,0,"[0, 1]"
142579,7532380,4061,0,"[0, 1]"
142579,7532380,2265,0,"[0, 1]"
142579,7532380,2766,0,"[0, 1]"
142579,7532380,2183,0,"[0, 1]"
142579,7532380,3261,0,"[0, 1]"
142579,7532380,2333,0,"[0, 1]"
142579,7532380,3196,0,"[0, 1]"
142579,7532380,2489,0,"[0, 1]"
142579,7532380,3022,0,"[0, 1]"
142579,7532380,3540,0,"[0, 1]"
142579,7532380,3458,0,"[0, 1]"
142579,7532380,3984,0,"[0, 1]"
142579,7532380,3889,0,"[0, 1]"
142579,7532380,2425,0,"[0, 1]"
142579,7532380,2145,0,"[0, 1]"
142579,7532380,3496,0,"[0, 1]"
142579,7532380,1956185,1,"[0, 1]"
142579,7532380,4808,0,"[0, 1]"
142579,7532380,7314729,1,"[0, 1]"
142579,7532380,7147037,1,"[0, 1]"
142579,7532380,4739,0,"[0, 1]"
142579,7532380,7283746,1,"[0, 1]"
142579,7532380,4700,0,"[0, 1]"
142579,7532380,4459,0,"[0, 1]"
142579,7532380,4492,0,"[0, 1]"
142579,7532380,7286487,1,"[0, 1]"
142579,7532380,7140047,1,"[0, 1]"
142579,7532380,6225607,1,"[0, 1]"
142579,7532380,7533440,1,"[0, 1]"
142579,7532380,4971,0,"[0, 1]"
142579,7532380,7268476,1,"[0, 1]"
142579,7532380,7185091,1,"[0, 1]"
142579,7532380,7492407,1,"[0, 1]"
142579,7532380,7105825,1,"[0, 1]"
142579,7532380,7463008,1,"[0, 1]"
142579,7532380,7231901,1,"[0, 1]"
142579,7532380,7284874,1,"[0, 1]"
142579,7532380,7313297,1,"[0, 1]"
142579,7532380,7466308,1,"[0, 1]"
142579,7532380,7682793,1,"[0, 1]"
142579,7532380,7545518,1,"[0, 1]"
142579,7532380,2038018,1,"[0, 1]"
142579,7532380,7670233,1,"[0, 1]"
142579,7532380,7178272,1,"[0, 1]"
142579,7532380,7303774,1,"[0, 1]"
142579,7532380,7285993,1,"[0, 1]"
142579,7532380,7637756,1,"[0, 1]"
142579,7532380,2651275,1,"[0, 1]"
142579,7532380,7183229,1,"[0, 1]"
142579,7532380,7605167,1,"[0, 1]"
142579,7532380,7330429,1,"[0, 1]"
142579,7532380,7613438,1,"[0, 1]"
142579,7532380,7134814,1,"[0, 1]"
142579,7532380,7293434,1,"[0, 1]"
142579,7532380,7572345,1,"[0, 1]"
142579,7532380,7261053,1,"[0, 1]"
142579,7532380,7459902,1,"[0, 1]"
142579,7532380,6980249,1,"[0, 1]"
142579,7532380,5492263,1,"[0, 1]"
142579,7532380,7082804,1,"[0, 1]"
142579,7532380,7137904,1,"[0, 1]"
142579,7532380,7603501,1,"[0, 1]"
142579,7532380,7534196,1,"[0, 1]"
142579,7532380,7476976,1,"[0, 1]"
142579,7532380,7414907,1,"[0, 1]"
142579,7532380,7684964,1,"[0, 1]"
393881,7532528,7532528,1,"[1, 0]"
393881,7532528,4142,0,"[1, 0]"
393881,7532528,2154,0,"[1, 0]"
393881,7532528,1076,0,"[1, 0]"
393881,7532528,537,0,"[1, 0]"
393881,7532528,268,0,"[1, 0]"
393881,7532528,133,0,"[1, 0]"
393881,7532528,66,0,"[1, 0]"
393881,7532528,32,0,"[1, 0]"
393881,7532528,15,0,"[1, 0]"
393881,7532528,7,0,"[1, 0]"
393881,7532528,3,0,"[1, 0]"
393881,7532528,1,0,"[1, 0]"
393881,7532528,0,0,"[1, 0]"
393881,7532528,1,0,"[0, 1]"
393881,7532528,2,0,"[0, 1]"
393881,7532528,6,0,"[0, 1]"
393881,7532528,5,0,"[0, 1]"
393881,7532528,4,0,"[0, 1]"
393881,7532528,3,0,"[0, 1]"
393881,7532528,8,0,"[0, 1]"
393881,7532528,7,0,"[0, 1]"
393881,7532528,11,0,"[0, 1]"
393881,7532528,9,0,"[0, 1]"
393881,7532528,12,0,"[0, 1]"
393881,7532528,14,0,"[0, 1]"
393881,7532528,29,0,"[0, 1]"
393881,7532528,22,0,"[0, 1]"
393881,7532528,20,0,"[0, 1]"
393881,7532528,30,0,"[0, 1]"
393881,7532528,25,0,"[0, 1]"
393881,7532528,28,0,"[0, 1]"
393881,7532528,15,0,"[0, 1]"
393881,7532528,24,0,"[0, 1]"
393881,7532528,38,0,"[0, 1]"
393881,7532528,57,0,"[0, 1]"
393881,7532528,34,0,"[0, 1]"
393881,7532528,52,0,"[0, 1]"
393881,7532528,36,0,"[0, 1]"
393881,7532528,44,0,"[0, 1]"
393881,7532528,51,0,"[0, 1]"
393881,7532528,40,0,"[0, 1]"
393881,7532528,37,0,"[0, 1]"
393881,7532528,49,0,"[0, 1]"
393881,7532528,111,0,"[0, 1]"
393881,7532528,103,0,"[0, 1]"
393881,7532528,66,0,"[0, 1]"
393881,7532528,71,0,"[0, 1]"
393881,7532528,63,0,"[0, 1]"
393881,7532528,121,0,"[0, 1]"
393881,7532528,80,0,"[0, 1]"
393881,7532528,99,0,"[0, 1]"
393881,7532528,98,0,"[0, 1]"
393881,7532528,67,0,"[0, 1]"
393881,7532528,95,0,"[0, 1]"
393881,7532528,76,0,"[0, 1]"
393881,7532528,145,0,"[0, 1]"
393881,7532528,144,0,"[0, 1]"
393881,7532528,217,0,"[0, 1]"
393881,7532528,224,0,"[0, 1]"
393881,7532528,230,0,"[0, 1]"
393881,7532528,254,0,"[0, 1]"
393881,7532528,153,0,"[0, 1]"
393881,7532528,167,0,"[0, 1]"
393881,7532528,152,0,"[0, 1]"
393881,7532528,231,0,"[0, 1]"
393881,7532528,188,0,"[0, 1]"
393881,7532528,179,0,"[0, 1]"
393881,7532528,140,0,"[0, 1]"
393881,7532528,147,0,"[0, 1]"
393881,7532528,470,0,"[0, 1]"
393881,7532528,487,0,"[0, 1]"
393881,7532528,402,0,"[0, 1]"
393881,7532528,406,0,"[0, 1]"
393881,7532528,453,0,"[0, 1]"
393881,7532528,294,0,"[0, 1]"
393881,7532528,375,0,"[0, 1]"
393881,7532528,497,0,"[0, 1]"
393881,7532528,341,0,"[0, 1]"
393881,7532528,322,0,"[0, 1]"
393881,7532528,313,0,"[0, 1]"
393881,7532528,510,0,"[0, 1]"
393881,7532528,392,0,"[0, 1]"
393881,7532528,403,0,"[0, 1]"
393881,7532528,450,0,"[0, 1]"
393881,7532528,493,0,"[0, 1]"
393881,7532528,656,0,"[0, 1]"
393881,7532528,911,0,"[0, 1]"
393881,7532528,672,0,"[0, 1]"
393881,7532528,870,0,"[0, 1]"
393881,7532528,1021,0,"[0, 1]"
393881,7532528,662,0,"[0, 1]"
393881,7532528,786,0,"[0, 1]"
393881,7532528,1006,0,"[0, 1]"
393881,7532528,680,0,"[0, 1]"
393881,7532528,1016,0,"[0, 1]"
393881,7532528,727,0,"[0, 1]"
393881,7532528,717,0,"[0, 1]"
393881,7532528,771,0,"[0, 1]"
393881,7532528,850,0,"[0, 1]"
393881,7532528,795,0,"[0, 1]"
393881,7532528,842,0,"[0, 1]"
393881,7532528,539,0,"[0, 1]"
393881,7532528,912,0,"[0, 1]"
393881,7532528,1160,0,"[0, 1]"
393881,7532528,1310,0,"[0, 1]"
393881,7532528,1242,0,"[0, 1]"
393881,7532528,1468,0,"[0, 1]"
393881,7532528,1570,0,"[0, 1]"
393881,7532528,1792,0,"[0, 1]"
393881,7532528,1722,0,"[0, 1]"
393881,7532528,1630,0,"[0, 1]"
393881,7532528,1637,0,"[0, 1]"
393881,7532528,1520,0,"[0, 1]"
393881,7532528,1062,0,"[0, 1]"
393881,7532528,1227,0,"[0, 1]"
393881,7532528,1046,0,"[0, 1]"
393881,7532528,1489,0,"[0, 1]"
393881,7532528,1923,0,"[0, 1]"
393881,7532528,1043,0,"[0, 1]"
393881,7532528,1738,0,"[0, 1]"
393881,7532528,1039,0,"[0, 1]"
393881,7532528,1401,0,"[0, 1]"
393881,7532528,1055,0,"[0, 1]"
393881,7532528,2165,0,"[0, 1]"
393881,7532528,2385,0,"[0, 1]"
393881,7532528,3490,0,"[0, 1]"
393881,7532528,2759,0,"[0, 1]"
393881,7532528,2458,0,"[0, 1]"
393881,7532528,2219,0,"[0, 1]"
393881,7532528,2111,0,"[0, 1]"
393881,7532528,2594,0,"[0, 1]"
393881,7532528,2220,0,"[0, 1]"
393881,7532528,3670,0,"[0, 1]"
393881,7532528,2417,0,"[0, 1]"
393881,7532528,2488,0,"[0, 1]"
393881,7532528,3953,0,"[0, 1]"
393881,7532528,3502,0,"[0, 1]"
393881,7532528,2654,0,"[0, 1]"
393881,7532528,3658,0,"[0, 1]"
393881,7532528,3143,0,"[0, 1]"
393881,7532528,3929,0,"[0, 1]"
393881,7532528,2333,0,"[0, 1]"
393881,7532528,3139,0,"[0, 1]"
393881,7532528,3826,0,"[0, 1]"
393881,7532528,2179,0,"[0, 1]"
393881,7532528,7264701,1,"[0, 1]"
393881,7532528,7315989,1,"[0, 1]"
393881,7532528,7559250,1,"[0, 1]"
393881,7532528,4426,0,"[0, 1]"
393881,7532528,4159,0,"[0, 1]"
393881,7532528,7626410,1,"[0, 1]"
393881,7532528,4252,0,"[0, 1]"
393881,7532528,4365,0,"[0, 1]"
393881,7532528,7643183,1,"[0, 1]"
393881,7532528,4186,0,"[0, 1]"
393881,7532528,7237598,1,"[0, 1]"
393881,7532528,7101044,1,"[0, 1]"
393881,7532528,7502963,1,"[0, 1]"
393881,7532528,7193571,1,"[0, 1]"
393881,7532528,7166795,1,"[0, 1]"
393881,7532528,7419141,1,"[0, 1]"
393881,7532528,7503941,1,"[0, 1]"
393881,7532528,7450366,1,"[0, 1]"
393881,7532528,4565,0,"[0, 1]"
393881,7532528,7450365,1,"[0, 1]"
393881,7532528,7462871,1,"[0, 1]"
393881,7532528,4885,0,"[0, 1]"
393881,7532528,7156376,1,"[0, 1]"
393881,7532528,7601121,1,"[0, 1]"
393881,7532528,7642185,1,"[0, 1]"
393881,7532528,6121038,1,"[0, 1]"
393881,7532528,7161448,1,"[0, 1]"
393881,7532528,7242112,1,"[0, 1]"
393881,7532528,7446310,1,"[0, 1]"
393881,7532528,7346564,1,"[0, 1]"
393881,7532528,7369987,1,"[0, 1]"
393881,7532528,7629448,1,"[0, 1]"
393881,7532528,7411066,1,"[0, 1]"
393881,7532528,7108413,1,"[0, 1]"
393881,7532528,7109051,1,"[0, 1]"
393881,7532528,7256943,1,"[0, 1]"
393881,7532528,7594541,1,"[0, 1]"
393881,7532528,7526867,1,"[0, 1]"
393881,7532528,7284234,1,"[0, 1]"
393881,7532528,7367411,1,"[0, 1]"
393881,7532528,7200758,1,"[0, 1]"
393881,7532528,7269017,1,"[0, 1]"
393881,7532528,7323248,1,"[0, 1]"
393881,7532528,7400778,1,"[0, 1]"
393881,7532528,7076536,1,"[0, 1]"
393881,7532528,7102127,1,"[0, 1]"
393881,7532528,1499955,1,"[0, 1]"
393881,7532528,7472216,1,"[0, 1]"
393881,7532528,7150840,1,"[0, 1]"
393881,7532528,7514721,1,"[0, 1]"
1096118,7532930,7532930,1,"[1, 0]"
1096118,7532930,2819,0,"[1, 0]"
1096118,7532930,1409,0,"[1, 0]"
1096118,7532930,704,0,"[1, 0]"
1096118,7532930,351,0,"[1, 0]"
1096118,7532930,175,0,"[1, 0]"
1096118,7532930,87,0,"[1, 0]"
1096118,7532930,43,0,"[1, 0]"
1096118,7532930,21,0,"[1, 0]"
1096118,7532930,10,0,"[1, 0]"
1096118,7532930,4,0,"[1, 0]"
1096118,7532930,1,0,"[1, 0]"
1096118,7532930,0,0,"[1, 0]"
1096118,7532930,2,0,"[0, 1]"
1096118,7532930,1,0,"[0, 1]"
1096118,7532930,5,0,"[0, 1]"
1096118,7532930,3,0,"[0, 1]"
1096118,7532930,4,0,"[0, 1]"
1096118,7532930,6,0,"[0, 1]"
1096118,7532930,8,0,"[0, 1]"
1096118,7532930,7,0,"[0, 1]"
1096118,7532930,14,0,"[0, 1]"
1096118,7532930,10,0,"[0, 1]"
1096118,7532930,13,0,"[0, 1]"
1096118,7532930,12,0,"[0, 1]"
1096118,7532930,16,0,"[0, 1]"
1096118,7532930,24,0,"[0, 1]"
1096118,7532930,18,0,"[0, 1]"
1096118,7532930,15,0,"[0, 1]"
1096118,7532930,23,0,"[0, 1]"
1096118,7532930,26,0,"[0, 1]"
1096118,7532930,22,0,"[0, 1]"
1096118,7532930,20,0,"[0, 1]"
1096118,7532930,47,0,"[0, 1]"
1096118,7532930,36,0,"[0, 1]"
1096118,7532930,60,0,"[0, 1]"
1096118,7532930,35,0,"[0, 1]"
1096118,7532930,31,0,"[0, 1]"
1096118,7532930,54,0,"[0, 1]"
1096118,7532930,56,0,"[0, 1]"
1096118,7532930,59,0,"[0, 1]"
1096118,7532930,34,0,"[0, 1]"
1096118,7532930,41,0,"[0, 1]"
1096118,7532930,115,0,"[0, 1]"
1096118,7532930,76,0,"[0, 1]"
1096118,7532930,120,0,"[0, 1]"
1096118,7532930,98,0,"[0, 1]"
1096118,7532930,106,0,"[0, 1]"
1096118,7532930,125,0,"[0, 1]"
1096118,7532930,73,0,"[0, 1]"
1096118,7532930,63,0,"[0, 1]"
1096118,7532930,116,0,"[0, 1]"
1096118,7532930,70,0,"[0, 1]"
1096118,7532930,72,0,"[0, 1]"
1096118,7532930,88,0,"[0, 1]"
1096118,7532930,180,0,"[0, 1]"
1096118,7532930,219,0,"[0, 1]"
1096118,7532930,201,0,"[0, 1]"
1096118,7532930,161,0,"[0, 1]"
1096118,7532930,246,0,"[0, 1]"
1096118,7532930,227,0,"[0, 1]"
1096118,7532930,240,0,"[0, 1]"
1096118,7532930,204,0,"[0, 1]"
1096118,7532930,166,0,"[0, 1]"
1096118,7532930,211,0,"[0, 1]"
1096118,7532930,192,0,"[0, 1]"
1096118,7532930,250,0,"[0, 1]"
1096118,7532930,233,0,"[0, 1]"
1096118,7532930,128,0,"[0, 1]"
1096118,7532930,442,0,"[0, 1]"
1096118,7532930,405,0,"[0, 1]"
1096118,7532930,410,0,"[0, 1]"
1096118,7532930,314,0,"[0, 1]"
1096118,7532930,441,0,"[0, 1]"
1096118,7532930,365,0,"[0, 1]"
1096118,7532930,342,0,"[0, 1]"
1096118,7532930,412,0,"[0, 1]"
1096118,7532930,386,0,"[0, 1]"
1096118,7532930,318,0,"[0, 1]"
1096118,7532930,340,0,"[0, 1]"
1096118,7532930,447,0,"[0, 1]"
1096118,7532930,359,0,"[0, 1]"
1096118,7532930,445,0,"[0, 1]"
1096118,7532930,384,0,"[0, 1]"
1096118,7532930,277,0,"[0, 1]"
1096118,7532930,1008,0,"[0, 1]"
1096118,7532930,882,0,"[0, 1]"
1096118,7532930,759,0,"[0, 1]"
1096118,7532930,649,0,"[0, 1]"
1096118,7532930,692,0,"[0, 1]"
1096118,7532930,673,0,"[0, 1]"
1096118,7532930,887,0,"[0, 1]"
1096118,7532930,512,0,"[0, 1]"
1096118,7532930,555,0,"[0, 1]"
1096118,7532930,854,0,"[0, 1]"
1096118,7532930,661,0,"[0, 1]"
1096118,7532930,829,0,"[0, 1]"
1096118,7532930,536,0,"[0, 1]"
1096118,7532930,641,0,"[0, 1]"
1096118,7532930,607,0,"[0, 1]"
1096118,7532930,744,0,"[0, 1]"
1096118,7532930,646,0,"[0, 1]"
1096118,7532930,926,0,"[0, 1]"
1096118,7532930,1180,0,"[0, 1]"
1096118,7532930,1048,0,"[0, 1]"
1096118,7532930,1042,0,"[0, 1]"
1096118,7532930,1903,0,"[0, 1]"
1096118,7532930,1618,0,"[0, 1]"
1096118,7532930,1679,0,"[0, 1]"
1096118,7532930,2027,0,"[0, 1]"
1096118,7532930,1756,0,"[0, 1]"
1096118,7532930,1901,0,"[0, 1]"
1096118,7532930,1235,0,"[0, 1]"
1096118,7532930,1639,0,"[0, 1]"
1096118,7532930,1063,0,"[0, 1]"
1096118,7532930,1206,0,"[0, 1]"
1096118,7532930,1648,0,"[0, 1]"
1096118,7532930,1942,0,"[0, 1]"
1096118,7532930,1937,0,"[0, 1]"
1096118,7532930,1778,0,"[0, 1]"
1096118,7532930,1366,0,"[0, 1]"
1096118,7532930,1239,0,"[0, 1]"
1096118,7532930,1275,0,"[0, 1]"
1096118,7532930,2108,0,"[0, 1]"
1096118,7532930,2198,0,"[0, 1]"
1096118,7532930,2731,0,"[0, 1]"
1096118,7532930,2811,0,"[0, 1]"
1096118,7532930,2648,0,"[0, 1]"
1096118,7532930,3908,0,"[0, 1]"
1096118,7532930,3775,0,"[0, 1]"
1096118,7532930,3424,0,"[0, 1]"
1096118,7532930,2493,0,"[0, 1]"
1096118,7532930,2539,0,"[0, 1]"
1096118,7532930,2154,0,"[0, 1]"
1096118,7532930,3767,0,"[0, 1]"
1096118,7532930,2623,0,"[0, 1]"
1096118,7532930,4063,0,"[0, 1]"
1096118,7532930,3248,0,"[0, 1]"
1096118,7532930,3679,0,"[0, 1]"
1096118,7532930,3514,0,"[0, 1]"
1096118,7532930,2097,0,"[0, 1]"
1096118,7532930,2736,0,"[0, 1]"
1096118,7532930,3090,0,"[0, 1]"
1096118,7532930,2692,0,"[0, 1]"
1096118,7532930,3996,0,"[0, 1]"
1096118,7532930,7221023,1,"[0, 1]"
1096118,7532930,7166808,1,"[0, 1]"
1096118,7532930,7232021,1,"[0, 1]"
1096118,7532930,7503613,1,"[0, 1]"
1096118,7532930,4443,0,"[0, 1]"
1096118,7532930,7258744,1,"[0, 1]"
1096118,7532930,7568153,1,"[0, 1]"
1096118,7532930,6876770,1,"[0, 1]"
1096118,7532930,7539763,1,"[0, 1]"
1096118,7532930,7191851,1,"[0, 1]"
1096118,7532930,4506,0,"[0, 1]"
1096118,7532930,7155192,1,"[0, 1]"
1096118,7532930,4175,0,"[0, 1]"
1096118,7532930,4839,0,"[0, 1]"
1096118,7532930,4452,0,"[0, 1]"
1096118,7532930,4958,0,"[0, 1]"
1096118,7532930,7526863,1,"[0, 1]"
1096118,7532930,4977,0,"[0, 1]"
1096118,7532930,4729,0,"[0, 1]"
1096118,7532930,4949,0,"[0, 1]"
1096118,7532930,4395,0,"[0, 1]"
1096118,7532930,6925232,1,"[0, 1]"
1096118,7532930,7429501,1,"[0, 1]"
1096118,7532930,7513338,1,"[0, 1]"
574317,7533374,7533374,1,"[1, 0]"
574317,7533374,4046,0,"[1, 0]"
574317,7533374,2022,0,"[1, 0]"
574317,7533374,1010,0,"[1, 0]"
574317,7533374,504,0,"[1, 0]"
574317,7533374,251,0,"[1, 0]"
574317,7533374,125,0,"[1, 0]"
574317,7533374,62,0,"[1, 0]"
574317,7533374,30,0,"[1, 0]"
574317,7533374,14,0,"[1, 0]"
574317,7533374,6,0,"[1, 0]"
574317,7533374,2,0,"[1, 0]"
574317,7533374,0,0,"[1, 0]"
574317,7533374,2,0,"[0, 1]"
574317,7533374,1,0,"[0, 1]"
574317,7533374,3,0,"[0, 1]"
574317,7533374,5,0,"[0, 1]"
574317,7533374,4,0,"[0, 1]"
574317,7533374,6,0,"[0, 1]"
574317,7533374,8,0,"[0, 1]"
574317,7533374,7,0,"[0, 1]"
574317,7533374,13,0,"[0, 1]"
574317,7533374,11,0,"[0, 1]"
574317,7533374,14,0,"[0, 1]"
574317,7533374,10,0,"[0, 1]"
574317,7533374,18,0,"[0, 1]"
574317,7533374,26,0,"[0, 1]"
574317,7533374,22,0,"[0, 1]"
574317,7533374,23,0,"[0, 1]"
574317,7533374,29,0,"[0, 1]"
574317,7533374,27,0,"[0, 1]"
574317,7533374,24,0,"[0, 1]"
574317,7533374,20,0,"[0, 1]"
574317,7533374,33,0,"[0, 1]"
574317,7533374,46,0,"[0, 1]"
574317,7533374,36,0,"[0, 1]"
574317,7533374,44,0,"[0, 1]"
574317,7533374,62,0,"[0, 1]"
574317,7533374,51,0,"[0, 1]"
574317,7533374,50,0,"[0, 1]"
574317,7533374,35,0,"[0, 1]"
574317,7533374,56,0,"[0, 1]"
574317,7533374,55,0,"[0, 1]"
574317,7533374,67,0,"[0, 1]"
574317,7533374,92,0,"[0, 1]"
574317,7533374,76,0,"[0, 1]"
574317,7533374,86,0,"[0, 1]"
574317,7533374,75,0,"[0, 1]"
574317,7533374,100,0,"[0, 1]"
574317,7533374,118,0,"[0, 1]"
574317,7533374,68,0,"[0, 1]"
574317,7533374,64,0,"[0, 1]"
574317,7533374,101,0,"[0, 1]"
574317,7533374,69,0,"[0, 1]"
574317,7533374,95,0,"[0, 1]"
574317,7533374,226,0,"[0, 1]"
574317,7533374,247,0,"[0, 1]"
574317,7533374,173,0,"[0, 1]"
574317,7533374,221,0,"[0, 1]"
574317,7533374,203,0,"[0, 1]"
574317,7533374,223,0,"[0, 1]"
574317,7533374,166,0,"[0, 1]"
574317,7533374,254,0,"[0, 1]"
574317,7533374,172,0,"[0, 1]"
574317,7533374,141,0,"[0, 1]"
574317,7533374,195,0,"[0, 1]"
574317,7533374,231,0,"[0, 1]"
574317,7533374,134,0,"[0, 1]"
574317,7533374,209,0,"[0, 1]"
574317,7533374,299,0,"[0, 1]"
574317,7533374,418,0,"[0, 1]"
574317,7533374,391,0,"[0, 1]"
574317,7533374,402,0,"[0, 1]"
574317,7533374,473,0,"[0, 1]"
574317,7533374,499,0,"[0, 1]"
574317,7533374,390,0,"[0, 1]"
574317,7533374,325,0,"[0, 1]"
574317,7533374,476,0,"[0, 1]"
574317,7533374,500,0,"[0, 1]"
574317,7533374,283,0,"[0, 1]"
574317,7533374,281,0,"[0, 1]"
574317,7533374,324,0,"[0, 1]"
574317,7533374,450,0,"[0, 1]"
574317,7533374,426,0,"[0, 1]"
574317,7533374,286,0,"[0, 1]"
574317,7533374,603,0,"[0, 1]"
574317,7533374,571,0,"[0, 1]"
574317,7533374,711,0,"[0, 1]"
574317,7533374,933,0,"[0, 1]"
574317,7533374,946,0,"[0, 1]"
574317,7533374,584,0,"[0, 1]"
574317,7533374,517,0,"[0, 1]"
574317,7533374,986,0,"[0, 1]"
574317,7533374,759,0,"[0, 1]"
574317,7533374,674,0,"[0, 1]"
574317,7533374,636,0,"[0, 1]"
574317,7533374,664,0,"[0, 1]"
574317,7533374,600,0,"[0, 1]"
574317,7533374,913,0,"[0, 1]"
574317,7533374,971,0,"[0, 1]"
574317,7533374,938,0,"[0, 1]"
574317,7533374,547,0,"[0, 1]"
574317,7533374,789,0,"[0, 1]"
574317,7533374,1450,0,"[0, 1]"
574317,7533374,1708,0,"[0, 1]"
574317,7533374,1658,0,"[0, 1]"
574317,7533374,1606,0,"[0, 1]"
574317,7533374,1721,0,"[0, 1]"
574317,7533374,1225,0,"[0, 1]"
574317,7533374,1786,0,"[0, 1]"
574317,7533374,1165,0,"[0, 1]"
574317,7533374,1037,0,"[0, 1]"
574317,7533374,1889,0,"[0, 1]"
574317,7533374,1605,0,"[0, 1]"
574317,7533374,1932,0,"[0, 1]"
574317,7533374,1468,0,"[0, 1]"
574317,7533374,1302,0,"[0, 1]"
574317,7533374,1863,0,"[0, 1]"
574317,7533374,1641,0,"[0, 1]"
574317,7533374,1926,0,"[0, 1]"
574317,7533374,1494,0,"[0, 1]"
574317,7533374,1098,0,"[0, 1]"
574317,7533374,2012,0,"[0, 1]"
574317,7533374,2312,0,"[0, 1]"
574317,7533374,3392,0,"[0, 1]"
574317,7533374,2440,0,"[0, 1]"
574317,7533374,3374,0,"[0, 1]"
574317,7533374,3091,0,"[0, 1]"
574317,7533374,3269,0,"[0, 1]"
574317,7533374,3987,0,"[0, 1]"
574317,7533374,3923,0,"[0, 1]"
574317,7533374,2943,0,"[0, 1]"
574317,7533374,2550,0,"[0, 1]"
574317,7533374,2355,0,"[0, 1]"
574317,7533374,2100,0,"[0, 1]"
574317,7533374,3601,0,"[0, 1]"
574317,7533374,2474,0,"[0, 1]"
574317,7533374,2389,0,"[0, 1]"
574317,7533374,2510,0,"[0, 1]"
574317,7533374,2069,0,"[0, 1]"
574317,7533374,3460,0,"[0, 1]"
574317,7533374,3439,0,"[0, 1]"
574317,7533374,3534,0,"[0, 1]"
574317,7533374,3192,0,"[0, 1]"
574317,7533374,2179,0,"[0, 1]"
574317,7533374,7668487,1,"[0, 1]"
574317,7533374,7115322,1,"[0, 1]"
574317,7533374,7676295,1,"[0, 1]"
574317,7533374,7208493,1,"[0, 1]"
574317,7533374,7387477,1,"[0, 1]"
574317,7533374,7565927,1,"[0, 1]"
574317,7533374,7251891,1,"[0, 1]"
574317,7533374,7384740,1,"[0, 1]"
574317,7533374,7207005,1,"[0, 1]"
574317,7533374,4804,0,"[0, 1]"
574317,7533374,7285334,1,"[0, 1]"
574317,7533374,7108115,1,"[0, 1]"
574317,7533374,7067274,1,"[0, 1]"
574317,7533374,7655081,1,"[0, 1]"
574317,7533374,7585777,1,"[0, 1]"
574317,7533374,4294,0,"[0, 1]"
574317,7533374,4490,0,"[0, 1]"
574317,7533374,7609417,1,"[0, 1]"
574317,7533374,7486503,1,"[0, 1]"
574317,7533374,4199,0,"[0, 1]"
574317,7533374,7268282,1,"[0, 1]"
574317,7533374,4353583,1,"[0, 1]"
574317,7533374,7111812,1,"[0, 1]"
574317,7533374,4298,0,"[0, 1]"
408739,7533400,7533400,1,"[1, 0]"
408739,7533400,2509,0,"[1, 0]"
408739,7533400,1254,0,"[1, 0]"
408739,7533400,626,0,"[1, 0]"
408739,7533400,312,0,"[1, 0]"
408739,7533400,155,0,"[1, 0]"
408739,7533400,77,0,"[1, 0]"
408739,7533400,38,0,"[1, 0]"
408739,7533400,18,0,"[1, 0]"
408739,7533400,8,0,"[1, 0]"
408739,7533400,3,0,"[1, 0]"
408739,7533400,1,0,"[1, 0]"
408739,7533400,0,0,"[1, 0]"
408739,7533400,1,0,"[0, 1]"
408739,7533400,2,0,"[0, 1]"
408739,7533400,6,0,"[0, 1]"
408739,7533400,5,0,"[0, 1]"
408739,7533400,4,0,"[0, 1]"
408739,7533400,3,0,"[0, 1]"
408739,7533400,8,0,"[0, 1]"
408739,7533400,14,0,"[0, 1]"
408739,7533400,13,0,"[0, 1]"
408739,7533400,10,0,"[0, 1]"
408739,7533400,9,0,"[0, 1]"
408739,7533400,12,0,"[0, 1]"
408739,7533400,16,0,"[0, 1]"
408739,7533400,20,0,"[0, 1]"
408739,7533400,21,0,"[0, 1]"
408739,7533400,25,0,"[0, 1]"
408739,7533400,30,0,"[0, 1]"
408739,7533400,15,0,"[0, 1]"
408739,7533400,19,0,"[0, 1]"
408739,7533400,17,0,"[0, 1]"
408739,7533400,32,0,"[0, 1]"
408739,7533400,57,0,"[0, 1]"
408739,7533400,54,0,"[0, 1]"
408739,7533400,61,0,"[0, 1]"
408739,7533400,48,0,"[0, 1]"
408739,7533400,43,0,"[0, 1]"
408739,7533400,47,0,"[0, 1]"
408739,7533400,45,0,"[0, 1]"
408739,7533400,51,0,"[0, 1]"
408739,7533400,37,0,"[0, 1]"
408739,7533400,83,0,"[0, 1]"
408739,7533400,72,0,"[0, 1]"
408739,7533400,90,0,"[0, 1]"
408739,7533400,68,0,"[0, 1]"
408739,7533400,120,0,"[0, 1]"
408739,7533400,63,0,"[0, 1]"
408739,7533400,69,0,"[0, 1]"
408739,7533400,87,0,"[0, 1]"
408739,7533400,75,0,"[0, 1]"
408739,7533400,113,0,"[0, 1]"
408739,7533400,116,0,"[0, 1]"
408739,7533400,126,0,"[0, 1]"
408739,7533400,200,0,"[0, 1]"
408739,7533400,211,0,"[0, 1]"
408739,7533400,178,0,"[0, 1]"
408739,7533400,184,0,"[0, 1]"
408739,7533400,228,0,"[0, 1]"
408739,7533400,149,0,"[0, 1]"
408739,7533400,239,0,"[0, 1]"
408739,7533400,212,0,"[0, 1]"
408739,7533400,214,0,"[0, 1]"
408739,7533400,129,0,"[0, 1]"
408739,7533400,185,0,"[0, 1]"
408739,7533400,167,0,"[0, 1]"
408739,7533400,138,0,"[0, 1]"
408739,7533400,170,0,"[0, 1]"
408739,7533400,406,0,"[0, 1]"
408739,7533400,297,0,"[0, 1]"
408739,7533400,463,0,"[0, 1]"
408739,7533400,433,0,"[0, 1]"
408739,7533400,331,0,"[0, 1]"
408739,7533400,510,0,"[0, 1]"
408739,7533400,487,0,"[0, 1]"
408739,7533400,412,0,"[0, 1]"
408739,7533400,394,0,"[0, 1]"
408739,7533400,347,0,"[0, 1]"
408739,7533400,303,0,"[0, 1]"
408739,7533400,399,0,"[0, 1]"
408739,7533400,472,0,"[0, 1]"
408739,7533400,470,0,"[0, 1]"
408739,7533400,461,0,"[0, 1]"
408739,7533400,324,0,"[0, 1]"
408739,7533400,655,0,"[0, 1]"
408739,7533400,787,0,"[0, 1]"
408739,7533400,845,0,"[0, 1]"
408739,7533400,752,0,"[0, 1]"
408739,7533400,638,0,"[0, 1]"
408739,7533400,619,0,"[0, 1]"
408739,7533400,550,0,"[0, 1]"
408739,7533400,881,0,"[0, 1]"
408739,7533400,733,0,"[0, 1]"
408739,7533400,802,0,"[0, 1]"
408739,7533400,588,0,"[0, 1]"
408739,7533400,816,0,"[0, 1]"
408739,7533400,757,0,"[0, 1]"
408739,7533400,591,0,"[0, 1]"
408739,7533400,656,0,"[0, 1]"
408739,7533400,583,0,"[0, 1]"
408739,7533400,800,0,"[0, 1]"
408739,7533400,993,0,"[0, 1]"
408739,7533400,1059,0,"[0, 1]"
408739,7533400,1677,0,"[0, 1]"
408739,7533400,1170,0,"[0, 1]"
408739,7533400,1719,0,"[0, 1]"
408739,7533400,1811,0,"[0, 1]"
408739,7533400,1420,0,"[0, 1]"
408739,7533400,1064,0,"[0, 1]"
408739,7533400,1111,0,"[0, 1]"
408739,7533400,1935,0,"[0, 1]"
408739,7533400,1196,0,"[0, 1]"
408739,7533400,1892,0,"[0, 1]"
408739,7533400,1753,0,"[0, 1]"
408739,7533400,1206,0,"[0, 1]"
408739,7533400,1930,0,"[0, 1]"
408739,7533400,1543,0,"[0, 1]"
408739,7533400,1599,0,"[0, 1]"
408739,7533400,1927,0,"[0, 1]"
408739,7533400,1603,0,"[0, 1]"
408739,7533400,1182,0,"[0, 1]"
408739,7533400,1484,0,"[0, 1]"
408739,7533400,3026,0,"[0, 1]"
408739,7533400,2544,0,"[0, 1]"
408739,7533400,3767,0,"[0, 1]"
408739,7533400,2557,0,"[0, 1]"
408739,7533400,2366,0,"[0, 1]"
408739,7533400,3398,0,"[0, 1]"
408739,7533400,2370,0,"[0, 1]"
408739,7533400,3606,0,"[0, 1]"
408739,7533400,3923,0,"[0, 1]"
408739,7533400,2905,0,"[0, 1]"
408739,7533400,2417,0,"[0, 1]"
408739,7533400,2362,0,"[0, 1]"
408739,7533400,3078,0,"[0, 1]"
408739,7533400,2290,0,"[0, 1]"
408739,7533400,3493,0,"[0, 1]"
408739,7533400,3838,0,"[0, 1]"
408739,7533400,2846,0,"[0, 1]"
408739,7533400,2951,0,"[0, 1]"
408739,7533400,2240,0,"[0, 1]"
408739,7533400,3487,0,"[0, 1]"
408739,7533400,2152,0,"[0, 1]"
408739,7533400,4015,0,"[0, 1]"
408739,7533400,5468582,1,"[0, 1]"
408739,7533400,7531950,1,"[0, 1]"
408739,7533400,7655418,1,"[0, 1]"
408739,7533400,1317213,1,"[0, 1]"
408739,7533400,7506788,1,"[0, 1]"
408739,7533400,7260660,1,"[0, 1]"
408739,7533400,7633163,1,"[0, 1]"
408739,7533400,7596571,1,"[0, 1]"
408739,7533400,7415844,1,"[0, 1]"
408739,7533400,7246062,1,"[0, 1]"
408739,7533400,7503664,1,"[0, 1]"
408739,7533400,4753,0,"[0, 1]"
408739,7533400,4718,0,"[0, 1]"
408739,7533400,4898,0,"[0, 1]"
408739,7533400,7492473,1,"[0, 1]"
408739,7533400,404219,1,"[0, 1]"
408739,7533400,7572293,1,"[0, 1]"
408739,7533400,7129849,1,"[0, 1]"
408739,7533400,7468203,1,"[0, 1]"
408739,7533400,7180308,1,"[0, 1]"
408739,7533400,6956847,1,"[0, 1]"
408739,7533400,4499,0,"[0, 1]"
408739,7533400,7203839,1,"[0, 1]"
408739,7533400,4576,0,"[0, 1]"
481961,7533440,7533440,1,"[1, 0]"
481961,7533440,3221,0,"[1, 0]"
481961,7533440,1610,0,"[1, 0]"
481961,7533440,804,0,"[1, 0]"
481961,7533440,401,0,"[1, 0]"
481961,7533440,200,0,"[1, 0]"
481961,7533440,99,0,"[1, 0]"
481961,7533440,49,0,"[1, 0]"
481961,7533440,24,0,"[1, 0]"
481961,7533440,11,0,"[1, 0]"
481961,7533440,5,0,"[1, 0]"
481961,7533440,2,0,"[1, 0]"
481961,7533440,0,0,"[1, 0]"
481961,7533440,1,0,"[0, 1]"
481961,7533440,2,0,"[0, 1]"
481961,7533440,5,0,"[0, 1]"
481961,7533440,6,0,"[0, 1]"
481961,7533440,4,0,"[0, 1]"
481961,7533440,3,0,"[0, 1]"
481961,7533440,7,0,"[0, 1]"
481961,7533440,14,0,"[0, 1]"
481961,7533440,11,0,"[0, 1]"
481961,7533440,12,0,"[0, 1]"
481961,7533440,13,0,"[0, 1]"
481961,7533440,8,0,"[0, 1]"
481961,7533440,19,0,"[0, 1]"
481961,7533440,22,0,"[0, 1]"
481961,7533440,16,0,"[0, 1]"
481961,7533440,20,0,"[0, 1]"
481961,7533440,26,0,"[0, 1]"
481961,7533440,29,0,"[0, 1]"
481961,7533440,25,0,"[0, 1]"
481961,7533440,23,0,"[0, 1]"
481961,7533440,40,0,"[0, 1]"
481961,7533440,49,0,"[0, 1]"
481961,7533440,55,0,"[0, 1]"
481961,7533440,47,0,"[0, 1]"
481961,7533440,54,0,"[0, 1]"
481961,7533440,32,0,"[0, 1]"
481961,7533440,52,0,"[0, 1]"
481961,7533440,43,0,"[0, 1]"
481961,7533440,39,0,"[0, 1]"
481961,7533440,35,0,"[0, 1]"
481961,7533440,83,0,"[0, 1]"
481961,7533440,81,0,"[0, 1]"
481961,7533440,105,0,"[0, 1]"
481961,7533440,76,0,"[0, 1]"
481961,7533440,68,0,"[0, 1]"
481961,7533440,101,0,"[0, 1]"
481961,7533440,120,0,"[0, 1]"
481961,7533440,77,0,"[0, 1]"
481961,7533440,93,0,"[0, 1]"
481961,7533440,72,0,"[0, 1]"
481961,7533440,122,0,"[0, 1]"
481961,7533440,73,0,"[0, 1]"
481961,7533440,178,0,"[0, 1]"
481961,7533440,244,0,"[0, 1]"
481961,7533440,212,0,"[0, 1]"
481961,7533440,177,0,"[0, 1]"
481961,7533440,176,0,"[0, 1]"
481961,7533440,128,0,"[0, 1]"
481961,7533440,204,0,"[0, 1]"
481961,7533440,150,0,"[0, 1]"
481961,7533440,240,0,"[0, 1]"
481961,7533440,153,0,"[0, 1]"
481961,7533440,180,0,"[0, 1]"
481961,7533440,241,0,"[0, 1]"
481961,7533440,205,0,"[0, 1]"
481961,7533440,175,0,"[0, 1]"
481961,7533440,444,0,"[0, 1]"
481961,7533440,480,0,"[0, 1]"
481961,7533440,451,0,"[0, 1]"
481961,7533440,464,0,"[0, 1]"
481961,7533440,330,0,"[0, 1]"
481961,7533440,338,0,"[0, 1]"
481961,7533440,295,0,"[0, 1]"
481961,7533440,290,0,"[0, 1]"
481961,7533440,427,0,"[0, 1]"
481961,7533440,262,0,"[0, 1]"
481961,7533440,495,0,"[0, 1]"
481961,7533440,303,0,"[0, 1]"
481961,7533440,426,0,"[0, 1]"
481961,7533440,420,0,"[0, 1]"
481961,7533440,276,0,"[0, 1]"
481961,7533440,259,0,"[0, 1]"
481961,7533440,874,0,"[0, 1]"
481961,7533440,647,0,"[0, 1]"
481961,7533440,917,0,"[0, 1]"
481961,7533440,558,0,"[0, 1]"
481961,7533440,781,0,"[0, 1]"
481961,7533440,555,0,"[0, 1]"
481961,7533440,690,0,"[0, 1]"
481961,7533440,617,0,"[0, 1]"
481961,7533440,838,0,"[0, 1]"
481961,7533440,989,0,"[0, 1]"
481961,7533440,799,0,"[0, 1]"
481961,7533440,891,0,"[0, 1]"
481961,7533440,562,0,"[0, 1]"
481961,7533440,808,0,"[0, 1]"
481961,7533440,1011,0,"[0, 1]"
481961,7533440,1007,0,"[0, 1]"
481961,7533440,896,0,"[0, 1]"
481961,7533440,886,0,"[0, 1]"
481961,7533440,1353,0,"[0, 1]"
481961,7533440,1969,0,"[0, 1]"
481961,7533440,1281,0,"[0, 1]"
481961,7533440,1869,0,"[0, 1]"
481961,7533440,1212,0,"[0, 1]"
481961,7533440,1235,0,"[0, 1]"
481961,7533440,1447,0,"[0, 1]"
481961,7533440,1799,0,"[0, 1]"
481961,7533440,1912,0,"[0, 1]"
481961,7533440,1886,0,"[0, 1]"
481961,7533440,1086,0,"[0, 1]"
481961,7533440,2013,0,"[0, 1]"
481961,7533440,1593,0,"[0, 1]"
481961,7533440,1251,0,"[0, 1]"
481961,7533440,1938,0,"[0, 1]"
481961,7533440,1701,0,"[0, 1]"
481961,7533440,1729,0,"[0, 1]"
481961,7533440,1453,0,"[0, 1]"
481961,7533440,1777,0,"[0, 1]"
481961,7533440,1382,0,"[0, 1]"
481961,7533440,2094,0,"[0, 1]"
481961,7533440,3302,0,"[0, 1]"
481961,7533440,3096,0,"[0, 1]"
481961,7533440,4083,0,"[0, 1]"
481961,7533440,2210,0,"[0, 1]"
481961,7533440,3870,0,"[0, 1]"
481961,7533440,3862,0,"[0, 1]"
481961,7533440,2127,0,"[0, 1]"
481961,7533440,2215,0,"[0, 1]"
481961,7533440,2256,0,"[0, 1]"
481961,7533440,3366,0,"[0, 1]"
481961,7533440,3435,0,"[0, 1]"
481961,7533440,2532,0,"[0, 1]"
481961,7533440,2515,0,"[0, 1]"
481961,7533440,2811,0,"[0, 1]"
481961,7533440,2446,0,"[0, 1]"
481961,7533440,3130,0,"[0, 1]"
481961,7533440,2817,0,"[0, 1]"
481961,7533440,3121,0,"[0, 1]"
481961,7533440,3306,0,"[0, 1]"
481961,7533440,3573,0,"[0, 1]"
481961,7533440,3912,0,"[0, 1]"
481961,7533440,7242060,1,"[0, 1]"
481961,7533440,7667009,1,"[0, 1]"
481961,7533440,7155348,1,"[0, 1]"
481961,7533440,3222178,1,"[0, 1]"
481961,7533440,4350,0,"[0, 1]"
481961,7533440,7450500,1,"[0, 1]"
481961,7533440,7197935,1,"[0, 1]"
481961,7533440,7136911,1,"[0, 1]"
481961,7533440,4408,0,"[0, 1]"
481961,7533440,7481432,1,"[0, 1]"
481961,7533440,7100555,1,"[0, 1]"
481961,7533440,414827,1,"[0, 1]"
481961,7533440,7136745,1,"[0, 1]"
481961,7533440,7288132,1,"[0, 1]"
481961,7533440,7420248,1,"[0, 1]"
481961,7533440,7183581,1,"[0, 1]"
481961,7533440,7147037,1,"[0, 1]"
481961,7533440,1304256,1,"[0, 1]"
481961,7533440,1208539,1,"[0, 1]"
481961,7533440,7547873,1,"[0, 1]"
481961,7533440,7289397,1,"[0, 1]"
481961,7533440,4621,0,"[0, 1]"
481961,7533440,7652351,1,"[0, 1]"
481961,7533440,7259822,1,"[0, 1]"
397592,7533642,7533642,1,"[1, 0]"
397592,7533642,3161,0,"[1, 0]"
397592,7533642,1580,0,"[1, 0]"
397592,7533642,789,0,"[1, 0]"
397592,7533642,394,0,"[1, 0]"
397592,7533642,196,0,"[1, 0]"
397592,7533642,97,0,"[1, 0]"
397592,7533642,48,0,"[1, 0]"
397592,7533642,23,0,"[1, 0]"
397592,7533642,11,0,"[1, 0]"
397592,7533642,5,0,"[1, 0]"
397592,7533642,2,0,"[1, 0]"
397592,7533642,0,0,"[1, 0]"
397592,7533642,1,0,"[0, 1]"
397592,7533642,2,0,"[0, 1]"
397592,7533642,5,0,"[0, 1]"
397592,7533642,6,0,"[0, 1]"
397592,7533642,3,0,"[0, 1]"
397592,7533642,4,0,"[0, 1]"
397592,7533642,9,0,"[0, 1]"
397592,7533642,11,0,"[0, 1]"
397592,7533642,8,0,"[0, 1]"
397592,7533642,7,0,"[0, 1]"
397592,7533642,14,0,"[0, 1]"
397592,7533642,12,0,"[0, 1]"
397592,7533642,27,0,"[0, 1]"
397592,7533642,30,0,"[0, 1]"
397592,7533642,20,0,"[0, 1]"
397592,7533642,24,0,"[0, 1]"
397592,7533642,23,0,"[0, 1]"
397592,7533642,17,0,"[0, 1]"
397592,7533642,15,0,"[0, 1]"
397592,7533642,22,0,"[0, 1]"
397592,7533642,36,0,"[0, 1]"
397592,7533642,61,0,"[0, 1]"
397592,7533642,56,0,"[0, 1]"
397592,7533642,58,0,"[0, 1]"
397592,7533642,39,0,"[0, 1]"
397592,7533642,53,0,"[0, 1]"
397592,7533642,35,0,"[0, 1]"
397592,7533642,43,0,"[0, 1]"
397592,7533642,47,0,"[0, 1]"
397592,7533642,50,0,"[0, 1]"
397592,7533642,68,0,"[0, 1]"
397592,7533642,119,0,"[0, 1]"
397592,7533642,94,0,"[0, 1]"
397592,7533642,110,0,"[0, 1]"
397592,7533642,101,0,"[0, 1]"
397592,7533642,66,0,"[0, 1]"
397592,7533642,73,0,"[0, 1]"
397592,7533642,104,0,"[0, 1]"
397592,7533642,95,0,"[0, 1]"
397592,7533642,69,0,"[0, 1]"
397592,7533642,92,0,"[0, 1]"
397592,7533642,81,0,"[0, 1]"
397592,7533642,238,0,"[0, 1]"
397592,7533642,183,0,"[0, 1]"
397592,7533642,170,0,"[0, 1]"
397592,7533642,199,0,"[0, 1]"
397592,7533642,228,0,"[0, 1]"
397592,7533642,219,0,"[0, 1]"
397592,7533642,153,0,"[0, 1]"
397592,7533642,200,0,"[0, 1]"
397592,7533642,174,0,"[0, 1]"
397592,7533642,168,0,"[0, 1]"
397592,7533642,221,0,"[0, 1]"
397592,7533642,189,0,"[0, 1]"
397592,7533642,166,0,"[0, 1]"
397592,7533642,179,0,"[0, 1]"
397592,7533642,297,0,"[0, 1]"
397592,7533642,481,0,"[0, 1]"
397592,7533642,375,0,"[0, 1]"
397592,7533642,479,0,"[0, 1]"
397592,7533642,401,0,"[0, 1]"
397592,7533642,277,0,"[0, 1]"
397592,7533642,433,0,"[0, 1]"
397592,7533642,261,0,"[0, 1]"
397592,7533642,340,0,"[0, 1]"
397592,7533642,338,0,"[0, 1]"
397592,7533642,344,0,"[0, 1]"
397592,7533642,283,0,"[0, 1]"
397592,7533642,505,0,"[0, 1]"
397592,7533642,413,0,"[0, 1]"
397592,7533642,464,0,"[0, 1]"
397592,7533642,465,0,"[0, 1]"
397592,7533642,681,0,"[0, 1]"
397592,7533642,715,0,"[0, 1]"
397592,7533642,785,0,"[0, 1]"
397592,7533642,1012,0,"[0, 1]"
397592,7533642,967,0,"[0, 1]"
397592,7533642,817,0,"[0, 1]"
397592,7533642,959,0,"[0, 1]"
397592,7533642,755,0,"[0, 1]"
397592,7533642,574,0,"[0, 1]"
397592,7533642,927,0,"[0, 1]"
397592,7533642,810,0,"[0, 1]"
397592,7533642,972,0,"[0, 1]"
397592,7533642,790,0,"[0, 1]"
397592,7533642,957,0,"[0, 1]"
397592,7533642,744,0,"[0, 1]"
397592,7533642,970,0,"[0, 1]"
397592,7533642,794,0,"[0, 1]"
397592,7533642,965,0,"[0, 1]"
397592,7533642,1196,0,"[0, 1]"
397592,7533642,1613,0,"[0, 1]"
397592,7533642,1535,0,"[0, 1]"
397592,7533642,1749,0,"[0, 1]"
397592,7533642,1421,0,"[0, 1]"
397592,7533642,1842,0,"[0, 1]"
397592,7533642,1741,0,"[0, 1]"
397592,7533642,1078,0,"[0, 1]"
397592,7533642,1238,0,"[0, 1]"
397592,7533642,1682,0,"[0, 1]"
397592,7533642,1825,0,"[0, 1]"
397592,7533642,1594,0,"[0, 1]"
397592,7533642,1397,0,"[0, 1]"
397592,7533642,2001,0,"[0, 1]"
397592,7533642,1246,0,"[0, 1]"
397592,7533642,1169,0,"[0, 1]"
397592,7533642,2029,0,"[0, 1]"
397592,7533642,1775,0,"[0, 1]"
397592,7533642,1506,0,"[0, 1]"
397592,7533642,1213,0,"[0, 1]"
397592,7533642,2224,0,"[0, 1]"
397592,7533642,3398,0,"[0, 1]"
397592,7533642,3446,0,"[0, 1]"
397592,7533642,3114,0,"[0, 1]"
397592,7533642,3896,0,"[0, 1]"
397592,7533642,4006,0,"[0, 1]"
397592,7533642,3040,0,"[0, 1]"
397592,7533642,2385,0,"[0, 1]"
397592,7533642,2381,0,"[0, 1]"
397592,7533642,3183,0,"[0, 1]"
397592,7533642,2323,0,"[0, 1]"
397592,7533642,2511,0,"[0, 1]"
397592,7533642,3650,0,"[0, 1]"
397592,7533642,4050,0,"[0, 1]"
397592,7533642,2940,0,"[0, 1]"
397592,7533642,3767,0,"[0, 1]"
397592,7533642,4004,0,"[0, 1]"
397592,7533642,3925,0,"[0, 1]"
397592,7533642,2408,0,"[0, 1]"
397592,7533642,3584,0,"[0, 1]"
397592,7533642,3493,0,"[0, 1]"
397592,7533642,4001,0,"[0, 1]"
397592,7533642,7377277,1,"[0, 1]"
397592,7533642,7468513,1,"[0, 1]"
397592,7533642,7237997,1,"[0, 1]"
397592,7533642,1545467,1,"[0, 1]"
397592,7533642,7092485,1,"[0, 1]"
397592,7533642,4693,0,"[0, 1]"
397592,7533642,4405,0,"[0, 1]"
397592,7533642,7455679,1,"[0, 1]"
397592,7533642,7478869,1,"[0, 1]"
397592,7533642,4408,0,"[0, 1]"
397592,7533642,7289438,1,"[0, 1]"
397592,7533642,4244,0,"[0, 1]"
397592,7533642,4124,0,"[0, 1]"
397592,7533642,4219,0,"[0, 1]"
397592,7533642,7431182,1,"[0, 1]"
397592,7533642,7133523,1,"[0, 1]"
397592,7533642,7304912,1,"[0, 1]"
397592,7533642,7341497,1,"[0, 1]"
397592,7533642,7106746,1,"[0, 1]"
397592,7533642,7075449,1,"[0, 1]"
397592,7533642,7419949,1,"[0, 1]"
397592,7533642,7316160,1,"[0, 1]"
397592,7533642,7354712,1,"[0, 1]"
397592,7533642,4476405,1,"[0, 1]"
520184,7533779,7533779,1,"[1, 0]"
520184,7533779,2233,0,"[1, 0]"
520184,7533779,1116,0,"[1, 0]"
520184,7533779,557,0,"[1, 0]"
520184,7533779,278,0,"[1, 0]"
520184,7533779,138,0,"[1, 0]"
520184,7533779,68,0,"[1, 0]"
520184,7533779,33,0,"[1, 0]"
520184,7533779,16,0,"[1, 0]"
520184,7533779,7,0,"[1, 0]"
520184,7533779,3,0,"[1, 0]"
520184,7533779,1,0,"[1, 0]"
520184,7533779,0,0,"[1, 0]"
520184,7533779,1,0,"[0, 1]"
520184,7533779,2,0,"[0, 1]"
520184,7533779,4,0,"[0, 1]"
520184,7533779,3,0,"[0, 1]"
520184,7533779,6,0,"[0, 1]"
520184,7533779,5,0,"[0, 1]"
520184,7533779,12,0,"[0, 1]"
520184,7533779,14,0,"[0, 1]"
520184,7533779,9,0,"[0, 1]"
520184,7533779,11,0,"[0, 1]"
520184,7533779,7,0,"[0, 1]"
520184,7533779,13,0,"[0, 1]"
520184,7533779,23,0,"[0, 1]"
520184,7533779,21,0,"[0, 1]"
520184,7533779,15,0,"[0, 1]"
520184,7533779,22,0,"[0, 1]"
520184,7533779,30,0,"[0, 1]"
520184,7533779,27,0,"[0, 1]"
520184,7533779,16,0,"[0, 1]"
520184,7533779,28,0,"[0, 1]"
520184,7533779,50,0,"[0, 1]"
520184,7533779,56,0,"[0, 1]"
520184,7533779,34,0,"[0, 1]"
520184,7533779,48,0,"[0, 1]"
520184,7533779,40,0,"[0, 1]"
520184,7533779,35,0,"[0, 1]"
520184,7533779,42,0,"[0, 1]"
520184,7533779,51,0,"[0, 1]"
520184,7533779,55,0,"[0, 1]"
520184,7533779,41,0,"[0, 1]"
520184,7533779,95,0,"[0, 1]"
520184,7533779,103,0,"[0, 1]"
520184,7533779,72,0,"[0, 1]"
520184,7533779,73,0,"[0, 1]"
520184,7533779,101,0,"[0, 1]"
520184,7533779,71,0,"[0, 1]"
520184,7533779,83,0,"[0, 1]"
520184,7533779,117,0,"[0, 1]"
520184,7533779,90,0,"[0, 1]"
520184,7533779,78,0,"[0, 1]"
520184,7533779,74,0,"[0, 1]"
520184,7533779,105,0,"[0, 1]"
520184,7533779,213,0,"[0, 1]"
520184,7533779,128,0,"[0, 1]"
520184,7533779,216,0,"[0, 1]"
520184,7533779,219,0,"[0, 1]"
520184,7533779,198,0,"[0, 1]"
520184,7533779,152,0,"[0, 1]"
520184,7533779,166,0,"[0, 1]"
520184,7533779,221,0,"[0, 1]"
520184,7533779,205,0,"[0, 1]"
520184,7533779,203,0,"[0, 1]"
520184,7533779,201,0,"[0, 1]"
520184,7533779,147,0,"[0, 1]"
520184,7533779,215,0,"[0, 1]"
520184,7533779,250,0,"[0, 1]"
520184,7533779,483,0,"[0, 1]"
520184,7533779,293,0,"[0, 1]"
520184,7533779,325,0,"[0, 1]"
520184,7533779,350,0,"[0, 1]"
520184,7533779,494,0,"[0, 1]"
520184,7533779,283,0,"[0, 1]"
520184,7533779,427,0,"[0, 1]"
520184,7533779,499,0,"[0, 1]"
520184,7533779,503,0,"[0, 1]"
520184,7533779,488,0,"[0, 1]"
520184,7533779,290,0,"[0, 1]"
520184,7533779,408,0,"[0, 1]"
520184,7533779,410,0,"[0, 1]"
520184,7533779,481,0,"[0, 1]"
520184,7533779,510,0,"[0, 1]"
520184,7533779,395,0,"[0, 1]"
520184,7533779,687,0,"[0, 1]"
520184,7533779,1011,0,"[0, 1]"
520184,7533779,650,0,"[0, 1]"
520184,7533779,900,0,"[0, 1]"
520184,7533779,866,0,"[0, 1]"
520184,7533779,764,0,"[0, 1]"
520184,7533779,601,0,"[0, 1]"
520184,7533779,530,0,"[0, 1]"
520184,7533779,752,0,"[0, 1]"
520184,7533779,1008,0,"[0, 1]"
520184,7533779,646,0,"[0, 1]"
520184,7533779,945,0,"[0, 1]"
520184,7533779,762,0,"[0, 1]"
520184,7533779,793,0,"[0, 1]"
520184,7533779,935,0,"[0, 1]"
520184,7533779,933,0,"[0, 1]"
520184,7533779,944,0,"[0, 1]"
520184,7533779,581,0,"[0, 1]"
520184,7533779,1932,0,"[0, 1]"
520184,7533779,1117,0,"[0, 1]"
520184,7533779,1829,0,"[0, 1]"
520184,7533779,2042,0,"[0, 1]"
520184,7533779,1805,0,"[0, 1]"
520184,7533779,1359,0,"[0, 1]"
520184,7533779,1677,0,"[0, 1]"
520184,7533779,2036,0,"[0, 1]"
520184,7533779,1283,0,"[0, 1]"
520184,7533779,1185,0,"[0, 1]"
520184,7533779,1547,0,"[0, 1]"
520184,7533779,1170,0,"[0, 1]"
520184,7533779,1463,0,"[0, 1]"
520184,7533779,1100,0,"[0, 1]"
520184,7533779,1935,0,"[0, 1]"
520184,7533779,1302,0,"[0, 1]"
520184,7533779,1421,0,"[0, 1]"
520184,7533779,1047,0,"[0, 1]"
520184,7533779,1308,0,"[0, 1]"
520184,7533779,1168,0,"[0, 1]"
520184,7533779,2280,0,"[0, 1]"
520184,7533779,2826,0,"[0, 1]"
520184,7533779,3753,0,"[0, 1]"
520184,7533779,3235,0,"[0, 1]"
520184,7533779,2096,0,"[0, 1]"
520184,7533779,2221,0,"[0, 1]"
520184,7533779,2476,0,"[0, 1]"
520184,7533779,2069,0,"[0, 1]"
520184,7533779,2632,0,"[0, 1]"
520184,7533779,2647,0,"[0, 1]"
520184,7533779,2984,0,"[0, 1]"
520184,7533779,3204,0,"[0, 1]"
520184,7533779,3931,0,"[0, 1]"
520184,7533779,3827,0,"[0, 1]"
520184,7533779,3613,0,"[0, 1]"
520184,7533779,4072,0,"[0, 1]"
520184,7533779,3734,0,"[0, 1]"
520184,7533779,3796,0,"[0, 1]"
520184,7533779,3391,0,"[0, 1]"
520184,7533779,2889,0,"[0, 1]"
520184,7533779,2893,0,"[0, 1]"
520184,7533779,2277,0,"[0, 1]"
520184,7533779,7094398,1,"[0, 1]"
520184,7533779,7132812,1,"[0, 1]"
520184,7533779,7210738,1,"[0, 1]"
520184,7533779,4315,0,"[0, 1]"
520184,7533779,7466906,1,"[0, 1]"
520184,7533779,1944454,1,"[0, 1]"
520184,7533779,4278,0,"[0, 1]"
520184,7533779,4355,0,"[0, 1]"
520184,7533779,7106361,1,"[0, 1]"
520184,7533779,7682904,1,"[0, 1]"
520184,7533779,7107100,1,"[0, 1]"
520184,7533779,7120073,1,"[0, 1]"
520184,7533779,92150,1,"[0, 1]"
520184,7533779,3259271,1,"[0, 1]"
520184,7533779,4211,0,"[0, 1]"
520184,7533779,7147550,1,"[0, 1]"
520184,7533779,7624955,1,"[0, 1]"
520184,7533779,4187,0,"[0, 1]"
520184,7533779,7358221,1,"[0, 1]"
520184,7533779,4722,0,"[0, 1]"
520184,7533779,7112303,1,"[0, 1]"
520184,7533779,7198934,1,"[0, 1]"
520184,7533779,7108284,1,"[0, 1]"
520184,7533779,7078279,1,"[0, 1]"
614409,7533828,7533828,1,"[1, 0]"
614409,7533828,4464,0,"[1, 0]"
614409,7533828,2883,0,"[1, 0]"
614409,7533828,1441,0,"[1, 0]"
614409,7533828,720,0,"[1, 0]"
614409,7533828,359,0,"[1, 0]"
614409,7533828,179,0,"[1, 0]"
614409,7533828,89,0,"[1, 0]"
614409,7533828,44,0,"[1, 0]"
614409,7533828,21,0,"[1, 0]"
614409,7533828,10,0,"[1, 0]"
614409,7533828,4,0,"[1, 0]"
614409,7533828,1,0,"[1, 0]"
614409,7533828,0,0,"[1, 0]"
614409,7533828,1,0,"[0, 1]"
614409,7533828,2,0,"[0, 1]"
614409,7533828,6,0,"[0, 1]"
614409,7533828,5,0,"[0, 1]"
614409,7533828,4,0,"[0, 1]"
614409,7533828,3,0,"[0, 1]"
614409,7533828,14,0,"[0, 1]"
614409,7533828,11,0,"[0, 1]"
614409,7533828,10,0,"[0, 1]"
614409,7533828,7,0,"[0, 1]"
614409,7533828,12,0,"[0, 1]"
614409,7533828,8,0,"[0, 1]"
614409,7533828,26,0,"[0, 1]"
614409,7533828,30,0,"[0, 1]"
614409,7533828,22,0,"[0, 1]"
614409,7533828,27,0,"[0, 1]"
614409,7533828,25,0,"[0, 1]"
614409,7533828,23,0,"[0, 1]"
614409,7533828,21,0,"[0, 1]"
614409,7533828,24,0,"[0, 1]"
614409,7533828,43,0,"[0, 1]"
614409,7533828,49,0,"[0, 1]"
614409,7533828,40,0,"[0, 1]"
614409,7533828,56,0,"[0, 1]"
614409,7533828,33,0,"[0, 1]"
614409,7533828,62,0,"[0, 1]"
614409,7533828,35,0,"[0, 1]"
614409,7533828,46,0,"[0, 1]"
614409,7533828,59,0,"[0, 1]"
614409,7533828,44,0,"[0, 1]"
614409,7533828,100,0,"[0, 1]"
614409,7533828,72,0,"[0, 1]"
614409,7533828,98,0,"[0, 1]"
614409,7533828,83,0,"[0, 1]"
614409,7533828,66,0,"[0, 1]"
614409,7533828,94,0,"[0, 1]"
614409,7533828,69,0,"[0, 1]"
614409,7533828,97,0,"[0, 1]"
614409,7533828,75,0,"[0, 1]"
614409,7533828,78,0,"[0, 1]"
614409,7533828,88,0,"[0, 1]"
614409,7533828,107,0,"[0, 1]"
614409,7533828,137,0,"[0, 1]"
614409,7533828,141,0,"[0, 1]"
614409,7533828,155,0,"[0, 1]"
614409,7533828,167,0,"[0, 1]"
614409,7533828,226,0,"[0, 1]"
614409,7533828,208,0,"[0, 1]"
614409,7533828,228,0,"[0, 1]"
614409,7533828,219,0,"[0, 1]"
614409,7533828,179,0,"[0, 1]"
614409,7533828,247,0,"[0, 1]"
614409,7533828,254,0,"[0, 1]"
614409,7533828,148,0,"[0, 1]"
614409,7533828,204,0,"[0, 1]"
614409,7533828,239,0,"[0, 1]"
614409,7533828,403,0,"[0, 1]"
614409,7533828,290,0,"[0, 1]"
614409,7533828,331,0,"[0, 1]"
614409,7533828,279,0,"[0, 1]"
614409,7533828,285,0,"[0, 1]"
614409,7533828,396,0,"[0, 1]"
614409,7533828,295,0,"[0, 1]"
614409,7533828,441,0,"[0, 1]"
614409,7533828,413,0,"[0, 1]"
614409,7533828,407,0,"[0, 1]"
614409,7533828,302,0,"[0, 1]"
614409,7533828,326,0,"[0, 1]"
614409,7533828,294,0,"[0, 1]"
614409,7533828,483,0,"[0, 1]"
614409,7533828,489,0,"[0, 1]"
614409,7533828,434,0,"[0, 1]"
614409,7533828,692,0,"[0, 1]"
614409,7533828,834,0,"[0, 1]"
614409,7533828,994,0,"[0, 1]"
614409,7533828,827,0,"[0, 1]"
614409,7533828,614,0,"[0, 1]"
614409,7533828,775,0,"[0, 1]"
614409,7533828,970,0,"[0, 1]"
614409,7533828,898,0,"[0, 1]"
614409,7533828,842,0,"[0, 1]"
614409,7533828,696,0,"[0, 1]"
614409,7533828,670,0,"[0, 1]"
614409,7533828,522,0,"[0, 1]"
614409,7533828,948,0,"[0, 1]"
614409,7533828,779,0,"[0, 1]"
614409,7533828,920,0,"[0, 1]"
614409,7533828,616,0,"[0, 1]"
614409,7533828,659,0,"[0, 1]"
614409,7533828,912,0,"[0, 1]"
614409,7533828,1328,0,"[0, 1]"
614409,7533828,1339,0,"[0, 1]"
614409,7533828,1255,0,"[0, 1]"
614409,7533828,1521,0,"[0, 1]"
614409,7533828,1104,0,"[0, 1]"
614409,7533828,1188,0,"[0, 1]"
614409,7533828,1301,0,"[0, 1]"
614409,7533828,1209,0,"[0, 1]"
614409,7533828,2033,0,"[0, 1]"
614409,7533828,1330,0,"[0, 1]"
614409,7533828,1073,0,"[0, 1]"
614409,7533828,1201,0,"[0, 1]"
614409,7533828,1481,0,"[0, 1]"
614409,7533828,1665,0,"[0, 1]"
614409,7533828,1780,0,"[0, 1]"
614409,7533828,1398,0,"[0, 1]"
614409,7533828,1826,0,"[0, 1]"
614409,7533828,1198,0,"[0, 1]"
614409,7533828,1272,0,"[0, 1]"
614409,7533828,1217,0,"[0, 1]"
614409,7533828,3686,0,"[0, 1]"
614409,7533828,3040,0,"[0, 1]"
614409,7533828,3284,0,"[0, 1]"
614409,7533828,3745,0,"[0, 1]"
614409,7533828,2243,0,"[0, 1]"
614409,7533828,3423,0,"[0, 1]"
614409,7533828,2333,0,"[0, 1]"
614409,7533828,2969,0,"[0, 1]"
614409,7533828,2159,0,"[0, 1]"
614409,7533828,3411,0,"[0, 1]"
614409,7533828,2886,0,"[0, 1]"
614409,7533828,2368,0,"[0, 1]"
614409,7533828,2272,0,"[0, 1]"
614409,7533828,2163,0,"[0, 1]"
614409,7533828,2952,0,"[0, 1]"
614409,7533828,3967,0,"[0, 1]"
614409,7533828,3928,0,"[0, 1]"
614409,7533828,2351,0,"[0, 1]"
614409,7533828,3853,0,"[0, 1]"
614409,7533828,3369,0,"[0, 1]"
614409,7533828,2963,0,"[0, 1]"
614409,7533828,3941,0,"[0, 1]"
614409,7533828,4879,0,"[0, 1]"
614409,7533828,3239670,1,"[0, 1]"
614409,7533828,7354184,1,"[0, 1]"
614409,7533828,4775,0,"[0, 1]"
614409,7533828,7188594,1,"[0, 1]"
614409,7533828,695180,1,"[0, 1]"
614409,7533828,7242969,1,"[0, 1]"
614409,7533828,7156779,1,"[0, 1]"
614409,7533828,7633123,1,"[0, 1]"
614409,7533828,7628015,1,"[0, 1]"
614409,7533828,7368724,1,"[0, 1]"
614409,7533828,493988,1,"[0, 1]"
614409,7533828,7595500,1,"[0, 1]"
614409,7533828,4684,0,"[0, 1]"
614409,7533828,6529214,1,"[0, 1]"
614409,7533828,7629481,1,"[0, 1]"
614409,7533828,7166455,1,"[0, 1]"
614409,7533828,7470508,1,"[0, 1]"
614409,7533828,551283,1,"[0, 1]"
614409,7533828,7564578,1,"[0, 1]"
614409,7533828,4956,0,"[0, 1]"
614409,7533828,7409861,1,"[0, 1]"
614409,7533828,4541,0,"[0, 1]"
614409,7533828,7421597,1,"[0, 1]"
614409,7533828,7586203,1,"[0, 1]"
614409,7533828,366294,1,"[0, 1]"
614409,7533828,7395344,1,"[0, 1]"
614409,7533828,7352666,1,"[0, 1]"
614409,7533828,7426998,1,"[0, 1]"
614409,7533828,284425,1,"[0, 1]"
614409,7533828,7497025,1,"[0, 1]"
614409,7533828,7681853,1,"[0, 1]"
614409,7533828,7077382,1,"[0, 1]"
614409,7533828,7582932,1,"[0, 1]"
614409,7533828,7446496,1,"[0, 1]"
614409,7533828,3948109,1,"[0, 1]"
614409,7533828,7127528,1,"[0, 1]"
614409,7533828,7501074,1,"[0, 1]"
614409,7533828,7249211,1,"[0, 1]"
614409,7533828,7496639,1,"[0, 1]"
614409,7533828,7158201,1,"[0, 1]"
614409,7533828,7184191,1,"[0, 1]"
614409,7533828,7214898,1,"[0, 1]"
614409,7533828,7458144,1,"[0, 1]"
614409,7533828,7305462,1,"[0, 1]"
614409,7533828,7637360,1,"[0, 1]"
614409,7533828,7131995,1,"[0, 1]"
614409,7533828,7212028,1,"[0, 1]"
614409,7533828,7089538,1,"[0, 1]"
614409,7533828,6034688,1,"[0, 1]"
525660,7534090,7534090,1,"[1, 0]"
525660,7534090,3750,0,"[1, 0]"
525660,7534090,1874,0,"[1, 0]"
525660,7534090,936,0,"[1, 0]"
525660,7534090,467,0,"[1, 0]"
525660,7534090,233,0,"[1, 0]"
525660,7534090,116,0,"[1, 0]"
525660,7534090,57,0,"[1, 0]"
525660,7534090,28,0,"[1, 0]"
525660,7534090,13,0,"[1, 0]"
525660,7534090,6,0,"[1, 0]"
525660,7534090,2,0,"[1, 0]"
525660,7534090,0,0,"[1, 0]"
525660,7534090,2,0,"[0, 1]"
525660,7534090,1,0,"[0, 1]"
525660,7534090,3,0,"[0, 1]"
525660,7534090,4,0,"[0, 1]"
525660,7534090,5,0,"[0, 1]"
525660,7534090,6,0,"[0, 1]"
525660,7534090,7,0,"[0, 1]"
525660,7534090,9,0,"[0, 1]"
525660,7534090,11,0,"[0, 1]"
525660,7534090,12,0,"[0, 1]"
525660,7534090,10,0,"[0, 1]"
525660,7534090,13,0,"[0, 1]"
525660,7534090,22,0,"[0, 1]"
525660,7534090,26,0,"[0, 1]"
525660,7534090,15,0,"[0, 1]"
525660,7534090,28,0,"[0, 1]"
525660,7534090,21,0,"[0, 1]"
525660,7534090,20,0,"[0, 1]"
525660,7534090,17,0,"[0, 1]"
525660,7534090,18,0,"[0, 1]"
525660,7534090,62,0,"[0, 1]"
525660,7534090,57,0,"[0, 1]"
525660,7534090,39,0,"[0, 1]"
525660,7534090,34,0,"[0, 1]"
525660,7534090,38,0,"[0, 1]"
525660,7534090,43,0,"[0, 1]"
525660,7534090,45,0,"[0, 1]"
525660,7534090,33,0,"[0, 1]"
525660,7534090,54,0,"[0, 1]"
525660,7534090,31,0,"[0, 1]"
525660,7534090,84,0,"[0, 1]"
525660,7534090,124,0,"[0, 1]"
525660,7534090,107,0,"[0, 1]"
525660,7534090,103,0,"[0, 1]"
525660,7534090,83,0,"[0, 1]"
525660,7534090,101,0,"[0, 1]"
525660,7534090,112,0,"[0, 1]"
525660,7534090,97,0,"[0, 1]"
525660,7534090,100,0,"[0, 1]"
525660,7534090,70,0,"[0, 1]"
525660,7534090,110,0,"[0, 1]"
525660,7534090,120,0,"[0, 1]"
525660,7534090,183,0,"[0, 1]"
525660,7534090,135,0,"[0, 1]"
525660,7534090,236,0,"[0, 1]"
525660,7534090,211,0,"[0, 1]"
525660,7534090,184,0,"[0, 1]"
525660,7534090,138,0,"[0, 1]"
525660,7534090,225,0,"[0, 1]"
525660,7534090,161,0,"[0, 1]"
525660,7534090,193,0,"[0, 1]"
525660,7534090,244,0,"[0, 1]"
525660,7534090,133,0,"[0, 1]"
525660,7534090,199,0,"[0, 1]"
525660,7534090,127,0,"[0, 1]"
525660,7534090,147,0,"[0, 1]"
525660,7534090,485,0,"[0, 1]"
525660,7534090,393,0,"[0, 1]"
525660,7534090,456,0,"[0, 1]"
525660,7534090,442,0,"[0, 1]"
525660,7534090,495,0,"[0, 1]"
525660,7534090,284,0,"[0, 1]"
525660,7534090,429,0,"[0, 1]"
525660,7534090,502,0,"[0, 1]"
525660,7534090,477,0,"[0, 1]"
525660,7534090,394,0,"[0, 1]"
525660,7534090,350,0,"[0, 1]"
525660,7534090,348,0,"[0, 1]"
525660,7534090,461,0,"[0, 1]"
525660,7534090,272,0,"[0, 1]"
525660,7534090,436,0,"[0, 1]"
525660,7534090,454,0,"[0, 1]"
525660,7534090,679,0,"[0, 1]"
525660,7534090,674,0,"[0, 1]"
525660,7534090,918,0,"[0, 1]"
525660,7534090,1010,0,"[0, 1]"
525660,7534090,982,0,"[0, 1]"
525660,7534090,804,0,"[0, 1]"
525660,7534090,743,0,"[0, 1]"
525660,7534090,583,0,"[0, 1]"
525660,7534090,687,0,"[0, 1]"
525660,7534090,539,0,"[0, 1]"
525660,7534090,556,0,"[0, 1]"
525660,7534090,552,0,"[0, 1]"
525660,7534090,894,0,"[0, 1]"
525660,7534090,768,0,"[0, 1]"
525660,7534090,914,0,"[0, 1]"
525660,7534090,935,0,"[0, 1]"
525660,7534090,767,0,"[0, 1]"
525660,7534090,831,0,"[0, 1]"
525660,7534090,1277,0,"[0, 1]"
525660,7534090,1493,0,"[0, 1]"
525660,7534090,1361,0,"[0, 1]"
525660,7534090,1619,0,"[0, 1]"
525660,7534090,1101,0,"[0, 1]"
525660,7534090,1626,0,"[0, 1]"
525660,7534090,1231,0,"[0, 1]"
525660,7534090,1420,0,"[0, 1]"
525660,7534090,1038,0,"[0, 1]"
525660,7534090,1478,0,"[0, 1]"
525660,7534090,1405,0,"[0, 1]"
525660,7534090,1993,0,"[0, 1]"
525660,7534090,1606,0,"[0, 1]"
525660,7534090,1892,0,"[0, 1]"
525660,7534090,1437,0,"[0, 1]"
525660,7534090,1636,0,"[0, 1]"
525660,7534090,1091,0,"[0, 1]"
525660,7534090,1886,0,"[0, 1]"
525660,7534090,1099,0,"[0, 1]"
525660,7534090,1605,0,"[0, 1]"
525660,7534090,3535,0,"[0, 1]"
525660,7534090,3637,0,"[0, 1]"
525660,7534090,3121,0,"[0, 1]"
525660,7534090,4029,0,"[0, 1]"
525660,7534090,3210,0,"[0, 1]"
525660,7534090,3925,0,"[0, 1]"
525660,7534090,2959,0,"[0, 1]"
525660,7534090,3212,0,"[0, 1]"
525660,7534090,2585,0,"[0, 1]"
525660,7534090,3548,0,"[0, 1]"
525660,7534090,3642,0,"[0, 1]"
525660,7534090,2752,0,"[0, 1]"
525660,7534090,3997,0,"[0, 1]"
525660,7534090,3534,0,"[0, 1]"
525660,7534090,2892,0,"[0, 1]"
525660,7534090,2857,0,"[0, 1]"
525660,7534090,2934,0,"[0, 1]"
525660,7534090,2388,0,"[0, 1]"
525660,7534090,3639,0,"[0, 1]"
525660,7534090,2219,0,"[0, 1]"
525660,7534090,3755,0,"[0, 1]"
525660,7534090,2321,0,"[0, 1]"
525660,7534090,4988,0,"[0, 1]"
525660,7534090,7381706,1,"[0, 1]"
525660,7534090,7488681,1,"[0, 1]"
525660,7534090,4335,0,"[0, 1]"
525660,7534090,7662903,1,"[0, 1]"
525660,7534090,7373173,1,"[0, 1]"
525660,7534090,7407951,1,"[0, 1]"
525660,7534090,7663389,1,"[0, 1]"
525660,7534090,3826784,1,"[0, 1]"
525660,7534090,7486216,1,"[0, 1]"
525660,7534090,238005,1,"[0, 1]"
525660,7534090,2985362,1,"[0, 1]"
525660,7534090,4273,0,"[0, 1]"
525660,7534090,7513792,1,"[0, 1]"
525660,7534090,7182286,1,"[0, 1]"
525660,7534090,7600853,1,"[0, 1]"
525660,7534090,7173901,1,"[0, 1]"
525660,7534090,7578450,1,"[0, 1]"
525660,7534090,7681654,1,"[0, 1]"
525660,7534090,7429547,1,"[0, 1]"
525660,7534090,7118190,1,"[0, 1]"
525660,7534090,4755,0,"[0, 1]"
525660,7534090,1484018,1,"[0, 1]"
525660,7534090,7179425,1,"[0, 1]"
463635,7534191,7534191,1,"[1, 0]"
463635,7534191,4086,0,"[1, 0]"
463635,7534191,2042,0,"[1, 0]"
463635,7534191,1020,0,"[1, 0]"
463635,7534191,509,0,"[1, 0]"
463635,7534191,254,0,"[1, 0]"
463635,7534191,126,0,"[1, 0]"
463635,7534191,62,0,"[1, 0]"
463635,7534191,30,0,"[1, 0]"
463635,7534191,14,0,"[1, 0]"
463635,7534191,6,0,"[1, 0]"
463635,7534191,2,0,"[1, 0]"
463635,7534191,0,0,"[1, 0]"
463635,7534191,2,0,"[0, 1]"
463635,7534191,1,0,"[0, 1]"
463635,7534191,4,0,"[0, 1]"
463635,7534191,5,0,"[0, 1]"
463635,7534191,6,0,"[0, 1]"
463635,7534191,3,0,"[0, 1]"
463635,7534191,12,0,"[0, 1]"
463635,7534191,8,0,"[0, 1]"
463635,7534191,11,0,"[0, 1]"
463635,7534191,7,0,"[0, 1]"
463635,7534191,14,0,"[0, 1]"
463635,7534191,10,0,"[0, 1]"
463635,7534191,25,0,"[0, 1]"
463635,7534191,18,0,"[0, 1]"
463635,7534191,16,0,"[0, 1]"
463635,7534191,17,0,"[0, 1]"
463635,7534191,27,0,"[0, 1]"
463635,7534191,22,0,"[0, 1]"
463635,7534191,28,0,"[0, 1]"
463635,7534191,29,0,"[0, 1]"
463635,7534191,38,0,"[0, 1]"
463635,7534191,39,0,"[0, 1]"
463635,7534191,58,0,"[0, 1]"
463635,7534191,44,0,"[0, 1]"
463635,7534191,51,0,"[0, 1]"
463635,7534191,36,0,"[0, 1]"
463635,7534191,49,0,"[0, 1]"
463635,7534191,35,0,"[0, 1]"
463635,7534191,56,0,"[0, 1]"
463635,7534191,48,0,"[0, 1]"
463635,7534191,93,0,"[0, 1]"
463635,7534191,75,0,"[0, 1]"
463635,7534191,98,0,"[0, 1]"
463635,7534191,106,0,"[0, 1]"
463635,7534191,119,0,"[0, 1]"
463635,7534191,69,0,"[0, 1]"
463635,7534191,107,0,"[0, 1]"
463635,7534191,101,0,"[0, 1]"
463635,7534191,63,0,"[0, 1]"
463635,7534191,73,0,"[0, 1]"
463635,7534191,110,0,"[0, 1]"
463635,7534191,121,0,"[0, 1]"
463635,7534191,236,0,"[0, 1]"
463635,7534191,232,0,"[0, 1]"
463635,7534191,254,0,"[0, 1]"
463635,7534191,205,0,"[0, 1]"
463635,7534191,223,0,"[0, 1]"
463635,7534191,170,0,"[0, 1]"
463635,7534191,178,0,"[0, 1]"
463635,7534191,143,0,"[0, 1]"
463635,7534191,200,0,"[0, 1]"
463635,7534191,166,0,"[0, 1]"
463635,7534191,189,0,"[0, 1]"
463635,7534191,191,0,"[0, 1]"
463635,7534191,133,0,"[0, 1]"
463635,7534191,181,0,"[0, 1]"
463635,7534191,288,0,"[0, 1]"
463635,7534191,400,0,"[0, 1]"
463635,7534191,282,0,"[0, 1]"
463635,7534191,328,0,"[0, 1]"
463635,7534191,488,0,"[0, 1]"
463635,7534191,454,0,"[0, 1]"
463635,7534191,445,0,"[0, 1]"
463635,7534191,504,0,"[0, 1]"
463635,7534191,438,0,"[0, 1]"
463635,7534191,368,0,"[0, 1]"
463635,7534191,293,0,"[0, 1]"
463635,7534191,275,0,"[0, 1]"
463635,7534191,474,0,"[0, 1]"
463635,7534191,319,0,"[0, 1]"
463635,7534191,428,0,"[0, 1]"
463635,7534191,494,0,"[0, 1]"
463635,7534191,974,0,"[0, 1]"
463635,7534191,611,0,"[0, 1]"
463635,7534191,802,0,"[0, 1]"
463635,7534191,1013,0,"[0, 1]"
463635,7534191,618,0,"[0, 1]"
463635,7534191,570,0,"[0, 1]"
463635,7534191,801,0,"[0, 1]"
463635,7534191,846,0,"[0, 1]"
463635,7534191,945,0,"[0, 1]"
463635,7534191,954,0,"[0, 1]"
463635,7534191,713,0,"[0, 1]"
463635,7534191,609,0,"[0, 1]"
463635,7534191,585,0,"[0, 1]"
463635,7534191,521,0,"[0, 1]"
463635,7534191,767,0,"[0, 1]"
463635,7534191,746,0,"[0, 1]"
463635,7534191,971,0,"[0, 1]"
463635,7534191,655,0,"[0, 1]"
463635,7534191,1519,0,"[0, 1]"
463635,7534191,1098,0,"[0, 1]"
463635,7534191,1383,0,"[0, 1]"
463635,7534191,1941,0,"[0, 1]"
463635,7534191,1045,0,"[0, 1]"
463635,7534191,1417,0,"[0, 1]"
463635,7534191,1065,0,"[0, 1]"
463635,7534191,1786,0,"[0, 1]"
463635,7534191,1052,0,"[0, 1]"
463635,7534191,1302,0,"[0, 1]"
463635,7534191,1267,0,"[0, 1]"
463635,7534191,2021,0,"[0, 1]"
463635,7534191,1684,0,"[0, 1]"
463635,7534191,1719,0,"[0, 1]"
463635,7534191,1623,0,"[0, 1]"
463635,7534191,1754,0,"[0, 1]"
463635,7534191,1732,0,"[0, 1]"
463635,7534191,1125,0,"[0, 1]"
463635,7534191,1784,0,"[0, 1]"
463635,7534191,1795,0,"[0, 1]"
463635,7534191,3077,0,"[0, 1]"
463635,7534191,2288,0,"[0, 1]"
463635,7534191,2952,0,"[0, 1]"
463635,7534191,2562,0,"[0, 1]"
463635,7534191,3519,0,"[0, 1]"
463635,7534191,4041,0,"[0, 1]"
463635,7534191,3013,0,"[0, 1]"
463635,7534191,2899,0,"[0, 1]"
463635,7534191,2323,0,"[0, 1]"
463635,7534191,3656,0,"[0, 1]"
463635,7534191,2714,0,"[0, 1]"
463635,7534191,2833,0,"[0, 1]"
463635,7534191,3754,0,"[0, 1]"
463635,7534191,3227,0,"[0, 1]"
463635,7534191,2342,0,"[0, 1]"
463635,7534191,2636,0,"[0, 1]"
463635,7534191,3298,0,"[0, 1]"
463635,7534191,3623,0,"[0, 1]"
463635,7534191,2961,0,"[0, 1]"
463635,7534191,3676,0,"[0, 1]"
463635,7534191,3872,0,"[0, 1]"
463635,7534191,3674,0,"[0, 1]"
463635,7534191,7318277,1,"[0, 1]"
463635,7534191,7657954,1,"[0, 1]"
463635,7534191,7552368,1,"[0, 1]"
463635,7534191,7405528,1,"[0, 1]"
463635,7534191,7283560,1,"[0, 1]"
463635,7534191,7230049,1,"[0, 1]"
463635,7534191,7417933,1,"[0, 1]"
463635,7534191,7454261,1,"[0, 1]"
463635,7534191,4156,0,"[0, 1]"
463635,7534191,4190,0,"[0, 1]"
463635,7534191,4352,0,"[0, 1]"
463635,7534191,4165,0,"[0, 1]"
463635,7534191,7568821,1,"[0, 1]"
463635,7534191,5167800,1,"[0, 1]"
463635,7534191,7333867,1,"[0, 1]"
463635,7534191,7660127,1,"[0, 1]"
463635,7534191,4982,0,"[0, 1]"
463635,7534191,7532930,1,"[0, 1]"
463635,7534191,7175200,1,"[0, 1]"
463635,7534191,5779254,1,"[0, 1]"
463635,7534191,7297024,1,"[0, 1]"
463635,7534191,4653,0,"[0, 1]"
463635,7534191,7657978,1,"[0, 1]"
463635,7534191,7220130,1,"[0, 1]"
171776,7534196,7534196,1,"[1, 0]"
171776,7534196,4959,0,"[1, 0]"
171776,7534196,4006,0,"[1, 0]"
171776,7534196,2002,0,"[1, 0]"
171776,7534196,1000,0,"[1, 0]"
171776,7534196,499,0,"[1, 0]"
171776,7534196,249,0,"[1, 0]"
171776,7534196,124,0,"[1, 0]"
171776,7534196,61,0,"[1, 0]"
171776,7534196,30,0,"[1, 0]"
171776,7534196,14,0,"[1, 0]"
171776,7534196,6,0,"[1, 0]"
171776,7534196,2,0,"[1, 0]"
171776,7534196,0,0,"[1, 0]"
171776,7534196,1,0,"[0, 1]"
171776,7534196,2,0,"[0, 1]"
171776,7534196,4,0,"[0, 1]"
171776,7534196,6,0,"[0, 1]"
171776,7534196,5,0,"[0, 1]"
171776,7534196,3,0,"[0, 1]"
171776,7534196,13,0,"[0, 1]"
171776,7534196,7,0,"[0, 1]"
171776,7534196,12,0,"[0, 1]"
171776,7534196,11,0,"[0, 1]"
171776,7534196,9,0,"[0, 1]"
171776,7534196,10,0,"[0, 1]"
171776,7534196,25,0,"[0, 1]"
171776,7534196,16,0,"[0, 1]"
171776,7534196,23,0,"[0, 1]"
171776,7534196,22,0,"[0, 1]"
171776,7534196,17,0,"[0, 1]"
171776,7534196,24,0,"[0, 1]"
171776,7534196,27,0,"[0, 1]"
171776,7534196,21,0,"[0, 1]"
171776,7534196,53,0,"[0, 1]"
171776,7534196,34,0,"[0, 1]"
171776,7534196,62,0,"[0, 1]"
171776,7534196,47,0,"[0, 1]"
171776,7534196,52,0,"[0, 1]"
171776,7534196,35,0,"[0, 1]"
171776,7534196,37,0,"[0, 1]"
171776,7534196,58,0,"[0, 1]"
171776,7534196,55,0,"[0, 1]"
171776,7534196,41,0,"[0, 1]"
171776,7534196,118,0,"[0, 1]"
171776,7534196,123,0,"[0, 1]"
171776,7534196,109,0,"[0, 1]"
171776,7534196,110,0,"[0, 1]"
171776,7534196,113,0,"[0, 1]"
171776,7534196,64,0,"[0, 1]"
171776,7534196,114,0,"[0, 1]"
171776,7534196,124,0,"[0, 1]"
171776,7534196,94,0,"[0, 1]"
171776,7534196,115,0,"[0, 1]"
171776,7534196,81,0,"[0, 1]"
171776,7534196,122,0,"[0, 1]"
171776,7534196,213,0,"[0, 1]"
171776,7534196,171,0,"[0, 1]"
171776,7534196,178,0,"[0, 1]"
171776,7534196,134,0,"[0, 1]"
171776,7534196,241,0,"[0, 1]"
171776,7534196,131,0,"[0, 1]"
171776,7534196,243,0,"[0, 1]"
171776,7534196,252,0,"[0, 1]"
171776,7534196,209,0,"[0, 1]"
171776,7534196,219,0,"[0, 1]"
171776,7534196,182,0,"[0, 1]"
171776,7534196,169,0,"[0, 1]"
171776,7534196,194,0,"[0, 1]"
171776,7534196,202,0,"[0, 1]"
171776,7534196,290,0,"[0, 1]"
171776,7534196,283,0,"[0, 1]"
171776,7534196,506,0,"[0, 1]"
171776,7534196,386,0,"[0, 1]"
171776,7534196,303,0,"[0, 1]"
171776,7534196,394,0,"[0, 1]"
171776,7534196,489,0,"[0, 1]"
171776,7534196,442,0,"[0, 1]"
171776,7534196,377,0,"[0, 1]"
171776,7534196,320,0,"[0, 1]"
171776,7534196,490,0,"[0, 1]"
171776,7534196,417,0,"[0, 1]"
171776,7534196,363,0,"[0, 1]"
171776,7534196,380,0,"[0, 1]"
171776,7534196,321,0,"[0, 1]"
171776,7534196,502,0,"[0, 1]"
171776,7534196,592,0,"[0, 1]"
171776,7534196,788,0,"[0, 1]"
171776,7534196,933,0,"[0, 1]"
171776,7534196,700,0,"[0, 1]"
171776,7534196,663,0,"[0, 1]"
171776,7534196,620,0,"[0, 1]"
171776,7534196,1008,0,"[0, 1]"
171776,7534196,734,0,"[0, 1]"
171776,7534196,968,0,"[0, 1]"
171776,7534196,780,0,"[0, 1]"
171776,7534196,947,0,"[0, 1]"
171776,7534196,1003,0,"[0, 1]"
171776,7534196,855,0,"[0, 1]"
171776,7534196,540,0,"[0, 1]"
171776,7534196,802,0,"[0, 1]"
171776,7534196,564,0,"[0, 1]"
171776,7534196,880,0,"[0, 1]"
171776,7534196,545,0,"[0, 1]"
171776,7534196,1999,0,"[0, 1]"
171776,7534196,1648,0,"[0, 1]"
171776,7534196,1625,0,"[0, 1]"
171776,7534196,2046,0,"[0, 1]"
171776,7534196,1995,0,"[0, 1]"
171776,7534196,1301,0,"[0, 1]"
171776,7534196,1024,0,"[0, 1]"
171776,7534196,1820,0,"[0, 1]"
171776,7534196,1126,0,"[0, 1]"
171776,7534196,1467,0,"[0, 1]"
171776,7534196,1842,0,"[0, 1]"
171776,7534196,1164,0,"[0, 1]"
171776,7534196,1336,0,"[0, 1]"
171776,7534196,1935,0,"[0, 1]"
171776,7534196,1661,0,"[0, 1]"
171776,7534196,1572,0,"[0, 1]"
171776,7534196,1615,0,"[0, 1]"
171776,7534196,1997,0,"[0, 1]"
171776,7534196,1716,0,"[0, 1]"
171776,7534196,1732,0,"[0, 1]"
171776,7534196,3613,0,"[0, 1]"
171776,7534196,2766,0,"[0, 1]"
171776,7534196,3319,0,"[0, 1]"
171776,7534196,3165,0,"[0, 1]"
171776,7534196,2793,0,"[0, 1]"
171776,7534196,4027,0,"[0, 1]"
171776,7534196,2610,0,"[0, 1]"
171776,7534196,3789,0,"[0, 1]"
171776,7534196,3880,0,"[0, 1]"
171776,7534196,2729,0,"[0, 1]"
171776,7534196,2898,0,"[0, 1]"
171776,7534196,3858,0,"[0, 1]"
171776,7534196,3574,0,"[0, 1]"
171776,7534196,2108,0,"[0, 1]"
171776,7534196,4013,0,"[0, 1]"
171776,7534196,3504,0,"[0, 1]"
171776,7534196,3981,0,"[0, 1]"
171776,7534196,2644,0,"[0, 1]"
171776,7534196,3453,0,"[0, 1]"
171776,7534196,4063,0,"[0, 1]"
171776,7534196,2957,0,"[0, 1]"
171776,7534196,3346,0,"[0, 1]"
171776,7534196,7679629,1,"[0, 1]"
171776,7534196,7291556,1,"[0, 1]"
171776,7534196,4482,0,"[0, 1]"
171776,7534196,7660127,1,"[0, 1]"
171776,7534196,7281622,1,"[0, 1]"
171776,7534196,4114,0,"[0, 1]"
171776,7534196,7153978,1,"[0, 1]"
171776,7534196,7261459,1,"[0, 1]"
171776,7534196,4318,0,"[0, 1]"
171776,7534196,7544969,1,"[0, 1]"
171776,7534196,7186456,1,"[0, 1]"
171776,7534196,7072843,1,"[0, 1]"
171776,7534196,7136942,1,"[0, 1]"
171776,7534196,114752,1,"[0, 1]"
171776,7534196,4420,0,"[0, 1]"
171776,7534196,7275286,1,"[0, 1]"
171776,7534196,7436847,1,"[0, 1]"
171776,7534196,7627391,1,"[0, 1]"
171776,7534196,7240024,1,"[0, 1]"
171776,7534196,2790193,1,"[0, 1]"
171776,7534196,4674,0,"[0, 1]"
171776,7534196,7317603,1,"[0, 1]"
171776,7534196,4893,0,"[0, 1]"
171776,7534196,4694,0,"[0, 1]"
171776,7534196,3025548,1,"[0, 1]"
171776,7534196,7112009,1,"[0, 1]"
171776,7534196,7313081,1,"[0, 1]"
171776,7534196,7203246,1,"[0, 1]"
171776,7534196,7089538,1,"[0, 1]"
171776,7534196,7595150,1,"[0, 1]"
171776,7534196,7349096,1,"[0, 1]"
171776,7534196,7555314,1,"[0, 1]"
171776,7534196,7347359,1,"[0, 1]"
171776,7534196,7300169,1,"[0, 1]"
171776,7534196,7610928,1,"[0, 1]"
171776,7534196,7178294,1,"[0, 1]"
171776,7534196,7511316,1,"[0, 1]"
171776,7534196,4920146,1,"[0, 1]"
171776,7534196,2491367,1,"[0, 1]"
171776,7534196,7574651,1,"[0, 1]"
171776,7534196,7140662,1,"[0, 1]"
171776,7534196,7679623,1,"[0, 1]"
171776,7534196,4885390,1,"[0, 1]"
171776,7534196,7075989,1,"[0, 1]"
171776,7534196,7369547,1,"[0, 1]"
171776,7534196,7264569,1,"[0, 1]"
171776,7534196,7562778,1,"[0, 1]"
171776,7534196,7549108,1,"[0, 1]"
171776,7534196,7116141,1,"[0, 1]"
171776,7534196,7119816,1,"[0, 1]"
632536,7534406,7534406,1,"[1, 0]"
632536,7534406,4731,0,"[1, 0]"
632536,7534406,3489,0,"[1, 0]"
632536,7534406,1744,0,"[1, 0]"
632536,7534406,871,0,"[1, 0]"
632536,7534406,435,0,"[1, 0]"
632536,7534406,217,0,"[1, 0]"
632536,7534406,108,0,"[1, 0]"
632536,7534406,53,0,"[1, 0]"
632536,7534406,26,0,"[1, 0]"
632536,7534406,12,0,"[1, 0]"
632536,7534406,5,0,"[1, 0]"
632536,7534406,2,0,"[1, 0]"
632536,7534406,0,0,"[1, 0]"
632536,7534406,1,0,"[0, 1]"
632536,7534406,2,0,"[0, 1]"
632536,7534406,6,0,"[0, 1]"
632536,7534406,3,0,"[0, 1]"
632536,7534406,5,0,"[0, 1]"
632536,7534406,4,0,"[0, 1]"
632536,7534406,9,0,"[0, 1]"
632536,7534406,11,0,"[0, 1]"
632536,7534406,10,0,"[0, 1]"
632536,7534406,7,0,"[0, 1]"
632536,7534406,12,0,"[0, 1]"
632536,7534406,13,0,"[0, 1]"
632536,7534406,29,0,"[0, 1]"
632536,7534406,28,0,"[0, 1]"
632536,7534406,20,0,"[0, 1]"
632536,7534406,18,0,"[0, 1]"
632536,7534406,16,0,"[0, 1]"
632536,7534406,30,0,"[0, 1]"
632536,7534406,25,0,"[0, 1]"
632536,7534406,27,0,"[0, 1]"
632536,7534406,58,0,"[0, 1]"
632536,7534406,51,0,"[0, 1]"
632536,7534406,45,0,"[0, 1]"
632536,7534406,35,0,"[0, 1]"
632536,7534406,41,0,"[0, 1]"
632536,7534406,31,0,"[0, 1]"
632536,7534406,62,0,"[0, 1]"
632536,7534406,48,0,"[0, 1]"
632536,7534406,38,0,"[0, 1]"
632536,7534406,46,0,"[0, 1]"
632536,7534406,77,0,"[0, 1]"
632536,7534406,78,0,"[0, 1]"
632536,7534406,79,0,"[0, 1]"
632536,7534406,107,0,"[0, 1]"
632536,7534406,73,0,"[0, 1]"
632536,7534406,115,0,"[0, 1]"
632536,7534406,123,0,"[0, 1]"
632536,7534406,85,0,"[0, 1]"
632536,7534406,68,0,"[0, 1]"
632536,7534406,91,0,"[0, 1]"
632536,7534406,65,0,"[0, 1]"
632536,7534406,82,0,"[0, 1]"
632536,7534406,133,0,"[0, 1]"
632536,7534406,183,0,"[0, 1]"
632536,7534406,193,0,"[0, 1]"
632536,7534406,184,0,"[0, 1]"
632536,7534406,190,0,"[0, 1]"
632536,7534406,191,0,"[0, 1]"
632536,7534406,208,0,"[0, 1]"
632536,7534406,136,0,"[0, 1]"
632536,7534406,158,0,"[0, 1]"
632536,7534406,163,0,"[0, 1]"
632536,7534406,212,0,"[0, 1]"
632536,7534406,129,0,"[0, 1]"
632536,7534406,130,0,"[0, 1]"
632536,7534406,226,0,"[0, 1]"
632536,7534406,481,0,"[0, 1]"
632536,7534406,297,0,"[0, 1]"
632536,7534406,353,0,"[0, 1]"
632536,7534406,302,0,"[0, 1]"
632536,7534406,271,0,"[0, 1]"
632536,7534406,354,0,"[0, 1]"
632536,7534406,384,0,"[0, 1]"
632536,7534406,402,0,"[0, 1]"
632536,7534406,493,0,"[0, 1]"
632536,7534406,279,0,"[0, 1]"
632536,7534406,256,0,"[0, 1]"
632536,7534406,398,0,"[0, 1]"
632536,7534406,270,0,"[0, 1]"
632536,7534406,285,0,"[0, 1]"
632536,7534406,465,0,"[0, 1]"
632536,7534406,505,0,"[0, 1]"
632536,7534406,511,0,"[0, 1]"
632536,7534406,991,0,"[0, 1]"
632536,7534406,513,0,"[0, 1]"
632536,7534406,980,0,"[0, 1]"
632536,7534406,593,0,"[0, 1]"
632536,7534406,855,0,"[0, 1]"
632536,7534406,776,0,"[0, 1]"
632536,7534406,820,0,"[0, 1]"
632536,7534406,563,0,"[0, 1]"
632536,7534406,864,0,"[0, 1]"
632536,7534406,736,0,"[0, 1]"
632536,7534406,653,0,"[0, 1]"
632536,7534406,535,0,"[0, 1]"
632536,7534406,787,0,"[0, 1]"
632536,7534406,837,0,"[0, 1]"
632536,7534406,546,0,"[0, 1]"
632536,7534406,689,0,"[0, 1]"
632536,7534406,758,0,"[0, 1]"
632536,7534406,1524,0,"[0, 1]"
632536,7534406,1377,0,"[0, 1]"
632536,7534406,2035,0,"[0, 1]"
632536,7534406,1495,0,"[0, 1]"
632536,7534406,1257,0,"[0, 1]"
632536,7534406,1954,0,"[0, 1]"
632536,7534406,1873,0,"[0, 1]"
632536,7534406,1033,0,"[0, 1]"
632536,7534406,1023,0,"[0, 1]"
632536,7534406,1618,0,"[0, 1]"
632536,7534406,1744,0,"[0, 1]"
632536,7534406,1941,0,"[0, 1]"
632536,7534406,1105,0,"[0, 1]"
632536,7534406,1057,0,"[0, 1]"
632536,7534406,1774,0,"[0, 1]"
632536,7534406,1304,0,"[0, 1]"
632536,7534406,1348,0,"[0, 1]"
632536,7534406,1333,0,"[0, 1]"
632536,7534406,1663,0,"[0, 1]"
632536,7534406,1093,0,"[0, 1]"
632536,7534406,2428,0,"[0, 1]"
632536,7534406,3451,0,"[0, 1]"
632536,7534406,2145,0,"[0, 1]"
632536,7534406,2447,0,"[0, 1]"
632536,7534406,2455,0,"[0, 1]"
632536,7534406,3678,0,"[0, 1]"
632536,7534406,2138,0,"[0, 1]"
632536,7534406,3366,0,"[0, 1]"
632536,7534406,3130,0,"[0, 1]"
632536,7534406,2623,0,"[0, 1]"
632536,7534406,2919,0,"[0, 1]"
632536,7534406,2808,0,"[0, 1]"
632536,7534406,2380,0,"[0, 1]"
632536,7534406,3093,0,"[0, 1]"
632536,7534406,3973,0,"[0, 1]"
632536,7534406,3869,0,"[0, 1]"
632536,7534406,2797,0,"[0, 1]"
632536,7534406,3664,0,"[0, 1]"
632536,7534406,3587,0,"[0, 1]"
632536,7534406,2466,0,"[0, 1]"
632536,7534406,2515,0,"[0, 1]"
632536,7534406,2392,0,"[0, 1]"
632536,7534406,7573001,1,"[0, 1]"
632536,7534406,7640856,1,"[0, 1]"
632536,7534406,7262574,1,"[0, 1]"
632536,7534406,7212031,1,"[0, 1]"
632536,7534406,4711,0,"[0, 1]"
632536,7534406,7383302,1,"[0, 1]"
632536,7534406,7476054,1,"[0, 1]"
632536,7534406,7109416,1,"[0, 1]"
632536,7534406,4430,0,"[0, 1]"
632536,7534406,4687,0,"[0, 1]"
632536,7534406,7183716,1,"[0, 1]"
632536,7534406,7581592,1,"[0, 1]"
632536,7534406,7393434,1,"[0, 1]"
632536,7534406,7578859,1,"[0, 1]"
632536,7534406,7583207,1,"[0, 1]"
632536,7534406,7276680,1,"[0, 1]"
632536,7534406,4920,0,"[0, 1]"
632536,7534406,4467,0,"[0, 1]"
632536,7534406,7367183,1,"[0, 1]"
632536,7534406,3259271,1,"[0, 1]"
632536,7534406,4225045,1,"[0, 1]"
632536,7534406,7434273,1,"[0, 1]"
632536,7534406,7126763,1,"[0, 1]"
632536,7534406,7321796,1,"[0, 1]"
632536,7534406,7264569,1,"[0, 1]"
632536,7534406,7682321,1,"[0, 1]"
632536,7534406,7130196,1,"[0, 1]"
632536,7534406,7321480,1,"[0, 1]"
632536,7534406,7381160,1,"[0, 1]"
632536,7534406,7264235,1,"[0, 1]"
632536,7534406,7183368,1,"[0, 1]"
632536,7534406,7682835,1,"[0, 1]"
632536,7534406,7264931,1,"[0, 1]"
632536,7534406,7453550,1,"[0, 1]"
632536,7534406,7363145,1,"[0, 1]"
632536,7534406,7224650,1,"[0, 1]"
632536,7534406,7406933,1,"[0, 1]"
632536,7534406,2435952,1,"[0, 1]"
632536,7534406,7167468,1,"[0, 1]"
632536,7534406,7499533,1,"[0, 1]"
632536,7534406,7661753,1,"[0, 1]"
632536,7534406,7633013,1,"[0, 1]"
632536,7534406,7405208,1,"[0, 1]"
632536,7534406,455251,1,"[0, 1]"
632536,7534406,7152919,1,"[0, 1]"
632536,7534406,2980693,1,"[0, 1]"
632536,7534406,7202782,1,"[0, 1]"
632536,7534406,7142823,1,"[0, 1]"
632536,7534406,7203246,1,"[0, 1]"
632536,7534406,7310891,1,"[0, 1]"
632536,7534408,7534408,1,"[1, 0]"
632536,7534408,4731,0,"[1, 0]"
632536,7534408,3489,0,"[1, 0]"
632536,7534408,1744,0,"[1, 0]"
632536,7534408,871,0,"[1, 0]"
632536,7534408,435,0,"[1, 0]"
632536,7534408,217,0,"[1, 0]"
632536,7534408,108,0,"[1, 0]"
632536,7534408,53,0,"[1, 0]"
632536,7534408,26,0,"[1, 0]"
632536,7534408,12,0,"[1, 0]"
632536,7534408,5,0,"[1, 0]"
632536,7534408,2,0,"[1, 0]"
632536,7534408,0,0,"[1, 0]"
632536,7534408,1,0,"[0, 1]"
632536,7534408,2,0,"[0, 1]"
632536,7534408,5,0,"[0, 1]"
632536,7534408,3,0,"[0, 1]"
632536,7534408,6,0,"[0, 1]"
632536,7534408,4,0,"[0, 1]"
632536,7534408,14,0,"[0, 1]"
632536,7534408,12,0,"[0, 1]"
632536,7534408,9,0,"[0, 1]"
632536,7534408,7,0,"[0, 1]"
632536,7534408,10,0,"[0, 1]"
632536,7534408,13,0,"[0, 1]"
632536,7534408,20,0,"[0, 1]"
632536,7534408,19,0,"[0, 1]"
632536,7534408,16,0,"[0, 1]"
632536,7534408,30,0,"[0, 1]"
632536,7534408,17,0,"[0, 1]"
632536,7534408,22,0,"[0, 1]"
632536,7534408,24,0,"[0, 1]"
632536,7534408,26,0,"[0, 1]"
632536,7534408,61,0,"[0, 1]"
632536,7534408,52,0,"[0, 1]"
632536,7534408,37,0,"[0, 1]"
632536,7534408,43,0,"[0, 1]"
632536,7534408,31,0,"[0, 1]"
632536,7534408,49,0,"[0, 1]"
632536,7534408,35,0,"[0, 1]"
632536,7534408,51,0,"[0, 1]"
632536,7534408,55,0,"[0, 1]"
632536,7534408,62,0,"[0, 1]"
632536,7534408,93,0,"[0, 1]"
632536,7534408,120,0,"[0, 1]"
632536,7534408,122,0,"[0, 1]"
632536,7534408,95,0,"[0, 1]"
632536,7534408,117,0,"[0, 1]"
632536,7534408,96,0,"[0, 1]"
632536,7534408,89,0,"[0, 1]"
632536,7534408,71,0,"[0, 1]"
632536,7534408,97,0,"[0, 1]"
632536,7534408,113,0,"[0, 1]"
632536,7534408,77,0,"[0, 1]"
632536,7534408,106,0,"[0, 1]"
632536,7534408,182,0,"[0, 1]"
632536,7534408,145,0,"[0, 1]"
632536,7534408,180,0,"[0, 1]"
632536,7534408,149,0,"[0, 1]"
632536,7534408,221,0,"[0, 1]"
632536,7534408,155,0,"[0, 1]"
632536,7534408,247,0,"[0, 1]"
632536,7534408,188,0,"[0, 1]"
632536,7534408,211,0,"[0, 1]"
632536,7534408,217,0,"[0, 1]"
632536,7534408,153,0,"[0, 1]"
632536,7534408,228,0,"[0, 1]"
632536,7534408,151,0,"[0, 1]"
632536,7534408,207,0,"[0, 1]"
632536,7534408,394,0,"[0, 1]"
632536,7534408,493,0,"[0, 1]"
632536,7534408,468,0,"[0, 1]"
632536,7534408,465,0,"[0, 1]"
632536,7534408,347,0,"[0, 1]"
632536,7534408,294,0,"[0, 1]"
632536,7534408,321,0,"[0, 1]"
632536,7534408,360,0,"[0, 1]"
632536,7534408,509,0,"[0, 1]"
632536,7534408,345,0,"[0, 1]"
632536,7534408,353,0,"[0, 1]"
632536,7534408,453,0,"[0, 1]"
632536,7534408,362,0,"[0, 1]"
632536,7534408,389,0,"[0, 1]"
632536,7534408,433,0,"[0, 1]"
632536,7534408,474,0,"[0, 1]"
632536,7534408,513,0,"[0, 1]"
632536,7534408,998,0,"[0, 1]"
632536,7534408,593,0,"[0, 1]"
632536,7534408,742,0,"[0, 1]"
632536,7534408,727,0,"[0, 1]"
632536,7534408,544,0,"[0, 1]"
632536,7534408,644,0,"[0, 1]"
632536,7534408,833,0,"[0, 1]"
632536,7534408,570,0,"[0, 1]"
632536,7534408,659,0,"[0, 1]"
632536,7534408,877,0,"[0, 1]"
632536,7534408,594,0,"[0, 1]"
632536,7534408,818,0,"[0, 1]"
632536,7534408,1007,0,"[0, 1]"
632536,7534408,960,0,"[0, 1]"
632536,7534408,911,0,"[0, 1]"
632536,7534408,553,0,"[0, 1]"
632536,7534408,715,0,"[0, 1]"
632536,7534408,1909,0,"[0, 1]"
632536,7534408,1258,0,"[0, 1]"
632536,7534408,1550,0,"[0, 1]"
632536,7534408,1997,0,"[0, 1]"
632536,7534408,2000,0,"[0, 1]"
632536,7534408,1615,0,"[0, 1]"
632536,7534408,1238,0,"[0, 1]"
632536,7534408,1549,0,"[0, 1]"
632536,7534408,2014,0,"[0, 1]"
632536,7534408,1827,0,"[0, 1]"
632536,7534408,1553,0,"[0, 1]"
632536,7534408,1579,0,"[0, 1]"
632536,7534408,1080,0,"[0, 1]"
632536,7534408,1295,0,"[0, 1]"
632536,7534408,1446,0,"[0, 1]"
632536,7534408,1474,0,"[0, 1]"
632536,7534408,1034,0,"[0, 1]"
632536,7534408,1919,0,"[0, 1]"
632536,7534408,1692,0,"[0, 1]"
632536,7534408,1852,0,"[0, 1]"
632536,7534408,2087,0,"[0, 1]"
632536,7534408,3994,0,"[0, 1]"
632536,7534408,2256,0,"[0, 1]"
632536,7534408,3985,0,"[0, 1]"
632536,7534408,3805,0,"[0, 1]"
632536,7534408,4068,0,"[0, 1]"
632536,7534408,2800,0,"[0, 1]"
632536,7534408,3103,0,"[0, 1]"
632536,7534408,2199,0,"[0, 1]"
632536,7534408,3492,0,"[0, 1]"
632536,7534408,2599,0,"[0, 1]"
632536,7534408,2113,0,"[0, 1]"
632536,7534408,2547,0,"[0, 1]"
632536,7534408,3898,0,"[0, 1]"
632536,7534408,2543,0,"[0, 1]"
632536,7534408,2713,0,"[0, 1]"
632536,7534408,3094,0,"[0, 1]"
632536,7534408,2142,0,"[0, 1]"
632536,7534408,3230,0,"[0, 1]"
632536,7534408,3026,0,"[0, 1]"
632536,7534408,3407,0,"[0, 1]"
632536,7534408,3662,0,"[0, 1]"
632536,7534408,7487135,1,"[0, 1]"
632536,7534408,4201,0,"[0, 1]"
632536,7534408,7279379,1,"[0, 1]"
632536,7534408,7414587,1,"[0, 1]"
632536,7534408,7631636,1,"[0, 1]"
632536,7534408,7227997,1,"[0, 1]"
632536,7534408,3982455,1,"[0, 1]"
632536,7534408,3098712,1,"[0, 1]"
632536,7534408,7191554,1,"[0, 1]"
632536,7534408,7557434,1,"[0, 1]"
632536,7534408,4875,0,"[0, 1]"
632536,7534408,4582,0,"[0, 1]"
632536,7534408,4629,0,"[0, 1]"
632536,7534408,7359558,1,"[0, 1]"
632536,7534408,7640778,1,"[0, 1]"
632536,7534408,110805,1,"[0, 1]"
632536,7534408,4584,0,"[0, 1]"
632536,7534408,7248448,1,"[0, 1]"
632536,7534408,7150658,1,"[0, 1]"
632536,7534408,7547832,1,"[0, 1]"
632536,7534408,7490443,1,"[0, 1]"
632536,7534408,2524631,1,"[0, 1]"
632536,7534408,3168607,1,"[0, 1]"
632536,7534408,4195,0,"[0, 1]"
632536,7534408,7661753,1,"[0, 1]"
632536,7534408,7348014,1,"[0, 1]"
632536,7534408,7353502,1,"[0, 1]"
632536,7534408,7667208,1,"[0, 1]"
632536,7534408,7093296,1,"[0, 1]"
632536,7534408,7661499,1,"[0, 1]"
632536,7534408,7458549,1,"[0, 1]"
632536,7534408,7408002,1,"[0, 1]"
632536,7534408,7368347,1,"[0, 1]"
632536,7534408,2435952,1,"[0, 1]"
632536,7534408,7408139,1,"[0, 1]"
632536,7534408,5719260,1,"[0, 1]"
632536,7534408,7658037,1,"[0, 1]"
632536,7534408,7392704,1,"[0, 1]"
632536,7534408,7157407,1,"[0, 1]"
632536,7534408,7099130,1,"[0, 1]"
632536,7534408,7246722,1,"[0, 1]"
632536,7534408,7371568,1,"[0, 1]"
632536,7534408,4885390,1,"[0, 1]"
632536,7534408,7491025,1,"[0, 1]"
632536,7534408,7073272,1,"[0, 1]"
632536,7534408,7189195,1,"[0, 1]"
632536,7534408,7251748,1,"[0, 1]"
632536,7534408,7318668,1,"[0, 1]"
632536,7534408,7251478,1,"[0, 1]"
632536,7534408,7081626,1,"[0, 1]"
630905,7534438,7534438,1,"[1, 0]"
630905,7534438,3109,0,"[1, 0]"
630905,7534438,1554,0,"[1, 0]"
630905,7534438,776,0,"[1, 0]"
630905,7534438,387,0,"[1, 0]"
630905,7534438,193,0,"[1, 0]"
630905,7534438,96,0,"[1, 0]"
630905,7534438,47,0,"[1, 0]"
630905,7534438,23,0,"[1, 0]"
630905,7534438,11,0,"[1, 0]"
630905,7534438,5,0,"[1, 0]"
630905,7534438,2,0,"[1, 0]"
630905,7534438,0,0,"[1, 0]"
630905,7534438,1,0,"[0, 1]"
630905,7534438,2,0,"[0, 1]"
630905,7534438,6,0,"[0, 1]"
630905,7534438,3,0,"[0, 1]"
630905,7534438,4,0,"[0, 1]"
630905,7534438,5,0,"[0, 1]"
630905,7534438,11,0,"[0, 1]"
630905,7534438,9,0,"[0, 1]"
630905,7534438,10,0,"[0, 1]"
630905,7534438,13,0,"[0, 1]"
630905,7534438,7,0,"[0, 1]"
630905,7534438,12,0,"[0, 1]"
630905,7534438,17,0,"[0, 1]"
630905,7534438,23,0,"[0, 1]"
630905,7534438,15,0,"[0, 1]"
630905,7534438,19,0,"[0, 1]"
630905,7534438,27,0,"[0, 1]"
630905,7534438,26,0,"[0, 1]"
630905,7534438,20,0,"[0, 1]"
630905,7534438,24,0,"[0, 1]"
630905,7534438,49,0,"[0, 1]"
630905,7534438,41,0,"[0, 1]"
630905,7534438,59,0,"[0, 1]"
630905,7534438,43,0,"[0, 1]"
630905,7534438,55,0,"[0, 1]"
630905,7534438,60,0,"[0, 1]"
630905,7534438,44,0,"[0, 1]"
630905,7534438,35,0,"[0, 1]"
630905,7534438,52,0,"[0, 1]"
630905,7534438,32,0,"[0, 1]"
630905,7534438,68,0,"[0, 1]"
630905,7534438,63,0,"[0, 1]"
630905,7534438,79,0,"[0, 1]"
630905,7534438,66,0,"[0, 1]"
630905,7534438,124,0,"[0, 1]"
630905,7534438,67,0,"[0, 1]"
630905,7534438,77,0,"[0, 1]"
630905,7534438,125,0,"[0, 1]"
630905,7534438,115,0,"[0, 1]"
630905,7534438,113,0,"[0, 1]"
630905,7534438,114,0,"[0, 1]"
630905,7534438,121,0,"[0, 1]"
630905,7534438,142,0,"[0, 1]"
630905,7534438,253,0,"[0, 1]"
630905,7534438,127,0,"[0, 1]"
630905,7534438,189,0,"[0, 1]"
630905,7534438,172,0,"[0, 1]"
630905,7534438,216,0,"[0, 1]"
630905,7534438,226,0,"[0, 1]"
630905,7534438,154,0,"[0, 1]"
630905,7534438,161,0,"[0, 1]"
630905,7534438,165,0,"[0, 1]"
630905,7534438,157,0,"[0, 1]"
630905,7534438,183,0,"[0, 1]"
630905,7534438,194,0,"[0, 1]"
630905,7534438,140,0,"[0, 1]"
630905,7534438,415,0,"[0, 1]"
630905,7534438,285,0,"[0, 1]"
630905,7534438,270,0,"[0, 1]"
630905,7534438,303,0,"[0, 1]"
630905,7534438,368,0,"[0, 1]"
630905,7534438,435,0,"[0, 1]"
630905,7534438,361,0,"[0, 1]"
630905,7534438,297,0,"[0, 1]"
630905,7534438,398,0,"[0, 1]"
630905,7534438,482,0,"[0, 1]"
630905,7534438,364,0,"[0, 1]"
630905,7534438,503,0,"[0, 1]"
630905,7534438,423,0,"[0, 1]"
630905,7534438,477,0,"[0, 1]"
630905,7534438,346,0,"[0, 1]"
630905,7534438,329,0,"[0, 1]"
630905,7534438,589,0,"[0, 1]"
630905,7534438,906,0,"[0, 1]"
630905,7534438,581,0,"[0, 1]"
630905,7534438,932,0,"[0, 1]"
630905,7534438,783,0,"[0, 1]"
630905,7534438,759,0,"[0, 1]"
630905,7534438,852,0,"[0, 1]"
630905,7534438,967,0,"[0, 1]"
630905,7534438,626,0,"[0, 1]"
630905,7534438,981,0,"[0, 1]"
630905,7534438,524,0,"[0, 1]"
630905,7534438,603,0,"[0, 1]"
630905,7534438,596,0,"[0, 1]"
630905,7534438,525,0,"[0, 1]"
630905,7534438,591,0,"[0, 1]"
630905,7534438,963,0,"[0, 1]"
630905,7534438,522,0,"[0, 1]"
630905,7534438,925,0,"[0, 1]"
630905,7534438,1871,0,"[0, 1]"
630905,7534438,1194,0,"[0, 1]"
630905,7534438,1383,0,"[0, 1]"
630905,7534438,1617,0,"[0, 1]"
630905,7534438,1099,0,"[0, 1]"
630905,7534438,2003,0,"[0, 1]"
630905,7534438,1248,0,"[0, 1]"
630905,7534438,1856,0,"[0, 1]"
630905,7534438,2021,0,"[0, 1]"
630905,7534438,1902,0,"[0, 1]"
630905,7534438,1504,0,"[0, 1]"
630905,7534438,1880,0,"[0, 1]"
630905,7534438,1417,0,"[0, 1]"
630905,7534438,1177,0,"[0, 1]"
630905,7534438,1301,0,"[0, 1]"
630905,7534438,1705,0,"[0, 1]"
630905,7534438,2027,0,"[0, 1]"
630905,7534438,1170,0,"[0, 1]"
630905,7534438,1139,0,"[0, 1]"
630905,7534438,1175,0,"[0, 1]"
630905,7534438,2569,0,"[0, 1]"
630905,7534438,2597,0,"[0, 1]"
630905,7534438,2564,0,"[0, 1]"
630905,7534438,2741,0,"[0, 1]"
630905,7534438,3120,0,"[0, 1]"
630905,7534438,3021,0,"[0, 1]"
630905,7534438,3951,0,"[0, 1]"
630905,7534438,2204,0,"[0, 1]"
630905,7534438,2093,0,"[0, 1]"
630905,7534438,2647,0,"[0, 1]"
630905,7534438,2222,0,"[0, 1]"
630905,7534438,3868,0,"[0, 1]"
630905,7534438,3902,0,"[0, 1]"
630905,7534438,3755,0,"[0, 1]"
630905,7534438,3402,0,"[0, 1]"
630905,7534438,3037,0,"[0, 1]"
630905,7534438,3988,0,"[0, 1]"
630905,7534438,4008,0,"[0, 1]"
630905,7534438,2262,0,"[0, 1]"
630905,7534438,2702,0,"[0, 1]"
630905,7534438,2844,0,"[0, 1]"
630905,7534438,3768,0,"[0, 1]"
630905,7534438,4606,0,"[0, 1]"
630905,7534438,7204209,1,"[0, 1]"
630905,7534438,7230403,1,"[0, 1]"
630905,7534438,7094398,1,"[0, 1]"
630905,7534438,7308778,1,"[0, 1]"
630905,7534438,7091832,1,"[0, 1]"
630905,7534438,7689281,1,"[0, 1]"
630905,7534438,3098712,1,"[0, 1]"
630905,7534438,7125623,1,"[0, 1]"
630905,7534438,7119001,1,"[0, 1]"
630905,7534438,4110,0,"[0, 1]"
630905,7534438,7330977,1,"[0, 1]"
630905,7534438,7395888,1,"[0, 1]"
630905,7534438,7629481,1,"[0, 1]"
630905,7534438,7108115,1,"[0, 1]"
630905,7534438,4291,0,"[0, 1]"
630905,7534438,7270152,1,"[0, 1]"
630905,7534438,7621489,1,"[0, 1]"
630905,7534438,7617834,1,"[0, 1]"
630905,7534438,7314108,1,"[0, 1]"
630905,7534438,7620979,1,"[0, 1]"
630905,7534438,1916842,1,"[0, 1]"
630905,7534438,4530,0,"[0, 1]"
630905,7534438,4328,0,"[0, 1]"
573452,3182069,3182069,1,"[1, 0]"
573452,3182069,3152,0,"[1, 0]"
573452,3182069,1575,0,"[1, 0]"
573452,3182069,787,0,"[1, 0]"
573452,3182069,393,0,"[1, 0]"
573452,3182069,196,0,"[1, 0]"
573452,3182069,97,0,"[1, 0]"
573452,3182069,48,0,"[1, 0]"
573452,3182069,23,0,"[1, 0]"
573452,3182069,11,0,"[1, 0]"
573452,3182069,5,0,"[1, 0]"
573452,3182069,2,0,"[1, 0]"
573452,3182069,0,0,"[1, 0]"
573452,3182069,2,0,"[0, 1]"
573452,3182069,1,0,"[0, 1]"
573452,3182069,3,0,"[0, 1]"
573452,3182069,4,0,"[0, 1]"
573452,3182069,5,0,"[0, 1]"
573452,3182069,6,0,"[0, 1]"
573452,3182069,8,0,"[0, 1]"
573452,3182069,9,0,"[0, 1]"
573452,3182069,12,0,"[0, 1]"
573452,3182069,14,0,"[0, 1]"
573452,3182069,7,0,"[0, 1]"
573452,3182069,11,0,"[0, 1]"
573452,3182069,21,0,"[0, 1]"
573452,3182069,29,0,"[0, 1]"
573452,3182069,26,0,"[0, 1]"
573452,3182069,30,0,"[0, 1]"
573452,3182069,19,0,"[0, 1]"
573452,3182069,24,0,"[0, 1]"
573452,3182069,17,0,"[0, 1]"
573452,3182069,22,0,"[0, 1]"
573452,3182069,55,0,"[0, 1]"
573452,3182069,46,0,"[0, 1]"
573452,3182069,61,0,"[0, 1]"
573452,3182069,60,0,"[0, 1]"
573452,3182069,47,0,"[0, 1]"
573452,3182069,41,0,"[0, 1]"
573452,3182069,37,0,"[0, 1]"
573452,3182069,43,0,"[0, 1]"
573452,3182069,56,0,"[0, 1]"
573452,3182069,31,0,"[0, 1]"
573452,3182069,74,0,"[0, 1]"
573452,3182069,104,0,"[0, 1]"
573452,3182069,80,0,"[0, 1]"
573452,3182069,85,0,"[0, 1]"
573452,3182069,66,0,"[0, 1]"
573452,3182069,67,0,"[0, 1]"
573452,3182069,89,0,"[0, 1]"
573452,3182069,68,0,"[0, 1]"
573452,3182069,64,0,"[0, 1]"
573452,3182069,117,0,"[0, 1]"
573452,3182069,106,0,"[0, 1]"
573452,3182069,63,0,"[0, 1]"
573452,3182069,242,0,"[0, 1]"
573452,3182069,193,0,"[0, 1]"
573452,3182069,231,0,"[0, 1]"
573452,3182069,233,0,"[0, 1]"
573452,3182069,240,0,"[0, 1]"
573452,3182069,160,0,"[0, 1]"
573452,3182069,129,0,"[0, 1]"
573452,3182069,144,0,"[0, 1]"
573452,3182069,157,0,"[0, 1]"
573452,3182069,176,0,"[0, 1]"
573452,3182069,253,0,"[0, 1]"
573452,3182069,194,0,"[0, 1]"
573452,3182069,127,0,"[0, 1]"
573452,3182069,134,0,"[0, 1]"
573452,3182069,316,0,"[0, 1]"
573452,3182069,501,0,"[0, 1]"
573452,3182069,447,0,"[0, 1]"
573452,3182069,405,0,"[0, 1]"
573452,3182069,277,0,"[0, 1]"
573452,3182069,308,0,"[0, 1]"
573452,3182069,475,0,"[0, 1]"
573452,3182069,267,0,"[0, 1]"
573452,3182069,487,0,"[0, 1]"
573452,3182069,288,0,"[0, 1]"
573452,3182069,304,0,"[0, 1]"
573452,3182069,285,0,"[0, 1]"
573452,3182069,385,0,"[0, 1]"
573452,3182069,258,0,"[0, 1]"
573452,3182069,284,0,"[0, 1]"
573452,3182069,283,0,"[0, 1]"
573452,3182069,636,0,"[0, 1]"
573452,3182069,584,0,"[0, 1]"
573452,3182069,874,0,"[0, 1]"
573452,3182069,936,0,"[0, 1]"
573452,3182069,730,0,"[0, 1]"
573452,3182069,662,0,"[0, 1]"
573452,3182069,748,0,"[0, 1]"
573452,3182069,878,0,"[0, 1]"
573452,3182069,742,0,"[0, 1]"
573452,3182069,591,0,"[0, 1]"
573452,3182069,886,0,"[0, 1]"
573452,3182069,904,0,"[0, 1]"
573452,3182069,628,0,"[0, 1]"
573452,3182069,631,0,"[0, 1]"
573452,3182069,671,0,"[0, 1]"
573452,3182069,760,0,"[0, 1]"
573452,3182069,576,0,"[0, 1]"
573452,3182069,817,0,"[0, 1]"
573452,3182069,1159,0,"[0, 1]"
573452,3182069,1085,0,"[0, 1]"
573452,3182069,1631,0,"[0, 1]"
573452,3182069,1707,0,"[0, 1]"
573452,3182069,1629,0,"[0, 1]"
573452,3182069,1881,0,"[0, 1]"
573452,3182069,1797,0,"[0, 1]"
573452,3182069,1095,0,"[0, 1]"
573452,3182069,1423,0,"[0, 1]"
573452,3182069,1676,0,"[0, 1]"
573452,3182069,1755,0,"[0, 1]"
573452,3182069,1324,0,"[0, 1]"
573452,3182069,1905,0,"[0, 1]"
573452,3182069,1431,0,"[0, 1]"
573452,3182069,1578,0,"[0, 1]"
573452,3182069,1064,0,"[0, 1]"
573452,3182069,1452,0,"[0, 1]"
573452,3182069,1121,0,"[0, 1]"
573452,3182069,1044,0,"[0, 1]"
573452,3182069,1736,0,"[0, 1]"
573452,3182069,3987,0,"[0, 1]"
573452,3182069,3428,0,"[0, 1]"
573452,3182069,2950,0,"[0, 1]"
573452,3182069,2811,0,"[0, 1]"
573452,3182069,3898,0,"[0, 1]"
573452,3182069,2522,0,"[0, 1]"
573452,3182069,2539,0,"[0, 1]"
573452,3182069,4058,0,"[0, 1]"
573452,3182069,3140,0,"[0, 1]"
573452,3182069,3398,0,"[0, 1]"
573452,3182069,2326,0,"[0, 1]"
573452,3182069,2158,0,"[0, 1]"
573452,3182069,2580,0,"[0, 1]"
573452,3182069,2647,0,"[0, 1]"
573452,3182069,3084,0,"[0, 1]"
573452,3182069,3697,0,"[0, 1]"
573452,3182069,3665,0,"[0, 1]"
573452,3182069,3217,0,"[0, 1]"
573452,3182069,2224,0,"[0, 1]"
573452,3182069,2053,0,"[0, 1]"
573452,3182069,4009,0,"[0, 1]"
573452,3182069,2218,0,"[0, 1]"
573452,3182069,7132843,1,"[0, 1]"
573452,3182069,7640483,1,"[0, 1]"
573452,3182069,7275955,1,"[0, 1]"
573452,3182069,7327861,1,"[0, 1]"
573452,3182069,103635,1,"[0, 1]"
573452,3182069,664423,1,"[0, 1]"
573452,3182069,4948,0,"[0, 1]"
573452,3182069,7084908,1,"[0, 1]"
573452,3182069,7311487,1,"[0, 1]"
573452,3182069,7409576,1,"[0, 1]"
573452,3182069,7247941,1,"[0, 1]"
573452,3182069,493167,1,"[0, 1]"
573452,3182069,7189043,1,"[0, 1]"
573452,3182069,7668487,1,"[0, 1]"
573452,3182069,7276633,1,"[0, 1]"
573452,3182069,7685094,1,"[0, 1]"
573452,3182069,7613006,1,"[0, 1]"
573452,3182069,7434268,1,"[0, 1]"
573452,3182069,7087481,1,"[0, 1]"
573452,3182069,7570239,1,"[0, 1]"
573452,3182069,7524398,1,"[0, 1]"
573452,3182069,4595,0,"[0, 1]"
573452,3182069,4431,0,"[0, 1]"
573452,3182069,1263638,1,"[0, 1]"
618486,7534867,7534867,1,"[1, 0]"
618486,7534867,4335,0,"[1, 0]"
618486,7534867,2591,0,"[1, 0]"
618486,7534867,1295,0,"[1, 0]"
618486,7534867,647,0,"[1, 0]"
618486,7534867,323,0,"[1, 0]"
618486,7534867,161,0,"[1, 0]"
618486,7534867,80,0,"[1, 0]"
618486,7534867,39,0,"[1, 0]"
618486,7534867,19,0,"[1, 0]"
618486,7534867,9,0,"[1, 0]"
618486,7534867,4,0,"[1, 0]"
618486,7534867,1,0,"[1, 0]"
618486,7534867,0,0,"[1, 0]"
618486,7534867,1,0,"[0, 1]"
618486,7534867,2,0,"[0, 1]"
618486,7534867,3,0,"[0, 1]"
618486,7534867,6,0,"[0, 1]"
618486,7534867,4,0,"[0, 1]"
618486,7534867,5,0,"[0, 1]"
618486,7534867,12,0,"[0, 1]"
618486,7534867,14,0,"[0, 1]"
618486,7534867,9,0,"[0, 1]"
618486,7534867,7,0,"[0, 1]"
618486,7534867,8,0,"[0, 1]"
618486,7534867,13,0,"[0, 1]"
618486,7534867,16,0,"[0, 1]"
618486,7534867,15,0,"[0, 1]"
618486,7534867,27,0,"[0, 1]"
618486,7534867,21,0,"[0, 1]"
618486,7534867,23,0,"[0, 1]"
618486,7534867,22,0,"[0, 1]"
618486,7534867,25,0,"[0, 1]"
618486,7534867,17,0,"[0, 1]"
618486,7534867,62,0,"[0, 1]"
618486,7534867,53,0,"[0, 1]"
618486,7534867,39,0,"[0, 1]"
618486,7534867,55,0,"[0, 1]"
618486,7534867,47,0,"[0, 1]"
618486,7534867,42,0,"[0, 1]"
618486,7534867,56,0,"[0, 1]"
618486,7534867,54,0,"[0, 1]"
618486,7534867,33,0,"[0, 1]"
618486,7534867,45,0,"[0, 1]"
618486,7534867,73,0,"[0, 1]"
618486,7534867,124,0,"[0, 1]"
618486,7534867,99,0,"[0, 1]"
618486,7534867,106,0,"[0, 1]"
618486,7534867,87,0,"[0, 1]"
618486,7534867,77,0,"[0, 1]"
618486,7534867,98,0,"[0, 1]"
618486,7534867,75,0,"[0, 1]"
618486,7534867,126,0,"[0, 1]"
618486,7534867,122,0,"[0, 1]"
618486,7534867,79,0,"[0, 1]"
618486,7534867,117,0,"[0, 1]"
618486,7534867,158,0,"[0, 1]"
618486,7534867,243,0,"[0, 1]"
618486,7534867,196,0,"[0, 1]"
618486,7534867,215,0,"[0, 1]"
618486,7534867,204,0,"[0, 1]"
618486,7534867,174,0,"[0, 1]"
618486,7534867,224,0,"[0, 1]"
618486,7534867,247,0,"[0, 1]"
618486,7534867,253,0,"[0, 1]"
618486,7534867,254,0,"[0, 1]"
618486,7534867,226,0,"[0, 1]"
618486,7534867,167,0,"[0, 1]"
618486,7534867,163,0,"[0, 1]"
618486,7534867,188,0,"[0, 1]"
618486,7534867,472,0,"[0, 1]"
618486,7534867,399,0,"[0, 1]"
618486,7534867,471,0,"[0, 1]"
618486,7534867,429,0,"[0, 1]"
618486,7534867,279,0,"[0, 1]"
618486,7534867,367,0,"[0, 1]"
618486,7534867,325,0,"[0, 1]"
618486,7534867,372,0,"[0, 1]"
618486,7534867,340,0,"[0, 1]"
618486,7534867,376,0,"[0, 1]"
618486,7534867,297,0,"[0, 1]"
618486,7534867,468,0,"[0, 1]"
618486,7534867,271,0,"[0, 1]"
618486,7534867,454,0,"[0, 1]"
618486,7534867,308,0,"[0, 1]"
618486,7534867,496,0,"[0, 1]"
618486,7534867,983,0,"[0, 1]"
618486,7534867,816,0,"[0, 1]"
618486,7534867,632,0,"[0, 1]"
618486,7534867,669,0,"[0, 1]"
618486,7534867,829,0,"[0, 1]"
618486,7534867,767,0,"[0, 1]"
618486,7534867,765,0,"[0, 1]"
618486,7534867,519,0,"[0, 1]"
618486,7534867,630,0,"[0, 1]"
618486,7534867,666,0,"[0, 1]"
618486,7534867,900,0,"[0, 1]"
618486,7534867,603,0,"[0, 1]"
618486,7534867,743,0,"[0, 1]"
618486,7534867,652,0,"[0, 1]"
618486,7534867,783,0,"[0, 1]"
618486,7534867,604,0,"[0, 1]"
618486,7534867,647,0,"[0, 1]"
618486,7534867,970,0,"[0, 1]"
618486,7534867,1990,0,"[0, 1]"
618486,7534867,1509,0,"[0, 1]"
618486,7534867,1832,0,"[0, 1]"
618486,7534867,1601,0,"[0, 1]"
618486,7534867,1053,0,"[0, 1]"
618486,7534867,1594,0,"[0, 1]"
618486,7534867,1147,0,"[0, 1]"
618486,7534867,1228,0,"[0, 1]"
618486,7534867,1622,0,"[0, 1]"
618486,7534867,1047,0,"[0, 1]"
618486,7534867,1996,0,"[0, 1]"
618486,7534867,1266,0,"[0, 1]"
618486,7534867,1827,0,"[0, 1]"
618486,7534867,1662,0,"[0, 1]"
618486,7534867,1701,0,"[0, 1]"
618486,7534867,1963,0,"[0, 1]"
618486,7534867,1669,0,"[0, 1]"
618486,7534867,1677,0,"[0, 1]"
618486,7534867,1739,0,"[0, 1]"
618486,7534867,1235,0,"[0, 1]"
618486,7534867,2166,0,"[0, 1]"
618486,7534867,3167,0,"[0, 1]"
618486,7534867,2534,0,"[0, 1]"
618486,7534867,2066,0,"[0, 1]"
618486,7534867,3862,0,"[0, 1]"
618486,7534867,2642,0,"[0, 1]"
618486,7534867,3912,0,"[0, 1]"
618486,7534867,3146,0,"[0, 1]"
618486,7534867,3683,0,"[0, 1]"
618486,7534867,3783,0,"[0, 1]"
618486,7534867,2828,0,"[0, 1]"
618486,7534867,3609,0,"[0, 1]"
618486,7534867,3443,0,"[0, 1]"
618486,7534867,3694,0,"[0, 1]"
618486,7534867,3647,0,"[0, 1]"
618486,7534867,2421,0,"[0, 1]"
618486,7534867,2604,0,"[0, 1]"
618486,7534867,3191,0,"[0, 1]"
618486,7534867,2088,0,"[0, 1]"
618486,7534867,3469,0,"[0, 1]"
618486,7534867,3858,0,"[0, 1]"
618486,7534867,2081,0,"[0, 1]"
618486,7534867,7276806,1,"[0, 1]"
618486,7534867,7148217,1,"[0, 1]"
618486,7534867,7371320,1,"[0, 1]"
618486,7534867,7599371,1,"[0, 1]"
618486,7534867,7221023,1,"[0, 1]"
618486,7534867,7297000,1,"[0, 1]"
618486,7534867,4104,0,"[0, 1]"
618486,7534867,4723,0,"[0, 1]"
618486,7534867,7115790,1,"[0, 1]"
618486,7534867,7687385,1,"[0, 1]"
618486,7534867,7255058,1,"[0, 1]"
618486,7534867,7500245,1,"[0, 1]"
618486,7534867,7183716,1,"[0, 1]"
618486,7534867,7555704,1,"[0, 1]"
618486,7534867,4390,0,"[0, 1]"
618486,7534867,7555625,1,"[0, 1]"
618486,7534867,7083329,1,"[0, 1]"
618486,7534867,5779254,1,"[0, 1]"
618486,7534867,7367968,1,"[0, 1]"
618486,7534867,7466196,1,"[0, 1]"
618486,7534867,7587602,1,"[0, 1]"
618486,7534867,7365439,1,"[0, 1]"
618486,7534867,7419141,1,"[0, 1]"
618486,7534867,4768,0,"[0, 1]"
618486,7534867,7515976,1,"[0, 1]"
618486,7534867,7154451,1,"[0, 1]"
618486,7534867,7559170,1,"[0, 1]"
618486,7534867,7315319,1,"[0, 1]"
618486,7534867,7680327,1,"[0, 1]"
618486,7534867,7111207,1,"[0, 1]"
618486,7534867,7632383,1,"[0, 1]"
618486,7534867,7072156,1,"[0, 1]"
618486,7534867,7508908,1,"[0, 1]"
618486,7534867,7102190,1,"[0, 1]"
618486,7534867,73242,1,"[0, 1]"
618486,7534867,7256069,1,"[0, 1]"
618486,7534867,7367411,1,"[0, 1]"
618486,7534867,7230094,1,"[0, 1]"
618486,7534867,7483117,1,"[0, 1]"
618486,7534867,7655567,1,"[0, 1]"
618486,7534867,7482175,1,"[0, 1]"
618486,7534867,85696,1,"[0, 1]"
618486,7534867,7614653,1,"[0, 1]"
618486,7534867,7384360,1,"[0, 1]"
618486,7534867,4071319,1,"[0, 1]"
618486,7534867,7095660,1,"[0, 1]"
618486,7534867,7094182,1,"[0, 1]"
618486,7534867,7339871,1,"[0, 1]"
618486,7534867,7474149,1,"[0, 1]"
618486,7534867,7377041,1,"[0, 1]"
473319,7534941,7534941,1,"[1, 0]"
473319,7534941,2748,0,"[1, 0]"
473319,7534941,1373,0,"[1, 0]"
473319,7534941,686,0,"[1, 0]"
473319,7534941,342,0,"[1, 0]"
473319,7534941,170,0,"[1, 0]"
473319,7534941,84,0,"[1, 0]"
473319,7534941,41,0,"[1, 0]"
473319,7534941,20,0,"[1, 0]"
473319,7534941,9,0,"[1, 0]"
473319,7534941,4,0,"[1, 0]"
473319,7534941,1,0,"[1, 0]"
473319,7534941,0,0,"[1, 0]"
473319,7534941,1,0,"[0, 1]"
473319,7534941,2,0,"[0, 1]"
473319,7534941,5,0,"[0, 1]"
473319,7534941,6,0,"[0, 1]"
473319,7534941,4,0,"[0, 1]"
473319,7534941,3,0,"[0, 1]"
473319,7534941,9,0,"[0, 1]"
473319,7534941,12,0,"[0, 1]"
473319,7534941,11,0,"[0, 1]"
473319,7534941,8,0,"[0, 1]"
473319,7534941,14,0,"[0, 1]"
473319,7534941,13,0,"[0, 1]"
473319,7534941,18,0,"[0, 1]"
473319,7534941,26,0,"[0, 1]"
473319,7534941,20,0,"[0, 1]"
473319,7534941,28,0,"[0, 1]"
473319,7534941,19,0,"[0, 1]"
473319,7534941,25,0,"[0, 1]"
473319,7534941,16,0,"[0, 1]"
473319,7534941,30,0,"[0, 1]"
473319,7534941,42,0,"[0, 1]"
473319,7534941,37,0,"[0, 1]"
473319,7534941,44,0,"[0, 1]"
473319,7534941,49,0,"[0, 1]"
473319,7534941,34,0,"[0, 1]"
473319,7534941,47,0,"[0, 1]"
473319,7534941,58,0,"[0, 1]"
473319,7534941,60,0,"[0, 1]"
473319,7534941,51,0,"[0, 1]"
473319,7534941,35,0,"[0, 1]"
473319,7534941,103,0,"[0, 1]"
473319,7534941,69,0,"[0, 1]"
473319,7534941,94,0,"[0, 1]"
473319,7534941,117,0,"[0, 1]"
473319,7534941,126,0,"[0, 1]"
473319,7534941,119,0,"[0, 1]"
473319,7534941,102,0,"[0, 1]"
473319,7534941,63,0,"[0, 1]"
473319,7534941,83,0,"[0, 1]"
473319,7534941,68,0,"[0, 1]"
473319,7534941,86,0,"[0, 1]"
473319,7534941,70,0,"[0, 1]"
473319,7534941,134,0,"[0, 1]"
473319,7534941,215,0,"[0, 1]"
473319,7534941,237,0,"[0, 1]"
473319,7534941,205,0,"[0, 1]"
473319,7534941,150,0,"[0, 1]"
473319,7534941,169,0,"[0, 1]"
473319,7534941,204,0,"[0, 1]"
473319,7534941,167,0,"[0, 1]"
473319,7534941,232,0,"[0, 1]"
473319,7534941,187,0,"[0, 1]"
473319,7534941,127,0,"[0, 1]"
473319,7534941,244,0,"[0, 1]"
473319,7534941,221,0,"[0, 1]"
473319,7534941,152,0,"[0, 1]"
473319,7534941,479,0,"[0, 1]"
473319,7534941,401,0,"[0, 1]"
473319,7534941,309,0,"[0, 1]"
473319,7534941,287,0,"[0, 1]"
473319,7534941,419,0,"[0, 1]"
473319,7534941,498,0,"[0, 1]"
473319,7534941,368,0,"[0, 1]"
473319,7534941,381,0,"[0, 1]"
473319,7534941,258,0,"[0, 1]"
473319,7534941,382,0,"[0, 1]"
473319,7534941,356,0,"[0, 1]"
473319,7534941,391,0,"[0, 1]"
473319,7534941,357,0,"[0, 1]"
473319,7534941,373,0,"[0, 1]"
473319,7534941,301,0,"[0, 1]"
473319,7534941,422,0,"[0, 1]"
473319,7534941,859,0,"[0, 1]"
473319,7534941,546,0,"[0, 1]"
473319,7534941,523,0,"[0, 1]"
473319,7534941,980,0,"[0, 1]"
473319,7534941,1013,0,"[0, 1]"
473319,7534941,873,0,"[0, 1]"
473319,7534941,894,0,"[0, 1]"
473319,7534941,747,0,"[0, 1]"
473319,7534941,695,0,"[0, 1]"
473319,7534941,674,0,"[0, 1]"
473319,7534941,529,0,"[0, 1]"
473319,7534941,690,0,"[0, 1]"
473319,7534941,919,0,"[0, 1]"
473319,7534941,736,0,"[0, 1]"
473319,7534941,971,0,"[0, 1]"
473319,7534941,1018,0,"[0, 1]"
473319,7534941,650,0,"[0, 1]"
473319,7534941,838,0,"[0, 1]"
473319,7534941,2032,0,"[0, 1]"
473319,7534941,1677,0,"[0, 1]"
473319,7534941,1061,0,"[0, 1]"
473319,7534941,1202,0,"[0, 1]"
473319,7534941,1674,0,"[0, 1]"
473319,7534941,2016,0,"[0, 1]"
473319,7534941,1030,0,"[0, 1]"
473319,7534941,1957,0,"[0, 1]"
473319,7534941,1130,0,"[0, 1]"
473319,7534941,1744,0,"[0, 1]"
473319,7534941,1637,0,"[0, 1]"
473319,7534941,2036,0,"[0, 1]"
473319,7534941,1832,0,"[0, 1]"
473319,7534941,1143,0,"[0, 1]"
473319,7534941,1576,0,"[0, 1]"
473319,7534941,1751,0,"[0, 1]"
473319,7534941,1553,0,"[0, 1]"
473319,7534941,2027,0,"[0, 1]"
473319,7534941,1952,0,"[0, 1]"
473319,7534941,1235,0,"[0, 1]"
473319,7534941,3649,0,"[0, 1]"
473319,7534941,2179,0,"[0, 1]"
473319,7534941,3708,0,"[0, 1]"
473319,7534941,3921,0,"[0, 1]"
473319,7534941,3599,0,"[0, 1]"
473319,7534941,2343,0,"[0, 1]"
473319,7534941,3296,0,"[0, 1]"
473319,7534941,3328,0,"[0, 1]"
473319,7534941,3965,0,"[0, 1]"
473319,7534941,2499,0,"[0, 1]"
473319,7534941,3186,0,"[0, 1]"
473319,7534941,3709,0,"[0, 1]"
473319,7534941,2840,0,"[0, 1]"
473319,7534941,3825,0,"[0, 1]"
473319,7534941,2593,0,"[0, 1]"
473319,7534941,3913,0,"[0, 1]"
473319,7534941,2791,0,"[0, 1]"
473319,7534941,2651,0,"[0, 1]"
473319,7534941,3668,0,"[0, 1]"
473319,7534941,2732,0,"[0, 1]"
473319,7534941,3349,0,"[0, 1]"
473319,7534941,2919,0,"[0, 1]"
473319,7534941,7685957,1,"[0, 1]"
473319,7534941,7210550,1,"[0, 1]"
473319,7534941,6286892,1,"[0, 1]"
473319,7534941,7330427,1,"[0, 1]"
473319,7534941,7557520,1,"[0, 1]"
473319,7534941,7152490,1,"[0, 1]"
473319,7534941,7303539,1,"[0, 1]"
473319,7534941,7643831,1,"[0, 1]"
473319,7534941,7453523,1,"[0, 1]"
473319,7534941,4097,0,"[0, 1]"
473319,7534941,7242268,1,"[0, 1]"
473319,7534941,7101742,1,"[0, 1]"
473319,7534941,7165375,1,"[0, 1]"
473319,7534941,7136745,1,"[0, 1]"
473319,7534941,7395960,1,"[0, 1]"
473319,7534941,3314229,1,"[0, 1]"
473319,7534941,7261459,1,"[0, 1]"
473319,7534941,7339873,1,"[0, 1]"
473319,7534941,7395888,1,"[0, 1]"
473319,7534941,7287868,1,"[0, 1]"
473319,7534941,7368996,1,"[0, 1]"
473319,7534941,7210316,1,"[0, 1]"
473319,7534941,3333112,1,"[0, 1]"
473319,7534941,7629156,1,"[0, 1]"
605363,7534976,7534976,1,"[1, 0]"
605363,7534976,2110,0,"[1, 0]"
605363,7534976,1054,0,"[1, 0]"
605363,7534976,526,0,"[1, 0]"
605363,7534976,262,0,"[1, 0]"
605363,7534976,130,0,"[1, 0]"
605363,7534976,64,0,"[1, 0]"
605363,7534976,31,0,"[1, 0]"
605363,7534976,15,0,"[1, 0]"
605363,7534976,7,0,"[1, 0]"
605363,7534976,3,0,"[1, 0]"
605363,7534976,1,0,"[1, 0]"
605363,7534976,0,0,"[1, 0]"
605363,7534976,2,0,"[0, 1]"
605363,7534976,1,0,"[0, 1]"
605363,7534976,5,0,"[0, 1]"
605363,7534976,4,0,"[0, 1]"
605363,7534976,3,0,"[0, 1]"
605363,7534976,6,0,"[0, 1]"
605363,7534976,14,0,"[0, 1]"
605363,7534976,11,0,"[0, 1]"
605363,7534976,7,0,"[0, 1]"
605363,7534976,13,0,"[0, 1]"
605363,7534976,10,0,"[0, 1]"
605363,7534976,9,0,"[0, 1]"
605363,7534976,24,0,"[0, 1]"
605363,7534976,17,0,"[0, 1]"
605363,7534976,15,0,"[0, 1]"
605363,7534976,19,0,"[0, 1]"
605363,7534976,26,0,"[0, 1]"
605363,7534976,16,0,"[0, 1]"
605363,7534976,22,0,"[0, 1]"
605363,7534976,28,0,"[0, 1]"
605363,7534976,49,0,"[0, 1]"
605363,7534976,61,0,"[0, 1]"
605363,7534976,39,0,"[0, 1]"
605363,7534976,34,0,"[0, 1]"
605363,7534976,56,0,"[0, 1]"
605363,7534976,37,0,"[0, 1]"
605363,7534976,31,0,"[0, 1]"
605363,7534976,54,0,"[0, 1]"
605363,7534976,41,0,"[0, 1]"
605363,7534976,48,0,"[0, 1]"
605363,7534976,75,0,"[0, 1]"
605363,7534976,88,0,"[0, 1]"
605363,7534976,78,0,"[0, 1]"
605363,7534976,83,0,"[0, 1]"
605363,7534976,89,0,"[0, 1]"
605363,7534976,109,0,"[0, 1]"
605363,7534976,82,0,"[0, 1]"
605363,7534976,63,0,"[0, 1]"
605363,7534976,115,0,"[0, 1]"
605363,7534976,98,0,"[0, 1]"
605363,7534976,80,0,"[0, 1]"
605363,7534976,68,0,"[0, 1]"
605363,7534976,129,0,"[0, 1]"
605363,7534976,132,0,"[0, 1]"
605363,7534976,240,0,"[0, 1]"
605363,7534976,136,0,"[0, 1]"
605363,7534976,134,0,"[0, 1]"
605363,7534976,215,0,"[0, 1]"
605363,7534976,227,0,"[0, 1]"
605363,7534976,146,0,"[0, 1]"
605363,7534976,208,0,"[0, 1]"
605363,7534976,192,0,"[0, 1]"
605363,7534976,251,0,"[0, 1]"
605363,7534976,183,0,"[0, 1]"
605363,7534976,167,0,"[0, 1]"
605363,7534976,203,0,"[0, 1]"
605363,7534976,474,0,"[0, 1]"
605363,7534976,398,0,"[0, 1]"
605363,7534976,392,0,"[0, 1]"
605363,7534976,481,0,"[0, 1]"
605363,7534976,391,0,"[0, 1]"
605363,7534976,336,0,"[0, 1]"
605363,7534976,290,0,"[0, 1]"
605363,7534976,507,0,"[0, 1]"
605363,7534976,489,0,"[0, 1]"
605363,7534976,394,0,"[0, 1]"
605363,7534976,415,0,"[0, 1]"
605363,7534976,327,0,"[0, 1]"
605363,7534976,402,0,"[0, 1]"
605363,7534976,467,0,"[0, 1]"
605363,7534976,258,0,"[0, 1]"
605363,7534976,468,0,"[0, 1]"
605363,7534976,670,0,"[0, 1]"
605363,7534976,904,0,"[0, 1]"
605363,7534976,953,0,"[0, 1]"
605363,7534976,758,0,"[0, 1]"
605363,7534976,569,0,"[0, 1]"
605363,7534976,924,0,"[0, 1]"
605363,7534976,910,0,"[0, 1]"
605363,7534976,730,0,"[0, 1]"
605363,7534976,857,0,"[0, 1]"
605363,7534976,873,0,"[0, 1]"
605363,7534976,720,0,"[0, 1]"
605363,7534976,988,0,"[0, 1]"
605363,7534976,723,0,"[0, 1]"
605363,7534976,568,0,"[0, 1]"
605363,7534976,996,0,"[0, 1]"
605363,7534976,827,0,"[0, 1]"
605363,7534976,943,0,"[0, 1]"
605363,7534976,834,0,"[0, 1]"
605363,7534976,1094,0,"[0, 1]"
605363,7534976,1914,0,"[0, 1]"
605363,7534976,2030,0,"[0, 1]"
605363,7534976,1046,0,"[0, 1]"
605363,7534976,1048,0,"[0, 1]"
605363,7534976,1847,0,"[0, 1]"
605363,7534976,1086,0,"[0, 1]"
605363,7534976,1994,0,"[0, 1]"
605363,7534976,1606,0,"[0, 1]"
605363,7534976,1536,0,"[0, 1]"
605363,7534976,1878,0,"[0, 1]"
605363,7534976,1031,0,"[0, 1]"
605363,7534976,1943,0,"[0, 1]"
605363,7534976,1049,0,"[0, 1]"
605363,7534976,1765,0,"[0, 1]"
605363,7534976,2041,0,"[0, 1]"
605363,7534976,1360,0,"[0, 1]"
605363,7534976,1668,0,"[0, 1]"
605363,7534976,1409,0,"[0, 1]"
605363,7534976,1051,0,"[0, 1]"
605363,7534976,3798,0,"[0, 1]"
605363,7534976,2276,0,"[0, 1]"
605363,7534976,3006,0,"[0, 1]"
605363,7534976,3455,0,"[0, 1]"
605363,7534976,2159,0,"[0, 1]"
605363,7534976,3043,0,"[0, 1]"
605363,7534976,2063,0,"[0, 1]"
605363,7534976,3497,0,"[0, 1]"
605363,7534976,3575,0,"[0, 1]"
605363,7534976,3391,0,"[0, 1]"
605363,7534976,2087,0,"[0, 1]"
605363,7534976,2834,0,"[0, 1]"
605363,7534976,2760,0,"[0, 1]"
605363,7534976,3066,0,"[0, 1]"
605363,7534976,2052,0,"[0, 1]"
605363,7534976,2144,0,"[0, 1]"
605363,7534976,2392,0,"[0, 1]"
605363,7534976,2273,0,"[0, 1]"
605363,7534976,4055,0,"[0, 1]"
605363,7534976,3438,0,"[0, 1]"
605363,7534976,4028,0,"[0, 1]"
605363,7534976,2704,0,"[0, 1]"
605363,7534976,7192790,1,"[0, 1]"
605363,7534976,7624305,1,"[0, 1]"
605363,7534976,4931,0,"[0, 1]"
605363,7534976,7651286,1,"[0, 1]"
605363,7534976,7646494,1,"[0, 1]"
605363,7534976,7146387,1,"[0, 1]"
605363,7534976,7416282,1,"[0, 1]"
605363,7534976,7365473,1,"[0, 1]"
605363,7534976,7664738,1,"[0, 1]"
605363,7534976,4104,0,"[0, 1]"
605363,7534976,7608823,1,"[0, 1]"
605363,7534976,7252114,1,"[0, 1]"
605363,7534976,7437021,1,"[0, 1]"
605363,7534976,7675809,1,"[0, 1]"
605363,7534976,4558153,1,"[0, 1]"
605363,7534976,4250,0,"[0, 1]"
605363,7534976,7127854,1,"[0, 1]"
605363,7534976,7400587,1,"[0, 1]"
605363,7534976,4944453,1,"[0, 1]"
605363,7534976,7165005,1,"[0, 1]"
605363,7534976,7495326,1,"[0, 1]"
605363,7534976,7089760,1,"[0, 1]"
605363,7534976,7294874,1,"[0, 1]"
605363,7534976,4511,0,"[0, 1]"
746055,7535109,7535109,1,"[1, 0]"
746055,7535109,4775,0,"[1, 0]"
746055,7535109,3589,0,"[1, 0]"
746055,7535109,1794,0,"[1, 0]"
746055,7535109,896,0,"[1, 0]"
746055,7535109,447,0,"[1, 0]"
746055,7535109,223,0,"[1, 0]"
746055,7535109,111,0,"[1, 0]"
746055,7535109,55,0,"[1, 0]"
746055,7535109,27,0,"[1, 0]"
746055,7535109,13,0,"[1, 0]"
746055,7535109,6,0,"[1, 0]"
746055,7535109,2,0,"[1, 0]"
746055,7535109,0,0,"[1, 0]"
746055,7535109,1,0,"[0, 1]"
746055,7535109,2,0,"[0, 1]"
746055,7535109,3,0,"[0, 1]"
746055,7535109,5,0,"[0, 1]"
746055,7535109,4,0,"[0, 1]"
746055,7535109,6,0,"[0, 1]"
746055,7535109,7,0,"[0, 1]"
746055,7535109,12,0,"[0, 1]"
746055,7535109,8,0,"[0, 1]"
746055,7535109,14,0,"[0, 1]"
746055,7535109,11,0,"[0, 1]"
746055,7535109,9,0,"[0, 1]"
746055,7535109,25,0,"[0, 1]"
746055,7535109,20,0,"[0, 1]"
746055,7535109,19,0,"[0, 1]"
746055,7535109,29,0,"[0, 1]"
746055,7535109,27,0,"[0, 1]"
746055,7535109,18,0,"[0, 1]"
746055,7535109,30,0,"[0, 1]"
746055,7535109,16,0,"[0, 1]"
746055,7535109,37,0,"[0, 1]"
746055,7535109,56,0,"[0, 1]"
746055,7535109,32,0,"[0, 1]"
746055,7535109,57,0,"[0, 1]"
746055,7535109,52,0,"[0, 1]"
746055,7535109,49,0,"[0, 1]"
746055,7535109,61,0,"[0, 1]"
746055,7535109,36,0,"[0, 1]"
746055,7535109,47,0,"[0, 1]"
746055,7535109,31,0,"[0, 1]"
746055,7535109,74,0,"[0, 1]"
746055,7535109,124,0,"[0, 1]"
746055,7535109,115,0,"[0, 1]"
746055,7535109,68,0,"[0, 1]"
746055,7535109,66,0,"[0, 1]"
746055,7535109,120,0,"[0, 1]"
746055,7535109,81,0,"[0, 1]"
746055,7535109,113,0,"[0, 1]"
746055,7535109,70,0,"[0, 1]"
746055,7535109,96,0,"[0, 1]"
746055,7535109,99,0,"[0, 1]"
746055,7535109,98,0,"[0, 1]"
746055,7535109,151,0,"[0, 1]"
746055,7535109,181,0,"[0, 1]"
746055,7535109,212,0,"[0, 1]"
746055,7535109,189,0,"[0, 1]"
746055,7535109,138,0,"[0, 1]"
746055,7535109,245,0,"[0, 1]"
746055,7535109,187,0,"[0, 1]"
746055,7535109,251,0,"[0, 1]"
746055,7535109,173,0,"[0, 1]"
746055,7535109,140,0,"[0, 1]"
746055,7535109,233,0,"[0, 1]"
746055,7535109,160,0,"[0, 1]"
746055,7535109,131,0,"[0, 1]"
746055,7535109,178,0,"[0, 1]"
746055,7535109,488,0,"[0, 1]"
746055,7535109,379,0,"[0, 1]"
746055,7535109,344,0,"[0, 1]"
746055,7535109,359,0,"[0, 1]"
746055,7535109,397,0,"[0, 1]"
746055,7535109,282,0,"[0, 1]"
746055,7535109,430,0,"[0, 1]"
746055,7535109,442,0,"[0, 1]"
746055,7535109,269,0,"[0, 1]"
746055,7535109,263,0,"[0, 1]"
746055,7535109,307,0,"[0, 1]"
746055,7535109,267,0,"[0, 1]"
746055,7535109,438,0,"[0, 1]"
746055,7535109,341,0,"[0, 1]"
746055,7535109,458,0,"[0, 1]"
746055,7535109,323,0,"[0, 1]"
746055,7535109,672,0,"[0, 1]"
746055,7535109,754,0,"[0, 1]"
746055,7535109,751,0,"[0, 1]"
746055,7535109,1015,0,"[0, 1]"
746055,7535109,601,0,"[0, 1]"
746055,7535109,655,0,"[0, 1]"
746055,7535109,935,0,"[0, 1]"
746055,7535109,975,0,"[0, 1]"
746055,7535109,822,0,"[0, 1]"
746055,7535109,923,0,"[0, 1]"
746055,7535109,744,0,"[0, 1]"
746055,7535109,862,0,"[0, 1]"
746055,7535109,566,0,"[0, 1]"
746055,7535109,815,0,"[0, 1]"
746055,7535109,569,0,"[0, 1]"
746055,7535109,766,0,"[0, 1]"
746055,7535109,642,0,"[0, 1]"
746055,7535109,692,0,"[0, 1]"
746055,7535109,1126,0,"[0, 1]"
746055,7535109,1874,0,"[0, 1]"
746055,7535109,1059,0,"[0, 1]"
746055,7535109,1859,0,"[0, 1]"
746055,7535109,1987,0,"[0, 1]"
746055,7535109,2042,0,"[0, 1]"
746055,7535109,1496,0,"[0, 1]"
746055,7535109,1820,0,"[0, 1]"
746055,7535109,1098,0,"[0, 1]"
746055,7535109,1834,0,"[0, 1]"
746055,7535109,1875,0,"[0, 1]"
746055,7535109,1473,0,"[0, 1]"
746055,7535109,1619,0,"[0, 1]"
746055,7535109,1726,0,"[0, 1]"
746055,7535109,1325,0,"[0, 1]"
746055,7535109,1330,0,"[0, 1]"
746055,7535109,1026,0,"[0, 1]"
746055,7535109,1290,0,"[0, 1]"
746055,7535109,1270,0,"[0, 1]"
746055,7535109,1268,0,"[0, 1]"
746055,7535109,2148,0,"[0, 1]"
746055,7535109,2286,0,"[0, 1]"
746055,7535109,2637,0,"[0, 1]"
746055,7535109,3103,0,"[0, 1]"
746055,7535109,3506,0,"[0, 1]"
746055,7535109,2597,0,"[0, 1]"
746055,7535109,2150,0,"[0, 1]"
746055,7535109,2704,0,"[0, 1]"
746055,7535109,2886,0,"[0, 1]"
746055,7535109,3638,0,"[0, 1]"
746055,7535109,3383,0,"[0, 1]"
746055,7535109,2754,0,"[0, 1]"
746055,7535109,3801,0,"[0, 1]"
746055,7535109,3219,0,"[0, 1]"
746055,7535109,2430,0,"[0, 1]"
746055,7535109,2717,0,"[0, 1]"
746055,7535109,2348,0,"[0, 1]"
746055,7535109,2067,0,"[0, 1]"
746055,7535109,2352,0,"[0, 1]"
746055,7535109,2210,0,"[0, 1]"
746055,7535109,2171,0,"[0, 1]"
746055,7535109,3284,0,"[0, 1]"
746055,7535109,545561,1,"[0, 1]"
746055,7535109,7488652,1,"[0, 1]"
746055,7535109,7619619,1,"[0, 1]"
746055,7535109,7205532,1,"[0, 1]"
746055,7535109,7478866,1,"[0, 1]"
746055,7535109,7403687,1,"[0, 1]"
746055,7535109,7579416,1,"[0, 1]"
746055,7535109,7573001,1,"[0, 1]"
746055,7535109,4722,0,"[0, 1]"
746055,7535109,2040739,1,"[0, 1]"
746055,7535109,661460,1,"[0, 1]"
746055,7535109,7227476,1,"[0, 1]"
746055,7535109,7655766,1,"[0, 1]"
746055,7535109,7187564,1,"[0, 1]"
746055,7535109,7510125,1,"[0, 1]"
746055,7535109,7085473,1,"[0, 1]"
746055,7535109,4708,0,"[0, 1]"
746055,7535109,7174952,1,"[0, 1]"
746055,7535109,4663,0,"[0, 1]"
746055,7535109,7237947,1,"[0, 1]"
746055,7535109,7498356,1,"[0, 1]"
746055,7535109,7068203,1,"[0, 1]"
746055,7535109,7486503,1,"[0, 1]"
746055,7535109,7520483,1,"[0, 1]"
746055,7535109,7447407,1,"[0, 1]"
746055,7535109,7595984,1,"[0, 1]"
746055,7535109,7620494,1,"[0, 1]"
746055,7535109,7545140,1,"[0, 1]"
746055,7535109,7316481,1,"[0, 1]"
746055,7535109,7452695,1,"[0, 1]"
746055,7535109,2041081,1,"[0, 1]"
746055,7535109,7088053,1,"[0, 1]"
746055,7535109,7116141,1,"[0, 1]"
746055,7535109,7468946,1,"[0, 1]"
746055,7535109,7607075,1,"[0, 1]"
746055,7535109,7288722,1,"[0, 1]"
746055,7535109,7185490,1,"[0, 1]"
746055,7535109,7588934,1,"[0, 1]"
746055,7535109,7384360,1,"[0, 1]"
746055,7535109,7168612,1,"[0, 1]"
746055,7535109,7210561,1,"[0, 1]"
746055,7535109,7590320,1,"[0, 1]"
746055,7535109,7149789,1,"[0, 1]"
746055,7535109,4615954,1,"[0, 1]"
746055,7535109,7262611,1,"[0, 1]"
746055,7535109,7437842,1,"[0, 1]"
746055,7535109,7654349,1,"[0, 1]"
746055,7535109,7637310,1,"[0, 1]"
746055,7535109,313880,1,"[0, 1]"
746055,7535109,7357213,1,"[0, 1]"
697983,7535285,7535285,1,"[1, 0]"
697983,7535285,3521,0,"[1, 0]"
697983,7535285,1760,0,"[1, 0]"
697983,7535285,879,0,"[1, 0]"
697983,7535285,439,0,"[1, 0]"
697983,7535285,219,0,"[1, 0]"
697983,7535285,109,0,"[1, 0]"
697983,7535285,54,0,"[1, 0]"
697983,7535285,26,0,"[1, 0]"
697983,7535285,12,0,"[1, 0]"
697983,7535285,5,0,"[1, 0]"
697983,7535285,2,0,"[1, 0]"
697983,7535285,0,0,"[1, 0]"
697983,7535285,2,0,"[0, 1]"
697983,7535285,1,0,"[0, 1]"
697983,7535285,4,0,"[0, 1]"
697983,7535285,6,0,"[0, 1]"
697983,7535285,3,0,"[0, 1]"
697983,7535285,5,0,"[0, 1]"
697983,7535285,8,0,"[0, 1]"
697983,7535285,10,0,"[0, 1]"
697983,7535285,9,0,"[0, 1]"
697983,7535285,11,0,"[0, 1]"
697983,7535285,7,0,"[0, 1]"
697983,7535285,14,0,"[0, 1]"
697983,7535285,21,0,"[0, 1]"
697983,7535285,16,0,"[0, 1]"
697983,7535285,23,0,"[0, 1]"
697983,7535285,29,0,"[0, 1]"
697983,7535285,15,0,"[0, 1]"
697983,7535285,17,0,"[0, 1]"
697983,7535285,18,0,"[0, 1]"
697983,7535285,19,0,"[0, 1]"
697983,7535285,50,0,"[0, 1]"
697983,7535285,49,0,"[0, 1]"
697983,7535285,33,0,"[0, 1]"
697983,7535285,60,0,"[0, 1]"
697983,7535285,34,0,"[0, 1]"
697983,7535285,57,0,"[0, 1]"
697983,7535285,48,0,"[0, 1]"
697983,7535285,31,0,"[0, 1]"
697983,7535285,46,0,"[0, 1]"
697983,7535285,54,0,"[0, 1]"
697983,7535285,123,0,"[0, 1]"
697983,7535285,112,0,"[0, 1]"
697983,7535285,111,0,"[0, 1]"
697983,7535285,97,0,"[0, 1]"
697983,7535285,125,0,"[0, 1]"
697983,7535285,100,0,"[0, 1]"
697983,7535285,78,0,"[0, 1]"
697983,7535285,67,0,"[0, 1]"
697983,7535285,70,0,"[0, 1]"
697983,7535285,126,0,"[0, 1]"
697983,7535285,76,0,"[0, 1]"
697983,7535285,69,0,"[0, 1]"
697983,7535285,216,0,"[0, 1]"
697983,7535285,201,0,"[0, 1]"
697983,7535285,188,0,"[0, 1]"
697983,7535285,239,0,"[0, 1]"
697983,7535285,190,0,"[0, 1]"
697983,7535285,247,0,"[0, 1]"
697983,7535285,241,0,"[0, 1]"
697983,7535285,148,0,"[0, 1]"
697983,7535285,231,0,"[0, 1]"
697983,7535285,193,0,"[0, 1]"
697983,7535285,242,0,"[0, 1]"
697983,7535285,244,0,"[0, 1]"
697983,7535285,197,0,"[0, 1]"
697983,7535285,172,0,"[0, 1]"
697983,7535285,288,0,"[0, 1]"
697983,7535285,480,0,"[0, 1]"
697983,7535285,280,0,"[0, 1]"
697983,7535285,350,0,"[0, 1]"
697983,7535285,362,0,"[0, 1]"
697983,7535285,428,0,"[0, 1]"
697983,7535285,282,0,"[0, 1]"
697983,7535285,267,0,"[0, 1]"
697983,7535285,448,0,"[0, 1]"
697983,7535285,361,0,"[0, 1]"
697983,7535285,344,0,"[0, 1]"
697983,7535285,369,0,"[0, 1]"
697983,7535285,306,0,"[0, 1]"
697983,7535285,304,0,"[0, 1]"
697983,7535285,263,0,"[0, 1]"
697983,7535285,429,0,"[0, 1]"
697983,7535285,938,0,"[0, 1]"
697983,7535285,679,0,"[0, 1]"
697983,7535285,872,0,"[0, 1]"
697983,7535285,949,0,"[0, 1]"
697983,7535285,617,0,"[0, 1]"
697983,7535285,517,0,"[0, 1]"
697983,7535285,1010,0,"[0, 1]"
697983,7535285,824,0,"[0, 1]"
697983,7535285,804,0,"[0, 1]"
697983,7535285,660,0,"[0, 1]"
697983,7535285,638,0,"[0, 1]"
697983,7535285,947,0,"[0, 1]"
697983,7535285,605,0,"[0, 1]"
697983,7535285,785,0,"[0, 1]"
697983,7535285,1021,0,"[0, 1]"
697983,7535285,1007,0,"[0, 1]"
697983,7535285,909,0,"[0, 1]"
697983,7535285,680,0,"[0, 1]"
697983,7535285,1644,0,"[0, 1]"
697983,7535285,2046,0,"[0, 1]"
697983,7535285,1986,0,"[0, 1]"
697983,7535285,1729,0,"[0, 1]"
697983,7535285,1545,0,"[0, 1]"
697983,7535285,1950,0,"[0, 1]"
697983,7535285,1966,0,"[0, 1]"
697983,7535285,1934,0,"[0, 1]"
697983,7535285,1400,0,"[0, 1]"
697983,7535285,1926,0,"[0, 1]"
697983,7535285,1229,0,"[0, 1]"
697983,7535285,1853,0,"[0, 1]"
697983,7535285,1417,0,"[0, 1]"
697983,7535285,1494,0,"[0, 1]"
697983,7535285,1434,0,"[0, 1]"
697983,7535285,1551,0,"[0, 1]"
697983,7535285,1579,0,"[0, 1]"
697983,7535285,1162,0,"[0, 1]"
697983,7535285,1489,0,"[0, 1]"
697983,7535285,1372,0,"[0, 1]"
697983,7535285,2270,0,"[0, 1]"
697983,7535285,3356,0,"[0, 1]"
697983,7535285,2391,0,"[0, 1]"
697983,7535285,3336,0,"[0, 1]"
697983,7535285,3316,0,"[0, 1]"
697983,7535285,3843,0,"[0, 1]"
697983,7535285,3235,0,"[0, 1]"
697983,7535285,4073,0,"[0, 1]"
697983,7535285,3219,0,"[0, 1]"
697983,7535285,3691,0,"[0, 1]"
697983,7535285,2712,0,"[0, 1]"
697983,7535285,3522,0,"[0, 1]"
697983,7535285,3370,0,"[0, 1]"
697983,7535285,2680,0,"[0, 1]"
697983,7535285,2571,0,"[0, 1]"
697983,7535285,3798,0,"[0, 1]"
697983,7535285,3178,0,"[0, 1]"
697983,7535285,3287,0,"[0, 1]"
697983,7535285,2920,0,"[0, 1]"
697983,7535285,2419,0,"[0, 1]"
697983,7535285,2165,0,"[0, 1]"
697983,7535285,2748,0,"[0, 1]"
697983,7535285,7264253,1,"[0, 1]"
697983,7535285,7437185,1,"[0, 1]"
697983,7535285,7460930,1,"[0, 1]"
697983,7535285,7339966,1,"[0, 1]"
697983,7535285,7159288,1,"[0, 1]"
697983,7535285,7656047,1,"[0, 1]"
697983,7535285,4720,0,"[0, 1]"
697983,7535285,4864,0,"[0, 1]"
697983,7535285,7203363,1,"[0, 1]"
697983,7535285,7523255,1,"[0, 1]"
697983,7535285,7188494,1,"[0, 1]"
697983,7535285,7591292,1,"[0, 1]"
697983,7535285,4195,0,"[0, 1]"
697983,7535285,312683,1,"[0, 1]"
697983,7535285,7665374,1,"[0, 1]"
697983,7535285,4354,0,"[0, 1]"
697983,7535285,4730338,1,"[0, 1]"
697983,7535285,7525244,1,"[0, 1]"
697983,7535285,7664738,1,"[0, 1]"
697983,7535285,4266,0,"[0, 1]"
697983,7535285,7253021,1,"[0, 1]"
697983,7535285,4286,0,"[0, 1]"
697983,7535285,4892,0,"[0, 1]"
697983,7535285,7389177,1,"[0, 1]"
403361,7535295,7535295,1,"[1, 0]"
403361,7535295,4719,0,"[1, 0]"
403361,7535295,3464,0,"[1, 0]"
403361,7535295,1731,0,"[1, 0]"
403361,7535295,865,0,"[1, 0]"
403361,7535295,432,0,"[1, 0]"
403361,7535295,215,0,"[1, 0]"
403361,7535295,107,0,"[1, 0]"
403361,7535295,53,0,"[1, 0]"
403361,7535295,26,0,"[1, 0]"
403361,7535295,12,0,"[1, 0]"
403361,7535295,5,0,"[1, 0]"
403361,7535295,2,0,"[1, 0]"
403361,7535295,0,0,"[1, 0]"
403361,7535295,1,0,"[0, 1]"
403361,7535295,2,0,"[0, 1]"
403361,7535295,5,0,"[0, 1]"
403361,7535295,4,0,"[0, 1]"
403361,7535295,3,0,"[0, 1]"
403361,7535295,6,0,"[0, 1]"
403361,7535295,10,0,"[0, 1]"
403361,7535295,7,0,"[0, 1]"
403361,7535295,8,0,"[0, 1]"
403361,7535295,13,0,"[0, 1]"
403361,7535295,11,0,"[0, 1]"
403361,7535295,9,0,"[0, 1]"
403361,7535295,26,0,"[0, 1]"
403361,7535295,25,0,"[0, 1]"
403361,7535295,24,0,"[0, 1]"
403361,7535295,19,0,"[0, 1]"
403361,7535295,29,0,"[0, 1]"
403361,7535295,20,0,"[0, 1]"
403361,7535295,15,0,"[0, 1]"
403361,7535295,27,0,"[0, 1]"
403361,7535295,49,0,"[0, 1]"
403361,7535295,36,0,"[0, 1]"
403361,7535295,50,0,"[0, 1]"
403361,7535295,41,0,"[0, 1]"
403361,7535295,52,0,"[0, 1]"
403361,7535295,54,0,"[0, 1]"
403361,7535295,53,0,"[0, 1]"
403361,7535295,33,0,"[0, 1]"
403361,7535295,58,0,"[0, 1]"
403361,7535295,43,0,"[0, 1]"
403361,7535295,86,0,"[0, 1]"
403361,7535295,106,0,"[0, 1]"
403361,7535295,97,0,"[0, 1]"
403361,7535295,111,0,"[0, 1]"
403361,7535295,89,0,"[0, 1]"
403361,7535295,119,0,"[0, 1]"
403361,7535295,79,0,"[0, 1]"
403361,7535295,76,0,"[0, 1]"
403361,7535295,94,0,"[0, 1]"
403361,7535295,93,0,"[0, 1]"
403361,7535295,87,0,"[0, 1]"
403361,7535295,110,0,"[0, 1]"
403361,7535295,194,0,"[0, 1]"
403361,7535295,172,0,"[0, 1]"
403361,7535295,165,0,"[0, 1]"
403361,7535295,198,0,"[0, 1]"
403361,7535295,248,0,"[0, 1]"
403361,7535295,231,0,"[0, 1]"
403361,7535295,197,0,"[0, 1]"
403361,7535295,170,0,"[0, 1]"
403361,7535295,161,0,"[0, 1]"
403361,7535295,183,0,"[0, 1]"
403361,7535295,137,0,"[0, 1]"
403361,7535295,190,0,"[0, 1]"
403361,7535295,246,0,"[0, 1]"
403361,7535295,181,0,"[0, 1]"
403361,7535295,295,0,"[0, 1]"
403361,7535295,441,0,"[0, 1]"
403361,7535295,365,0,"[0, 1]"
403361,7535295,456,0,"[0, 1]"
403361,7535295,501,0,"[0, 1]"
403361,7535295,264,0,"[0, 1]"
403361,7535295,372,0,"[0, 1]"
403361,7535295,451,0,"[0, 1]"
403361,7535295,315,0,"[0, 1]"
403361,7535295,475,0,"[0, 1]"
403361,7535295,333,0,"[0, 1]"
403361,7535295,470,0,"[0, 1]"
403361,7535295,279,0,"[0, 1]"
403361,7535295,262,0,"[0, 1]"
403361,7535295,459,0,"[0, 1]"
403361,7535295,299,0,"[0, 1]"
403361,7535295,899,0,"[0, 1]"
403361,7535295,539,0,"[0, 1]"
403361,7535295,823,0,"[0, 1]"
403361,7535295,937,0,"[0, 1]"
403361,7535295,865,0,"[0, 1]"
403361,7535295,779,0,"[0, 1]"
403361,7535295,566,0,"[0, 1]"
403361,7535295,523,0,"[0, 1]"
403361,7535295,568,0,"[0, 1]"
403361,7535295,844,0,"[0, 1]"
403361,7535295,869,0,"[0, 1]"
403361,7535295,819,0,"[0, 1]"
403361,7535295,650,0,"[0, 1]"
403361,7535295,581,0,"[0, 1]"
403361,7535295,752,0,"[0, 1]"
403361,7535295,883,0,"[0, 1]"
403361,7535295,737,0,"[0, 1]"
403361,7535295,959,0,"[0, 1]"
403361,7535295,1365,0,"[0, 1]"
403361,7535295,1701,0,"[0, 1]"
403361,7535295,1346,0,"[0, 1]"
403361,7535295,1217,0,"[0, 1]"
403361,7535295,1958,0,"[0, 1]"
403361,7535295,1769,0,"[0, 1]"
403361,7535295,1106,0,"[0, 1]"
403361,7535295,1521,0,"[0, 1]"
403361,7535295,1450,0,"[0, 1]"
403361,7535295,1597,0,"[0, 1]"
403361,7535295,1143,0,"[0, 1]"
403361,7535295,1838,0,"[0, 1]"
403361,7535295,1649,0,"[0, 1]"
403361,7535295,1535,0,"[0, 1]"
403361,7535295,1214,0,"[0, 1]"
403361,7535295,1098,0,"[0, 1]"
403361,7535295,1676,0,"[0, 1]"
403361,7535295,1910,0,"[0, 1]"
403361,7535295,1220,0,"[0, 1]"
403361,7535295,1445,0,"[0, 1]"
403361,7535295,2349,0,"[0, 1]"
403361,7535295,3105,0,"[0, 1]"
403361,7535295,3979,0,"[0, 1]"
403361,7535295,2818,0,"[0, 1]"
403361,7535295,2618,0,"[0, 1]"
403361,7535295,2511,0,"[0, 1]"
403361,7535295,3496,0,"[0, 1]"
403361,7535295,2290,0,"[0, 1]"
403361,7535295,3421,0,"[0, 1]"
403361,7535295,2139,0,"[0, 1]"
403361,7535295,2878,0,"[0, 1]"
403361,7535295,2641,0,"[0, 1]"
403361,7535295,3395,0,"[0, 1]"
403361,7535295,2411,0,"[0, 1]"
403361,7535295,2992,0,"[0, 1]"
403361,7535295,3504,0,"[0, 1]"
403361,7535295,3110,0,"[0, 1]"
403361,7535295,2721,0,"[0, 1]"
403361,7535295,3729,0,"[0, 1]"
403361,7535295,3690,0,"[0, 1]"
403361,7535295,3989,0,"[0, 1]"
403361,7535295,2921,0,"[0, 1]"
403361,7535295,4656,0,"[0, 1]"
403361,7535295,4343,0,"[0, 1]"
403361,7535295,7110143,1,"[0, 1]"
403361,7535295,4514,0,"[0, 1]"
403361,7535295,7684635,1,"[0, 1]"
403361,7535295,7334542,1,"[0, 1]"
403361,7535295,7590762,1,"[0, 1]"
403361,7535295,7156447,1,"[0, 1]"
403361,7535295,710892,1,"[0, 1]"
403361,7535295,490992,1,"[0, 1]"
403361,7535295,7115790,1,"[0, 1]"
403361,7535295,4273,0,"[0, 1]"
403361,7535295,7551972,1,"[0, 1]"
403361,7535295,7108247,1,"[0, 1]"
403361,7535295,4891,0,"[0, 1]"
403361,7535295,7655766,1,"[0, 1]"
403361,7535295,7505572,1,"[0, 1]"
403361,7535295,7313683,1,"[0, 1]"
403361,7535295,7191554,1,"[0, 1]"
403361,7535295,7550373,1,"[0, 1]"
403361,7535295,7590032,1,"[0, 1]"
403361,7535295,1317213,1,"[0, 1]"
403361,7535295,7150489,1,"[0, 1]"
403361,7535295,7112559,1,"[0, 1]"
403361,7535295,7593941,1,"[0, 1]"
403361,7535295,7136916,1,"[0, 1]"
403361,7535295,7475195,1,"[0, 1]"
403361,7535295,7507566,1,"[0, 1]"
403361,7535295,5323651,1,"[0, 1]"
403361,7535295,7608291,1,"[0, 1]"
403361,7535295,7097061,1,"[0, 1]"
403361,7535295,204187,1,"[0, 1]"
403361,7535295,7167072,1,"[0, 1]"
403361,7535295,7421094,1,"[0, 1]"
403361,7535295,7224789,1,"[0, 1]"
403361,7535295,7217741,1,"[0, 1]"
403361,7535295,7092126,1,"[0, 1]"
403361,7535295,7324701,1,"[0, 1]"
403361,7535295,7496639,1,"[0, 1]"
403361,7535295,7654462,1,"[0, 1]"
403361,7535295,5680372,1,"[0, 1]"
403361,7535295,5579807,1,"[0, 1]"
403361,7535295,7300375,1,"[0, 1]"
403361,7535295,7102127,1,"[0, 1]"
403361,7535295,7609703,1,"[0, 1]"
403361,7535295,7240158,1,"[0, 1]"
403361,7535295,7454863,1,"[0, 1]"
403361,7535295,2661216,1,"[0, 1]"
403361,7535295,7332405,1,"[0, 1]"
403361,7535295,7387291,1,"[0, 1]"
403361,7535298,7535298,1,"[1, 0]"
403361,7535298,3858,0,"[1, 0]"
403361,7535298,1928,0,"[1, 0]"
403361,7535298,963,0,"[1, 0]"
403361,7535298,481,0,"[1, 0]"
403361,7535298,240,0,"[1, 0]"
403361,7535298,119,0,"[1, 0]"
403361,7535298,59,0,"[1, 0]"
403361,7535298,29,0,"[1, 0]"
403361,7535298,14,0,"[1, 0]"
403361,7535298,6,0,"[1, 0]"
403361,7535298,2,0,"[1, 0]"
403361,7535298,0,0,"[1, 0]"
403361,7535298,2,0,"[0, 1]"
403361,7535298,1,0,"[0, 1]"
403361,7535298,6,0,"[0, 1]"
403361,7535298,3,0,"[0, 1]"
403361,7535298,4,0,"[0, 1]"
403361,7535298,5,0,"[0, 1]"
403361,7535298,14,0,"[0, 1]"
403361,7535298,7,0,"[0, 1]"
403361,7535298,11,0,"[0, 1]"
403361,7535298,13,0,"[0, 1]"
403361,7535298,12,0,"[0, 1]"
403361,7535298,8,0,"[0, 1]"
403361,7535298,27,0,"[0, 1]"
403361,7535298,30,0,"[0, 1]"
403361,7535298,19,0,"[0, 1]"
403361,7535298,15,0,"[0, 1]"
403361,7535298,22,0,"[0, 1]"
403361,7535298,17,0,"[0, 1]"
403361,7535298,29,0,"[0, 1]"
403361,7535298,25,0,"[0, 1]"
403361,7535298,61,0,"[0, 1]"
403361,7535298,44,0,"[0, 1]"
403361,7535298,48,0,"[0, 1]"
403361,7535298,52,0,"[0, 1]"
403361,7535298,56,0,"[0, 1]"
403361,7535298,39,0,"[0, 1]"
403361,7535298,47,0,"[0, 1]"
403361,7535298,50,0,"[0, 1]"
403361,7535298,51,0,"[0, 1]"
403361,7535298,49,0,"[0, 1]"
403361,7535298,106,0,"[0, 1]"
403361,7535298,84,0,"[0, 1]"
403361,7535298,73,0,"[0, 1]"
403361,7535298,124,0,"[0, 1]"
403361,7535298,113,0,"[0, 1]"
403361,7535298,123,0,"[0, 1]"
403361,7535298,122,0,"[0, 1]"
403361,7535298,110,0,"[0, 1]"
403361,7535298,100,0,"[0, 1]"
403361,7535298,74,0,"[0, 1]"
403361,7535298,93,0,"[0, 1]"
403361,7535298,77,0,"[0, 1]"
403361,7535298,166,0,"[0, 1]"
403361,7535298,222,0,"[0, 1]"
403361,7535298,160,0,"[0, 1]"
403361,7535298,216,0,"[0, 1]"
403361,7535298,204,0,"[0, 1]"
403361,7535298,183,0,"[0, 1]"
403361,7535298,189,0,"[0, 1]"
403361,7535298,215,0,"[0, 1]"
403361,7535298,251,0,"[0, 1]"
403361,7535298,213,0,"[0, 1]"
403361,7535298,142,0,"[0, 1]"
403361,7535298,155,0,"[0, 1]"
403361,7535298,203,0,"[0, 1]"
403361,7535298,156,0,"[0, 1]"
403361,7535298,452,0,"[0, 1]"
403361,7535298,473,0,"[0, 1]"
403361,7535298,372,0,"[0, 1]"
403361,7535298,468,0,"[0, 1]"
403361,7535298,376,0,"[0, 1]"
403361,7535298,289,0,"[0, 1]"
403361,7535298,368,0,"[0, 1]"
403361,7535298,381,0,"[0, 1]"
403361,7535298,348,0,"[0, 1]"
403361,7535298,451,0,"[0, 1]"
403361,7535298,391,0,"[0, 1]"
403361,7535298,256,0,"[0, 1]"
403361,7535298,412,0,"[0, 1]"
403361,7535298,501,0,"[0, 1]"
403361,7535298,315,0,"[0, 1]"
403361,7535298,306,0,"[0, 1]"
403361,7535298,745,0,"[0, 1]"
403361,7535298,721,0,"[0, 1]"
403361,7535298,918,0,"[0, 1]"
403361,7535298,830,0,"[0, 1]"
403361,7535298,702,0,"[0, 1]"
403361,7535298,874,0,"[0, 1]"
403361,7535298,665,0,"[0, 1]"
403361,7535298,849,0,"[0, 1]"
403361,7535298,621,0,"[0, 1]"
403361,7535298,822,0,"[0, 1]"
403361,7535298,754,0,"[0, 1]"
403361,7535298,776,0,"[0, 1]"
403361,7535298,523,0,"[0, 1]"
403361,7535298,803,0,"[0, 1]"
403361,7535298,764,0,"[0, 1]"
403361,7535298,643,0,"[0, 1]"
403361,7535298,820,0,"[0, 1]"
403361,7535298,631,0,"[0, 1]"
403361,7535298,1950,0,"[0, 1]"
403361,7535298,1995,0,"[0, 1]"
403361,7535298,1412,0,"[0, 1]"
403361,7535298,1146,0,"[0, 1]"
403361,7535298,1109,0,"[0, 1]"
403361,7535298,1770,0,"[0, 1]"
403361,7535298,1914,0,"[0, 1]"
403361,7535298,2033,0,"[0, 1]"
403361,7535298,1247,0,"[0, 1]"
403361,7535298,1445,0,"[0, 1]"
403361,7535298,1383,0,"[0, 1]"
403361,7535298,1351,0,"[0, 1]"
403361,7535298,1509,0,"[0, 1]"
403361,7535298,1582,0,"[0, 1]"
403361,7535298,1150,0,"[0, 1]"
403361,7535298,1733,0,"[0, 1]"
403361,7535298,1112,0,"[0, 1]"
403361,7535298,1085,0,"[0, 1]"
403361,7535298,1166,0,"[0, 1]"
403361,7535298,1108,0,"[0, 1]"
403361,7535298,2050,0,"[0, 1]"
403361,7535298,3142,0,"[0, 1]"
403361,7535298,4063,0,"[0, 1]"
403361,7535298,2481,0,"[0, 1]"
403361,7535298,3862,0,"[0, 1]"
403361,7535298,3273,0,"[0, 1]"
403361,7535298,3937,0,"[0, 1]"
403361,7535298,3359,0,"[0, 1]"
403361,7535298,4037,0,"[0, 1]"
403361,7535298,3703,0,"[0, 1]"
403361,7535298,2758,0,"[0, 1]"
403361,7535298,2889,0,"[0, 1]"
403361,7535298,2656,0,"[0, 1]"
403361,7535298,2456,0,"[0, 1]"
403361,7535298,2425,0,"[0, 1]"
403361,7535298,2664,0,"[0, 1]"
403361,7535298,4022,0,"[0, 1]"
403361,7535298,3706,0,"[0, 1]"
403361,7535298,2734,0,"[0, 1]"
403361,7535298,3068,0,"[0, 1]"
403361,7535298,2909,0,"[0, 1]"
403361,7535298,3453,0,"[0, 1]"
403361,7535298,7102411,1,"[0, 1]"
403361,7535298,7283909,1,"[0, 1]"
403361,7535298,7134339,1,"[0, 1]"
403361,7535298,7100724,1,"[0, 1]"
403361,7535298,7137181,1,"[0, 1]"
403361,7535298,7115790,1,"[0, 1]"
403361,7535298,7454698,1,"[0, 1]"
403361,7535298,2097896,1,"[0, 1]"
403361,7535298,4524,0,"[0, 1]"
403361,7535298,4641,0,"[0, 1]"
403361,7535298,4262196,1,"[0, 1]"
403361,7535298,4147,0,"[0, 1]"
403361,7535298,3724143,1,"[0, 1]"
403361,7535298,6048070,1,"[0, 1]"
403361,7535298,4633,0,"[0, 1]"
403361,7535298,7289701,1,"[0, 1]"
403361,7535298,2524631,1,"[0, 1]"
403361,7535298,7141792,1,"[0, 1]"
403361,7535298,7183057,1,"[0, 1]"
403361,7535298,7118975,1,"[0, 1]"
403361,7535298,7140105,1,"[0, 1]"
403361,7535298,7359452,1,"[0, 1]"
403361,7535298,7530546,1,"[0, 1]"
403361,7535298,7542697,1,"[0, 1]"
406525,1078569,1078569,1,"[1, 0]"
406525,1078569,3973,0,"[1, 0]"
406525,1078569,1986,0,"[1, 0]"
406525,1078569,992,0,"[1, 0]"
406525,1078569,495,0,"[1, 0]"
406525,1078569,247,0,"[1, 0]"
406525,1078569,123,0,"[1, 0]"
406525,1078569,61,0,"[1, 0]"
406525,1078569,30,0,"[1, 0]"
406525,1078569,14,0,"[1, 0]"
406525,1078569,6,0,"[1, 0]"
406525,1078569,2,0,"[1, 0]"
406525,1078569,0,0,"[1, 0]"
406525,1078569,2,0,"[0, 1]"
406525,1078569,1,0,"[0, 1]"
406525,1078569,3,0,"[0, 1]"
406525,1078569,5,0,"[0, 1]"
406525,1078569,4,0,"[0, 1]"
406525,1078569,6,0,"[0, 1]"
406525,1078569,11,0,"[0, 1]"
406525,1078569,9,0,"[0, 1]"
406525,1078569,8,0,"[0, 1]"
406525,1078569,10,0,"[0, 1]"
406525,1078569,14,0,"[0, 1]"
406525,1078569,12,0,"[0, 1]"
406525,1078569,26,0,"[0, 1]"
406525,1078569,18,0,"[0, 1]"
406525,1078569,27,0,"[0, 1]"
406525,1078569,28,0,"[0, 1]"
406525,1078569,17,0,"[0, 1]"
406525,1078569,29,0,"[0, 1]"
406525,1078569,15,0,"[0, 1]"
406525,1078569,19,0,"[0, 1]"
406525,1078569,37,0,"[0, 1]"
406525,1078569,49,0,"[0, 1]"
406525,1078569,47,0,"[0, 1]"
406525,1078569,61,0,"[0, 1]"
406525,1078569,45,0,"[0, 1]"
406525,1078569,38,0,"[0, 1]"
406525,1078569,39,0,"[0, 1]"
406525,1078569,41,0,"[0, 1]"
406525,1078569,56,0,"[0, 1]"
406525,1078569,54,0,"[0, 1]"
406525,1078569,71,0,"[0, 1]"
406525,1078569,113,0,"[0, 1]"
406525,1078569,121,0,"[0, 1]"
406525,1078569,125,0,"[0, 1]"
406525,1078569,98,0,"[0, 1]"
406525,1078569,116,0,"[0, 1]"
406525,1078569,74,0,"[0, 1]"
406525,1078569,110,0,"[0, 1]"
406525,1078569,93,0,"[0, 1]"
406525,1078569,96,0,"[0, 1]"
406525,1078569,112,0,"[0, 1]"
406525,1078569,75,0,"[0, 1]"
406525,1078569,216,0,"[0, 1]"
406525,1078569,150,0,"[0, 1]"
406525,1078569,209,0,"[0, 1]"
406525,1078569,190,0,"[0, 1]"
406525,1078569,207,0,"[0, 1]"
406525,1078569,203,0,"[0, 1]"
406525,1078569,197,0,"[0, 1]"
406525,1078569,167,0,"[0, 1]"
406525,1078569,244,0,"[0, 1]"
406525,1078569,175,0,"[0, 1]"
406525,1078569,194,0,"[0, 1]"
406525,1078569,248,0,"[0, 1]"
406525,1078569,172,0,"[0, 1]"
406525,1078569,156,0,"[0, 1]"
406525,1078569,306,0,"[0, 1]"
406525,1078569,261,0,"[0, 1]"
406525,1078569,373,0,"[0, 1]"
406525,1078569,459,0,"[0, 1]"
406525,1078569,475,0,"[0, 1]"
406525,1078569,331,0,"[0, 1]"
406525,1078569,260,0,"[0, 1]"
406525,1078569,377,0,"[0, 1]"
406525,1078569,389,0,"[0, 1]"
406525,1078569,292,0,"[0, 1]"
406525,1078569,477,0,"[0, 1]"
406525,1078569,470,0,"[0, 1]"
406525,1078569,442,0,"[0, 1]"
406525,1078569,284,0,"[0, 1]"
406525,1078569,506,0,"[0, 1]"
406525,1078569,293,0,"[0, 1]"
406525,1078569,969,0,"[0, 1]"
406525,1078569,839,0,"[0, 1]"
406525,1078569,825,0,"[0, 1]"
406525,1078569,721,0,"[0, 1]"
406525,1078569,658,0,"[0, 1]"
406525,1078569,725,0,"[0, 1]"
406525,1078569,563,0,"[0, 1]"
406525,1078569,654,0,"[0, 1]"
406525,1078569,632,0,"[0, 1]"
406525,1078569,560,0,"[0, 1]"
406525,1078569,533,0,"[0, 1]"
406525,1078569,696,0,"[0, 1]"
406525,1078569,764,0,"[0, 1]"
406525,1078569,1016,0,"[0, 1]"
406525,1078569,1011,0,"[0, 1]"
406525,1078569,893,0,"[0, 1]"
406525,1078569,926,0,"[0, 1]"
406525,1078569,798,0,"[0, 1]"
406525,1078569,1833,0,"[0, 1]"
406525,1078569,1077,0,"[0, 1]"
406525,1078569,1131,0,"[0, 1]"
406525,1078569,1454,0,"[0, 1]"
406525,1078569,1766,0,"[0, 1]"
406525,1078569,1916,0,"[0, 1]"
406525,1078569,1263,0,"[0, 1]"
406525,1078569,1582,0,"[0, 1]"
406525,1078569,1125,0,"[0, 1]"
406525,1078569,1075,0,"[0, 1]"
406525,1078569,1522,0,"[0, 1]"
406525,1078569,1495,0,"[0, 1]"
406525,1078569,1467,0,"[0, 1]"
406525,1078569,1763,0,"[0, 1]"
406525,1078569,1848,0,"[0, 1]"
406525,1078569,1157,0,"[0, 1]"
406525,1078569,1423,0,"[0, 1]"
406525,1078569,1892,0,"[0, 1]"
406525,1078569,1632,0,"[0, 1]"
406525,1078569,1211,0,"[0, 1]"
406525,1078569,4073,0,"[0, 1]"
406525,1078569,2799,0,"[0, 1]"
406525,1078569,2931,0,"[0, 1]"
406525,1078569,2628,0,"[0, 1]"
406525,1078569,2881,0,"[0, 1]"
406525,1078569,2453,0,"[0, 1]"
406525,1078569,4042,0,"[0, 1]"
406525,1078569,4060,0,"[0, 1]"
406525,1078569,2635,0,"[0, 1]"
406525,1078569,3427,0,"[0, 1]"
406525,1078569,2200,0,"[0, 1]"
406525,1078569,3337,0,"[0, 1]"
406525,1078569,2995,0,"[0, 1]"
406525,1078569,2819,0,"[0, 1]"
406525,1078569,2495,0,"[0, 1]"
406525,1078569,3939,0,"[0, 1]"
406525,1078569,2348,0,"[0, 1]"
406525,1078569,2177,0,"[0, 1]"
406525,1078569,2796,0,"[0, 1]"
406525,1078569,3330,0,"[0, 1]"
406525,1078569,2745,0,"[0, 1]"
406525,1078569,3333,0,"[0, 1]"
406525,1078569,7681474,1,"[0, 1]"
406525,1078569,7261226,1,"[0, 1]"
406525,1078569,7124884,1,"[0, 1]"
406525,1078569,7274432,1,"[0, 1]"
406525,1078569,7253127,1,"[0, 1]"
406525,1078569,7312117,1,"[0, 1]"
406525,1078569,7287824,1,"[0, 1]"
406525,1078569,4675,0,"[0, 1]"
406525,1078569,7268310,1,"[0, 1]"
406525,1078569,7631639,1,"[0, 1]"
406525,1078569,4957,0,"[0, 1]"
406525,1078569,4312,0,"[0, 1]"
406525,1078569,7162983,1,"[0, 1]"
406525,1078569,7239131,1,"[0, 1]"
406525,1078569,7341084,1,"[0, 1]"
406525,1078569,7183936,1,"[0, 1]"
406525,1078569,4837,0,"[0, 1]"
406525,1078569,7240379,1,"[0, 1]"
406525,1078569,7154444,1,"[0, 1]"
406525,1078569,7072358,1,"[0, 1]"
406525,1078569,7193888,1,"[0, 1]"
406525,1078569,7274620,1,"[0, 1]"
406525,1078569,4366,0,"[0, 1]"
406525,1078569,7597855,1,"[0, 1]"
488021,7535426,7535426,1,"[1, 0]"
488021,7535426,3215,0,"[1, 0]"
488021,7535426,1607,0,"[1, 0]"
488021,7535426,803,0,"[1, 0]"
488021,7535426,401,0,"[1, 0]"
488021,7535426,200,0,"[1, 0]"
488021,7535426,99,0,"[1, 0]"
488021,7535426,49,0,"[1, 0]"
488021,7535426,24,0,"[1, 0]"
488021,7535426,11,0,"[1, 0]"
488021,7535426,5,0,"[1, 0]"
488021,7535426,2,0,"[1, 0]"
488021,7535426,0,0,"[1, 0]"
488021,7535426,1,0,"[0, 1]"
488021,7535426,2,0,"[0, 1]"
488021,7535426,6,0,"[0, 1]"
488021,7535426,3,0,"[0, 1]"
488021,7535426,5,0,"[0, 1]"
488021,7535426,4,0,"[0, 1]"
488021,7535426,14,0,"[0, 1]"
488021,7535426,12,0,"[0, 1]"
488021,7535426,7,0,"[0, 1]"
488021,7535426,13,0,"[0, 1]"
488021,7535426,8,0,"[0, 1]"
488021,7535426,10,0,"[0, 1]"
488021,7535426,23,0,"[0, 1]"
488021,7535426,27,0,"[0, 1]"
488021,7535426,24,0,"[0, 1]"
488021,7535426,29,0,"[0, 1]"
488021,7535426,28,0,"[0, 1]"
488021,7535426,30,0,"[0, 1]"
488021,7535426,20,0,"[0, 1]"
488021,7535426,18,0,"[0, 1]"
488021,7535426,39,0,"[0, 1]"
488021,7535426,55,0,"[0, 1]"
488021,7535426,43,0,"[0, 1]"
488021,7535426,42,0,"[0, 1]"
488021,7535426,53,0,"[0, 1]"
488021,7535426,58,0,"[0, 1]"
488021,7535426,52,0,"[0, 1]"
488021,7535426,37,0,"[0, 1]"
488021,7535426,60,0,"[0, 1]"
488021,7535426,56,0,"[0, 1]"
488021,7535426,65,0,"[0, 1]"
488021,7535426,119,0,"[0, 1]"
488021,7535426,117,0,"[0, 1]"
488021,7535426,103,0,"[0, 1]"
488021,7535426,124,0,"[0, 1]"
488021,7535426,98,0,"[0, 1]"
488021,7535426,120,0,"[0, 1]"
488021,7535426,64,0,"[0, 1]"
488021,7535426,79,0,"[0, 1]"
488021,7535426,69,0,"[0, 1]"
488021,7535426,115,0,"[0, 1]"
488021,7535426,68,0,"[0, 1]"
488021,7535426,156,0,"[0, 1]"
488021,7535426,242,0,"[0, 1]"
488021,7535426,133,0,"[0, 1]"
488021,7535426,158,0,"[0, 1]"
488021,7535426,146,0,"[0, 1]"
488021,7535426,168,0,"[0, 1]"
488021,7535426,209,0,"[0, 1]"
488021,7535426,188,0,"[0, 1]"
488021,7535426,217,0,"[0, 1]"
488021,7535426,151,0,"[0, 1]"
488021,7535426,225,0,"[0, 1]"
488021,7535426,236,0,"[0, 1]"
488021,7535426,215,0,"[0, 1]"
488021,7535426,199,0,"[0, 1]"
488021,7535426,488,0,"[0, 1]"
488021,7535426,258,0,"[0, 1]"
488021,7535426,398,0,"[0, 1]"
488021,7535426,260,0,"[0, 1]"
488021,7535426,319,0,"[0, 1]"
488021,7535426,257,0,"[0, 1]"
488021,7535426,354,0,"[0, 1]"
488021,7535426,334,0,"[0, 1]"
488021,7535426,423,0,"[0, 1]"
488021,7535426,355,0,"[0, 1]"
488021,7535426,374,0,"[0, 1]"
488021,7535426,440,0,"[0, 1]"
488021,7535426,271,0,"[0, 1]"
488021,7535426,314,0,"[0, 1]"
488021,7535426,342,0,"[0, 1]"
488021,7535426,468,0,"[0, 1]"
488021,7535426,734,0,"[0, 1]"
488021,7535426,870,0,"[0, 1]"
488021,7535426,535,0,"[0, 1]"
488021,7535426,801,0,"[0, 1]"
488021,7535426,517,0,"[0, 1]"
488021,7535426,649,0,"[0, 1]"
488021,7535426,871,0,"[0, 1]"
488021,7535426,814,0,"[0, 1]"
488021,7535426,965,0,"[0, 1]"
488021,7535426,853,0,"[0, 1]"
488021,7535426,908,0,"[0, 1]"
488021,7535426,599,0,"[0, 1]"
488021,7535426,726,0,"[0, 1]"
488021,7535426,817,0,"[0, 1]"
488021,7535426,586,0,"[0, 1]"
488021,7535426,767,0,"[0, 1]"
488021,7535426,991,0,"[0, 1]"
488021,7535426,824,0,"[0, 1]"
488021,7535426,1269,0,"[0, 1]"
488021,7535426,1539,0,"[0, 1]"
488021,7535426,2007,0,"[0, 1]"
488021,7535426,1784,0,"[0, 1]"
488021,7535426,1245,0,"[0, 1]"
488021,7535426,1674,0,"[0, 1]"
488021,7535426,1294,0,"[0, 1]"
488021,7535426,1664,0,"[0, 1]"
488021,7535426,1070,0,"[0, 1]"
488021,7535426,1704,0,"[0, 1]"
488021,7535426,2010,0,"[0, 1]"
488021,7535426,1193,0,"[0, 1]"
488021,7535426,1249,0,"[0, 1]"
488021,7535426,1236,0,"[0, 1]"
488021,7535426,1769,0,"[0, 1]"
488021,7535426,1474,0,"[0, 1]"
488021,7535426,1238,0,"[0, 1]"
488021,7535426,1923,0,"[0, 1]"
488021,7535426,2033,0,"[0, 1]"
488021,7535426,1897,0,"[0, 1]"
488021,7535426,3637,0,"[0, 1]"
488021,7535426,2983,0,"[0, 1]"
488021,7535426,3024,0,"[0, 1]"
488021,7535426,3884,0,"[0, 1]"
488021,7535426,4061,0,"[0, 1]"
488021,7535426,3254,0,"[0, 1]"
488021,7535426,2193,0,"[0, 1]"
488021,7535426,3490,0,"[0, 1]"
488021,7535426,3887,0,"[0, 1]"
488021,7535426,3534,0,"[0, 1]"
488021,7535426,2675,0,"[0, 1]"
488021,7535426,2178,0,"[0, 1]"
488021,7535426,3915,0,"[0, 1]"
488021,7535426,3679,0,"[0, 1]"
488021,7535426,2368,0,"[0, 1]"
488021,7535426,2691,0,"[0, 1]"
488021,7535426,3760,0,"[0, 1]"
488021,7535426,3972,0,"[0, 1]"
488021,7535426,3816,0,"[0, 1]"
488021,7535426,2522,0,"[0, 1]"
488021,7535426,3888,0,"[0, 1]"
488021,7535426,2744,0,"[0, 1]"
488021,7535426,4877,0,"[0, 1]"
488021,7535426,4125,0,"[0, 1]"
488021,7535426,6519900,1,"[0, 1]"
488021,7535426,4704,0,"[0, 1]"
488021,7535426,7089124,1,"[0, 1]"
488021,7535426,7106343,1,"[0, 1]"
488021,7535426,4292,0,"[0, 1]"
488021,7535426,7212499,1,"[0, 1]"
488021,7535426,7135151,1,"[0, 1]"
488021,7535426,7387480,1,"[0, 1]"
488021,7535426,7600853,1,"[0, 1]"
488021,7535426,7633169,1,"[0, 1]"
488021,7535426,7423398,1,"[0, 1]"
488021,7535426,7560119,1,"[0, 1]"
488021,7535426,7232730,1,"[0, 1]"
488021,7535426,7125770,1,"[0, 1]"
488021,7535426,4538702,1,"[0, 1]"
488021,7535426,4559,0,"[0, 1]"
488021,7535426,414827,1,"[0, 1]"
488021,7535426,7095212,1,"[0, 1]"
488021,7535426,7174859,1,"[0, 1]"
488021,7535426,7137482,1,"[0, 1]"
488021,7535426,7488908,1,"[0, 1]"
488021,7535426,3551968,1,"[0, 1]"
510444,7535614,7535614,1,"[1, 0]"
510444,7535614,2574,0,"[1, 0]"
510444,7535614,1286,0,"[1, 0]"
510444,7535614,642,0,"[1, 0]"
510444,7535614,320,0,"[1, 0]"
510444,7535614,159,0,"[1, 0]"
510444,7535614,79,0,"[1, 0]"
510444,7535614,39,0,"[1, 0]"
510444,7535614,19,0,"[1, 0]"
510444,7535614,9,0,"[1, 0]"
510444,7535614,4,0,"[1, 0]"
510444,7535614,1,0,"[1, 0]"
510444,7535614,0,0,"[1, 0]"
510444,7535614,1,0,"[0, 1]"
510444,7535614,2,0,"[0, 1]"
510444,7535614,4,0,"[0, 1]"
510444,7535614,6,0,"[0, 1]"
510444,7535614,3,0,"[0, 1]"
510444,7535614,5,0,"[0, 1]"
510444,7535614,8,0,"[0, 1]"
510444,7535614,12,0,"[0, 1]"
510444,7535614,9,0,"[0, 1]"
510444,7535614,13,0,"[0, 1]"
510444,7535614,11,0,"[0, 1]"
510444,7535614,7,0,"[0, 1]"
510444,7535614,30,0,"[0, 1]"
510444,7535614,17,0,"[0, 1]"
510444,7535614,22,0,"[0, 1]"
510444,7535614,29,0,"[0, 1]"
510444,7535614,28,0,"[0, 1]"
510444,7535614,20,0,"[0, 1]"
510444,7535614,19,0,"[0, 1]"
510444,7535614,18,0,"[0, 1]"
510444,7535614,38,0,"[0, 1]"
510444,7535614,35,0,"[0, 1]"
510444,7535614,57,0,"[0, 1]"
510444,7535614,51,0,"[0, 1]"
510444,7535614,52,0,"[0, 1]"
510444,7535614,62,0,"[0, 1]"
510444,7535614,59,0,"[0, 1]"
510444,7535614,46,0,"[0, 1]"
510444,7535614,55,0,"[0, 1]"
510444,7535614,32,0,"[0, 1]"
510444,7535614,91,0,"[0, 1]"
510444,7535614,80,0,"[0, 1]"
510444,7535614,77,0,"[0, 1]"
510444,7535614,113,0,"[0, 1]"
510444,7535614,65,0,"[0, 1]"
510444,7535614,66,0,"[0, 1]"
510444,7535614,92,0,"[0, 1]"
510444,7535614,126,0,"[0, 1]"
510444,7535614,93,0,"[0, 1]"
510444,7535614,82,0,"[0, 1]"
510444,7535614,108,0,"[0, 1]"
510444,7535614,97,0,"[0, 1]"
510444,7535614,169,0,"[0, 1]"
510444,7535614,168,0,"[0, 1]"
510444,7535614,131,0,"[0, 1]"
510444,7535614,226,0,"[0, 1]"
510444,7535614,206,0,"[0, 1]"
510444,7535614,140,0,"[0, 1]"
510444,7535614,161,0,"[0, 1]"
510444,7535614,139,0,"[0, 1]"
510444,7535614,141,0,"[0, 1]"
510444,7535614,129,0,"[0, 1]"
510444,7535614,158,0,"[0, 1]"
510444,7535614,198,0,"[0, 1]"
510444,7535614,194,0,"[0, 1]"
510444,7535614,207,0,"[0, 1]"
510444,7535614,426,0,"[0, 1]"
510444,7535614,273,0,"[0, 1]"
510444,7535614,408,0,"[0, 1]"
510444,7535614,354,0,"[0, 1]"
510444,7535614,509,0,"[0, 1]"
510444,7535614,276,0,"[0, 1]"
510444,7535614,498,0,"[0, 1]"
510444,7535614,299,0,"[0, 1]"
510444,7535614,411,0,"[0, 1]"
510444,7535614,301,0,"[0, 1]"
510444,7535614,402,0,"[0, 1]"
510444,7535614,446,0,"[0, 1]"
510444,7535614,261,0,"[0, 1]"
510444,7535614,337,0,"[0, 1]"
510444,7535614,284,0,"[0, 1]"
510444,7535614,291,0,"[0, 1]"
510444,7535614,598,0,"[0, 1]"
510444,7535614,979,0,"[0, 1]"
510444,7535614,924,0,"[0, 1]"
510444,7535614,948,0,"[0, 1]"
510444,7535614,888,0,"[0, 1]"
510444,7535614,991,0,"[0, 1]"
510444,7535614,920,0,"[0, 1]"
510444,7535614,604,0,"[0, 1]"
510444,7535614,623,0,"[0, 1]"
510444,7535614,1016,0,"[0, 1]"
510444,7535614,596,0,"[0, 1]"
510444,7535614,705,0,"[0, 1]"
510444,7535614,839,0,"[0, 1]"
510444,7535614,862,0,"[0, 1]"
510444,7535614,516,0,"[0, 1]"
510444,7535614,748,0,"[0, 1]"
510444,7535614,827,0,"[0, 1]"
510444,7535614,792,0,"[0, 1]"
510444,7535614,1573,0,"[0, 1]"
510444,7535614,1510,0,"[0, 1]"
510444,7535614,1436,0,"[0, 1]"
510444,7535614,1373,0,"[0, 1]"
510444,7535614,1164,0,"[0, 1]"
510444,7535614,1156,0,"[0, 1]"
510444,7535614,1342,0,"[0, 1]"
510444,7535614,1029,0,"[0, 1]"
510444,7535614,1857,0,"[0, 1]"
510444,7535614,1800,0,"[0, 1]"
510444,7535614,1068,0,"[0, 1]"
510444,7535614,1442,0,"[0, 1]"
510444,7535614,1184,0,"[0, 1]"
510444,7535614,1962,0,"[0, 1]"
510444,7535614,2030,0,"[0, 1]"
510444,7535614,1716,0,"[0, 1]"
510444,7535614,1889,0,"[0, 1]"
510444,7535614,1974,0,"[0, 1]"
510444,7535614,1875,0,"[0, 1]"
510444,7535614,1185,0,"[0, 1]"
510444,7535614,2574,0,"[0, 1]"
510444,7535614,2907,0,"[0, 1]"
510444,7535614,2344,0,"[0, 1]"
510444,7535614,3874,0,"[0, 1]"
510444,7535614,3058,0,"[0, 1]"
510444,7535614,2660,0,"[0, 1]"
510444,7535614,2933,0,"[0, 1]"
510444,7535614,2171,0,"[0, 1]"
510444,7535614,3985,0,"[0, 1]"
510444,7535614,2946,0,"[0, 1]"
510444,7535614,2702,0,"[0, 1]"
510444,7535614,3621,0,"[0, 1]"
510444,7535614,3729,0,"[0, 1]"
510444,7535614,2855,0,"[0, 1]"
510444,7535614,3231,0,"[0, 1]"
510444,7535614,3170,0,"[0, 1]"
510444,7535614,2075,0,"[0, 1]"
510444,7535614,2372,0,"[0, 1]"
510444,7535614,2318,0,"[0, 1]"
510444,7535614,3053,0,"[0, 1]"
510444,7535614,2979,0,"[0, 1]"
510444,7535614,2457,0,"[0, 1]"
510444,7535614,7187564,1,"[0, 1]"
510444,7535614,7373976,1,"[0, 1]"
510444,7535614,7203741,1,"[0, 1]"
510444,7535614,7196388,1,"[0, 1]"
510444,7535614,7087159,1,"[0, 1]"
510444,7535614,7099584,1,"[0, 1]"
510444,7535614,7067056,1,"[0, 1]"
510444,7535614,4243,0,"[0, 1]"
510444,7535614,7415523,1,"[0, 1]"
510444,7535614,7204654,1,"[0, 1]"
510444,7535614,7370781,1,"[0, 1]"
510444,7535614,4380,0,"[0, 1]"
510444,7535614,7176952,1,"[0, 1]"
510444,7535614,7547624,1,"[0, 1]"
510444,7535614,6661520,1,"[0, 1]"
510444,7535614,7490443,1,"[0, 1]"
510444,7535614,4163,0,"[0, 1]"
510444,7535614,7569773,1,"[0, 1]"
510444,7535614,7639898,1,"[0, 1]"
510444,7535614,7633044,1,"[0, 1]"
510444,7535614,2527056,1,"[0, 1]"
510444,7535614,7512335,1,"[0, 1]"
510444,7535614,7610552,1,"[0, 1]"
510444,7535614,7162750,1,"[0, 1]"
755459,7535730,7535730,1,"[1, 0]"
755459,7535730,4577,0,"[1, 0]"
755459,7535730,3137,0,"[1, 0]"
755459,7535730,1568,0,"[1, 0]"
755459,7535730,783,0,"[1, 0]"
755459,7535730,391,0,"[1, 0]"
755459,7535730,195,0,"[1, 0]"
755459,7535730,97,0,"[1, 0]"
755459,7535730,48,0,"[1, 0]"
755459,7535730,23,0,"[1, 0]"
755459,7535730,11,0,"[1, 0]"
755459,7535730,5,0,"[1, 0]"
755459,7535730,2,0,"[1, 0]"
755459,7535730,0,0,"[1, 0]"
755459,7535730,2,0,"[0, 1]"
755459,7535730,1,0,"[0, 1]"
755459,7535730,6,0,"[0, 1]"
755459,7535730,4,0,"[0, 1]"
755459,7535730,5,0,"[0, 1]"
755459,7535730,3,0,"[0, 1]"
755459,7535730,8,0,"[0, 1]"
755459,7535730,14,0,"[0, 1]"
755459,7535730,13,0,"[0, 1]"
755459,7535730,9,0,"[0, 1]"
755459,7535730,7,0,"[0, 1]"
755459,7535730,10,0,"[0, 1]"
755459,7535730,25,0,"[0, 1]"
755459,7535730,26,0,"[0, 1]"
755459,7535730,17,0,"[0, 1]"
755459,7535730,18,0,"[0, 1]"
755459,7535730,29,0,"[0, 1]"
755459,7535730,19,0,"[0, 1]"
755459,7535730,27,0,"[0, 1]"
755459,7535730,23,0,"[0, 1]"
755459,7535730,35,0,"[0, 1]"
755459,7535730,48,0,"[0, 1]"
755459,7535730,40,0,"[0, 1]"
755459,7535730,34,0,"[0, 1]"
755459,7535730,31,0,"[0, 1]"
755459,7535730,47,0,"[0, 1]"
755459,7535730,51,0,"[0, 1]"
755459,7535730,43,0,"[0, 1]"
755459,7535730,46,0,"[0, 1]"
755459,7535730,61,0,"[0, 1]"
755459,7535730,104,0,"[0, 1]"
755459,7535730,101,0,"[0, 1]"
755459,7535730,72,0,"[0, 1]"
755459,7535730,78,0,"[0, 1]"
755459,7535730,70,0,"[0, 1]"
755459,7535730,100,0,"[0, 1]"
755459,7535730,94,0,"[0, 1]"
755459,7535730,102,0,"[0, 1]"
755459,7535730,118,0,"[0, 1]"
755459,7535730,93,0,"[0, 1]"
755459,7535730,90,0,"[0, 1]"
755459,7535730,123,0,"[0, 1]"
755459,7535730,198,0,"[0, 1]"
755459,7535730,247,0,"[0, 1]"
755459,7535730,225,0,"[0, 1]"
755459,7535730,133,0,"[0, 1]"
755459,7535730,203,0,"[0, 1]"
755459,7535730,231,0,"[0, 1]"
755459,7535730,181,0,"[0, 1]"
755459,7535730,212,0,"[0, 1]"
755459,7535730,227,0,"[0, 1]"
755459,7535730,167,0,"[0, 1]"
755459,7535730,202,0,"[0, 1]"
755459,7535730,171,0,"[0, 1]"
755459,7535730,186,0,"[0, 1]"
755459,7535730,166,0,"[0, 1]"
755459,7535730,406,0,"[0, 1]"
755459,7535730,263,0,"[0, 1]"
755459,7535730,469,0,"[0, 1]"
755459,7535730,438,0,"[0, 1]"
755459,7535730,366,0,"[0, 1]"
755459,7535730,284,0,"[0, 1]"
755459,7535730,381,0,"[0, 1]"
755459,7535730,340,0,"[0, 1]"
755459,7535730,260,0,"[0, 1]"
755459,7535730,286,0,"[0, 1]"
755459,7535730,450,0,"[0, 1]"
755459,7535730,266,0,"[0, 1]"
755459,7535730,419,0,"[0, 1]"
755459,7535730,499,0,"[0, 1]"
755459,7535730,341,0,"[0, 1]"
755459,7535730,258,0,"[0, 1]"
755459,7535730,861,0,"[0, 1]"
755459,7535730,1004,0,"[0, 1]"
755459,7535730,553,0,"[0, 1]"
755459,7535730,990,0,"[0, 1]"
755459,7535730,582,0,"[0, 1]"
755459,7535730,746,0,"[0, 1]"
755459,7535730,901,0,"[0, 1]"
755459,7535730,830,0,"[0, 1]"
755459,7535730,811,0,"[0, 1]"
755459,7535730,780,0,"[0, 1]"
755459,7535730,876,0,"[0, 1]"
755459,7535730,937,0,"[0, 1]"
755459,7535730,827,0,"[0, 1]"
755459,7535730,831,0,"[0, 1]"
755459,7535730,629,0,"[0, 1]"
755459,7535730,782,0,"[0, 1]"
755459,7535730,808,0,"[0, 1]"
755459,7535730,565,0,"[0, 1]"
755459,7535730,1537,0,"[0, 1]"
755459,7535730,1553,0,"[0, 1]"
755459,7535730,1729,0,"[0, 1]"
755459,7535730,1839,0,"[0, 1]"
755459,7535730,1560,0,"[0, 1]"
755459,7535730,1097,0,"[0, 1]"
755459,7535730,1513,0,"[0, 1]"
755459,7535730,1877,0,"[0, 1]"
755459,7535730,1591,0,"[0, 1]"
755459,7535730,1164,0,"[0, 1]"
755459,7535730,1363,0,"[0, 1]"
755459,7535730,1467,0,"[0, 1]"
755459,7535730,1264,0,"[0, 1]"
755459,7535730,1923,0,"[0, 1]"
755459,7535730,1617,0,"[0, 1]"
755459,7535730,1218,0,"[0, 1]"
755459,7535730,1769,0,"[0, 1]"
755459,7535730,1237,0,"[0, 1]"
755459,7535730,1661,0,"[0, 1]"
755459,7535730,1606,0,"[0, 1]"
755459,7535730,3837,0,"[0, 1]"
755459,7535730,3642,0,"[0, 1]"
755459,7535730,2849,0,"[0, 1]"
755459,7535730,3217,0,"[0, 1]"
755459,7535730,3976,0,"[0, 1]"
755459,7535730,2978,0,"[0, 1]"
755459,7535730,2148,0,"[0, 1]"
755459,7535730,2961,0,"[0, 1]"
755459,7535730,2622,0,"[0, 1]"
755459,7535730,2925,0,"[0, 1]"
755459,7535730,2110,0,"[0, 1]"
755459,7535730,3432,0,"[0, 1]"
755459,7535730,3358,0,"[0, 1]"
755459,7535730,2328,0,"[0, 1]"
755459,7535730,3082,0,"[0, 1]"
755459,7535730,3058,0,"[0, 1]"
755459,7535730,2865,0,"[0, 1]"
755459,7535730,2498,0,"[0, 1]"
755459,7535730,2792,0,"[0, 1]"
755459,7535730,3079,0,"[0, 1]"
755459,7535730,3771,0,"[0, 1]"
755459,7535730,2283,0,"[0, 1]"
755459,7535730,7190154,1,"[0, 1]"
755459,7535730,6048070,1,"[0, 1]"
755459,7535730,7124139,1,"[0, 1]"
755459,7535730,7070950,1,"[0, 1]"
755459,7535730,4298,0,"[0, 1]"
755459,7535730,7207793,1,"[0, 1]"
755459,7535730,7472819,1,"[0, 1]"
755459,7535730,7104007,1,"[0, 1]"
755459,7535730,4605,0,"[0, 1]"
755459,7535730,7259260,1,"[0, 1]"
755459,7535730,7637574,1,"[0, 1]"
755459,7535730,7453109,1,"[0, 1]"
755459,7535730,7628598,1,"[0, 1]"
755459,7535730,7230403,1,"[0, 1]"
755459,7535730,7640682,1,"[0, 1]"
755459,7535730,4522,0,"[0, 1]"
755459,7535730,7499806,1,"[0, 1]"
755459,7535730,7462170,1,"[0, 1]"
755459,7535730,3222178,1,"[0, 1]"
755459,7535730,447379,1,"[0, 1]"
755459,7535730,4927,0,"[0, 1]"
755459,7535730,7421597,1,"[0, 1]"
755459,7535730,7366814,1,"[0, 1]"
755459,7535730,7561728,1,"[0, 1]"
755459,7535730,7406241,1,"[0, 1]"
755459,7535730,7156123,1,"[0, 1]"
755459,7535730,7190993,1,"[0, 1]"
755459,7535730,7443062,1,"[0, 1]"
755459,7535730,7438852,1,"[0, 1]"
755459,7535730,7226385,1,"[0, 1]"
755459,7535730,7310891,1,"[0, 1]"
755459,7535730,7276138,1,"[0, 1]"
755459,7535730,7684421,1,"[0, 1]"
755459,7535730,1050990,1,"[0, 1]"
755459,7535730,7373037,1,"[0, 1]"
755459,7535730,7224789,1,"[0, 1]"
755459,7535730,7315393,1,"[0, 1]"
755459,7535730,7260612,1,"[0, 1]"
755459,7535730,7649098,1,"[0, 1]"
755459,7535730,7432445,1,"[0, 1]"
755459,7535730,7538238,1,"[0, 1]"
755459,7535730,7576706,1,"[0, 1]"
755459,7535730,7625003,1,"[0, 1]"
755459,7535730,7686585,1,"[0, 1]"
755459,7535730,7344668,1,"[0, 1]"
755459,7535730,7540805,1,"[0, 1]"
755459,7535730,7144926,1,"[0, 1]"
755459,7535730,7667610,1,"[0, 1]"
755459,7535730,7594541,1,"[0, 1]"
755459,7535730,7278820,1,"[0, 1]"
1096087,7535859,7535859,1,"[1, 0]"
1096087,7535859,4475,0,"[1, 0]"
1096087,7535859,2909,0,"[1, 0]"
1096087,7535859,1454,0,"[1, 0]"
1096087,7535859,726,0,"[1, 0]"
1096087,7535859,362,0,"[1, 0]"
1096087,7535859,180,0,"[1, 0]"
1096087,7535859,89,0,"[1, 0]"
1096087,7535859,44,0,"[1, 0]"
1096087,7535859,21,0,"[1, 0]"
1096087,7535859,10,0,"[1, 0]"
1096087,7535859,4,0,"[1, 0]"
1096087,7535859,1,0,"[1, 0]"
1096087,7535859,0,0,"[1, 0]"
1096087,7535859,1,0,"[0, 1]"
1096087,7535859,2,0,"[0, 1]"
1096087,7535859,5,0,"[0, 1]"
1096087,7535859,4,0,"[0, 1]"
1096087,7535859,6,0,"[0, 1]"
1096087,7535859,3,0,"[0, 1]"
1096087,7535859,14,0,"[0, 1]"
1096087,7535859,7,0,"[0, 1]"
1096087,7535859,8,0,"[0, 1]"
1096087,7535859,11,0,"[0, 1]"
1096087,7535859,9,0,"[0, 1]"
1096087,7535859,10,0,"[0, 1]"
1096087,7535859,15,0,"[0, 1]"
1096087,7535859,20,0,"[0, 1]"
1096087,7535859,18,0,"[0, 1]"
1096087,7535859,28,0,"[0, 1]"
1096087,7535859,16,0,"[0, 1]"
1096087,7535859,22,0,"[0, 1]"
1096087,7535859,21,0,"[0, 1]"
1096087,7535859,29,0,"[0, 1]"
1096087,7535859,33,0,"[0, 1]"
1096087,7535859,47,0,"[0, 1]"
1096087,7535859,44,0,"[0, 1]"
1096087,7535859,31,0,"[0, 1]"
1096087,7535859,54,0,"[0, 1]"
1096087,7535859,62,0,"[0, 1]"
1096087,7535859,56,0,"[0, 1]"
1096087,7535859,45,0,"[0, 1]"
1096087,7535859,36,0,"[0, 1]"
1096087,7535859,42,0,"[0, 1]"
1096087,7535859,111,0,"[0, 1]"
1096087,7535859,113,0,"[0, 1]"
1096087,7535859,122,0,"[0, 1]"
1096087,7535859,70,0,"[0, 1]"
1096087,7535859,103,0,"[0, 1]"
1096087,7535859,125,0,"[0, 1]"
1096087,7535859,119,0,"[0, 1]"
1096087,7535859,107,0,"[0, 1]"
1096087,7535859,72,0,"[0, 1]"
1096087,7535859,86,0,"[0, 1]"
1096087,7535859,96,0,"[0, 1]"
1096087,7535859,123,0,"[0, 1]"
1096087,7535859,178,0,"[0, 1]"
1096087,7535859,216,0,"[0, 1]"
1096087,7535859,135,0,"[0, 1]"
1096087,7535859,248,0,"[0, 1]"
1096087,7535859,210,0,"[0, 1]"
1096087,7535859,203,0,"[0, 1]"
1096087,7535859,239,0,"[0, 1]"
1096087,7535859,228,0,"[0, 1]"
1096087,7535859,145,0,"[0, 1]"
1096087,7535859,176,0,"[0, 1]"
1096087,7535859,241,0,"[0, 1]"
1096087,7535859,158,0,"[0, 1]"
1096087,7535859,227,0,"[0, 1]"
1096087,7535859,180,0,"[0, 1]"
1096087,7535859,349,0,"[0, 1]"
1096087,7535859,412,0,"[0, 1]"
1096087,7535859,494,0,"[0, 1]"
1096087,7535859,442,0,"[0, 1]"
1096087,7535859,506,0,"[0, 1]"
1096087,7535859,452,0,"[0, 1]"
1096087,7535859,295,0,"[0, 1]"
1096087,7535859,443,0,"[0, 1]"
1096087,7535859,279,0,"[0, 1]"
1096087,7535859,328,0,"[0, 1]"
1096087,7535859,271,0,"[0, 1]"
1096087,7535859,261,0,"[0, 1]"
1096087,7535859,459,0,"[0, 1]"
1096087,7535859,457,0,"[0, 1]"
1096087,7535859,462,0,"[0, 1]"
1096087,7535859,450,0,"[0, 1]"
1096087,7535859,750,0,"[0, 1]"
1096087,7535859,1008,0,"[0, 1]"
1096087,7535859,1000,0,"[0, 1]"
1096087,7535859,891,0,"[0, 1]"
1096087,7535859,997,0,"[0, 1]"
1096087,7535859,787,0,"[0, 1]"
1096087,7535859,571,0,"[0, 1]"
1096087,7535859,583,0,"[0, 1]"
1096087,7535859,525,0,"[0, 1]"
1096087,7535859,657,0,"[0, 1]"
1096087,7535859,765,0,"[0, 1]"
1096087,7535859,856,0,"[0, 1]"
1096087,7535859,725,0,"[0, 1]"
1096087,7535859,738,0,"[0, 1]"
1096087,7535859,913,0,"[0, 1]"
1096087,7535859,917,0,"[0, 1]"
1096087,7535859,707,0,"[0, 1]"
1096087,7535859,737,0,"[0, 1]"
1096087,7535859,1801,0,"[0, 1]"
1096087,7535859,1917,0,"[0, 1]"
1096087,7535859,1907,0,"[0, 1]"
1096087,7535859,1205,0,"[0, 1]"
1096087,7535859,1233,0,"[0, 1]"
1096087,7535859,1073,0,"[0, 1]"
1096087,7535859,1490,0,"[0, 1]"
1096087,7535859,1467,0,"[0, 1]"
1096087,7535859,1918,0,"[0, 1]"
1096087,7535859,1438,0,"[0, 1]"
1096087,7535859,1998,0,"[0, 1]"
1096087,7535859,1066,0,"[0, 1]"
1096087,7535859,1269,0,"[0, 1]"
1096087,7535859,1051,0,"[0, 1]"
1096087,7535859,1075,0,"[0, 1]"
1096087,7535859,1090,0,"[0, 1]"
1096087,7535859,1147,0,"[0, 1]"
1096087,7535859,1761,0,"[0, 1]"
1096087,7535859,1603,0,"[0, 1]"
1096087,7535859,1680,0,"[0, 1]"
1096087,7535859,3017,0,"[0, 1]"
1096087,7535859,3730,0,"[0, 1]"
1096087,7535859,2788,0,"[0, 1]"
1096087,7535859,2333,0,"[0, 1]"
1096087,7535859,2095,0,"[0, 1]"
1096087,7535859,2579,0,"[0, 1]"
1096087,7535859,3082,0,"[0, 1]"
1096087,7535859,3290,0,"[0, 1]"
1096087,7535859,3265,0,"[0, 1]"
1096087,7535859,2061,0,"[0, 1]"
1096087,7535859,2342,0,"[0, 1]"
1096087,7535859,3392,0,"[0, 1]"
1096087,7535859,3096,0,"[0, 1]"
1096087,7535859,2924,0,"[0, 1]"
1096087,7535859,3103,0,"[0, 1]"
1096087,7535859,3199,0,"[0, 1]"
1096087,7535859,3593,0,"[0, 1]"
1096087,7535859,2768,0,"[0, 1]"
1096087,7535859,2480,0,"[0, 1]"
1096087,7535859,4062,0,"[0, 1]"
1096087,7535859,2938,0,"[0, 1]"
1096087,7535859,3019,0,"[0, 1]"
1096087,7535859,7197935,1,"[0, 1]"
1096087,7535859,7613233,1,"[0, 1]"
1096087,7535859,4492,0,"[0, 1]"
1096087,7535859,7378243,1,"[0, 1]"
1096087,7535859,7620979,1,"[0, 1]"
1096087,7535859,6998646,1,"[0, 1]"
1096087,7535859,1207273,1,"[0, 1]"
1096087,7535859,617180,1,"[0, 1]"
1096087,7535859,4407,0,"[0, 1]"
1096087,7535859,4227614,1,"[0, 1]"
1096087,7535859,7492796,1,"[0, 1]"
1096087,7535859,4771283,1,"[0, 1]"
1096087,7535859,4208,0,"[0, 1]"
1096087,7535859,7429193,1,"[0, 1]"
1096087,7535859,4241,0,"[0, 1]"
1096087,7535859,7474543,1,"[0, 1]"
1096087,7535859,7299104,1,"[0, 1]"
1096087,7535859,7270789,1,"[0, 1]"
1096087,7535859,7502716,1,"[0, 1]"
1096087,7535859,7642464,1,"[0, 1]"
1096087,7535859,7290474,1,"[0, 1]"
1096087,7535859,7210090,1,"[0, 1]"
1096087,7535859,7414463,1,"[0, 1]"
1096087,7535859,4448,0,"[0, 1]"
1096087,7535859,7664456,1,"[0, 1]"
1096087,7535859,6870512,1,"[0, 1]"
1096087,7535859,7568614,1,"[0, 1]"
1096087,7535859,7387361,1,"[0, 1]"
1096087,7535859,7271568,1,"[0, 1]"
1096087,7535859,7675788,1,"[0, 1]"
1096087,7535859,1401075,1,"[0, 1]"
1096087,7535859,7424521,1,"[0, 1]"
1096087,7535859,1612955,1,"[0, 1]"
1096087,7535859,7390960,1,"[0, 1]"
1096087,7535859,6388976,1,"[0, 1]"
1096087,7535859,7472931,1,"[0, 1]"
1096087,7535859,7626921,1,"[0, 1]"
1096087,7535859,7101182,1,"[0, 1]"
1096087,7535859,7217741,1,"[0, 1]"
1096087,7535859,7299094,1,"[0, 1]"
1096087,7535859,7364238,1,"[0, 1]"
1096087,7535859,7570725,1,"[0, 1]"
1096087,7535859,7093624,1,"[0, 1]"
1096087,7535859,7625003,1,"[0, 1]"
1096087,7535859,7402761,1,"[0, 1]"
1096087,7535859,7605167,1,"[0, 1]"
1096087,7535859,7163603,1,"[0, 1]"
1096087,7535859,7292455,1,"[0, 1]"
1096087,7535859,7249211,1,"[0, 1]"
1096087,7535859,7607075,1,"[0, 1]"
669800,7535890,7535890,1,"[1, 0]"
669800,7535890,3052,0,"[1, 0]"
669800,7535890,1525,0,"[1, 0]"
669800,7535890,762,0,"[1, 0]"
669800,7535890,380,0,"[1, 0]"
669800,7535890,189,0,"[1, 0]"
669800,7535890,94,0,"[1, 0]"
669800,7535890,46,0,"[1, 0]"
669800,7535890,22,0,"[1, 0]"
669800,7535890,10,0,"[1, 0]"
669800,7535890,4,0,"[1, 0]"
669800,7535890,1,0,"[1, 0]"
669800,7535890,0,0,"[1, 0]"
669800,7535890,2,0,"[0, 1]"
669800,7535890,1,0,"[0, 1]"
669800,7535890,3,0,"[0, 1]"
669800,7535890,5,0,"[0, 1]"
669800,7535890,4,0,"[0, 1]"
669800,7535890,6,0,"[0, 1]"
669800,7535890,8,0,"[0, 1]"
669800,7535890,13,0,"[0, 1]"
669800,7535890,14,0,"[0, 1]"
669800,7535890,10,0,"[0, 1]"
669800,7535890,7,0,"[0, 1]"
669800,7535890,12,0,"[0, 1]"
669800,7535890,16,0,"[0, 1]"
669800,7535890,17,0,"[0, 1]"
669800,7535890,19,0,"[0, 1]"
669800,7535890,20,0,"[0, 1]"
669800,7535890,21,0,"[0, 1]"
669800,7535890,26,0,"[0, 1]"
669800,7535890,27,0,"[0, 1]"
669800,7535890,25,0,"[0, 1]"
669800,7535890,54,0,"[0, 1]"
669800,7535890,46,0,"[0, 1]"
669800,7535890,53,0,"[0, 1]"
669800,7535890,40,0,"[0, 1]"
669800,7535890,58,0,"[0, 1]"
669800,7535890,39,0,"[0, 1]"
669800,7535890,49,0,"[0, 1]"
669800,7535890,35,0,"[0, 1]"
669800,7535890,44,0,"[0, 1]"
669800,7535890,31,0,"[0, 1]"
669800,7535890,122,0,"[0, 1]"
669800,7535890,86,0,"[0, 1]"
669800,7535890,93,0,"[0, 1]"
669800,7535890,111,0,"[0, 1]"
669800,7535890,75,0,"[0, 1]"
669800,7535890,118,0,"[0, 1]"
669800,7535890,90,0,"[0, 1]"
669800,7535890,97,0,"[0, 1]"
669800,7535890,112,0,"[0, 1]"
669800,7535890,71,0,"[0, 1]"
669800,7535890,110,0,"[0, 1]"
669800,7535890,66,0,"[0, 1]"
669800,7535890,174,0,"[0, 1]"
669800,7535890,213,0,"[0, 1]"
669800,7535890,219,0,"[0, 1]"
669800,7535890,149,0,"[0, 1]"
669800,7535890,201,0,"[0, 1]"
669800,7535890,133,0,"[0, 1]"
669800,7535890,183,0,"[0, 1]"
669800,7535890,253,0,"[0, 1]"
669800,7535890,130,0,"[0, 1]"
669800,7535890,232,0,"[0, 1]"
669800,7535890,196,0,"[0, 1]"
669800,7535890,197,0,"[0, 1]"
669800,7535890,157,0,"[0, 1]"
669800,7535890,251,0,"[0, 1]"
669800,7535890,336,0,"[0, 1]"
669800,7535890,271,0,"[0, 1]"
669800,7535890,475,0,"[0, 1]"
669800,7535890,368,0,"[0, 1]"
669800,7535890,394,0,"[0, 1]"
669800,7535890,346,0,"[0, 1]"
669800,7535890,316,0,"[0, 1]"
669800,7535890,344,0,"[0, 1]"
669800,7535890,445,0,"[0, 1]"
669800,7535890,455,0,"[0, 1]"
669800,7535890,310,0,"[0, 1]"
669800,7535890,376,0,"[0, 1]"
669800,7535890,439,0,"[0, 1]"
669800,7535890,472,0,"[0, 1]"
669800,7535890,340,0,"[0, 1]"
669800,7535890,348,0,"[0, 1]"
669800,7535890,853,0,"[0, 1]"
669800,7535890,671,0,"[0, 1]"
669800,7535890,933,0,"[0, 1]"
669800,7535890,600,0,"[0, 1]"
669800,7535890,830,0,"[0, 1]"
669800,7535890,685,0,"[0, 1]"
669800,7535890,653,0,"[0, 1]"
669800,7535890,666,0,"[0, 1]"
669800,7535890,984,0,"[0, 1]"
669800,7535890,921,0,"[0, 1]"
669800,7535890,649,0,"[0, 1]"
669800,7535890,852,0,"[0, 1]"
669800,7535890,963,0,"[0, 1]"
669800,7535890,688,0,"[0, 1]"
669800,7535890,1008,0,"[0, 1]"
669800,7535890,1010,0,"[0, 1]"
669800,7535890,771,0,"[0, 1]"
669800,7535890,652,0,"[0, 1]"
669800,7535890,1707,0,"[0, 1]"
669800,7535890,1116,0,"[0, 1]"
669800,7535890,1381,0,"[0, 1]"
669800,7535890,1949,0,"[0, 1]"
669800,7535890,1195,0,"[0, 1]"
669800,7535890,1734,0,"[0, 1]"
669800,7535890,1130,0,"[0, 1]"
669800,7535890,1055,0,"[0, 1]"
669800,7535890,1990,0,"[0, 1]"
669800,7535890,1822,0,"[0, 1]"
669800,7535890,1337,0,"[0, 1]"
669800,7535890,1329,0,"[0, 1]"
669800,7535890,1296,0,"[0, 1]"
669800,7535890,1182,0,"[0, 1]"
669800,7535890,1312,0,"[0, 1]"
669800,7535890,1503,0,"[0, 1]"
669800,7535890,1807,0,"[0, 1]"
669800,7535890,1516,0,"[0, 1]"
669800,7535890,1175,0,"[0, 1]"
669800,7535890,1788,0,"[0, 1]"
669800,7535890,3308,0,"[0, 1]"
669800,7535890,2273,0,"[0, 1]"
669800,7535890,3387,0,"[0, 1]"
669800,7535890,3225,0,"[0, 1]"
669800,7535890,2860,0,"[0, 1]"
669800,7535890,2534,0,"[0, 1]"
669800,7535890,3209,0,"[0, 1]"
669800,7535890,2743,0,"[0, 1]"
669800,7535890,3114,0,"[0, 1]"
669800,7535890,3872,0,"[0, 1]"
669800,7535890,3328,0,"[0, 1]"
669800,7535890,4081,0,"[0, 1]"
669800,7535890,3940,0,"[0, 1]"
669800,7535890,2165,0,"[0, 1]"
669800,7535890,3173,0,"[0, 1]"
669800,7535890,2434,0,"[0, 1]"
669800,7535890,3394,0,"[0, 1]"
669800,7535890,3795,0,"[0, 1]"
669800,7535890,3028,0,"[0, 1]"
669800,7535890,2722,0,"[0, 1]"
669800,7535890,3647,0,"[0, 1]"
669800,7535890,2783,0,"[0, 1]"
669800,7535890,7599025,1,"[0, 1]"
669800,7535890,4598,0,"[0, 1]"
669800,7535890,7111812,1,"[0, 1]"
669800,7535890,7657978,1,"[0, 1]"
669800,7535890,7118484,1,"[0, 1]"
669800,7535890,7256085,1,"[0, 1]"
669800,7535890,7364279,1,"[0, 1]"
669800,7535890,4327,0,"[0, 1]"
669800,7535890,7086188,1,"[0, 1]"
669800,7535890,7529565,1,"[0, 1]"
669800,7535890,7467573,1,"[0, 1]"
669800,7535890,1078569,1,"[0, 1]"
669800,7535890,7414587,1,"[0, 1]"
669800,7535890,4638,0,"[0, 1]"
669800,7535890,4607,0,"[0, 1]"
669800,7535890,7571873,1,"[0, 1]"
669800,7535890,7401332,1,"[0, 1]"
669800,7535890,4558,0,"[0, 1]"
669800,7535890,7191440,1,"[0, 1]"
669800,7535890,7528586,1,"[0, 1]"
669800,7535890,7584172,1,"[0, 1]"
669800,7535890,4307,0,"[0, 1]"
669800,7535890,4962,0,"[0, 1]"
669800,7535890,7253021,1,"[0, 1]"
739671,7535962,7535962,1,"[1, 0]"
739671,7535962,4684,0,"[1, 0]"
739671,7535962,3381,0,"[1, 0]"
739671,7535962,1690,0,"[1, 0]"
739671,7535962,844,0,"[1, 0]"
739671,7535962,421,0,"[1, 0]"
739671,7535962,210,0,"[1, 0]"
739671,7535962,104,0,"[1, 0]"
739671,7535962,51,0,"[1, 0]"
739671,7535962,25,0,"[1, 0]"
739671,7535962,12,0,"[1, 0]"
739671,7535962,5,0,"[1, 0]"
739671,7535962,2,0,"[1, 0]"
739671,7535962,0,0,"[1, 0]"
739671,7535962,1,0,"[0, 1]"
739671,7535962,2,0,"[0, 1]"
739671,7535962,4,0,"[0, 1]"
739671,7535962,3,0,"[0, 1]"
739671,7535962,5,0,"[0, 1]"
739671,7535962,6,0,"[0, 1]"
739671,7535962,7,0,"[0, 1]"
739671,7535962,14,0,"[0, 1]"
739671,7535962,12,0,"[0, 1]"
739671,7535962,11,0,"[0, 1]"
739671,7535962,9,0,"[0, 1]"
739671,7535962,8,0,"[0, 1]"
739671,7535962,29,0,"[0, 1]"
739671,7535962,21,0,"[0, 1]"
739671,7535962,16,0,"[0, 1]"
739671,7535962,28,0,"[0, 1]"
739671,7535962,27,0,"[0, 1]"
739671,7535962,25,0,"[0, 1]"
739671,7535962,17,0,"[0, 1]"
739671,7535962,24,0,"[0, 1]"
739671,7535962,59,0,"[0, 1]"
739671,7535962,35,0,"[0, 1]"
739671,7535962,41,0,"[0, 1]"
739671,7535962,51,0,"[0, 1]"
739671,7535962,61,0,"[0, 1]"
739671,7535962,33,0,"[0, 1]"
739671,7535962,37,0,"[0, 1]"
739671,7535962,60,0,"[0, 1]"
739671,7535962,36,0,"[0, 1]"
739671,7535962,45,0,"[0, 1]"
739671,7535962,122,0,"[0, 1]"
739671,7535962,101,0,"[0, 1]"
739671,7535962,123,0,"[0, 1]"
739671,7535962,72,0,"[0, 1]"
739671,7535962,66,0,"[0, 1]"
739671,7535962,83,0,"[0, 1]"
739671,7535962,70,0,"[0, 1]"
739671,7535962,104,0,"[0, 1]"
739671,7535962,91,0,"[0, 1]"
739671,7535962,107,0,"[0, 1]"
739671,7535962,71,0,"[0, 1]"
739671,7535962,95,0,"[0, 1]"
739671,7535962,236,0,"[0, 1]"
739671,7535962,209,0,"[0, 1]"
739671,7535962,211,0,"[0, 1]"
739671,7535962,141,0,"[0, 1]"
739671,7535962,240,0,"[0, 1]"
739671,7535962,246,0,"[0, 1]"
739671,7535962,159,0,"[0, 1]"
739671,7535962,174,0,"[0, 1]"
739671,7535962,193,0,"[0, 1]"
739671,7535962,210,0,"[0, 1]"
739671,7535962,136,0,"[0, 1]"
739671,7535962,146,0,"[0, 1]"
739671,7535962,226,0,"[0, 1]"
739671,7535962,138,0,"[0, 1]"
739671,7535962,349,0,"[0, 1]"
739671,7535962,415,0,"[0, 1]"
739671,7535962,402,0,"[0, 1]"
739671,7535962,337,0,"[0, 1]"
739671,7535962,364,0,"[0, 1]"
739671,7535962,387,0,"[0, 1]"
739671,7535962,348,0,"[0, 1]"
739671,7535962,375,0,"[0, 1]"
739671,7535962,506,0,"[0, 1]"
739671,7535962,433,0,"[0, 1]"
739671,7535962,323,0,"[0, 1]"
739671,7535962,414,0,"[0, 1]"
739671,7535962,357,0,"[0, 1]"
739671,7535962,446,0,"[0, 1]"
739671,7535962,408,0,"[0, 1]"
739671,7535962,412,0,"[0, 1]"
739671,7535962,553,0,"[0, 1]"
739671,7535962,980,0,"[0, 1]"
739671,7535962,786,0,"[0, 1]"
739671,7535962,594,0,"[0, 1]"
739671,7535962,1018,0,"[0, 1]"
739671,7535962,891,0,"[0, 1]"
739671,7535962,740,0,"[0, 1]"
739671,7535962,587,0,"[0, 1]"
739671,7535962,879,0,"[0, 1]"
739671,7535962,858,0,"[0, 1]"
739671,7535962,935,0,"[0, 1]"
739671,7535962,791,0,"[0, 1]"
739671,7535962,897,0,"[0, 1]"
739671,7535962,911,0,"[0, 1]"
739671,7535962,912,0,"[0, 1]"
739671,7535962,992,0,"[0, 1]"
739671,7535962,868,0,"[0, 1]"
739671,7535962,737,0,"[0, 1]"
739671,7535962,1412,0,"[0, 1]"
739671,7535962,1031,0,"[0, 1]"
739671,7535962,2042,0,"[0, 1]"
739671,7535962,1626,0,"[0, 1]"
739671,7535962,1420,0,"[0, 1]"
739671,7535962,1660,0,"[0, 1]"
739671,7535962,1751,0,"[0, 1]"
739671,7535962,1599,0,"[0, 1]"
739671,7535962,1173,0,"[0, 1]"
739671,7535962,1411,0,"[0, 1]"
739671,7535962,1330,0,"[0, 1]"
739671,7535962,1112,0,"[0, 1]"
739671,7535962,1739,0,"[0, 1]"
739671,7535962,1224,0,"[0, 1]"
739671,7535962,1093,0,"[0, 1]"
739671,7535962,1582,0,"[0, 1]"
739671,7535962,1920,0,"[0, 1]"
739671,7535962,1893,0,"[0, 1]"
739671,7535962,2022,0,"[0, 1]"
739671,7535962,1179,0,"[0, 1]"
739671,7535962,2763,0,"[0, 1]"
739671,7535962,2266,0,"[0, 1]"
739671,7535962,2056,0,"[0, 1]"
739671,7535962,3656,0,"[0, 1]"
739671,7535962,3443,0,"[0, 1]"
739671,7535962,2730,0,"[0, 1]"
739671,7535962,4020,0,"[0, 1]"
739671,7535962,3112,0,"[0, 1]"
739671,7535962,3815,0,"[0, 1]"
739671,7535962,2318,0,"[0, 1]"
739671,7535962,3967,0,"[0, 1]"
739671,7535962,2269,0,"[0, 1]"
739671,7535962,2443,0,"[0, 1]"
739671,7535962,2397,0,"[0, 1]"
739671,7535962,2340,0,"[0, 1]"
739671,7535962,3790,0,"[0, 1]"
739671,7535962,3178,0,"[0, 1]"
739671,7535962,2232,0,"[0, 1]"
739671,7535962,3347,0,"[0, 1]"
739671,7535962,2666,0,"[0, 1]"
739671,7535962,2906,0,"[0, 1]"
739671,7535962,4039,0,"[0, 1]"
739671,7535962,7409576,1,"[0, 1]"
739671,7535962,7142099,1,"[0, 1]"
739671,7535962,7675991,1,"[0, 1]"
739671,7535962,414827,1,"[0, 1]"
739671,7535962,7436505,1,"[0, 1]"
739671,7535962,4551,0,"[0, 1]"
739671,7535962,2297633,1,"[0, 1]"
739671,7535962,3583169,1,"[0, 1]"
739671,7535962,7363684,1,"[0, 1]"
739671,7535962,1216143,1,"[0, 1]"
739671,7535962,7644294,1,"[0, 1]"
739671,7535962,7438306,1,"[0, 1]"
739671,7535962,7182080,1,"[0, 1]"
739671,7535962,7247196,1,"[0, 1]"
739671,7535962,7247204,1,"[0, 1]"
739671,7535962,7348666,1,"[0, 1]"
739671,7535962,7556665,1,"[0, 1]"
739671,7535962,7461042,1,"[0, 1]"
739671,7535962,7384392,1,"[0, 1]"
739671,7535962,7525244,1,"[0, 1]"
739671,7535962,7277771,1,"[0, 1]"
739671,7535962,7682753,1,"[0, 1]"
739671,7535962,7159357,1,"[0, 1]"
739671,7535962,7368724,1,"[0, 1]"
739671,7535962,1100911,1,"[0, 1]"
739671,7535962,7517415,1,"[0, 1]"
739671,7535962,7088720,1,"[0, 1]"
739671,7535962,7661499,1,"[0, 1]"
739671,7535962,7436993,1,"[0, 1]"
739671,7535962,7183698,1,"[0, 1]"
739671,7535962,7214862,1,"[0, 1]"
739671,7535962,7516887,1,"[0, 1]"
739671,7535962,7099509,1,"[0, 1]"
739671,7535962,7287068,1,"[0, 1]"
739671,7535962,2094900,1,"[0, 1]"
739671,7535962,7148911,1,"[0, 1]"
739671,7535962,7673051,1,"[0, 1]"
739671,7535962,7200210,1,"[0, 1]"
739671,7535962,7280364,1,"[0, 1]"
739671,7535962,7383919,1,"[0, 1]"
739671,7535962,7324701,1,"[0, 1]"
739671,7535962,7569502,1,"[0, 1]"
739671,7535962,7599423,1,"[0, 1]"
739671,7535962,661943,1,"[0, 1]"
739671,7535962,7437867,1,"[0, 1]"
739671,7535962,7489237,1,"[0, 1]"
739671,7535962,7416464,1,"[0, 1]"
739671,7535962,7401308,1,"[0, 1]"
739671,7535962,7654838,1,"[0, 1]"
739671,7535962,7187827,1,"[0, 1]"
447797,2191261,2191261,1,"[1, 0]"
447797,2191261,3083,0,"[1, 0]"
447797,2191261,1541,0,"[1, 0]"
447797,2191261,770,0,"[1, 0]"
447797,2191261,384,0,"[1, 0]"
447797,2191261,191,0,"[1, 0]"
447797,2191261,95,0,"[1, 0]"
447797,2191261,47,0,"[1, 0]"
447797,2191261,23,0,"[1, 0]"
447797,2191261,11,0,"[1, 0]"
447797,2191261,5,0,"[1, 0]"
447797,2191261,2,0,"[1, 0]"
447797,2191261,0,0,"[1, 0]"
447797,2191261,1,0,"[0, 1]"
447797,2191261,2,0,"[0, 1]"
447797,2191261,6,0,"[0, 1]"
447797,2191261,4,0,"[0, 1]"
447797,2191261,5,0,"[0, 1]"
447797,2191261,3,0,"[0, 1]"
447797,2191261,12,0,"[0, 1]"
447797,2191261,13,0,"[0, 1]"
447797,2191261,10,0,"[0, 1]"
447797,2191261,14,0,"[0, 1]"
447797,2191261,7,0,"[0, 1]"
447797,2191261,9,0,"[0, 1]"
447797,2191261,25,0,"[0, 1]"
447797,2191261,27,0,"[0, 1]"
447797,2191261,24,0,"[0, 1]"
447797,2191261,19,0,"[0, 1]"
447797,2191261,21,0,"[0, 1]"
447797,2191261,22,0,"[0, 1]"
447797,2191261,23,0,"[0, 1]"
447797,2191261,15,0,"[0, 1]"
447797,2191261,40,0,"[0, 1]"
447797,2191261,53,0,"[0, 1]"
447797,2191261,51,0,"[0, 1]"
447797,2191261,43,0,"[0, 1]"
447797,2191261,62,0,"[0, 1]"
447797,2191261,56,0,"[0, 1]"
447797,2191261,35,0,"[0, 1]"
447797,2191261,59,0,"[0, 1]"
447797,2191261,61,0,"[0, 1]"
447797,2191261,58,0,"[0, 1]"
447797,2191261,77,0,"[0, 1]"
447797,2191261,115,0,"[0, 1]"
447797,2191261,70,0,"[0, 1]"
447797,2191261,107,0,"[0, 1]"
447797,2191261,120,0,"[0, 1]"
447797,2191261,89,0,"[0, 1]"
447797,2191261,74,0,"[0, 1]"
447797,2191261,81,0,"[0, 1]"
447797,2191261,106,0,"[0, 1]"
447797,2191261,64,0,"[0, 1]"
447797,2191261,66,0,"[0, 1]"
447797,2191261,68,0,"[0, 1]"
447797,2191261,182,0,"[0, 1]"
447797,2191261,204,0,"[0, 1]"
447797,2191261,208,0,"[0, 1]"
447797,2191261,251,0,"[0, 1]"
447797,2191261,209,0,"[0, 1]"
447797,2191261,155,0,"[0, 1]"
447797,2191261,220,0,"[0, 1]"
447797,2191261,253,0,"[0, 1]"
447797,2191261,238,0,"[0, 1]"
447797,2191261,193,0,"[0, 1]"
447797,2191261,240,0,"[0, 1]"
447797,2191261,210,0,"[0, 1]"
447797,2191261,196,0,"[0, 1]"
447797,2191261,174,0,"[0, 1]"
447797,2191261,294,0,"[0, 1]"
447797,2191261,416,0,"[0, 1]"
447797,2191261,361,0,"[0, 1]"
447797,2191261,435,0,"[0, 1]"
447797,2191261,438,0,"[0, 1]"
447797,2191261,359,0,"[0, 1]"
447797,2191261,299,0,"[0, 1]"
447797,2191261,490,0,"[0, 1]"
447797,2191261,262,0,"[0, 1]"
447797,2191261,387,0,"[0, 1]"
447797,2191261,485,0,"[0, 1]"
447797,2191261,465,0,"[0, 1]"
447797,2191261,352,0,"[0, 1]"
447797,2191261,365,0,"[0, 1]"
447797,2191261,406,0,"[0, 1]"
447797,2191261,278,0,"[0, 1]"
447797,2191261,615,0,"[0, 1]"
447797,2191261,618,0,"[0, 1]"
447797,2191261,775,0,"[0, 1]"
447797,2191261,735,0,"[0, 1]"
447797,2191261,984,0,"[0, 1]"
447797,2191261,872,0,"[0, 1]"
447797,2191261,876,0,"[0, 1]"
447797,2191261,752,0,"[0, 1]"
447797,2191261,619,0,"[0, 1]"
447797,2191261,635,0,"[0, 1]"
447797,2191261,970,0,"[0, 1]"
447797,2191261,816,0,"[0, 1]"
447797,2191261,1004,0,"[0, 1]"
447797,2191261,971,0,"[0, 1]"
447797,2191261,761,0,"[0, 1]"
447797,2191261,538,0,"[0, 1]"
447797,2191261,533,0,"[0, 1]"
447797,2191261,754,0,"[0, 1]"
447797,2191261,1042,0,"[0, 1]"
447797,2191261,1775,0,"[0, 1]"
447797,2191261,1089,0,"[0, 1]"
447797,2191261,1539,0,"[0, 1]"
447797,2191261,1704,0,"[0, 1]"
447797,2191261,1826,0,"[0, 1]"
447797,2191261,1532,0,"[0, 1]"
447797,2191261,2019,0,"[0, 1]"
447797,2191261,1047,0,"[0, 1]"
447797,2191261,1911,0,"[0, 1]"
447797,2191261,1790,0,"[0, 1]"
447797,2191261,1685,0,"[0, 1]"
447797,2191261,1188,0,"[0, 1]"
447797,2191261,1825,0,"[0, 1]"
447797,2191261,1451,0,"[0, 1]"
447797,2191261,1857,0,"[0, 1]"
447797,2191261,1502,0,"[0, 1]"
447797,2191261,1984,0,"[0, 1]"
447797,2191261,1843,0,"[0, 1]"
447797,2191261,1834,0,"[0, 1]"
447797,2191261,3365,0,"[0, 1]"
447797,2191261,2125,0,"[0, 1]"
447797,2191261,3434,0,"[0, 1]"
447797,2191261,3697,0,"[0, 1]"
447797,2191261,2114,0,"[0, 1]"
447797,2191261,3933,0,"[0, 1]"
447797,2191261,3015,0,"[0, 1]"
447797,2191261,2431,0,"[0, 1]"
447797,2191261,3320,0,"[0, 1]"
447797,2191261,3107,0,"[0, 1]"
447797,2191261,3249,0,"[0, 1]"
447797,2191261,3999,0,"[0, 1]"
447797,2191261,3775,0,"[0, 1]"
447797,2191261,3962,0,"[0, 1]"
447797,2191261,3328,0,"[0, 1]"
447797,2191261,3614,0,"[0, 1]"
447797,2191261,3164,0,"[0, 1]"
447797,2191261,2189,0,"[0, 1]"
447797,2191261,3924,0,"[0, 1]"
447797,2191261,3931,0,"[0, 1]"
447797,2191261,4068,0,"[0, 1]"
447797,2191261,2695,0,"[0, 1]"
447797,2191261,7593647,1,"[0, 1]"
447797,2191261,7549100,1,"[0, 1]"
447797,2191261,7448929,1,"[0, 1]"
447797,2191261,7098857,1,"[0, 1]"
447797,2191261,7459757,1,"[0, 1]"
447797,2191261,7553527,1,"[0, 1]"
447797,2191261,7665868,1,"[0, 1]"
447797,2191261,7114288,1,"[0, 1]"
447797,2191261,7118318,1,"[0, 1]"
447797,2191261,4618,0,"[0, 1]"
447797,2191261,4503,0,"[0, 1]"
447797,2191261,7426576,1,"[0, 1]"
447797,2191261,7173446,1,"[0, 1]"
447797,2191261,4816,0,"[0, 1]"
447797,2191261,7287408,1,"[0, 1]"
447797,2191261,7083093,1,"[0, 1]"
447797,2191261,7183716,1,"[0, 1]"
447797,2191261,4789,0,"[0, 1]"
447797,2191261,6552452,1,"[0, 1]"
447797,2191261,4520,0,"[0, 1]"
447797,2191261,4901,0,"[0, 1]"
447797,2191261,7208297,1,"[0, 1]"
447797,2191261,7187564,1,"[0, 1]"
447797,2191261,4825,0,"[0, 1]"
534305,470749,470749,1,"[1, 0]"
534305,470749,2663,0,"[1, 0]"
534305,470749,1331,0,"[1, 0]"
534305,470749,665,0,"[1, 0]"
534305,470749,332,0,"[1, 0]"
534305,470749,165,0,"[1, 0]"
534305,470749,82,0,"[1, 0]"
534305,470749,40,0,"[1, 0]"
534305,470749,19,0,"[1, 0]"
534305,470749,9,0,"[1, 0]"
534305,470749,4,0,"[1, 0]"
534305,470749,1,0,"[1, 0]"
534305,470749,0,0,"[1, 0]"
534305,470749,1,0,"[0, 1]"
534305,470749,2,0,"[0, 1]"
534305,470749,5,0,"[0, 1]"
534305,470749,6,0,"[0, 1]"
534305,470749,3,0,"[0, 1]"
534305,470749,4,0,"[0, 1]"
534305,470749,14,0,"[0, 1]"
534305,470749,7,0,"[0, 1]"
534305,470749,9,0,"[0, 1]"
534305,470749,12,0,"[0, 1]"
534305,470749,10,0,"[0, 1]"
534305,470749,13,0,"[0, 1]"
534305,470749,30,0,"[0, 1]"
534305,470749,28,0,"[0, 1]"
534305,470749,18,0,"[0, 1]"
534305,470749,25,0,"[0, 1]"
534305,470749,16,0,"[0, 1]"
534305,470749,15,0,"[0, 1]"
534305,470749,21,0,"[0, 1]"
534305,470749,26,0,"[0, 1]"
534305,470749,59,0,"[0, 1]"
534305,470749,34,0,"[0, 1]"
534305,470749,41,0,"[0, 1]"
534305,470749,48,0,"[0, 1]"
534305,470749,61,0,"[0, 1]"
534305,470749,35,0,"[0, 1]"
534305,470749,33,0,"[0, 1]"
534305,470749,43,0,"[0, 1]"
534305,470749,39,0,"[0, 1]"
534305,470749,52,0,"[0, 1]"
534305,470749,83,0,"[0, 1]"
534305,470749,96,0,"[0, 1]"
534305,470749,84,0,"[0, 1]"
534305,470749,111,0,"[0, 1]"
534305,470749,116,0,"[0, 1]"
534305,470749,104,0,"[0, 1]"
534305,470749,101,0,"[0, 1]"
534305,470749,81,0,"[0, 1]"
534305,470749,91,0,"[0, 1]"
534305,470749,126,0,"[0, 1]"
534305,470749,67,0,"[0, 1]"
534305,470749,77,0,"[0, 1]"
534305,470749,251,0,"[0, 1]"
534305,470749,234,0,"[0, 1]"
534305,470749,180,0,"[0, 1]"
534305,470749,203,0,"[0, 1]"
534305,470749,191,0,"[0, 1]"
534305,470749,162,0,"[0, 1]"
534305,470749,157,0,"[0, 1]"
534305,470749,222,0,"[0, 1]"
534305,470749,163,0,"[0, 1]"
534305,470749,128,0,"[0, 1]"
534305,470749,221,0,"[0, 1]"
534305,470749,237,0,"[0, 1]"
534305,470749,153,0,"[0, 1]"
534305,470749,155,0,"[0, 1]"
534305,470749,265,0,"[0, 1]"
534305,470749,420,0,"[0, 1]"
534305,470749,315,0,"[0, 1]"
534305,470749,479,0,"[0, 1]"
534305,470749,325,0,"[0, 1]"
534305,470749,279,0,"[0, 1]"
534305,470749,361,0,"[0, 1]"
534305,470749,278,0,"[0, 1]"
534305,470749,353,0,"[0, 1]"
534305,470749,305,0,"[0, 1]"
534305,470749,456,0,"[0, 1]"
534305,470749,394,0,"[0, 1]"
534305,470749,392,0,"[0, 1]"
534305,470749,275,0,"[0, 1]"
534305,470749,482,0,"[0, 1]"
534305,470749,370,0,"[0, 1]"
534305,470749,577,0,"[0, 1]"
534305,470749,810,0,"[0, 1]"
534305,470749,749,0,"[0, 1]"
534305,470749,662,0,"[0, 1]"
534305,470749,704,0,"[0, 1]"
534305,470749,676,0,"[0, 1]"
534305,470749,524,0,"[0, 1]"
534305,470749,615,0,"[0, 1]"
534305,470749,688,0,"[0, 1]"
534305,470749,607,0,"[0, 1]"
534305,470749,867,0,"[0, 1]"
534305,470749,866,0,"[0, 1]"
534305,470749,719,0,"[0, 1]"
534305,470749,729,0,"[0, 1]"
534305,470749,623,0,"[0, 1]"
534305,470749,935,0,"[0, 1]"
534305,470749,912,0,"[0, 1]"
534305,470749,934,0,"[0, 1]"
534305,470749,1515,0,"[0, 1]"
534305,470749,1865,0,"[0, 1]"
534305,470749,1456,0,"[0, 1]"
534305,470749,1330,0,"[0, 1]"
534305,470749,1139,0,"[0, 1]"
534305,470749,1766,0,"[0, 1]"
534305,470749,1464,0,"[0, 1]"
534305,470749,1643,0,"[0, 1]"
534305,470749,1052,0,"[0, 1]"
534305,470749,1985,0,"[0, 1]"
534305,470749,1944,0,"[0, 1]"
534305,470749,1077,0,"[0, 1]"
534305,470749,1900,0,"[0, 1]"
534305,470749,1567,0,"[0, 1]"
534305,470749,1123,0,"[0, 1]"
534305,470749,1029,0,"[0, 1]"
534305,470749,1712,0,"[0, 1]"
534305,470749,1522,0,"[0, 1]"
534305,470749,2028,0,"[0, 1]"
534305,470749,1838,0,"[0, 1]"
534305,470749,3613,0,"[0, 1]"
534305,470749,2902,0,"[0, 1]"
534305,470749,3344,0,"[0, 1]"
534305,470749,3275,0,"[0, 1]"
534305,470749,2698,0,"[0, 1]"
534305,470749,2089,0,"[0, 1]"
534305,470749,2168,0,"[0, 1]"
534305,470749,2518,0,"[0, 1]"
534305,470749,3892,0,"[0, 1]"
534305,470749,2108,0,"[0, 1]"
534305,470749,4009,0,"[0, 1]"
534305,470749,2183,0,"[0, 1]"
534305,470749,3355,0,"[0, 1]"
534305,470749,2694,0,"[0, 1]"
534305,470749,2191,0,"[0, 1]"
534305,470749,2779,0,"[0, 1]"
534305,470749,3619,0,"[0, 1]"
534305,470749,3209,0,"[0, 1]"
534305,470749,3757,0,"[0, 1]"
534305,470749,2530,0,"[0, 1]"
534305,470749,3620,0,"[0, 1]"
534305,470749,3605,0,"[0, 1]"
534305,470749,7446349,1,"[0, 1]"
534305,470749,7292947,1,"[0, 1]"
534305,470749,7205200,1,"[0, 1]"
534305,470749,4953,0,"[0, 1]"
534305,470749,7183652,1,"[0, 1]"
534305,470749,3358283,1,"[0, 1]"
534305,470749,7241951,1,"[0, 1]"
534305,470749,7498584,1,"[0, 1]"
534305,470749,5279465,1,"[0, 1]"
534305,470749,6970659,1,"[0, 1]"
534305,470749,7644294,1,"[0, 1]"
534305,470749,7223045,1,"[0, 1]"
534305,470749,7128274,1,"[0, 1]"
534305,470749,7532930,1,"[0, 1]"
534305,470749,7105842,1,"[0, 1]"
534305,470749,7287675,1,"[0, 1]"
534305,470749,7090442,1,"[0, 1]"
534305,470749,4480,0,"[0, 1]"
534305,470749,7092278,1,"[0, 1]"
534305,470749,171535,1,"[0, 1]"
534305,470749,6008284,1,"[0, 1]"
534305,470749,4410,0,"[0, 1]"
534305,470749,4622456,1,"[0, 1]"
534305,470749,7585569,1,"[0, 1]"
695993,7536282,7536282,1,"[1, 0]"
695993,7536282,3460,0,"[1, 0]"
695993,7536282,1729,0,"[1, 0]"
695993,7536282,864,0,"[1, 0]"
695993,7536282,431,0,"[1, 0]"
695993,7536282,215,0,"[1, 0]"
695993,7536282,107,0,"[1, 0]"
695993,7536282,53,0,"[1, 0]"
695993,7536282,26,0,"[1, 0]"
695993,7536282,12,0,"[1, 0]"
695993,7536282,5,0,"[1, 0]"
695993,7536282,2,0,"[1, 0]"
695993,7536282,0,0,"[1, 0]"
695993,7536282,1,0,"[0, 1]"
695993,7536282,2,0,"[0, 1]"
695993,7536282,3,0,"[0, 1]"
695993,7536282,5,0,"[0, 1]"
695993,7536282,4,0,"[0, 1]"
695993,7536282,6,0,"[0, 1]"
695993,7536282,12,0,"[0, 1]"
695993,7536282,9,0,"[0, 1]"
695993,7536282,13,0,"[0, 1]"
695993,7536282,7,0,"[0, 1]"
695993,7536282,10,0,"[0, 1]"
695993,7536282,14,0,"[0, 1]"
695993,7536282,16,0,"[0, 1]"
695993,7536282,18,0,"[0, 1]"
695993,7536282,21,0,"[0, 1]"
695993,7536282,15,0,"[0, 1]"
695993,7536282,23,0,"[0, 1]"
695993,7536282,17,0,"[0, 1]"
695993,7536282,30,0,"[0, 1]"
695993,7536282,19,0,"[0, 1]"
695993,7536282,37,0,"[0, 1]"
695993,7536282,36,0,"[0, 1]"
695993,7536282,42,0,"[0, 1]"
695993,7536282,50,0,"[0, 1]"
695993,7536282,54,0,"[0, 1]"
695993,7536282,38,0,"[0, 1]"
695993,7536282,43,0,"[0, 1]"
695993,7536282,35,0,"[0, 1]"
695993,7536282,57,0,"[0, 1]"
695993,7536282,60,0,"[0, 1]"
695993,7536282,81,0,"[0, 1]"
695993,7536282,82,0,"[0, 1]"
695993,7536282,103,0,"[0, 1]"
695993,7536282,80,0,"[0, 1]"
695993,7536282,111,0,"[0, 1]"
695993,7536282,83,0,"[0, 1]"
695993,7536282,70,0,"[0, 1]"
695993,7536282,91,0,"[0, 1]"
695993,7536282,65,0,"[0, 1]"
695993,7536282,122,0,"[0, 1]"
695993,7536282,95,0,"[0, 1]"
695993,7536282,109,0,"[0, 1]"
695993,7536282,137,0,"[0, 1]"
695993,7536282,251,0,"[0, 1]"
695993,7536282,219,0,"[0, 1]"
695993,7536282,216,0,"[0, 1]"
695993,7536282,177,0,"[0, 1]"
695993,7536282,249,0,"[0, 1]"
695993,7536282,201,0,"[0, 1]"
695993,7536282,146,0,"[0, 1]"
695993,7536282,188,0,"[0, 1]"
695993,7536282,145,0,"[0, 1]"
695993,7536282,154,0,"[0, 1]"
695993,7536282,204,0,"[0, 1]"
695993,7536282,149,0,"[0, 1]"
695993,7536282,159,0,"[0, 1]"
695993,7536282,505,0,"[0, 1]"
695993,7536282,334,0,"[0, 1]"
695993,7536282,305,0,"[0, 1]"
695993,7536282,267,0,"[0, 1]"
695993,7536282,472,0,"[0, 1]"
695993,7536282,264,0,"[0, 1]"
695993,7536282,284,0,"[0, 1]"
695993,7536282,389,0,"[0, 1]"
695993,7536282,495,0,"[0, 1]"
695993,7536282,292,0,"[0, 1]"
695993,7536282,395,0,"[0, 1]"
695993,7536282,460,0,"[0, 1]"
695993,7536282,266,0,"[0, 1]"
695993,7536282,414,0,"[0, 1]"
695993,7536282,333,0,"[0, 1]"
695993,7536282,496,0,"[0, 1]"
695993,7536282,975,0,"[0, 1]"
695993,7536282,524,0,"[0, 1]"
695993,7536282,875,0,"[0, 1]"
695993,7536282,950,0,"[0, 1]"
695993,7536282,1015,0,"[0, 1]"
695993,7536282,603,0,"[0, 1]"
695993,7536282,857,0,"[0, 1]"
695993,7536282,587,0,"[0, 1]"
695993,7536282,1021,0,"[0, 1]"
695993,7536282,679,0,"[0, 1]"
695993,7536282,544,0,"[0, 1]"
695993,7536282,687,0,"[0, 1]"
695993,7536282,782,0,"[0, 1]"
695993,7536282,733,0,"[0, 1]"
695993,7536282,932,0,"[0, 1]"
695993,7536282,894,0,"[0, 1]"
695993,7536282,691,0,"[0, 1]"
695993,7536282,789,0,"[0, 1]"
695993,7536282,1916,0,"[0, 1]"
695993,7536282,1975,0,"[0, 1]"
695993,7536282,1427,0,"[0, 1]"
695993,7536282,1706,0,"[0, 1]"
695993,7536282,1734,0,"[0, 1]"
695993,7536282,1203,0,"[0, 1]"
695993,7536282,1457,0,"[0, 1]"
695993,7536282,1358,0,"[0, 1]"
695993,7536282,1099,0,"[0, 1]"
695993,7536282,2017,0,"[0, 1]"
695993,7536282,1328,0,"[0, 1]"
695993,7536282,2036,0,"[0, 1]"
695993,7536282,1048,0,"[0, 1]"
695993,7536282,1665,0,"[0, 1]"
695993,7536282,1465,0,"[0, 1]"
695993,7536282,2045,0,"[0, 1]"
695993,7536282,1050,0,"[0, 1]"
695993,7536282,1309,0,"[0, 1]"
695993,7536282,1325,0,"[0, 1]"
695993,7536282,1657,0,"[0, 1]"
695993,7536282,3804,0,"[0, 1]"
695993,7536282,2791,0,"[0, 1]"
695993,7536282,3672,0,"[0, 1]"
695993,7536282,3560,0,"[0, 1]"
695993,7536282,2391,0,"[0, 1]"
695993,7536282,3218,0,"[0, 1]"
695993,7536282,2712,0,"[0, 1]"
695993,7536282,2920,0,"[0, 1]"
695993,7536282,2820,0,"[0, 1]"
695993,7536282,3287,0,"[0, 1]"
695993,7536282,3338,0,"[0, 1]"
695993,7536282,3742,0,"[0, 1]"
695993,7536282,2461,0,"[0, 1]"
695993,7536282,3990,0,"[0, 1]"
695993,7536282,3917,0,"[0, 1]"
695993,7536282,3736,0,"[0, 1]"
695993,7536282,2843,0,"[0, 1]"
695993,7536282,3094,0,"[0, 1]"
695993,7536282,3676,0,"[0, 1]"
695993,7536282,2418,0,"[0, 1]"
695993,7536282,3812,0,"[0, 1]"
695993,7536282,2338,0,"[0, 1]"
695993,7536282,4381,0,"[0, 1]"
695993,7536282,7513834,1,"[0, 1]"
695993,7536282,4298,0,"[0, 1]"
695993,7536282,4535,0,"[0, 1]"
695993,7536282,4174,0,"[0, 1]"
695993,7536282,7106567,1,"[0, 1]"
695993,7536282,7166234,1,"[0, 1]"
695993,7536282,4530,0,"[0, 1]"
695993,7536282,4983,0,"[0, 1]"
695993,7536282,1152650,1,"[0, 1]"
695993,7536282,7635176,1,"[0, 1]"
695993,7536282,7681665,1,"[0, 1]"
695993,7536282,7254039,1,"[0, 1]"
695993,7536282,4203,0,"[0, 1]"
695993,7536282,7423398,1,"[0, 1]"
695993,7536282,7499722,1,"[0, 1]"
695993,7536282,7270152,1,"[0, 1]"
695993,7536282,7597593,1,"[0, 1]"
695993,7536282,4521109,1,"[0, 1]"
695993,7536282,7090265,1,"[0, 1]"
695993,7536282,4705,0,"[0, 1]"
695993,7536282,7247851,1,"[0, 1]"
695993,7536282,4469,0,"[0, 1]"
695993,7536282,4227,0,"[0, 1]"
496175,7536295,7536295,1,"[1, 0]"
496175,7536295,3437,0,"[1, 0]"
496175,7536295,1718,0,"[1, 0]"
496175,7536295,858,0,"[1, 0]"
496175,7536295,428,0,"[1, 0]"
496175,7536295,213,0,"[1, 0]"
496175,7536295,106,0,"[1, 0]"
496175,7536295,52,0,"[1, 0]"
496175,7536295,25,0,"[1, 0]"
496175,7536295,12,0,"[1, 0]"
496175,7536295,5,0,"[1, 0]"
496175,7536295,2,0,"[1, 0]"
496175,7536295,0,0,"[1, 0]"
496175,7536295,2,0,"[0, 1]"
496175,7536295,1,0,"[0, 1]"
496175,7536295,3,0,"[0, 1]"
496175,7536295,4,0,"[0, 1]"
496175,7536295,5,0,"[0, 1]"
496175,7536295,6,0,"[0, 1]"
496175,7536295,8,0,"[0, 1]"
496175,7536295,14,0,"[0, 1]"
496175,7536295,10,0,"[0, 1]"
496175,7536295,11,0,"[0, 1]"
496175,7536295,13,0,"[0, 1]"
496175,7536295,7,0,"[0, 1]"
496175,7536295,16,0,"[0, 1]"
496175,7536295,17,0,"[0, 1]"
496175,7536295,22,0,"[0, 1]"
496175,7536295,18,0,"[0, 1]"
496175,7536295,23,0,"[0, 1]"
496175,7536295,27,0,"[0, 1]"
496175,7536295,15,0,"[0, 1]"
496175,7536295,20,0,"[0, 1]"
496175,7536295,48,0,"[0, 1]"
496175,7536295,33,0,"[0, 1]"
496175,7536295,49,0,"[0, 1]"
496175,7536295,47,0,"[0, 1]"
496175,7536295,38,0,"[0, 1]"
496175,7536295,57,0,"[0, 1]"
496175,7536295,31,0,"[0, 1]"
496175,7536295,50,0,"[0, 1]"
496175,7536295,51,0,"[0, 1]"
496175,7536295,55,0,"[0, 1]"
496175,7536295,75,0,"[0, 1]"
496175,7536295,121,0,"[0, 1]"
496175,7536295,112,0,"[0, 1]"
496175,7536295,106,0,"[0, 1]"
496175,7536295,95,0,"[0, 1]"
496175,7536295,100,0,"[0, 1]"
496175,7536295,73,0,"[0, 1]"
496175,7536295,117,0,"[0, 1]"
496175,7536295,64,0,"[0, 1]"
496175,7536295,110,0,"[0, 1]"
496175,7536295,92,0,"[0, 1]"
496175,7536295,65,0,"[0, 1]"
496175,7536295,243,0,"[0, 1]"
496175,7536295,166,0,"[0, 1]"
496175,7536295,129,0,"[0, 1]"
496175,7536295,173,0,"[0, 1]"
496175,7536295,138,0,"[0, 1]"
496175,7536295,209,0,"[0, 1]"
496175,7536295,206,0,"[0, 1]"
496175,7536295,172,0,"[0, 1]"
496175,7536295,249,0,"[0, 1]"
496175,7536295,163,0,"[0, 1]"
496175,7536295,157,0,"[0, 1]"
496175,7536295,154,0,"[0, 1]"
496175,7536295,155,0,"[0, 1]"
496175,7536295,205,0,"[0, 1]"
496175,7536295,279,0,"[0, 1]"
496175,7536295,476,0,"[0, 1]"
496175,7536295,362,0,"[0, 1]"
496175,7536295,350,0,"[0, 1]"
496175,7536295,405,0,"[0, 1]"
496175,7536295,508,0,"[0, 1]"
496175,7536295,277,0,"[0, 1]"
496175,7536295,325,0,"[0, 1]"
496175,7536295,374,0,"[0, 1]"
496175,7536295,490,0,"[0, 1]"
496175,7536295,345,0,"[0, 1]"
496175,7536295,410,0,"[0, 1]"
496175,7536295,395,0,"[0, 1]"
496175,7536295,280,0,"[0, 1]"
496175,7536295,286,0,"[0, 1]"
496175,7536295,263,0,"[0, 1]"
496175,7536295,810,0,"[0, 1]"
496175,7536295,681,0,"[0, 1]"
496175,7536295,990,0,"[0, 1]"
496175,7536295,966,0,"[0, 1]"
496175,7536295,643,0,"[0, 1]"
496175,7536295,867,0,"[0, 1]"
496175,7536295,951,0,"[0, 1]"
496175,7536295,950,0,"[0, 1]"
496175,7536295,573,0,"[0, 1]"
496175,7536295,830,0,"[0, 1]"
496175,7536295,753,0,"[0, 1]"
496175,7536295,658,0,"[0, 1]"
496175,7536295,953,0,"[0, 1]"
496175,7536295,512,0,"[0, 1]"
496175,7536295,619,0,"[0, 1]"
496175,7536295,917,0,"[0, 1]"
496175,7536295,858,0,"[0, 1]"
496175,7536295,937,0,"[0, 1]"
496175,7536295,1741,0,"[0, 1]"
496175,7536295,1674,0,"[0, 1]"
496175,7536295,1962,0,"[0, 1]"
496175,7536295,1078,0,"[0, 1]"
496175,7536295,2005,0,"[0, 1]"
496175,7536295,1505,0,"[0, 1]"
496175,7536295,1595,0,"[0, 1]"
496175,7536295,1467,0,"[0, 1]"
496175,7536295,1662,0,"[0, 1]"
496175,7536295,2006,0,"[0, 1]"
496175,7536295,1216,0,"[0, 1]"
496175,7536295,1488,0,"[0, 1]"
496175,7536295,1031,0,"[0, 1]"
496175,7536295,1500,0,"[0, 1]"
496175,7536295,1477,0,"[0, 1]"
496175,7536295,1713,0,"[0, 1]"
496175,7536295,1858,0,"[0, 1]"
496175,7536295,1930,0,"[0, 1]"
496175,7536295,1102,0,"[0, 1]"
496175,7536295,1648,0,"[0, 1]"
496175,7536295,2656,0,"[0, 1]"
496175,7536295,2151,0,"[0, 1]"
496175,7536295,3852,0,"[0, 1]"
496175,7536295,3676,0,"[0, 1]"
496175,7536295,2994,0,"[0, 1]"
496175,7536295,2451,0,"[0, 1]"
496175,7536295,2794,0,"[0, 1]"
496175,7536295,3310,0,"[0, 1]"
496175,7536295,4002,0,"[0, 1]"
496175,7536295,3093,0,"[0, 1]"
496175,7536295,3283,0,"[0, 1]"
496175,7536295,3094,0,"[0, 1]"
496175,7536295,3032,0,"[0, 1]"
496175,7536295,2991,0,"[0, 1]"
496175,7536295,2182,0,"[0, 1]"
496175,7536295,2246,0,"[0, 1]"
496175,7536295,2386,0,"[0, 1]"
496175,7536295,3981,0,"[0, 1]"
496175,7536295,2535,0,"[0, 1]"
496175,7536295,3463,0,"[0, 1]"
496175,7536295,2085,0,"[0, 1]"
496175,7536295,2659,0,"[0, 1]"
496175,7536295,6105995,1,"[0, 1]"
496175,7536295,7297132,1,"[0, 1]"
496175,7536295,7539156,1,"[0, 1]"
496175,7536295,7166417,1,"[0, 1]"
496175,7536295,7452937,1,"[0, 1]"
496175,7536295,7191554,1,"[0, 1]"
496175,7536295,7266627,1,"[0, 1]"
496175,7536295,7474484,1,"[0, 1]"
496175,7536295,7663734,1,"[0, 1]"
496175,7536295,4429,0,"[0, 1]"
496175,7536295,7352415,1,"[0, 1]"
496175,7536295,70468,1,"[0, 1]"
496175,7536295,4106,0,"[0, 1]"
496175,7536295,7089522,1,"[0, 1]"
496175,7536295,7430751,1,"[0, 1]"
496175,7536295,7105250,1,"[0, 1]"
496175,7536295,6998646,1,"[0, 1]"
496175,7536295,7211818,1,"[0, 1]"
496175,7536295,7338526,1,"[0, 1]"
496175,7536295,7493198,1,"[0, 1]"
496175,7536295,4884,0,"[0, 1]"
496175,7536295,3982455,1,"[0, 1]"
496175,7536295,7255675,1,"[0, 1]"
496175,7536295,4882,0,"[0, 1]"
275629,7536587,7536587,1,"[1, 0]"
275629,7536587,3446,0,"[1, 0]"
275629,7536587,1722,0,"[1, 0]"
275629,7536587,860,0,"[1, 0]"
275629,7536587,429,0,"[1, 0]"
275629,7536587,214,0,"[1, 0]"
275629,7536587,106,0,"[1, 0]"
275629,7536587,52,0,"[1, 0]"
275629,7536587,25,0,"[1, 0]"
275629,7536587,12,0,"[1, 0]"
275629,7536587,5,0,"[1, 0]"
275629,7536587,2,0,"[1, 0]"
275629,7536587,0,0,"[1, 0]"
275629,7536587,2,0,"[0, 1]"
275629,7536587,1,0,"[0, 1]"
275629,7536587,5,0,"[0, 1]"
275629,7536587,6,0,"[0, 1]"
275629,7536587,4,0,"[0, 1]"
275629,7536587,3,0,"[0, 1]"
275629,7536587,10,0,"[0, 1]"
275629,7536587,7,0,"[0, 1]"
275629,7536587,14,0,"[0, 1]"
275629,7536587,12,0,"[0, 1]"
275629,7536587,13,0,"[0, 1]"
275629,7536587,8,0,"[0, 1]"
275629,7536587,22,0,"[0, 1]"
275629,7536587,18,0,"[0, 1]"
275629,7536587,21,0,"[0, 1]"
275629,7536587,24,0,"[0, 1]"
275629,7536587,27,0,"[0, 1]"
275629,7536587,15,0,"[0, 1]"
275629,7536587,30,0,"[0, 1]"
275629,7536587,20,0,"[0, 1]"
275629,7536587,53,0,"[0, 1]"
275629,7536587,45,0,"[0, 1]"
275629,7536587,43,0,"[0, 1]"
275629,7536587,58,0,"[0, 1]"
275629,7536587,38,0,"[0, 1]"
275629,7536587,39,0,"[0, 1]"
275629,7536587,54,0,"[0, 1]"
275629,7536587,46,0,"[0, 1]"
275629,7536587,34,0,"[0, 1]"
275629,7536587,59,0,"[0, 1]"
275629,7536587,79,0,"[0, 1]"
275629,7536587,71,0,"[0, 1]"
275629,7536587,107,0,"[0, 1]"
275629,7536587,109,0,"[0, 1]"
275629,7536587,120,0,"[0, 1]"
275629,7536587,104,0,"[0, 1]"
275629,7536587,112,0,"[0, 1]"
275629,7536587,77,0,"[0, 1]"
275629,7536587,118,0,"[0, 1]"
275629,7536587,74,0,"[0, 1]"
275629,7536587,88,0,"[0, 1]"
275629,7536587,75,0,"[0, 1]"
275629,7536587,160,0,"[0, 1]"
275629,7536587,135,0,"[0, 1]"
275629,7536587,207,0,"[0, 1]"
275629,7536587,170,0,"[0, 1]"
275629,7536587,130,0,"[0, 1]"
275629,7536587,235,0,"[0, 1]"
275629,7536587,185,0,"[0, 1]"
275629,7536587,203,0,"[0, 1]"
275629,7536587,147,0,"[0, 1]"
275629,7536587,178,0,"[0, 1]"
275629,7536587,150,0,"[0, 1]"
275629,7536587,133,0,"[0, 1]"
275629,7536587,211,0,"[0, 1]"
275629,7536587,166,0,"[0, 1]"
275629,7536587,278,0,"[0, 1]"
275629,7536587,333,0,"[0, 1]"
275629,7536587,402,0,"[0, 1]"
275629,7536587,409,0,"[0, 1]"
275629,7536587,486,0,"[0, 1]"
275629,7536587,279,0,"[0, 1]"
275629,7536587,429,0,"[0, 1]"
275629,7536587,487,0,"[0, 1]"
275629,7536587,501,0,"[0, 1]"
275629,7536587,345,0,"[0, 1]"
275629,7536587,352,0,"[0, 1]"
275629,7536587,360,0,"[0, 1]"
275629,7536587,271,0,"[0, 1]"
275629,7536587,382,0,"[0, 1]"
275629,7536587,264,0,"[0, 1]"
275629,7536587,334,0,"[0, 1]"
275629,7536587,885,0,"[0, 1]"
275629,7536587,948,0,"[0, 1]"
275629,7536587,564,0,"[0, 1]"
275629,7536587,634,0,"[0, 1]"
275629,7536587,531,0,"[0, 1]"
275629,7536587,570,0,"[0, 1]"
275629,7536587,526,0,"[0, 1]"
275629,7536587,665,0,"[0, 1]"
275629,7536587,805,0,"[0, 1]"
275629,7536587,934,0,"[0, 1]"
275629,7536587,740,0,"[0, 1]"
275629,7536587,949,0,"[0, 1]"
275629,7536587,961,0,"[0, 1]"
275629,7536587,614,0,"[0, 1]"
275629,7536587,985,0,"[0, 1]"
275629,7536587,1004,0,"[0, 1]"
275629,7536587,842,0,"[0, 1]"
275629,7536587,688,0,"[0, 1]"
275629,7536587,1551,0,"[0, 1]"
275629,7536587,1580,0,"[0, 1]"
275629,7536587,1616,0,"[0, 1]"
275629,7536587,1906,0,"[0, 1]"
275629,7536587,1841,0,"[0, 1]"
275629,7536587,1792,0,"[0, 1]"
275629,7536587,1991,0,"[0, 1]"
275629,7536587,1291,0,"[0, 1]"
275629,7536587,1492,0,"[0, 1]"
275629,7536587,1186,0,"[0, 1]"
275629,7536587,1547,0,"[0, 1]"
275629,7536587,1724,0,"[0, 1]"
275629,7536587,1399,0,"[0, 1]"
275629,7536587,1954,0,"[0, 1]"
275629,7536587,1759,0,"[0, 1]"
275629,7536587,1266,0,"[0, 1]"
275629,7536587,1989,0,"[0, 1]"
275629,7536587,1104,0,"[0, 1]"
275629,7536587,1332,0,"[0, 1]"
275629,7536587,1183,0,"[0, 1]"
275629,7536587,2831,0,"[0, 1]"
275629,7536587,2969,0,"[0, 1]"
275629,7536587,3702,0,"[0, 1]"
275629,7536587,3787,0,"[0, 1]"
275629,7536587,2135,0,"[0, 1]"
275629,7536587,3961,0,"[0, 1]"
275629,7536587,3335,0,"[0, 1]"
275629,7536587,2190,0,"[0, 1]"
275629,7536587,3538,0,"[0, 1]"
275629,7536587,3891,0,"[0, 1]"
275629,7536587,3588,0,"[0, 1]"
275629,7536587,3187,0,"[0, 1]"
275629,7536587,3559,0,"[0, 1]"
275629,7536587,2865,0,"[0, 1]"
275629,7536587,3224,0,"[0, 1]"
275629,7536587,4023,0,"[0, 1]"
275629,7536587,2539,0,"[0, 1]"
275629,7536587,2554,0,"[0, 1]"
275629,7536587,2207,0,"[0, 1]"
275629,7536587,2476,0,"[0, 1]"
275629,7536587,3073,0,"[0, 1]"
275629,7536587,3656,0,"[0, 1]"
275629,7536587,7575141,1,"[0, 1]"
275629,7536587,7159758,1,"[0, 1]"
275629,7536587,2397478,1,"[0, 1]"
275629,7536587,4270,0,"[0, 1]"
275629,7536587,7493198,1,"[0, 1]"
275629,7536587,7124637,1,"[0, 1]"
275629,7536587,3471973,1,"[0, 1]"
275629,7536587,4653,0,"[0, 1]"
275629,7536587,7185091,1,"[0, 1]"
275629,7536587,7179859,1,"[0, 1]"
275629,7536587,7138288,1,"[0, 1]"
275629,7536587,7239131,1,"[0, 1]"
275629,7536587,7689536,1,"[0, 1]"
275629,7536587,7401332,1,"[0, 1]"
275629,7536587,7300170,1,"[0, 1]"
275629,7536587,6419354,1,"[0, 1]"
275629,7536587,7210316,1,"[0, 1]"
275629,7536587,7339966,1,"[0, 1]"
275629,7536587,4197,0,"[0, 1]"
275629,7536587,7153433,1,"[0, 1]"
275629,7536587,7209295,1,"[0, 1]"
275629,7536587,4749,0,"[0, 1]"
275629,7536587,7188469,1,"[0, 1]"
275629,7536587,4562,0,"[0, 1]"
510152,2863753,2863753,1,"[1, 0]"
510152,2863753,3919,0,"[1, 0]"
510152,2863753,1959,0,"[1, 0]"
510152,2863753,979,0,"[1, 0]"
510152,2863753,489,0,"[1, 0]"
510152,2863753,244,0,"[1, 0]"
510152,2863753,121,0,"[1, 0]"
510152,2863753,60,0,"[1, 0]"
510152,2863753,29,0,"[1, 0]"
510152,2863753,14,0,"[1, 0]"
510152,2863753,6,0,"[1, 0]"
510152,2863753,2,0,"[1, 0]"
510152,2863753,0,0,"[1, 0]"
510152,2863753,1,0,"[0, 1]"
510152,2863753,2,0,"[0, 1]"
510152,2863753,6,0,"[0, 1]"
510152,2863753,4,0,"[0, 1]"
510152,2863753,3,0,"[0, 1]"
510152,2863753,5,0,"[0, 1]"
510152,2863753,7,0,"[0, 1]"
510152,2863753,14,0,"[0, 1]"
510152,2863753,13,0,"[0, 1]"
510152,2863753,9,0,"[0, 1]"
510152,2863753,11,0,"[0, 1]"
510152,2863753,8,0,"[0, 1]"
510152,2863753,23,0,"[0, 1]"
510152,2863753,22,0,"[0, 1]"
510152,2863753,27,0,"[0, 1]"
510152,2863753,25,0,"[0, 1]"
510152,2863753,17,0,"[0, 1]"
510152,2863753,28,0,"[0, 1]"
510152,2863753,26,0,"[0, 1]"
510152,2863753,16,0,"[0, 1]"
510152,2863753,36,0,"[0, 1]"
510152,2863753,45,0,"[0, 1]"
510152,2863753,33,0,"[0, 1]"
510152,2863753,52,0,"[0, 1]"
510152,2863753,43,0,"[0, 1]"
510152,2863753,61,0,"[0, 1]"
510152,2863753,32,0,"[0, 1]"
510152,2863753,55,0,"[0, 1]"
510152,2863753,35,0,"[0, 1]"
510152,2863753,46,0,"[0, 1]"
510152,2863753,75,0,"[0, 1]"
510152,2863753,106,0,"[0, 1]"
510152,2863753,96,0,"[0, 1]"
510152,2863753,100,0,"[0, 1]"
510152,2863753,91,0,"[0, 1]"
510152,2863753,86,0,"[0, 1]"
510152,2863753,78,0,"[0, 1]"
510152,2863753,104,0,"[0, 1]"
510152,2863753,70,0,"[0, 1]"
510152,2863753,89,0,"[0, 1]"
510152,2863753,117,0,"[0, 1]"
510152,2863753,124,0,"[0, 1]"
510152,2863753,152,0,"[0, 1]"
510152,2863753,177,0,"[0, 1]"
510152,2863753,188,0,"[0, 1]"
510152,2863753,149,0,"[0, 1]"
510152,2863753,160,0,"[0, 1]"
510152,2863753,139,0,"[0, 1]"
510152,2863753,241,0,"[0, 1]"
510152,2863753,154,0,"[0, 1]"
510152,2863753,208,0,"[0, 1]"
510152,2863753,193,0,"[0, 1]"
510152,2863753,133,0,"[0, 1]"
510152,2863753,163,0,"[0, 1]"
510152,2863753,174,0,"[0, 1]"
510152,2863753,144,0,"[0, 1]"
510152,2863753,501,0,"[0, 1]"
510152,2863753,420,0,"[0, 1]"
510152,2863753,397,0,"[0, 1]"
510152,2863753,337,0,"[0, 1]"
510152,2863753,270,0,"[0, 1]"
510152,2863753,278,0,"[0, 1]"
510152,2863753,318,0,"[0, 1]"
510152,2863753,489,0,"[0, 1]"
510152,2863753,264,0,"[0, 1]"
510152,2863753,460,0,"[0, 1]"
510152,2863753,304,0,"[0, 1]"
510152,2863753,435,0,"[0, 1]"
510152,2863753,324,0,"[0, 1]"
510152,2863753,327,0,"[0, 1]"
510152,2863753,451,0,"[0, 1]"
510152,2863753,500,0,"[0, 1]"
510152,2863753,999,0,"[0, 1]"
510152,2863753,621,0,"[0, 1]"
510152,2863753,707,0,"[0, 1]"
510152,2863753,892,0,"[0, 1]"
510152,2863753,938,0,"[0, 1]"
510152,2863753,702,0,"[0, 1]"
510152,2863753,739,0,"[0, 1]"
510152,2863753,633,0,"[0, 1]"
510152,2863753,827,0,"[0, 1]"
510152,2863753,735,0,"[0, 1]"
510152,2863753,576,0,"[0, 1]"
510152,2863753,978,0,"[0, 1]"
510152,2863753,841,0,"[0, 1]"
510152,2863753,872,0,"[0, 1]"
510152,2863753,900,0,"[0, 1]"
510152,2863753,1010,0,"[0, 1]"
510152,2863753,933,0,"[0, 1]"
510152,2863753,553,0,"[0, 1]"
510152,2863753,1737,0,"[0, 1]"
510152,2863753,1346,0,"[0, 1]"
510152,2863753,1875,0,"[0, 1]"
510152,2863753,1378,0,"[0, 1]"
510152,2863753,1427,0,"[0, 1]"
510152,2863753,1428,0,"[0, 1]"
510152,2863753,1434,0,"[0, 1]"
510152,2863753,1230,0,"[0, 1]"
510152,2863753,1435,0,"[0, 1]"
510152,2863753,1174,0,"[0, 1]"
510152,2863753,1594,0,"[0, 1]"
510152,2863753,1342,0,"[0, 1]"
510152,2863753,1516,0,"[0, 1]"
510152,2863753,1439,0,"[0, 1]"
510152,2863753,1743,0,"[0, 1]"
510152,2863753,1481,0,"[0, 1]"
510152,2863753,1862,0,"[0, 1]"
510152,2863753,1727,0,"[0, 1]"
510152,2863753,1203,0,"[0, 1]"
510152,2863753,1350,0,"[0, 1]"
510152,2863753,3694,0,"[0, 1]"
510152,2863753,2973,0,"[0, 1]"
510152,2863753,3143,0,"[0, 1]"
510152,2863753,4002,0,"[0, 1]"
510152,2863753,2704,0,"[0, 1]"
510152,2863753,3880,0,"[0, 1]"
510152,2863753,2067,0,"[0, 1]"
510152,2863753,3392,0,"[0, 1]"
510152,2863753,3947,0,"[0, 1]"
510152,2863753,2114,0,"[0, 1]"
510152,2863753,4054,0,"[0, 1]"
510152,2863753,2645,0,"[0, 1]"
510152,2863753,3957,0,"[0, 1]"
510152,2863753,3941,0,"[0, 1]"
510152,2863753,3913,0,"[0, 1]"
510152,2863753,2123,0,"[0, 1]"
510152,2863753,2062,0,"[0, 1]"
510152,2863753,2564,0,"[0, 1]"
510152,2863753,3747,0,"[0, 1]"
510152,2863753,2932,0,"[0, 1]"
510152,2863753,3310,0,"[0, 1]"
510152,2863753,2052,0,"[0, 1]"
510152,2863753,7616512,1,"[0, 1]"
510152,2863753,7335580,1,"[0, 1]"
510152,2863753,7534438,1,"[0, 1]"
510152,2863753,4253,0,"[0, 1]"
510152,2863753,7560119,1,"[0, 1]"
510152,2863753,4437,0,"[0, 1]"
510152,2863753,7406660,1,"[0, 1]"
510152,2863753,7140047,1,"[0, 1]"
510152,2863753,7199090,1,"[0, 1]"
510152,2863753,7438278,1,"[0, 1]"
510152,2863753,2040739,1,"[0, 1]"
510152,2863753,7125772,1,"[0, 1]"
510152,2863753,7153291,1,"[0, 1]"
510152,2863753,7669641,1,"[0, 1]"
510152,2863753,4308,0,"[0, 1]"
510152,2863753,7452505,1,"[0, 1]"
510152,2863753,7474545,1,"[0, 1]"
510152,2863753,7648655,1,"[0, 1]"
510152,2863753,7617757,1,"[0, 1]"
510152,2863753,7628015,1,"[0, 1]"
510152,2863753,7281799,1,"[0, 1]"
510152,2863753,7507248,1,"[0, 1]"
510152,2863753,7354370,1,"[0, 1]"
510152,2863753,4257,0,"[0, 1]"
184249,7537310,7537310,1,"[1, 0]"
184249,7537310,2751,0,"[1, 0]"
184249,7537310,1375,0,"[1, 0]"
184249,7537310,687,0,"[1, 0]"
184249,7537310,343,0,"[1, 0]"
184249,7537310,171,0,"[1, 0]"
184249,7537310,85,0,"[1, 0]"
184249,7537310,42,0,"[1, 0]"
184249,7537310,20,0,"[1, 0]"
184249,7537310,9,0,"[1, 0]"
184249,7537310,4,0,"[1, 0]"
184249,7537310,1,0,"[1, 0]"
184249,7537310,0,0,"[1, 0]"
184249,7537310,1,0,"[0, 1]"
184249,7537310,2,0,"[0, 1]"
184249,7537310,3,0,"[0, 1]"
184249,7537310,5,0,"[0, 1]"
184249,7537310,4,0,"[0, 1]"
184249,7537310,6,0,"[0, 1]"
184249,7537310,11,0,"[0, 1]"
184249,7537310,8,0,"[0, 1]"
184249,7537310,12,0,"[0, 1]"
184249,7537310,10,0,"[0, 1]"
184249,7537310,7,0,"[0, 1]"
184249,7537310,13,0,"[0, 1]"
184249,7537310,29,0,"[0, 1]"
184249,7537310,22,0,"[0, 1]"
184249,7537310,17,0,"[0, 1]"
184249,7537310,18,0,"[0, 1]"
184249,7537310,28,0,"[0, 1]"
184249,7537310,20,0,"[0, 1]"
184249,7537310,16,0,"[0, 1]"
184249,7537310,15,0,"[0, 1]"
184249,7537310,33,0,"[0, 1]"
184249,7537310,44,0,"[0, 1]"
184249,7537310,62,0,"[0, 1]"
184249,7537310,46,0,"[0, 1]"
184249,7537310,35,0,"[0, 1]"
184249,7537310,41,0,"[0, 1]"
184249,7537310,51,0,"[0, 1]"
184249,7537310,61,0,"[0, 1]"
184249,7537310,39,0,"[0, 1]"
184249,7537310,34,0,"[0, 1]"
184249,7537310,79,0,"[0, 1]"
184249,7537310,125,0,"[0, 1]"
184249,7537310,95,0,"[0, 1]"
184249,7537310,110,0,"[0, 1]"
184249,7537310,86,0,"[0, 1]"
184249,7537310,70,0,"[0, 1]"
184249,7537310,68,0,"[0, 1]"
184249,7537310,104,0,"[0, 1]"
184249,7537310,111,0,"[0, 1]"
184249,7537310,107,0,"[0, 1]"
184249,7537310,67,0,"[0, 1]"
184249,7537310,87,0,"[0, 1]"
184249,7537310,232,0,"[0, 1]"
184249,7537310,128,0,"[0, 1]"
184249,7537310,208,0,"[0, 1]"
184249,7537310,186,0,"[0, 1]"
184249,7537310,185,0,"[0, 1]"
184249,7537310,235,0,"[0, 1]"
184249,7537310,161,0,"[0, 1]"
184249,7537310,250,0,"[0, 1]"
184249,7537310,230,0,"[0, 1]"
184249,7537310,209,0,"[0, 1]"
184249,7537310,234,0,"[0, 1]"
184249,7537310,168,0,"[0, 1]"
184249,7537310,147,0,"[0, 1]"
184249,7537310,146,0,"[0, 1]"
184249,7537310,300,0,"[0, 1]"
184249,7537310,263,0,"[0, 1]"
184249,7537310,476,0,"[0, 1]"
184249,7537310,346,0,"[0, 1]"
184249,7537310,288,0,"[0, 1]"
184249,7537310,284,0,"[0, 1]"
184249,7537310,401,0,"[0, 1]"
184249,7537310,404,0,"[0, 1]"
184249,7537310,270,0,"[0, 1]"
184249,7537310,494,0,"[0, 1]"
184249,7537310,281,0,"[0, 1]"
184249,7537310,278,0,"[0, 1]"
184249,7537310,378,0,"[0, 1]"
184249,7537310,315,0,"[0, 1]"
184249,7537310,386,0,"[0, 1]"
184249,7537310,370,0,"[0, 1]"
184249,7537310,635,0,"[0, 1]"
184249,7537310,602,0,"[0, 1]"
184249,7537310,512,0,"[0, 1]"
184249,7537310,959,0,"[0, 1]"
184249,7537310,654,0,"[0, 1]"
184249,7537310,820,0,"[0, 1]"
184249,7537310,634,0,"[0, 1]"
184249,7537310,984,0,"[0, 1]"
184249,7537310,853,0,"[0, 1]"
184249,7537310,948,0,"[0, 1]"
184249,7537310,882,0,"[0, 1]"
184249,7537310,786,0,"[0, 1]"
184249,7537310,731,0,"[0, 1]"
184249,7537310,823,0,"[0, 1]"
184249,7537310,638,0,"[0, 1]"
184249,7537310,807,0,"[0, 1]"
184249,7537310,772,0,"[0, 1]"
184249,7537310,734,0,"[0, 1]"
184249,7537310,1987,0,"[0, 1]"
184249,7537310,1107,0,"[0, 1]"
184249,7537310,2042,0,"[0, 1]"
184249,7537310,1108,0,"[0, 1]"
184249,7537310,1607,0,"[0, 1]"
184249,7537310,1932,0,"[0, 1]"
184249,7537310,1664,0,"[0, 1]"
184249,7537310,1033,0,"[0, 1]"
184249,7537310,1307,0,"[0, 1]"
184249,7537310,1059,0,"[0, 1]"
184249,7537310,1688,0,"[0, 1]"
184249,7537310,1387,0,"[0, 1]"
184249,7537310,1644,0,"[0, 1]"
184249,7537310,1052,0,"[0, 1]"
184249,7537310,1542,0,"[0, 1]"
184249,7537310,2026,0,"[0, 1]"
184249,7537310,1770,0,"[0, 1]"
184249,7537310,1067,0,"[0, 1]"
184249,7537310,1829,0,"[0, 1]"
184249,7537310,1913,0,"[0, 1]"
184249,7537310,2582,0,"[0, 1]"
184249,7537310,3979,0,"[0, 1]"
184249,7537310,2826,0,"[0, 1]"
184249,7537310,3538,0,"[0, 1]"
184249,7537310,3051,0,"[0, 1]"
184249,7537310,2614,0,"[0, 1]"
184249,7537310,2319,0,"[0, 1]"
184249,7537310,2680,0,"[0, 1]"
184249,7537310,2350,0,"[0, 1]"
184249,7537310,2765,0,"[0, 1]"
184249,7537310,2733,0,"[0, 1]"
184249,7537310,3004,0,"[0, 1]"
184249,7537310,3335,0,"[0, 1]"
184249,7537310,2905,0,"[0, 1]"
184249,7537310,2923,0,"[0, 1]"
184249,7537310,2445,0,"[0, 1]"
184249,7537310,2301,0,"[0, 1]"
184249,7537310,2656,0,"[0, 1]"
184249,7537310,2161,0,"[0, 1]"
184249,7537310,3477,0,"[0, 1]"
184249,7537310,2728,0,"[0, 1]"
184249,7537310,2665,0,"[0, 1]"
184249,7537310,7684271,1,"[0, 1]"
184249,7537310,7556014,1,"[0, 1]"
184249,7537310,7499518,1,"[0, 1]"
184249,7537310,238005,1,"[0, 1]"
184249,7537310,7449503,1,"[0, 1]"
184249,7537310,7271299,1,"[0, 1]"
184249,7537310,7640856,1,"[0, 1]"
184249,7537310,7349855,1,"[0, 1]"
184249,7537310,4386,0,"[0, 1]"
184249,7537310,7281325,1,"[0, 1]"
184249,7537310,7072003,1,"[0, 1]"
184249,7537310,447379,1,"[0, 1]"
184249,7537310,7499378,1,"[0, 1]"
184249,7537310,7121349,1,"[0, 1]"
184249,7537310,4401,0,"[0, 1]"
184249,7537310,2091170,1,"[0, 1]"
184249,7537310,7159758,1,"[0, 1]"
184249,7537310,7326183,1,"[0, 1]"
184249,7537310,7340514,1,"[0, 1]"
184249,7537310,4430,0,"[0, 1]"
184249,7537310,4173,0,"[0, 1]"
184249,7537310,4627,0,"[0, 1]"
184249,7537310,7537924,1,"[0, 1]"
184249,7537310,4575,0,"[0, 1]"
722981,7537924,7537924,1,"[1, 0]"
722981,7537924,3834,0,"[1, 0]"
722981,7537924,1916,0,"[1, 0]"
722981,7537924,957,0,"[1, 0]"
722981,7537924,478,0,"[1, 0]"
722981,7537924,238,0,"[1, 0]"
722981,7537924,118,0,"[1, 0]"
722981,7537924,58,0,"[1, 0]"
722981,7537924,28,0,"[1, 0]"
722981,7537924,13,0,"[1, 0]"
722981,7537924,6,0,"[1, 0]"
722981,7537924,2,0,"[1, 0]"
722981,7537924,0,0,"[1, 0]"
722981,7537924,2,0,"[0, 1]"
722981,7537924,1,0,"[0, 1]"
722981,7537924,3,0,"[0, 1]"
722981,7537924,4,0,"[0, 1]"
722981,7537924,6,0,"[0, 1]"
722981,7537924,5,0,"[0, 1]"
722981,7537924,12,0,"[0, 1]"
722981,7537924,8,0,"[0, 1]"
722981,7537924,10,0,"[0, 1]"
722981,7537924,7,0,"[0, 1]"
722981,7537924,14,0,"[0, 1]"
722981,7537924,13,0,"[0, 1]"
722981,7537924,26,0,"[0, 1]"
722981,7537924,21,0,"[0, 1]"
722981,7537924,27,0,"[0, 1]"
722981,7537924,17,0,"[0, 1]"
722981,7537924,20,0,"[0, 1]"
722981,7537924,29,0,"[0, 1]"
722981,7537924,30,0,"[0, 1]"
722981,7537924,24,0,"[0, 1]"
722981,7537924,49,0,"[0, 1]"
722981,7537924,37,0,"[0, 1]"
722981,7537924,35,0,"[0, 1]"
722981,7537924,42,0,"[0, 1]"
722981,7537924,61,0,"[0, 1]"
722981,7537924,48,0,"[0, 1]"
722981,7537924,38,0,"[0, 1]"
722981,7537924,52,0,"[0, 1]"
722981,7537924,46,0,"[0, 1]"
722981,7537924,31,0,"[0, 1]"
722981,7537924,89,0,"[0, 1]"
722981,7537924,117,0,"[0, 1]"
722981,7537924,84,0,"[0, 1]"
722981,7537924,88,0,"[0, 1]"
722981,7537924,65,0,"[0, 1]"
722981,7537924,119,0,"[0, 1]"
722981,7537924,101,0,"[0, 1]"
722981,7537924,103,0,"[0, 1]"
722981,7537924,97,0,"[0, 1]"
722981,7537924,121,0,"[0, 1]"
722981,7537924,74,0,"[0, 1]"
722981,7537924,75,0,"[0, 1]"
722981,7537924,170,0,"[0, 1]"
722981,7537924,144,0,"[0, 1]"
722981,7537924,143,0,"[0, 1]"
722981,7537924,200,0,"[0, 1]"
722981,7537924,191,0,"[0, 1]"
722981,7537924,233,0,"[0, 1]"
722981,7537924,232,0,"[0, 1]"
722981,7537924,247,0,"[0, 1]"
722981,7537924,137,0,"[0, 1]"
722981,7537924,208,0,"[0, 1]"
722981,7537924,249,0,"[0, 1]"
722981,7537924,147,0,"[0, 1]"
722981,7537924,183,0,"[0, 1]"
722981,7537924,215,0,"[0, 1]"
722981,7537924,257,0,"[0, 1]"
722981,7537924,413,0,"[0, 1]"
722981,7537924,370,0,"[0, 1]"
722981,7537924,492,0,"[0, 1]"
722981,7537924,287,0,"[0, 1]"
722981,7537924,419,0,"[0, 1]"
722981,7537924,375,0,"[0, 1]"
722981,7537924,302,0,"[0, 1]"
722981,7537924,385,0,"[0, 1]"
722981,7537924,297,0,"[0, 1]"
722981,7537924,403,0,"[0, 1]"
722981,7537924,311,0,"[0, 1]"
722981,7537924,479,0,"[0, 1]"
722981,7537924,317,0,"[0, 1]"
722981,7537924,472,0,"[0, 1]"
722981,7537924,400,0,"[0, 1]"
722981,7537924,591,0,"[0, 1]"
722981,7537924,546,0,"[0, 1]"
722981,7537924,741,0,"[0, 1]"
722981,7537924,828,0,"[0, 1]"
722981,7537924,761,0,"[0, 1]"
722981,7537924,902,0,"[0, 1]"
722981,7537924,660,0,"[0, 1]"
722981,7537924,853,0,"[0, 1]"
722981,7537924,992,0,"[0, 1]"
722981,7537924,642,0,"[0, 1]"
722981,7537924,865,0,"[0, 1]"
722981,7537924,568,0,"[0, 1]"
722981,7537924,819,0,"[0, 1]"
722981,7537924,584,0,"[0, 1]"
722981,7537924,600,0,"[0, 1]"
722981,7537924,787,0,"[0, 1]"
722981,7537924,872,0,"[0, 1]"
722981,7537924,905,0,"[0, 1]"
722981,7537924,1162,0,"[0, 1]"
722981,7537924,1529,0,"[0, 1]"
722981,7537924,1960,0,"[0, 1]"
722981,7537924,1034,0,"[0, 1]"
722981,7537924,1899,0,"[0, 1]"
722981,7537924,1626,0,"[0, 1]"
722981,7537924,1695,0,"[0, 1]"
722981,7537924,1444,0,"[0, 1]"
722981,7537924,1746,0,"[0, 1]"
722981,7537924,1437,0,"[0, 1]"
722981,7537924,1819,0,"[0, 1]"
722981,7537924,2046,0,"[0, 1]"
722981,7537924,1153,0,"[0, 1]"
722981,7537924,1140,0,"[0, 1]"
722981,7537924,1178,0,"[0, 1]"
722981,7537924,1441,0,"[0, 1]"
722981,7537924,1953,0,"[0, 1]"
722981,7537924,1987,0,"[0, 1]"
722981,7537924,1583,0,"[0, 1]"
722981,7537924,1192,0,"[0, 1]"
722981,7537924,3503,0,"[0, 1]"
722981,7537924,2834,0,"[0, 1]"
722981,7537924,3190,0,"[0, 1]"
722981,7537924,2206,0,"[0, 1]"
722981,7537924,2829,0,"[0, 1]"
722981,7537924,3307,0,"[0, 1]"
722981,7537924,3512,0,"[0, 1]"
722981,7537924,3426,0,"[0, 1]"
722981,7537924,2334,0,"[0, 1]"
722981,7537924,3604,0,"[0, 1]"
722981,7537924,3023,0,"[0, 1]"
722981,7537924,3495,0,"[0, 1]"
722981,7537924,2339,0,"[0, 1]"
722981,7537924,3371,0,"[0, 1]"
722981,7537924,3154,0,"[0, 1]"
722981,7537924,2617,0,"[0, 1]"
722981,7537924,2188,0,"[0, 1]"
722981,7537924,3166,0,"[0, 1]"
722981,7537924,3124,0,"[0, 1]"
722981,7537924,2576,0,"[0, 1]"
722981,7537924,2131,0,"[0, 1]"
722981,7537924,2452,0,"[0, 1]"
722981,7537924,7212499,1,"[0, 1]"
722981,7537924,4155,0,"[0, 1]"
722981,7537924,7544274,1,"[0, 1]"
722981,7537924,4608341,1,"[0, 1]"
722981,7537924,7664995,1,"[0, 1]"
722981,7537924,4748,0,"[0, 1]"
722981,7537924,6450955,1,"[0, 1]"
722981,7537924,7500245,1,"[0, 1]"
722981,7537924,7539763,1,"[0, 1]"
722981,7537924,7630759,1,"[0, 1]"
722981,7537924,7263857,1,"[0, 1]"
722981,7537924,7365439,1,"[0, 1]"
722981,7537924,7095568,1,"[0, 1]"
722981,7537924,7214323,1,"[0, 1]"
722981,7537924,7574903,1,"[0, 1]"
722981,7537924,7116278,1,"[0, 1]"
722981,7537924,448393,1,"[0, 1]"
722981,7537924,7208363,1,"[0, 1]"
722981,7537924,7586017,1,"[0, 1]"
722981,7537924,7311169,1,"[0, 1]"
722981,7537924,7204654,1,"[0, 1]"
722981,7537924,7674432,1,"[0, 1]"
722981,7537924,7090228,1,"[0, 1]"
722981,7537924,7611089,1,"[0, 1]"
698828,7537951,7537951,1,"[1, 0]"
698828,7537951,3450,0,"[1, 0]"
698828,7537951,1724,0,"[1, 0]"
698828,7537951,861,0,"[1, 0]"
698828,7537951,430,0,"[1, 0]"
698828,7537951,214,0,"[1, 0]"
698828,7537951,106,0,"[1, 0]"
698828,7537951,52,0,"[1, 0]"
698828,7537951,25,0,"[1, 0]"
698828,7537951,12,0,"[1, 0]"
698828,7537951,5,0,"[1, 0]"
698828,7537951,2,0,"[1, 0]"
698828,7537951,0,0,"[1, 0]"
698828,7537951,2,0,"[0, 1]"
698828,7537951,1,0,"[0, 1]"
698828,7537951,4,0,"[0, 1]"
698828,7537951,3,0,"[0, 1]"
698828,7537951,6,0,"[0, 1]"
698828,7537951,5,0,"[0, 1]"
698828,7537951,10,0,"[0, 1]"
698828,7537951,14,0,"[0, 1]"
698828,7537951,8,0,"[0, 1]"
698828,7537951,7,0,"[0, 1]"
698828,7537951,13,0,"[0, 1]"
698828,7537951,11,0,"[0, 1]"
698828,7537951,27,0,"[0, 1]"
698828,7537951,26,0,"[0, 1]"
698828,7537951,24,0,"[0, 1]"
698828,7537951,29,0,"[0, 1]"
698828,7537951,19,0,"[0, 1]"
698828,7537951,18,0,"[0, 1]"
698828,7537951,20,0,"[0, 1]"
698828,7537951,16,0,"[0, 1]"
698828,7537951,39,0,"[0, 1]"
698828,7537951,40,0,"[0, 1]"
698828,7537951,58,0,"[0, 1]"
698828,7537951,31,0,"[0, 1]"
698828,7537951,38,0,"[0, 1]"
698828,7537951,57,0,"[0, 1]"
698828,7537951,56,0,"[0, 1]"
698828,7537951,59,0,"[0, 1]"
698828,7537951,48,0,"[0, 1]"
698828,7537951,44,0,"[0, 1]"
698828,7537951,67,0,"[0, 1]"
698828,7537951,64,0,"[0, 1]"
698828,7537951,65,0,"[0, 1]"
698828,7537951,110,0,"[0, 1]"
698828,7537951,107,0,"[0, 1]"
698828,7537951,93,0,"[0, 1]"
698828,7537951,105,0,"[0, 1]"
698828,7537951,118,0,"[0, 1]"
698828,7537951,76,0,"[0, 1]"
698828,7537951,89,0,"[0, 1]"
698828,7537951,73,0,"[0, 1]"
698828,7537951,90,0,"[0, 1]"
698828,7537951,165,0,"[0, 1]"
698828,7537951,235,0,"[0, 1]"
698828,7537951,216,0,"[0, 1]"
698828,7537951,207,0,"[0, 1]"
698828,7537951,211,0,"[0, 1]"
698828,7537951,153,0,"[0, 1]"
698828,7537951,140,0,"[0, 1]"
698828,7537951,200,0,"[0, 1]"
698828,7537951,248,0,"[0, 1]"
698828,7537951,174,0,"[0, 1]"
698828,7537951,176,0,"[0, 1]"
698828,7537951,142,0,"[0, 1]"
698828,7537951,188,0,"[0, 1]"
698828,7537951,212,0,"[0, 1]"
698828,7537951,349,0,"[0, 1]"
698828,7537951,305,0,"[0, 1]"
698828,7537951,422,0,"[0, 1]"
698828,7537951,439,0,"[0, 1]"
698828,7537951,495,0,"[0, 1]"
698828,7537951,327,0,"[0, 1]"
698828,7537951,432,0,"[0, 1]"
698828,7537951,316,0,"[0, 1]"
698828,7537951,363,0,"[0, 1]"
698828,7537951,267,0,"[0, 1]"
698828,7537951,320,0,"[0, 1]"
698828,7537951,388,0,"[0, 1]"
698828,7537951,438,0,"[0, 1]"
698828,7537951,367,0,"[0, 1]"
698828,7537951,326,0,"[0, 1]"
698828,7537951,412,0,"[0, 1]"
698828,7537951,646,0,"[0, 1]"
698828,7537951,746,0,"[0, 1]"
698828,7537951,788,0,"[0, 1]"
698828,7537951,745,0,"[0, 1]"
698828,7537951,823,0,"[0, 1]"
698828,7537951,1014,0,"[0, 1]"
698828,7537951,954,0,"[0, 1]"
698828,7537951,610,0,"[0, 1]"
698828,7537951,634,0,"[0, 1]"
698828,7537951,730,0,"[0, 1]"
698828,7537951,554,0,"[0, 1]"
698828,7537951,1005,0,"[0, 1]"
698828,7537951,816,0,"[0, 1]"
698828,7537951,514,0,"[0, 1]"
698828,7537951,709,0,"[0, 1]"
698828,7537951,744,0,"[0, 1]"
698828,7537951,855,0,"[0, 1]"
698828,7537951,664,0,"[0, 1]"
698828,7537951,1940,0,"[0, 1]"
698828,7537951,1617,0,"[0, 1]"
698828,7537951,1591,0,"[0, 1]"
698828,7537951,1840,0,"[0, 1]"
698828,7537951,1667,0,"[0, 1]"
698828,7537951,1781,0,"[0, 1]"
698828,7537951,1245,0,"[0, 1]"
698828,7537951,1076,0,"[0, 1]"
698828,7537951,1139,0,"[0, 1]"
698828,7537951,1664,0,"[0, 1]"
698828,7537951,1636,0,"[0, 1]"
698828,7537951,1789,0,"[0, 1]"
698828,7537951,1476,0,"[0, 1]"
698828,7537951,1932,0,"[0, 1]"
698828,7537951,1558,0,"[0, 1]"
698828,7537951,1400,0,"[0, 1]"
698828,7537951,1341,0,"[0, 1]"
698828,7537951,1852,0,"[0, 1]"
698828,7537951,1111,0,"[0, 1]"
698828,7537951,1243,0,"[0, 1]"
698828,7537951,3250,0,"[0, 1]"
698828,7537951,2636,0,"[0, 1]"
698828,7537951,2739,0,"[0, 1]"
698828,7537951,2836,0,"[0, 1]"
698828,7537951,3138,0,"[0, 1]"
698828,7537951,2476,0,"[0, 1]"
698828,7537951,2272,0,"[0, 1]"
698828,7537951,2830,0,"[0, 1]"
698828,7537951,2369,0,"[0, 1]"
698828,7537951,2251,0,"[0, 1]"
698828,7537951,2667,0,"[0, 1]"
698828,7537951,3537,0,"[0, 1]"
698828,7537951,3798,0,"[0, 1]"
698828,7537951,3226,0,"[0, 1]"
698828,7537951,2931,0,"[0, 1]"
698828,7537951,3048,0,"[0, 1]"
698828,7537951,3931,0,"[0, 1]"
698828,7537951,3002,0,"[0, 1]"
698828,7537951,2409,0,"[0, 1]"
698828,7537951,2560,0,"[0, 1]"
698828,7537951,3369,0,"[0, 1]"
698828,7537951,2875,0,"[0, 1]"
698828,7537951,7106361,1,"[0, 1]"
698828,7537951,7313953,1,"[0, 1]"
698828,7537951,7453182,1,"[0, 1]"
698828,7537951,7498156,1,"[0, 1]"
698828,7537951,4274,0,"[0, 1]"
698828,7537951,4785,0,"[0, 1]"
698828,7537951,7152150,1,"[0, 1]"
698828,7537951,7481432,1,"[0, 1]"
698828,7537951,4212,0,"[0, 1]"
698828,7537951,4588,0,"[0, 1]"
698828,7537951,7555467,1,"[0, 1]"
698828,7537951,7320560,1,"[0, 1]"
698828,7537951,7156564,1,"[0, 1]"
698828,7537951,4618,0,"[0, 1]"
698828,7537951,7089128,1,"[0, 1]"
698828,7537951,7217940,1,"[0, 1]"
698828,7537951,7096873,1,"[0, 1]"
698828,7537951,7428391,1,"[0, 1]"
698828,7537951,7635087,1,"[0, 1]"
698828,7537951,7238718,1,"[0, 1]"
698828,7537951,1696122,1,"[0, 1]"
698828,7537951,4744,0,"[0, 1]"
698828,7537951,7506064,1,"[0, 1]"
698828,7537951,7351322,1,"[0, 1]"
288200,7537962,7537962,1,"[1, 0]"
288200,7537962,4541,0,"[1, 0]"
288200,7537962,3059,0,"[1, 0]"
288200,7537962,1529,0,"[1, 0]"
288200,7537962,764,0,"[1, 0]"
288200,7537962,381,0,"[1, 0]"
288200,7537962,190,0,"[1, 0]"
288200,7537962,94,0,"[1, 0]"
288200,7537962,46,0,"[1, 0]"
288200,7537962,22,0,"[1, 0]"
288200,7537962,10,0,"[1, 0]"
288200,7537962,4,0,"[1, 0]"
288200,7537962,1,0,"[1, 0]"
288200,7537962,0,0,"[1, 0]"
288200,7537962,1,0,"[0, 1]"
288200,7537962,2,0,"[0, 1]"
288200,7537962,3,0,"[0, 1]"
288200,7537962,5,0,"[0, 1]"
288200,7537962,4,0,"[0, 1]"
288200,7537962,6,0,"[0, 1]"
288200,7537962,14,0,"[0, 1]"
288200,7537962,10,0,"[0, 1]"
288200,7537962,13,0,"[0, 1]"
288200,7537962,7,0,"[0, 1]"
288200,7537962,9,0,"[0, 1]"
288200,7537962,12,0,"[0, 1]"
288200,7537962,27,0,"[0, 1]"
288200,7537962,17,0,"[0, 1]"
288200,7537962,20,0,"[0, 1]"
288200,7537962,21,0,"[0, 1]"
288200,7537962,30,0,"[0, 1]"
288200,7537962,22,0,"[0, 1]"
288200,7537962,28,0,"[0, 1]"
288200,7537962,19,0,"[0, 1]"
288200,7537962,57,0,"[0, 1]"
288200,7537962,44,0,"[0, 1]"
288200,7537962,60,0,"[0, 1]"
288200,7537962,32,0,"[0, 1]"
288200,7537962,58,0,"[0, 1]"
288200,7537962,41,0,"[0, 1]"
288200,7537962,59,0,"[0, 1]"
288200,7537962,55,0,"[0, 1]"
288200,7537962,46,0,"[0, 1]"
288200,7537962,45,0,"[0, 1]"
288200,7537962,109,0,"[0, 1]"
288200,7537962,82,0,"[0, 1]"
288200,7537962,106,0,"[0, 1]"
288200,7537962,69,0,"[0, 1]"
288200,7537962,89,0,"[0, 1]"
288200,7537962,100,0,"[0, 1]"
288200,7537962,77,0,"[0, 1]"
288200,7537962,72,0,"[0, 1]"
288200,7537962,118,0,"[0, 1]"
288200,7537962,97,0,"[0, 1]"
288200,7537962,92,0,"[0, 1]"
288200,7537962,73,0,"[0, 1]"
288200,7537962,127,0,"[0, 1]"
288200,7537962,157,0,"[0, 1]"
288200,7537962,207,0,"[0, 1]"
288200,7537962,156,0,"[0, 1]"
288200,7537962,191,0,"[0, 1]"
288200,7537962,137,0,"[0, 1]"
288200,7537962,246,0,"[0, 1]"
288200,7537962,192,0,"[0, 1]"
288200,7537962,147,0,"[0, 1]"
288200,7537962,237,0,"[0, 1]"
288200,7537962,199,0,"[0, 1]"
288200,7537962,228,0,"[0, 1]"
288200,7537962,190,0,"[0, 1]"
288200,7537962,211,0,"[0, 1]"
288200,7537962,338,0,"[0, 1]"
288200,7537962,287,0,"[0, 1]"
288200,7537962,491,0,"[0, 1]"
288200,7537962,413,0,"[0, 1]"
288200,7537962,359,0,"[0, 1]"
288200,7537962,496,0,"[0, 1]"
288200,7537962,450,0,"[0, 1]"
288200,7537962,440,0,"[0, 1]"
288200,7537962,411,0,"[0, 1]"
288200,7537962,295,0,"[0, 1]"
288200,7537962,372,0,"[0, 1]"
288200,7537962,332,0,"[0, 1]"
288200,7537962,307,0,"[0, 1]"
288200,7537962,267,0,"[0, 1]"
288200,7537962,290,0,"[0, 1]"
288200,7537962,465,0,"[0, 1]"
288200,7537962,981,0,"[0, 1]"
288200,7537962,933,0,"[0, 1]"
288200,7537962,729,0,"[0, 1]"
288200,7537962,922,0,"[0, 1]"
288200,7537962,516,0,"[0, 1]"
288200,7537962,803,0,"[0, 1]"
288200,7537962,802,0,"[0, 1]"
288200,7537962,821,0,"[0, 1]"
288200,7537962,568,0,"[0, 1]"
288200,7537962,686,0,"[0, 1]"
288200,7537962,756,0,"[0, 1]"
288200,7537962,589,0,"[0, 1]"
288200,7537962,796,0,"[0, 1]"
288200,7537962,764,0,"[0, 1]"
288200,7537962,864,0,"[0, 1]"
288200,7537962,520,0,"[0, 1]"
288200,7537962,725,0,"[0, 1]"
288200,7537962,650,0,"[0, 1]"
288200,7537962,1825,0,"[0, 1]"
288200,7537962,2029,0,"[0, 1]"
288200,7537962,1638,0,"[0, 1]"
288200,7537962,1158,0,"[0, 1]"
288200,7537962,1352,0,"[0, 1]"
288200,7537962,1356,0,"[0, 1]"
288200,7537962,1395,0,"[0, 1]"
288200,7537962,1041,0,"[0, 1]"
288200,7537962,1056,0,"[0, 1]"
288200,7537962,1231,0,"[0, 1]"
288200,7537962,1847,0,"[0, 1]"
288200,7537962,1569,0,"[0, 1]"
288200,7537962,1051,0,"[0, 1]"
288200,7537962,1406,0,"[0, 1]"
288200,7537962,1185,0,"[0, 1]"
288200,7537962,1619,0,"[0, 1]"
288200,7537962,1420,0,"[0, 1]"
288200,7537962,1645,0,"[0, 1]"
288200,7537962,1120,0,"[0, 1]"
288200,7537962,1673,0,"[0, 1]"
288200,7537962,2140,0,"[0, 1]"
288200,7537962,3754,0,"[0, 1]"
288200,7537962,2383,0,"[0, 1]"
288200,7537962,2058,0,"[0, 1]"
288200,7537962,3652,0,"[0, 1]"
288200,7537962,3873,0,"[0, 1]"
288200,7537962,2681,0,"[0, 1]"
288200,7537962,3665,0,"[0, 1]"
288200,7537962,3484,0,"[0, 1]"
288200,7537962,2147,0,"[0, 1]"
288200,7537962,4022,0,"[0, 1]"
288200,7537962,2748,0,"[0, 1]"
288200,7537962,2793,0,"[0, 1]"
288200,7537962,3571,0,"[0, 1]"
288200,7537962,3499,0,"[0, 1]"
288200,7537962,3186,0,"[0, 1]"
288200,7537962,3017,0,"[0, 1]"
288200,7537962,3170,0,"[0, 1]"
288200,7537962,3134,0,"[0, 1]"
288200,7537962,2360,0,"[0, 1]"
288200,7537962,3145,0,"[0, 1]"
288200,7537962,3004,0,"[0, 1]"
288200,7537962,7142190,1,"[0, 1]"
288200,7537962,7634139,1,"[0, 1]"
288200,7537962,4468,0,"[0, 1]"
288200,7537962,7584199,1,"[0, 1]"
288200,7537962,7209485,1,"[0, 1]"
288200,7537962,7340514,1,"[0, 1]"
288200,7537962,4214,0,"[0, 1]"
288200,7537962,7606406,1,"[0, 1]"
288200,7537962,7108747,1,"[0, 1]"
288200,7537962,7078350,1,"[0, 1]"
288200,7537962,4460,0,"[0, 1]"
288200,7537962,7297784,1,"[0, 1]"
288200,7537962,7363361,1,"[0, 1]"
288200,7537962,7311518,1,"[0, 1]"
288200,7537962,7606657,1,"[0, 1]"
288200,7537962,7463161,1,"[0, 1]"
288200,7537962,7071501,1,"[0, 1]"
288200,7537962,7575141,1,"[0, 1]"
288200,7537962,7530546,1,"[0, 1]"
288200,7537962,7282339,1,"[0, 1]"
288200,7537962,7190983,1,"[0, 1]"
288200,7537962,7419865,1,"[0, 1]"
288200,7537962,7098181,1,"[0, 1]"
288200,7537962,414827,1,"[0, 1]"
288200,7537962,876066,1,"[0, 1]"
288200,7537962,2866050,1,"[0, 1]"
288200,7537962,7099129,1,"[0, 1]"
288200,7537962,7515976,1,"[0, 1]"
288200,7537962,7203082,1,"[0, 1]"
288200,7537962,7035144,1,"[0, 1]"
288200,7537962,7370867,1,"[0, 1]"
288200,7537962,7588231,1,"[0, 1]"
288200,7537962,7373076,1,"[0, 1]"
288200,7537962,7138603,1,"[0, 1]"
288200,7537962,760500,1,"[0, 1]"
288200,7537962,7106635,1,"[0, 1]"
288200,7537962,7472685,1,"[0, 1]"
288200,7537962,7671340,1,"[0, 1]"
288200,7537962,7129704,1,"[0, 1]"
288200,7537962,7236941,1,"[0, 1]"
288200,7537962,7326596,1,"[0, 1]"
288200,7537962,3948109,1,"[0, 1]"
288200,7537962,7416571,1,"[0, 1]"
288200,7537962,7403506,1,"[0, 1]"
288200,7537962,7248023,1,"[0, 1]"
288200,7537962,5235433,1,"[0, 1]"
288200,7537962,7196767,1,"[0, 1]"
288200,7537962,7261342,1,"[0, 1]"
288200,7537962,7166303,1,"[0, 1]"
288200,7537962,7612190,1,"[0, 1]"
589423,7538059,7538059,1,"[1, 0]"
589423,7538059,3948,0,"[1, 0]"
589423,7538059,1973,0,"[1, 0]"
589423,7538059,986,0,"[1, 0]"
589423,7538059,492,0,"[1, 0]"
589423,7538059,245,0,"[1, 0]"
589423,7538059,122,0,"[1, 0]"
589423,7538059,60,0,"[1, 0]"
589423,7538059,29,0,"[1, 0]"
589423,7538059,14,0,"[1, 0]"
589423,7538059,6,0,"[1, 0]"
589423,7538059,2,0,"[1, 0]"
589423,7538059,0,0,"[1, 0]"
589423,7538059,2,0,"[0, 1]"
589423,7538059,1,0,"[0, 1]"
589423,7538059,6,0,"[0, 1]"
589423,7538059,5,0,"[0, 1]"
589423,7538059,4,0,"[0, 1]"
589423,7538059,3,0,"[0, 1]"
589423,7538059,13,0,"[0, 1]"
589423,7538059,10,0,"[0, 1]"
589423,7538059,12,0,"[0, 1]"
589423,7538059,9,0,"[0, 1]"
589423,7538059,14,0,"[0, 1]"
589423,7538059,11,0,"[0, 1]"
589423,7538059,28,0,"[0, 1]"
589423,7538059,19,0,"[0, 1]"
589423,7538059,24,0,"[0, 1]"
589423,7538059,29,0,"[0, 1]"
589423,7538059,22,0,"[0, 1]"
589423,7538059,15,0,"[0, 1]"
589423,7538059,27,0,"[0, 1]"
589423,7538059,25,0,"[0, 1]"
589423,7538059,45,0,"[0, 1]"
589423,7538059,57,0,"[0, 1]"
589423,7538059,54,0,"[0, 1]"
589423,7538059,58,0,"[0, 1]"
589423,7538059,36,0,"[0, 1]"
589423,7538059,40,0,"[0, 1]"
589423,7538059,51,0,"[0, 1]"
589423,7538059,52,0,"[0, 1]"
589423,7538059,55,0,"[0, 1]"
589423,7538059,48,0,"[0, 1]"
589423,7538059,114,0,"[0, 1]"
589423,7538059,72,0,"[0, 1]"
589423,7538059,126,0,"[0, 1]"
589423,7538059,88,0,"[0, 1]"
589423,7538059,100,0,"[0, 1]"
589423,7538059,89,0,"[0, 1]"
589423,7538059,71,0,"[0, 1]"
589423,7538059,69,0,"[0, 1]"
589423,7538059,87,0,"[0, 1]"
589423,7538059,112,0,"[0, 1]"
589423,7538059,80,0,"[0, 1]"
589423,7538059,93,0,"[0, 1]"
589423,7538059,221,0,"[0, 1]"
589423,7538059,134,0,"[0, 1]"
589423,7538059,140,0,"[0, 1]"
589423,7538059,242,0,"[0, 1]"
589423,7538059,145,0,"[0, 1]"
589423,7538059,198,0,"[0, 1]"
589423,7538059,165,0,"[0, 1]"
589423,7538059,204,0,"[0, 1]"
589423,7538059,143,0,"[0, 1]"
589423,7538059,181,0,"[0, 1]"
589423,7538059,233,0,"[0, 1]"
589423,7538059,132,0,"[0, 1]"
589423,7538059,157,0,"[0, 1]"
589423,7538059,232,0,"[0, 1]"
589423,7538059,451,0,"[0, 1]"
589423,7538059,270,0,"[0, 1]"
589423,7538059,435,0,"[0, 1]"
589423,7538059,338,0,"[0, 1]"
589423,7538059,361,0,"[0, 1]"
589423,7538059,424,0,"[0, 1]"
589423,7538059,487,0,"[0, 1]"
589423,7538059,305,0,"[0, 1]"
589423,7538059,418,0,"[0, 1]"
589423,7538059,310,0,"[0, 1]"
589423,7538059,268,0,"[0, 1]"
589423,7538059,362,0,"[0, 1]"
589423,7538059,328,0,"[0, 1]"
589423,7538059,475,0,"[0, 1]"
589423,7538059,449,0,"[0, 1]"
589423,7538059,332,0,"[0, 1]"
589423,7538059,790,0,"[0, 1]"
589423,7538059,775,0,"[0, 1]"
589423,7538059,973,0,"[0, 1]"
589423,7538059,947,0,"[0, 1]"
589423,7538059,939,0,"[0, 1]"
589423,7538059,975,0,"[0, 1]"
589423,7538059,839,0,"[0, 1]"
589423,7538059,894,0,"[0, 1]"
589423,7538059,852,0,"[0, 1]"
589423,7538059,545,0,"[0, 1]"
589423,7538059,845,0,"[0, 1]"
589423,7538059,716,0,"[0, 1]"
589423,7538059,591,0,"[0, 1]"
589423,7538059,909,0,"[0, 1]"
589423,7538059,856,0,"[0, 1]"
589423,7538059,994,0,"[0, 1]"
589423,7538059,826,0,"[0, 1]"
589423,7538059,882,0,"[0, 1]"
589423,7538059,2021,0,"[0, 1]"
589423,7538059,1945,0,"[0, 1]"
589423,7538059,1562,0,"[0, 1]"
589423,7538059,1087,0,"[0, 1]"
589423,7538059,1367,0,"[0, 1]"
589423,7538059,1835,0,"[0, 1]"
589423,7538059,1822,0,"[0, 1]"
589423,7538059,1537,0,"[0, 1]"
589423,7538059,1539,0,"[0, 1]"
589423,7538059,1150,0,"[0, 1]"
589423,7538059,1036,0,"[0, 1]"
589423,7538059,1850,0,"[0, 1]"
589423,7538059,1966,0,"[0, 1]"
589423,7538059,1046,0,"[0, 1]"
589423,7538059,1404,0,"[0, 1]"
589423,7538059,1044,0,"[0, 1]"
589423,7538059,1565,0,"[0, 1]"
589423,7538059,2011,0,"[0, 1]"
589423,7538059,2024,0,"[0, 1]"
589423,7538059,1747,0,"[0, 1]"
589423,7538059,2427,0,"[0, 1]"
589423,7538059,3257,0,"[0, 1]"
589423,7538059,2863,0,"[0, 1]"
589423,7538059,2752,0,"[0, 1]"
589423,7538059,2774,0,"[0, 1]"
589423,7538059,3290,0,"[0, 1]"
589423,7538059,3047,0,"[0, 1]"
589423,7538059,3096,0,"[0, 1]"
589423,7538059,2145,0,"[0, 1]"
589423,7538059,3561,0,"[0, 1]"
589423,7538059,4066,0,"[0, 1]"
589423,7538059,2169,0,"[0, 1]"
589423,7538059,2248,0,"[0, 1]"
589423,7538059,3320,0,"[0, 1]"
589423,7538059,2812,0,"[0, 1]"
589423,7538059,3091,0,"[0, 1]"
589423,7538059,3440,0,"[0, 1]"
589423,7538059,3443,0,"[0, 1]"
589423,7538059,2224,0,"[0, 1]"
589423,7538059,3339,0,"[0, 1]"
589423,7538059,2085,0,"[0, 1]"
589423,7538059,3618,0,"[0, 1]"
589423,7538059,4760,0,"[0, 1]"
589423,7538059,7144391,1,"[0, 1]"
589423,7538059,7532068,1,"[0, 1]"
589423,7538059,6817792,1,"[0, 1]"
589423,7538059,7268747,1,"[0, 1]"
589423,7538059,7498056,1,"[0, 1]"
589423,7538059,7173901,1,"[0, 1]"
589423,7538059,4592,0,"[0, 1]"
589423,7538059,3583169,1,"[0, 1]"
589423,7538059,7199090,1,"[0, 1]"
589423,7538059,4235,0,"[0, 1]"
589423,7538059,7505469,1,"[0, 1]"
589423,7538059,7440044,1,"[0, 1]"
589423,7538059,4301,0,"[0, 1]"
589423,7538059,4820,0,"[0, 1]"
589423,7538059,7279141,1,"[0, 1]"
589423,7538059,7402811,1,"[0, 1]"
589423,7538059,7630497,1,"[0, 1]"
589423,7538059,92150,1,"[0, 1]"
589423,7538059,7230408,1,"[0, 1]"
589423,7538059,4213,0,"[0, 1]"
589423,7538059,7412337,1,"[0, 1]"
589423,7538059,7258706,1,"[0, 1]"
589423,7538059,4745,0,"[0, 1]"
1096065,7538092,7538092,1,"[1, 0]"
1096065,7538092,4417,0,"[1, 0]"
1096065,7538092,2778,0,"[1, 0]"
1096065,7538092,1388,0,"[1, 0]"
1096065,7538092,693,0,"[1, 0]"
1096065,7538092,346,0,"[1, 0]"
1096065,7538092,172,0,"[1, 0]"
1096065,7538092,85,0,"[1, 0]"
1096065,7538092,42,0,"[1, 0]"
1096065,7538092,20,0,"[1, 0]"
1096065,7538092,9,0,"[1, 0]"
1096065,7538092,4,0,"[1, 0]"
1096065,7538092,1,0,"[1, 0]"
1096065,7538092,0,0,"[1, 0]"
1096065,7538092,1,0,"[0, 1]"
1096065,7538092,2,0,"[0, 1]"
1096065,7538092,3,0,"[0, 1]"
1096065,7538092,5,0,"[0, 1]"
1096065,7538092,6,0,"[0, 1]"
1096065,7538092,4,0,"[0, 1]"
1096065,7538092,9,0,"[0, 1]"
1096065,7538092,14,0,"[0, 1]"
1096065,7538092,10,0,"[0, 1]"
1096065,7538092,7,0,"[0, 1]"
1096065,7538092,8,0,"[0, 1]"
1096065,7538092,11,0,"[0, 1]"
1096065,7538092,27,0,"[0, 1]"
1096065,7538092,17,0,"[0, 1]"
1096065,7538092,26,0,"[0, 1]"
1096065,7538092,29,0,"[0, 1]"
1096065,7538092,23,0,"[0, 1]"
1096065,7538092,21,0,"[0, 1]"
1096065,7538092,16,0,"[0, 1]"
1096065,7538092,20,0,"[0, 1]"
1096065,7538092,60,0,"[0, 1]"
1096065,7538092,32,0,"[0, 1]"
1096065,7538092,43,0,"[0, 1]"
1096065,7538092,57,0,"[0, 1]"
1096065,7538092,45,0,"[0, 1]"
1096065,7538092,51,0,"[0, 1]"
1096065,7538092,54,0,"[0, 1]"
1096065,7538092,48,0,"[0, 1]"
1096065,7538092,36,0,"[0, 1]"
1096065,7538092,47,0,"[0, 1]"
1096065,7538092,95,0,"[0, 1]"
1096065,7538092,106,0,"[0, 1]"
1096065,7538092,70,0,"[0, 1]"
1096065,7538092,104,0,"[0, 1]"
1096065,7538092,117,0,"[0, 1]"
1096065,7538092,103,0,"[0, 1]"
1096065,7538092,85,0,"[0, 1]"
1096065,7538092,72,0,"[0, 1]"
1096065,7538092,107,0,"[0, 1]"
1096065,7538092,113,0,"[0, 1]"
1096065,7538092,97,0,"[0, 1]"
1096065,7538092,111,0,"[0, 1]"
1096065,7538092,166,0,"[0, 1]"
1096065,7538092,199,0,"[0, 1]"
1096065,7538092,184,0,"[0, 1]"
1096065,7538092,182,0,"[0, 1]"
1096065,7538092,235,0,"[0, 1]"
1096065,7538092,229,0,"[0, 1]"
1096065,7538092,129,0,"[0, 1]"
1096065,7538092,165,0,"[0, 1]"
1096065,7538092,150,0,"[0, 1]"
1096065,7538092,243,0,"[0, 1]"
1096065,7538092,216,0,"[0, 1]"
1096065,7538092,214,0,"[0, 1]"
1096065,7538092,225,0,"[0, 1]"
1096065,7538092,141,0,"[0, 1]"
1096065,7538092,385,0,"[0, 1]"
1096065,7538092,383,0,"[0, 1]"
1096065,7538092,342,0,"[0, 1]"
1096065,7538092,368,0,"[0, 1]"
1096065,7538092,432,0,"[0, 1]"
1096065,7538092,447,0,"[0, 1]"
1096065,7538092,332,0,"[0, 1]"
1096065,7538092,463,0,"[0, 1]"
1096065,7538092,331,0,"[0, 1]"
1096065,7538092,472,0,"[0, 1]"
1096065,7538092,454,0,"[0, 1]"
1096065,7538092,377,0,"[0, 1]"
1096065,7538092,502,0,"[0, 1]"
1096065,7538092,344,0,"[0, 1]"
1096065,7538092,490,0,"[0, 1]"
1096065,7538092,374,0,"[0, 1]"
1096065,7538092,707,0,"[0, 1]"
1096065,7538092,1005,0,"[0, 1]"
1096065,7538092,588,0,"[0, 1]"
1096065,7538092,555,0,"[0, 1]"
1096065,7538092,803,0,"[0, 1]"
1096065,7538092,543,0,"[0, 1]"
1096065,7538092,627,0,"[0, 1]"
1096065,7538092,874,0,"[0, 1]"
1096065,7538092,852,0,"[0, 1]"
1096065,7538092,517,0,"[0, 1]"
1096065,7538092,519,0,"[0, 1]"
1096065,7538092,964,0,"[0, 1]"
1096065,7538092,717,0,"[0, 1]"
1096065,7538092,705,0,"[0, 1]"
1096065,7538092,1006,0,"[0, 1]"
1096065,7538092,968,0,"[0, 1]"
1096065,7538092,767,0,"[0, 1]"
1096065,7538092,679,0,"[0, 1]"
1096065,7538092,1194,0,"[0, 1]"
1096065,7538092,1983,0,"[0, 1]"
1096065,7538092,1271,0,"[0, 1]"
1096065,7538092,1622,0,"[0, 1]"
1096065,7538092,1558,0,"[0, 1]"
1096065,7538092,1156,0,"[0, 1]"
1096065,7538092,1141,0,"[0, 1]"
1096065,7538092,1131,0,"[0, 1]"
1096065,7538092,1875,0,"[0, 1]"
1096065,7538092,1960,0,"[0, 1]"
1096065,7538092,1512,0,"[0, 1]"
1096065,7538092,1190,0,"[0, 1]"
1096065,7538092,1961,0,"[0, 1]"
1096065,7538092,1774,0,"[0, 1]"
1096065,7538092,1888,0,"[0, 1]"
1096065,7538092,1911,0,"[0, 1]"
1096065,7538092,1708,0,"[0, 1]"
1096065,7538092,1244,0,"[0, 1]"
1096065,7538092,1742,0,"[0, 1]"
1096065,7538092,1175,0,"[0, 1]"
1096065,7538092,3558,0,"[0, 1]"
1096065,7538092,2802,0,"[0, 1]"
1096065,7538092,3163,0,"[0, 1]"
1096065,7538092,4005,0,"[0, 1]"
1096065,7538092,2228,0,"[0, 1]"
1096065,7538092,3751,0,"[0, 1]"
1096065,7538092,2408,0,"[0, 1]"
1096065,7538092,2935,0,"[0, 1]"
1096065,7538092,3871,0,"[0, 1]"
1096065,7538092,4020,0,"[0, 1]"
1096065,7538092,3196,0,"[0, 1]"
1096065,7538092,2413,0,"[0, 1]"
1096065,7538092,3950,0,"[0, 1]"
1096065,7538092,2888,0,"[0, 1]"
1096065,7538092,3083,0,"[0, 1]"
1096065,7538092,2180,0,"[0, 1]"
1096065,7538092,4029,0,"[0, 1]"
1096065,7538092,2997,0,"[0, 1]"
1096065,7538092,2869,0,"[0, 1]"
1096065,7538092,3078,0,"[0, 1]"
1096065,7538092,2646,0,"[0, 1]"
1096065,7538092,2283,0,"[0, 1]"
1096065,7538092,448393,1,"[0, 1]"
1096065,7538092,7081127,1,"[0, 1]"
1096065,7538092,7476722,1,"[0, 1]"
1096065,7538092,7310715,1,"[0, 1]"
1096065,7538092,7600671,1,"[0, 1]"
1096065,7538092,7249620,1,"[0, 1]"
1096065,7538092,4910,0,"[0, 1]"
1096065,7538092,7071642,1,"[0, 1]"
1096065,7538092,2397478,1,"[0, 1]"
1096065,7538092,7174859,1,"[0, 1]"
1096065,7538092,7607818,1,"[0, 1]"
1096065,7538092,7210090,1,"[0, 1]"
1096065,7538092,7166795,1,"[0, 1]"
1096065,7538092,7080803,1,"[0, 1]"
1096065,7538092,7440582,1,"[0, 1]"
1096065,7538092,7579485,1,"[0, 1]"
1096065,7538092,4141,0,"[0, 1]"
1096065,7538092,4968,0,"[0, 1]"
1096065,7538092,7147901,1,"[0, 1]"
1096065,7538092,7443692,1,"[0, 1]"
1096065,7538092,4605,0,"[0, 1]"
1096065,7538092,7421528,1,"[0, 1]"
1096065,7538092,4408,0,"[0, 1]"
1096065,7538092,7173996,1,"[0, 1]"
1096065,7538092,7111754,1,"[0, 1]"
1096065,7538092,7194681,1,"[0, 1]"
1096065,7538092,7673341,1,"[0, 1]"
1096065,7538092,7305780,1,"[0, 1]"
1096065,7538092,7532380,1,"[0, 1]"
1096065,7538092,3551563,1,"[0, 1]"
1096065,7538092,7185644,1,"[0, 1]"
1096065,7538092,7528490,1,"[0, 1]"
1096065,7538092,7271167,1,"[0, 1]"
1096065,7538092,7620363,1,"[0, 1]"
1096065,7538092,7458583,1,"[0, 1]"
1096065,7538092,7539545,1,"[0, 1]"
1096065,7538092,7346601,1,"[0, 1]"
1096065,7538092,7262611,1,"[0, 1]"
1096065,7538092,7443275,1,"[0, 1]"
1096065,7538092,7131601,1,"[0, 1]"
1096065,7538092,7265345,1,"[0, 1]"
1096065,7538092,7295399,1,"[0, 1]"
1096065,7538092,7404959,1,"[0, 1]"
1096065,7538092,7181909,1,"[0, 1]"
1096065,7538092,7649010,1,"[0, 1]"
1096065,7538092,7303645,1,"[0, 1]"
1096065,7538092,7672042,1,"[0, 1]"
1096065,7538092,7246357,1,"[0, 1]"
1096065,7538092,7569360,1,"[0, 1]"
1096065,7538092,7406317,1,"[0, 1]"
433415,7538122,7538122,1,"[1, 0]"
433415,7538122,4274,0,"[1, 0]"
433415,7538122,2453,0,"[1, 0]"
433415,7538122,1226,0,"[1, 0]"
433415,7538122,612,0,"[1, 0]"
433415,7538122,305,0,"[1, 0]"
433415,7538122,152,0,"[1, 0]"
433415,7538122,75,0,"[1, 0]"
433415,7538122,37,0,"[1, 0]"
433415,7538122,18,0,"[1, 0]"
433415,7538122,8,0,"[1, 0]"
433415,7538122,3,0,"[1, 0]"
433415,7538122,1,0,"[1, 0]"
433415,7538122,0,0,"[1, 0]"
433415,7538122,2,0,"[0, 1]"
433415,7538122,1,0,"[0, 1]"
433415,7538122,4,0,"[0, 1]"
433415,7538122,6,0,"[0, 1]"
433415,7538122,5,0,"[0, 1]"
433415,7538122,3,0,"[0, 1]"
433415,7538122,12,0,"[0, 1]"
433415,7538122,7,0,"[0, 1]"
433415,7538122,10,0,"[0, 1]"
433415,7538122,9,0,"[0, 1]"
433415,7538122,13,0,"[0, 1]"
433415,7538122,11,0,"[0, 1]"
433415,7538122,21,0,"[0, 1]"
433415,7538122,18,0,"[0, 1]"
433415,7538122,22,0,"[0, 1]"
433415,7538122,23,0,"[0, 1]"
433415,7538122,19,0,"[0, 1]"
433415,7538122,27,0,"[0, 1]"
433415,7538122,28,0,"[0, 1]"
433415,7538122,24,0,"[0, 1]"
433415,7538122,32,0,"[0, 1]"
433415,7538122,44,0,"[0, 1]"
433415,7538122,60,0,"[0, 1]"
433415,7538122,36,0,"[0, 1]"
433415,7538122,50,0,"[0, 1]"
433415,7538122,31,0,"[0, 1]"
433415,7538122,43,0,"[0, 1]"
433415,7538122,53,0,"[0, 1]"
433415,7538122,38,0,"[0, 1]"
433415,7538122,40,0,"[0, 1]"
433415,7538122,111,0,"[0, 1]"
433415,7538122,95,0,"[0, 1]"
433415,7538122,123,0,"[0, 1]"
433415,7538122,79,0,"[0, 1]"
433415,7538122,63,0,"[0, 1]"
433415,7538122,69,0,"[0, 1]"
433415,7538122,67,0,"[0, 1]"
433415,7538122,74,0,"[0, 1]"
433415,7538122,122,0,"[0, 1]"
433415,7538122,118,0,"[0, 1]"
433415,7538122,64,0,"[0, 1]"
433415,7538122,104,0,"[0, 1]"
433415,7538122,210,0,"[0, 1]"
433415,7538122,143,0,"[0, 1]"
433415,7538122,190,0,"[0, 1]"
433415,7538122,153,0,"[0, 1]"
433415,7538122,149,0,"[0, 1]"
433415,7538122,174,0,"[0, 1]"
433415,7538122,138,0,"[0, 1]"
433415,7538122,230,0,"[0, 1]"
433415,7538122,247,0,"[0, 1]"
433415,7538122,139,0,"[0, 1]"
433415,7538122,244,0,"[0, 1]"
433415,7538122,214,0,"[0, 1]"
433415,7538122,144,0,"[0, 1]"
433415,7538122,202,0,"[0, 1]"
433415,7538122,329,0,"[0, 1]"
433415,7538122,416,0,"[0, 1]"
433415,7538122,387,0,"[0, 1]"
433415,7538122,267,0,"[0, 1]"
433415,7538122,286,0,"[0, 1]"
433415,7538122,381,0,"[0, 1]"
433415,7538122,488,0,"[0, 1]"
433415,7538122,371,0,"[0, 1]"
433415,7538122,301,0,"[0, 1]"
433415,7538122,409,0,"[0, 1]"
433415,7538122,393,0,"[0, 1]"
433415,7538122,472,0,"[0, 1]"
433415,7538122,383,0,"[0, 1]"
433415,7538122,459,0,"[0, 1]"
433415,7538122,314,0,"[0, 1]"
433415,7538122,261,0,"[0, 1]"
433415,7538122,696,0,"[0, 1]"
433415,7538122,633,0,"[0, 1]"
433415,7538122,947,0,"[0, 1]"
433415,7538122,926,0,"[0, 1]"
433415,7538122,735,0,"[0, 1]"
433415,7538122,998,0,"[0, 1]"
433415,7538122,789,0,"[0, 1]"
433415,7538122,512,0,"[0, 1]"
433415,7538122,549,0,"[0, 1]"
433415,7538122,657,0,"[0, 1]"
433415,7538122,981,0,"[0, 1]"
433415,7538122,564,0,"[0, 1]"
433415,7538122,726,0,"[0, 1]"
433415,7538122,841,0,"[0, 1]"
433415,7538122,940,0,"[0, 1]"
433415,7538122,805,0,"[0, 1]"
433415,7538122,842,0,"[0, 1]"
433415,7538122,634,0,"[0, 1]"
433415,7538122,1116,0,"[0, 1]"
433415,7538122,1533,0,"[0, 1]"
433415,7538122,1398,0,"[0, 1]"
433415,7538122,1639,0,"[0, 1]"
433415,7538122,1734,0,"[0, 1]"
433415,7538122,1815,0,"[0, 1]"
433415,7538122,1898,0,"[0, 1]"
433415,7538122,1441,0,"[0, 1]"
433415,7538122,1525,0,"[0, 1]"
433415,7538122,1991,0,"[0, 1]"
433415,7538122,1596,0,"[0, 1]"
433415,7538122,1224,0,"[0, 1]"
433415,7538122,1914,0,"[0, 1]"
433415,7538122,1518,0,"[0, 1]"
433415,7538122,1236,0,"[0, 1]"
433415,7538122,1158,0,"[0, 1]"
433415,7538122,1257,0,"[0, 1]"
433415,7538122,1665,0,"[0, 1]"
433415,7538122,1277,0,"[0, 1]"
433415,7538122,1128,0,"[0, 1]"
433415,7538122,3224,0,"[0, 1]"
433415,7538122,3254,0,"[0, 1]"
433415,7538122,3061,0,"[0, 1]"
433415,7538122,3876,0,"[0, 1]"
433415,7538122,3613,0,"[0, 1]"
433415,7538122,3313,0,"[0, 1]"
433415,7538122,3190,0,"[0, 1]"
433415,7538122,3558,0,"[0, 1]"
433415,7538122,2792,0,"[0, 1]"
433415,7538122,3705,0,"[0, 1]"
433415,7538122,2209,0,"[0, 1]"
433415,7538122,2255,0,"[0, 1]"
433415,7538122,3460,0,"[0, 1]"
433415,7538122,2718,0,"[0, 1]"
433415,7538122,3757,0,"[0, 1]"
433415,7538122,2550,0,"[0, 1]"
433415,7538122,3531,0,"[0, 1]"
433415,7538122,2222,0,"[0, 1]"
433415,7538122,2676,0,"[0, 1]"
433415,7538122,2715,0,"[0, 1]"
433415,7538122,3640,0,"[0, 1]"
433415,7538122,3815,0,"[0, 1]"
433415,7538122,7536282,1,"[0, 1]"
433415,7538122,7358052,1,"[0, 1]"
433415,7538122,4459,0,"[0, 1]"
433415,7538122,7318057,1,"[0, 1]"
433415,7538122,7255023,1,"[0, 1]"
433415,7538122,7134803,1,"[0, 1]"
433415,7538122,7621906,1,"[0, 1]"
433415,7538122,7566523,1,"[0, 1]"
433415,7538122,7492039,1,"[0, 1]"
433415,7538122,4353,0,"[0, 1]"
433415,7538122,4856,0,"[0, 1]"
433415,7538122,6359963,1,"[0, 1]"
433415,7538122,7592553,1,"[0, 1]"
433415,7538122,2646831,1,"[0, 1]"
433415,7538122,4434,0,"[0, 1]"
433415,7538122,7681654,1,"[0, 1]"
433415,7538122,7450365,1,"[0, 1]"
433415,7538122,7579416,1,"[0, 1]"
433415,7538122,7686570,1,"[0, 1]"
433415,7538122,7085111,1,"[0, 1]"
433415,7538122,5382338,1,"[0, 1]"
433415,7538122,4608,0,"[0, 1]"
433415,7538122,7182394,1,"[0, 1]"
433415,7538122,7169371,1,"[0, 1]"
433415,7538122,1514592,1,"[0, 1]"
433415,7538122,7339748,1,"[0, 1]"
433415,7538122,5705062,1,"[0, 1]"
433415,7538122,7099935,1,"[0, 1]"
433415,7538122,7535730,1,"[0, 1]"
433415,7538122,7237580,1,"[0, 1]"
433415,7538122,7539527,1,"[0, 1]"
433415,7538122,7277190,1,"[0, 1]"
433415,7538122,7646090,1,"[0, 1]"
433415,7538122,2074926,1,"[0, 1]"
433415,7538122,7607075,1,"[0, 1]"
433415,7538122,7594098,1,"[0, 1]"
433415,7538122,7450295,1,"[0, 1]"
433415,7538122,7229780,1,"[0, 1]"
433415,7538122,7196767,1,"[0, 1]"
433415,7538122,7089538,1,"[0, 1]"
433415,7538122,7168155,1,"[0, 1]"
433415,7538122,7138606,1,"[0, 1]"
433415,7538122,7424055,1,"[0, 1]"
433415,7538122,7353502,1,"[0, 1]"
433415,7538122,7303270,1,"[0, 1]"
433415,7538122,7292455,1,"[0, 1]"
433415,7538122,7116282,1,"[0, 1]"
433415,7538122,7570852,1,"[0, 1]"
433415,7538122,3194503,1,"[0, 1]"
433415,7538122,7562778,1,"[0, 1]"
744764,7538238,7538238,1,"[1, 0]"
744764,7538238,4619,0,"[1, 0]"
744764,7538238,3235,0,"[1, 0]"
744764,7538238,1617,0,"[1, 0]"
744764,7538238,808,0,"[1, 0]"
744764,7538238,403,0,"[1, 0]"
744764,7538238,201,0,"[1, 0]"
744764,7538238,100,0,"[1, 0]"
744764,7538238,49,0,"[1, 0]"
744764,7538238,24,0,"[1, 0]"
744764,7538238,11,0,"[1, 0]"
744764,7538238,5,0,"[1, 0]"
744764,7538238,2,0,"[1, 0]"
744764,7538238,0,0,"[1, 0]"
744764,7538238,1,0,"[0, 1]"
744764,7538238,2,0,"[0, 1]"
744764,7538238,3,0,"[0, 1]"
744764,7538238,5,0,"[0, 1]"
744764,7538238,6,0,"[0, 1]"
744764,7538238,4,0,"[0, 1]"
744764,7538238,8,0,"[0, 1]"
744764,7538238,12,0,"[0, 1]"
744764,7538238,7,0,"[0, 1]"
744764,7538238,10,0,"[0, 1]"
744764,7538238,9,0,"[0, 1]"
744764,7538238,13,0,"[0, 1]"
744764,7538238,15,0,"[0, 1]"
744764,7538238,29,0,"[0, 1]"
744764,7538238,30,0,"[0, 1]"
744764,7538238,26,0,"[0, 1]"
744764,7538238,22,0,"[0, 1]"
744764,7538238,17,0,"[0, 1]"
744764,7538238,16,0,"[0, 1]"
744764,7538238,18,0,"[0, 1]"
744764,7538238,35,0,"[0, 1]"
744764,7538238,49,0,"[0, 1]"
744764,7538238,37,0,"[0, 1]"
744764,7538238,58,0,"[0, 1]"
744764,7538238,50,0,"[0, 1]"
744764,7538238,55,0,"[0, 1]"
744764,7538238,44,0,"[0, 1]"
744764,7538238,43,0,"[0, 1]"
744764,7538238,52,0,"[0, 1]"
744764,7538238,54,0,"[0, 1]"
744764,7538238,70,0,"[0, 1]"
744764,7538238,74,0,"[0, 1]"
744764,7538238,121,0,"[0, 1]"
744764,7538238,65,0,"[0, 1]"
744764,7538238,100,0,"[0, 1]"
744764,7538238,76,0,"[0, 1]"
744764,7538238,107,0,"[0, 1]"
744764,7538238,110,0,"[0, 1]"
744764,7538238,93,0,"[0, 1]"
744764,7538238,116,0,"[0, 1]"
744764,7538238,83,0,"[0, 1]"
744764,7538238,75,0,"[0, 1]"
744764,7538238,212,0,"[0, 1]"
744764,7538238,186,0,"[0, 1]"
744764,7538238,133,0,"[0, 1]"
744764,7538238,161,0,"[0, 1]"
744764,7538238,213,0,"[0, 1]"
744764,7538238,179,0,"[0, 1]"
744764,7538238,239,0,"[0, 1]"
744764,7538238,245,0,"[0, 1]"
744764,7538238,163,0,"[0, 1]"
744764,7538238,199,0,"[0, 1]"
744764,7538238,151,0,"[0, 1]"
744764,7538238,174,0,"[0, 1]"
744764,7538238,201,0,"[0, 1]"
744764,7538238,129,0,"[0, 1]"
744764,7538238,488,0,"[0, 1]"
744764,7538238,477,0,"[0, 1]"
744764,7538238,508,0,"[0, 1]"
744764,7538238,459,0,"[0, 1]"
744764,7538238,443,0,"[0, 1]"
744764,7538238,437,0,"[0, 1]"
744764,7538238,367,0,"[0, 1]"
744764,7538238,414,0,"[0, 1]"
744764,7538238,279,0,"[0, 1]"
744764,7538238,472,0,"[0, 1]"
744764,7538238,449,0,"[0, 1]"
744764,7538238,457,0,"[0, 1]"
744764,7538238,346,0,"[0, 1]"
744764,7538238,360,0,"[0, 1]"
744764,7538238,296,0,"[0, 1]"
744764,7538238,372,0,"[0, 1]"
744764,7538238,920,0,"[0, 1]"
744764,7538238,841,0,"[0, 1]"
744764,7538238,846,0,"[0, 1]"
744764,7538238,589,0,"[0, 1]"
744764,7538238,670,0,"[0, 1]"
744764,7538238,597,0,"[0, 1]"
744764,7538238,554,0,"[0, 1]"
744764,7538238,518,0,"[0, 1]"
744764,7538238,837,0,"[0, 1]"
744764,7538238,843,0,"[0, 1]"
744764,7538238,954,0,"[0, 1]"
744764,7538238,1010,0,"[0, 1]"
744764,7538238,706,0,"[0, 1]"
744764,7538238,794,0,"[0, 1]"
744764,7538238,758,0,"[0, 1]"
744764,7538238,948,0,"[0, 1]"
744764,7538238,976,0,"[0, 1]"
744764,7538238,788,0,"[0, 1]"
744764,7538238,1759,0,"[0, 1]"
744764,7538238,1929,0,"[0, 1]"
744764,7538238,1901,0,"[0, 1]"
744764,7538238,1173,0,"[0, 1]"
744764,7538238,1875,0,"[0, 1]"
744764,7538238,1133,0,"[0, 1]"
744764,7538238,1965,0,"[0, 1]"
744764,7538238,1822,0,"[0, 1]"
744764,7538238,1735,0,"[0, 1]"
744764,7538238,1619,0,"[0, 1]"
744764,7538238,1286,0,"[0, 1]"
744764,7538238,1415,0,"[0, 1]"
744764,7538238,1710,0,"[0, 1]"
744764,7538238,1431,0,"[0, 1]"
744764,7538238,1263,0,"[0, 1]"
744764,7538238,1302,0,"[0, 1]"
744764,7538238,1827,0,"[0, 1]"
744764,7538238,1639,0,"[0, 1]"
744764,7538238,1756,0,"[0, 1]"
744764,7538238,1792,0,"[0, 1]"
744764,7538238,3367,0,"[0, 1]"
744764,7538238,2720,0,"[0, 1]"
744764,7538238,2607,0,"[0, 1]"
744764,7538238,3203,0,"[0, 1]"
744764,7538238,3477,0,"[0, 1]"
744764,7538238,2604,0,"[0, 1]"
744764,7538238,2888,0,"[0, 1]"
744764,7538238,3096,0,"[0, 1]"
744764,7538238,2125,0,"[0, 1]"
744764,7538238,3005,0,"[0, 1]"
744764,7538238,3015,0,"[0, 1]"
744764,7538238,3353,0,"[0, 1]"
744764,7538238,3167,0,"[0, 1]"
744764,7538238,2265,0,"[0, 1]"
744764,7538238,4003,0,"[0, 1]"
744764,7538238,4057,0,"[0, 1]"
744764,7538238,2230,0,"[0, 1]"
744764,7538238,2983,0,"[0, 1]"
744764,7538238,2135,0,"[0, 1]"
744764,7538238,3208,0,"[0, 1]"
744764,7538238,2640,0,"[0, 1]"
744764,7538238,2346,0,"[0, 1]"
744764,7538238,4941,0,"[0, 1]"
744764,7538238,4639,0,"[0, 1]"
744764,7538238,4265,0,"[0, 1]"
744764,7538238,4891,0,"[0, 1]"
744764,7538238,7142526,1,"[0, 1]"
744764,7538238,7331293,1,"[0, 1]"
744764,7538238,7557173,1,"[0, 1]"
744764,7538238,7220194,1,"[0, 1]"
744764,7538238,7635187,1,"[0, 1]"
744764,7538238,7253732,1,"[0, 1]"
744764,7538238,7533400,1,"[0, 1]"
744764,7538238,664423,1,"[0, 1]"
744764,7538238,7118453,1,"[0, 1]"
744764,7538238,4936,0,"[0, 1]"
744764,7538238,7095230,1,"[0, 1]"
744764,7538238,7663734,1,"[0, 1]"
744764,7538238,7280044,1,"[0, 1]"
744764,7538238,4157,0,"[0, 1]"
744764,7538238,4940,0,"[0, 1]"
744764,7538238,4984,0,"[0, 1]"
744764,7538238,7319308,1,"[0, 1]"
744764,7538238,4846315,1,"[0, 1]"
744764,7538238,7365386,1,"[0, 1]"
744764,7538238,4431,0,"[0, 1]"
744764,7538238,7386797,1,"[0, 1]"
744764,7538238,7183753,1,"[0, 1]"
744764,7538238,7369547,1,"[0, 1]"
744764,7538238,7395344,1,"[0, 1]"
744764,7538238,7128779,1,"[0, 1]"
744764,7538238,7082454,1,"[0, 1]"
744764,7538238,7490832,1,"[0, 1]"
744764,7538238,7092053,1,"[0, 1]"
744764,7538238,7154420,1,"[0, 1]"
744764,7538238,7611282,1,"[0, 1]"
744764,7538238,382588,1,"[0, 1]"
744764,7538238,2196128,1,"[0, 1]"
744764,7538238,2134969,1,"[0, 1]"
744764,7538238,7413603,1,"[0, 1]"
744764,7538238,7082331,1,"[0, 1]"
744764,7538238,7535962,1,"[0, 1]"
744764,7538238,4905388,1,"[0, 1]"
744764,7538238,2661216,1,"[0, 1]"
744764,7538238,7283549,1,"[0, 1]"
744764,7538238,1468542,1,"[0, 1]"
744764,7538238,7344668,1,"[0, 1]"
744764,7538238,7232228,1,"[0, 1]"
744764,7538238,4102612,1,"[0, 1]"
744764,7538238,7680724,1,"[0, 1]"
744764,7538238,7115076,1,"[0, 1]"
744764,7538238,7224650,1,"[0, 1]"
680951,7538407,7538407,1,"[1, 0]"
680951,7538407,4582,0,"[1, 0]"
680951,7538407,3149,0,"[1, 0]"
680951,7538407,1574,0,"[1, 0]"
680951,7538407,786,0,"[1, 0]"
680951,7538407,392,0,"[1, 0]"
680951,7538407,195,0,"[1, 0]"
680951,7538407,97,0,"[1, 0]"
680951,7538407,48,0,"[1, 0]"
680951,7538407,23,0,"[1, 0]"
680951,7538407,11,0,"[1, 0]"
680951,7538407,5,0,"[1, 0]"
680951,7538407,2,0,"[1, 0]"
680951,7538407,0,0,"[1, 0]"
680951,7538407,2,0,"[0, 1]"
680951,7538407,1,0,"[0, 1]"
680951,7538407,4,0,"[0, 1]"
680951,7538407,6,0,"[0, 1]"
680951,7538407,3,0,"[0, 1]"
680951,7538407,5,0,"[0, 1]"
680951,7538407,10,0,"[0, 1]"
680951,7538407,7,0,"[0, 1]"
680951,7538407,9,0,"[0, 1]"
680951,7538407,14,0,"[0, 1]"
680951,7538407,8,0,"[0, 1]"
680951,7538407,11,0,"[0, 1]"
680951,7538407,18,0,"[0, 1]"
680951,7538407,23,0,"[0, 1]"
680951,7538407,21,0,"[0, 1]"
680951,7538407,25,0,"[0, 1]"
680951,7538407,15,0,"[0, 1]"
680951,7538407,17,0,"[0, 1]"
680951,7538407,28,0,"[0, 1]"
680951,7538407,24,0,"[0, 1]"
680951,7538407,32,0,"[0, 1]"
680951,7538407,56,0,"[0, 1]"
680951,7538407,46,0,"[0, 1]"
680951,7538407,39,0,"[0, 1]"
680951,7538407,42,0,"[0, 1]"
680951,7538407,34,0,"[0, 1]"
680951,7538407,41,0,"[0, 1]"
680951,7538407,43,0,"[0, 1]"
680951,7538407,61,0,"[0, 1]"
680951,7538407,47,0,"[0, 1]"
680951,7538407,123,0,"[0, 1]"
680951,7538407,107,0,"[0, 1]"
680951,7538407,111,0,"[0, 1]"
680951,7538407,102,0,"[0, 1]"
680951,7538407,67,0,"[0, 1]"
680951,7538407,81,0,"[0, 1]"
680951,7538407,69,0,"[0, 1]"
680951,7538407,76,0,"[0, 1]"
680951,7538407,70,0,"[0, 1]"
680951,7538407,88,0,"[0, 1]"
680951,7538407,95,0,"[0, 1]"
680951,7538407,112,0,"[0, 1]"
680951,7538407,221,0,"[0, 1]"
680951,7538407,157,0,"[0, 1]"
680951,7538407,204,0,"[0, 1]"
680951,7538407,147,0,"[0, 1]"
680951,7538407,163,0,"[0, 1]"
680951,7538407,173,0,"[0, 1]"
680951,7538407,241,0,"[0, 1]"
680951,7538407,175,0,"[0, 1]"
680951,7538407,151,0,"[0, 1]"
680951,7538407,188,0,"[0, 1]"
680951,7538407,197,0,"[0, 1]"
680951,7538407,160,0,"[0, 1]"
680951,7538407,186,0,"[0, 1]"
680951,7538407,190,0,"[0, 1]"
680951,7538407,475,0,"[0, 1]"
680951,7538407,279,0,"[0, 1]"
680951,7538407,317,0,"[0, 1]"
680951,7538407,255,0,"[0, 1]"
680951,7538407,499,0,"[0, 1]"
680951,7538407,280,0,"[0, 1]"
680951,7538407,349,0,"[0, 1]"
680951,7538407,459,0,"[0, 1]"
680951,7538407,461,0,"[0, 1]"
680951,7538407,399,0,"[0, 1]"
680951,7538407,321,0,"[0, 1]"
680951,7538407,412,0,"[0, 1]"
680951,7538407,375,0,"[0, 1]"
680951,7538407,376,0,"[0, 1]"
680951,7538407,381,0,"[0, 1]"
680951,7538407,505,0,"[0, 1]"
680951,7538407,587,0,"[0, 1]"
680951,7538407,781,0,"[0, 1]"
680951,7538407,719,0,"[0, 1]"
680951,7538407,770,0,"[0, 1]"
680951,7538407,825,0,"[0, 1]"
680951,7538407,734,0,"[0, 1]"
680951,7538407,583,0,"[0, 1]"
680951,7538407,561,0,"[0, 1]"
680951,7538407,638,0,"[0, 1]"
680951,7538407,586,0,"[0, 1]"
680951,7538407,511,0,"[0, 1]"
680951,7538407,726,0,"[0, 1]"
680951,7538407,545,0,"[0, 1]"
680951,7538407,565,0,"[0, 1]"
680951,7538407,803,0,"[0, 1]"
680951,7538407,894,0,"[0, 1]"
680951,7538407,885,0,"[0, 1]"
680951,7538407,933,0,"[0, 1]"
680951,7538407,1542,0,"[0, 1]"
680951,7538407,2000,0,"[0, 1]"
680951,7538407,1927,0,"[0, 1]"
680951,7538407,1394,0,"[0, 1]"
680951,7538407,1884,0,"[0, 1]"
680951,7538407,1830,0,"[0, 1]"
680951,7538407,1127,0,"[0, 1]"
680951,7538407,1989,0,"[0, 1]"
680951,7538407,1941,0,"[0, 1]"
680951,7538407,1805,0,"[0, 1]"
680951,7538407,1289,0,"[0, 1]"
680951,7538407,2013,0,"[0, 1]"
680951,7538407,1943,0,"[0, 1]"
680951,7538407,1904,0,"[0, 1]"
680951,7538407,1498,0,"[0, 1]"
680951,7538407,1729,0,"[0, 1]"
680951,7538407,1138,0,"[0, 1]"
680951,7538407,1605,0,"[0, 1]"
680951,7538407,1337,0,"[0, 1]"
680951,7538407,2035,0,"[0, 1]"
680951,7538407,3969,0,"[0, 1]"
680951,7538407,3684,0,"[0, 1]"
680951,7538407,3818,0,"[0, 1]"
680951,7538407,3877,0,"[0, 1]"
680951,7538407,3497,0,"[0, 1]"
680951,7538407,2341,0,"[0, 1]"
680951,7538407,4037,0,"[0, 1]"
680951,7538407,2613,0,"[0, 1]"
680951,7538407,2435,0,"[0, 1]"
680951,7538407,3292,0,"[0, 1]"
680951,7538407,3209,0,"[0, 1]"
680951,7538407,3658,0,"[0, 1]"
680951,7538407,3772,0,"[0, 1]"
680951,7538407,3187,0,"[0, 1]"
680951,7538407,3042,0,"[0, 1]"
680951,7538407,3361,0,"[0, 1]"
680951,7538407,3355,0,"[0, 1]"
680951,7538407,2610,0,"[0, 1]"
680951,7538407,3524,0,"[0, 1]"
680951,7538407,3562,0,"[0, 1]"
680951,7538407,3833,0,"[0, 1]"
680951,7538407,2436,0,"[0, 1]"
680951,7538407,4182,0,"[0, 1]"
680951,7538407,7109416,1,"[0, 1]"
680951,7538407,7656262,1,"[0, 1]"
680951,7538407,7590161,1,"[0, 1]"
680951,7538407,4429,0,"[0, 1]"
680951,7538407,3098712,1,"[0, 1]"
680951,7538407,7265145,1,"[0, 1]"
680951,7538407,7327314,1,"[0, 1]"
680951,7538407,4818,0,"[0, 1]"
680951,7538407,4585,0,"[0, 1]"
680951,7538407,7094524,1,"[0, 1]"
680951,7538407,7255058,1,"[0, 1]"
680951,7538407,7638465,1,"[0, 1]"
680951,7538407,7345666,1,"[0, 1]"
680951,7538407,7687991,1,"[0, 1]"
680951,7538407,7371320,1,"[0, 1]"
680951,7538407,7618715,1,"[0, 1]"
680951,7538407,7642464,1,"[0, 1]"
680951,7538407,163907,1,"[0, 1]"
680951,7538407,4842,0,"[0, 1]"
680951,7538407,2850054,1,"[0, 1]"
680951,7538407,7612278,1,"[0, 1]"
680951,7538407,7207740,1,"[0, 1]"
680951,7538407,4871,0,"[0, 1]"
680951,7538407,7632219,1,"[0, 1]"
680951,7538407,2625018,1,"[0, 1]"
680951,7538407,7569884,1,"[0, 1]"
680951,7538407,7368329,1,"[0, 1]"
680951,7538407,7446056,1,"[0, 1]"
680951,7538407,4422656,1,"[0, 1]"
680951,7538407,7413993,1,"[0, 1]"
680951,7538407,7170260,1,"[0, 1]"
680951,7538407,7371161,1,"[0, 1]"
680951,7538407,7270553,1,"[0, 1]"
680951,7538407,7349096,1,"[0, 1]"
680951,7538407,1735979,1,"[0, 1]"
680951,7538407,7322652,1,"[0, 1]"
680951,7538407,5314718,1,"[0, 1]"
680951,7538407,7474149,1,"[0, 1]"
680951,7538407,7671340,1,"[0, 1]"
680951,7538407,7109051,1,"[0, 1]"
680951,7538407,7538407,1,"[0, 1]"
680951,7538407,7585034,1,"[0, 1]"
680951,7538407,7616104,1,"[0, 1]"
680951,7538407,7118287,1,"[0, 1]"
680951,7538407,7311926,1,"[0, 1]"
680951,7538407,7402761,1,"[0, 1]"
680951,7538407,7159633,1,"[0, 1]"
680951,7538407,7295399,1,"[0, 1]"
680951,7538407,7214586,1,"[0, 1]"
548099,7538554,7538554,1,"[1, 0]"
548099,7538554,4319,0,"[1, 0]"
548099,7538554,2554,0,"[1, 0]"
548099,7538554,1276,0,"[1, 0]"
548099,7538554,637,0,"[1, 0]"
548099,7538554,318,0,"[1, 0]"
548099,7538554,158,0,"[1, 0]"
548099,7538554,78,0,"[1, 0]"
548099,7538554,38,0,"[1, 0]"
548099,7538554,18,0,"[1, 0]"
548099,7538554,8,0,"[1, 0]"
548099,7538554,3,0,"[1, 0]"
548099,7538554,1,0,"[1, 0]"
548099,7538554,0,0,"[1, 0]"
548099,7538554,2,0,"[0, 1]"
548099,7538554,1,0,"[0, 1]"
548099,7538554,4,0,"[0, 1]"
548099,7538554,6,0,"[0, 1]"
548099,7538554,3,0,"[0, 1]"
548099,7538554,5,0,"[0, 1]"
548099,7538554,11,0,"[0, 1]"
548099,7538554,7,0,"[0, 1]"
548099,7538554,14,0,"[0, 1]"
548099,7538554,12,0,"[0, 1]"
548099,7538554,9,0,"[0, 1]"
548099,7538554,8,0,"[0, 1]"
548099,7538554,27,0,"[0, 1]"
548099,7538554,20,0,"[0, 1]"
548099,7538554,18,0,"[0, 1]"
548099,7538554,25,0,"[0, 1]"
548099,7538554,17,0,"[0, 1]"
548099,7538554,19,0,"[0, 1]"
548099,7538554,15,0,"[0, 1]"
548099,7538554,30,0,"[0, 1]"
548099,7538554,56,0,"[0, 1]"
548099,7538554,40,0,"[0, 1]"
548099,7538554,57,0,"[0, 1]"
548099,7538554,42,0,"[0, 1]"
548099,7538554,38,0,"[0, 1]"
548099,7538554,43,0,"[0, 1]"
548099,7538554,59,0,"[0, 1]"
548099,7538554,34,0,"[0, 1]"
548099,7538554,35,0,"[0, 1]"
548099,7538554,55,0,"[0, 1]"
548099,7538554,126,0,"[0, 1]"
548099,7538554,113,0,"[0, 1]"
548099,7538554,97,0,"[0, 1]"
548099,7538554,71,0,"[0, 1]"
548099,7538554,86,0,"[0, 1]"
548099,7538554,82,0,"[0, 1]"
548099,7538554,119,0,"[0, 1]"
548099,7538554,94,0,"[0, 1]"
548099,7538554,75,0,"[0, 1]"
548099,7538554,79,0,"[0, 1]"
548099,7538554,83,0,"[0, 1]"
548099,7538554,107,0,"[0, 1]"
548099,7538554,163,0,"[0, 1]"
548099,7538554,161,0,"[0, 1]"
548099,7538554,223,0,"[0, 1]"
548099,7538554,248,0,"[0, 1]"
548099,7538554,249,0,"[0, 1]"
548099,7538554,150,0,"[0, 1]"
548099,7538554,170,0,"[0, 1]"
548099,7538554,224,0,"[0, 1]"
548099,7538554,253,0,"[0, 1]"
548099,7538554,149,0,"[0, 1]"
548099,7538554,252,0,"[0, 1]"
548099,7538554,185,0,"[0, 1]"
548099,7538554,186,0,"[0, 1]"
548099,7538554,196,0,"[0, 1]"
548099,7538554,356,0,"[0, 1]"
548099,7538554,495,0,"[0, 1]"
548099,7538554,285,0,"[0, 1]"
548099,7538554,438,0,"[0, 1]"
548099,7538554,408,0,"[0, 1]"
548099,7538554,481,0,"[0, 1]"
548099,7538554,493,0,"[0, 1]"
548099,7538554,470,0,"[0, 1]"
548099,7538554,361,0,"[0, 1]"
548099,7538554,344,0,"[0, 1]"
548099,7538554,431,0,"[0, 1]"
548099,7538554,423,0,"[0, 1]"
548099,7538554,369,0,"[0, 1]"
548099,7538554,282,0,"[0, 1]"
548099,7538554,410,0,"[0, 1]"
548099,7538554,436,0,"[0, 1]"
548099,7538554,945,0,"[0, 1]"
548099,7538554,544,0,"[0, 1]"
548099,7538554,657,0,"[0, 1]"
548099,7538554,837,0,"[0, 1]"
548099,7538554,763,0,"[0, 1]"
548099,7538554,646,0,"[0, 1]"
548099,7538554,939,0,"[0, 1]"
548099,7538554,936,0,"[0, 1]"
548099,7538554,664,0,"[0, 1]"
548099,7538554,739,0,"[0, 1]"
548099,7538554,718,0,"[0, 1]"
548099,7538554,1016,0,"[0, 1]"
548099,7538554,577,0,"[0, 1]"
548099,7538554,808,0,"[0, 1]"
548099,7538554,751,0,"[0, 1]"
548099,7538554,855,0,"[0, 1]"
548099,7538554,859,0,"[0, 1]"
548099,7538554,895,0,"[0, 1]"
548099,7538554,1668,0,"[0, 1]"
548099,7538554,1112,0,"[0, 1]"
548099,7538554,1082,0,"[0, 1]"
548099,7538554,1884,0,"[0, 1]"
548099,7538554,1353,0,"[0, 1]"
548099,7538554,1282,0,"[0, 1]"
548099,7538554,1968,0,"[0, 1]"
548099,7538554,1184,0,"[0, 1]"
548099,7538554,1998,0,"[0, 1]"
548099,7538554,1024,0,"[0, 1]"
548099,7538554,1272,0,"[0, 1]"
548099,7538554,1314,0,"[0, 1]"
548099,7538554,1553,0,"[0, 1]"
548099,7538554,1232,0,"[0, 1]"
548099,7538554,1552,0,"[0, 1]"
548099,7538554,1090,0,"[0, 1]"
548099,7538554,1711,0,"[0, 1]"
548099,7538554,1961,0,"[0, 1]"
548099,7538554,1307,0,"[0, 1]"
548099,7538554,1508,0,"[0, 1]"
548099,7538554,3978,0,"[0, 1]"
548099,7538554,3775,0,"[0, 1]"
548099,7538554,3999,0,"[0, 1]"
548099,7538554,3500,0,"[0, 1]"
548099,7538554,3314,0,"[0, 1]"
548099,7538554,2765,0,"[0, 1]"
548099,7538554,2948,0,"[0, 1]"
548099,7538554,2125,0,"[0, 1]"
548099,7538554,2416,0,"[0, 1]"
548099,7538554,2600,0,"[0, 1]"
548099,7538554,3709,0,"[0, 1]"
548099,7538554,2141,0,"[0, 1]"
548099,7538554,2945,0,"[0, 1]"
548099,7538554,3287,0,"[0, 1]"
548099,7538554,3838,0,"[0, 1]"
548099,7538554,3097,0,"[0, 1]"
548099,7538554,3220,0,"[0, 1]"
548099,7538554,3644,0,"[0, 1]"
548099,7538554,2209,0,"[0, 1]"
548099,7538554,2713,0,"[0, 1]"
548099,7538554,3981,0,"[0, 1]"
548099,7538554,3895,0,"[0, 1]"
548099,7538554,7212883,1,"[0, 1]"
548099,7538554,4992,0,"[0, 1]"
548099,7538554,4699,0,"[0, 1]"
548099,7538554,4214678,1,"[0, 1]"
548099,7538554,4232,0,"[0, 1]"
548099,7538554,4538,0,"[0, 1]"
548099,7538554,7144584,1,"[0, 1]"
548099,7538554,7386094,1,"[0, 1]"
548099,7538554,7512955,1,"[0, 1]"
548099,7538554,7430864,1,"[0, 1]"
548099,7538554,7626411,1,"[0, 1]"
548099,7538554,7543313,1,"[0, 1]"
548099,7538554,4452,0,"[0, 1]"
548099,7538554,7543899,1,"[0, 1]"
548099,7538554,7275955,1,"[0, 1]"
548099,7538554,7088329,1,"[0, 1]"
548099,7538554,7140890,1,"[0, 1]"
548099,7538554,7211181,1,"[0, 1]"
548099,7538554,7372511,1,"[0, 1]"
548099,7538554,7614562,1,"[0, 1]"
548099,7538554,4354,0,"[0, 1]"
548099,7538554,7318057,1,"[0, 1]"
548099,7538554,7446792,1,"[0, 1]"
548099,7538554,7411800,1,"[0, 1]"
548099,7538554,7325668,1,"[0, 1]"
548099,7538554,7097707,1,"[0, 1]"
548099,7538554,7090589,1,"[0, 1]"
548099,7538554,7341780,1,"[0, 1]"
548099,7538554,7115523,1,"[0, 1]"
548099,7538554,7273159,1,"[0, 1]"
548099,7538554,7562097,1,"[0, 1]"
548099,7538554,7676610,1,"[0, 1]"
548099,7538554,7114517,1,"[0, 1]"
548099,7538554,7426822,1,"[0, 1]"
548099,7538554,7216773,1,"[0, 1]"
548099,7538554,7627038,1,"[0, 1]"
548099,7538554,7134187,1,"[0, 1]"
548099,7538554,7646090,1,"[0, 1]"
548099,7538554,3948109,1,"[0, 1]"
548099,7538554,7270553,1,"[0, 1]"
548099,7538554,4294906,1,"[0, 1]"
548099,7538554,7249642,1,"[0, 1]"
548099,7538554,7213206,1,"[0, 1]"
548099,7538554,85696,1,"[0, 1]"
548099,7538554,7277219,1,"[0, 1]"
548099,7538554,7477943,1,"[0, 1]"
548099,7538554,7185662,1,"[0, 1]"
548099,7538554,1136320,1,"[0, 1]"
548099,7538554,7382357,1,"[0, 1]"
548099,7538554,7405127,1,"[0, 1]"
588122,7538601,7538601,1,"[1, 0]"
588122,7538601,4062,0,"[1, 0]"
588122,7538601,2030,0,"[1, 0]"
588122,7538601,1014,0,"[1, 0]"
588122,7538601,506,0,"[1, 0]"
588122,7538601,252,0,"[1, 0]"
588122,7538601,125,0,"[1, 0]"
588122,7538601,62,0,"[1, 0]"
588122,7538601,30,0,"[1, 0]"
588122,7538601,14,0,"[1, 0]"
588122,7538601,6,0,"[1, 0]"
588122,7538601,2,0,"[1, 0]"
588122,7538601,0,0,"[1, 0]"
588122,7538601,2,0,"[0, 1]"
588122,7538601,1,0,"[0, 1]"
588122,7538601,3,0,"[0, 1]"
588122,7538601,5,0,"[0, 1]"
588122,7538601,6,0,"[0, 1]"
588122,7538601,4,0,"[0, 1]"
588122,7538601,10,0,"[0, 1]"
588122,7538601,8,0,"[0, 1]"
588122,7538601,11,0,"[0, 1]"
588122,7538601,12,0,"[0, 1]"
588122,7538601,14,0,"[0, 1]"
588122,7538601,7,0,"[0, 1]"
588122,7538601,21,0,"[0, 1]"
588122,7538601,17,0,"[0, 1]"
588122,7538601,18,0,"[0, 1]"
588122,7538601,16,0,"[0, 1]"
588122,7538601,30,0,"[0, 1]"
588122,7538601,15,0,"[0, 1]"
588122,7538601,28,0,"[0, 1]"
588122,7538601,22,0,"[0, 1]"
588122,7538601,35,0,"[0, 1]"
588122,7538601,43,0,"[0, 1]"
588122,7538601,48,0,"[0, 1]"
588122,7538601,57,0,"[0, 1]"
588122,7538601,34,0,"[0, 1]"
588122,7538601,36,0,"[0, 1]"
588122,7538601,54,0,"[0, 1]"
588122,7538601,40,0,"[0, 1]"
588122,7538601,38,0,"[0, 1]"
588122,7538601,39,0,"[0, 1]"
588122,7538601,103,0,"[0, 1]"
588122,7538601,120,0,"[0, 1]"
588122,7538601,92,0,"[0, 1]"
588122,7538601,98,0,"[0, 1]"
588122,7538601,108,0,"[0, 1]"
588122,7538601,82,0,"[0, 1]"
588122,7538601,99,0,"[0, 1]"
588122,7538601,91,0,"[0, 1]"
588122,7538601,94,0,"[0, 1]"
588122,7538601,96,0,"[0, 1]"
588122,7538601,78,0,"[0, 1]"
588122,7538601,115,0,"[0, 1]"
588122,7538601,159,0,"[0, 1]"
588122,7538601,141,0,"[0, 1]"
588122,7538601,244,0,"[0, 1]"
588122,7538601,139,0,"[0, 1]"
588122,7538601,188,0,"[0, 1]"
588122,7538601,136,0,"[0, 1]"
588122,7538601,213,0,"[0, 1]"
588122,7538601,217,0,"[0, 1]"
588122,7538601,174,0,"[0, 1]"
588122,7538601,128,0,"[0, 1]"
588122,7538601,204,0,"[0, 1]"
588122,7538601,130,0,"[0, 1]"
588122,7538601,177,0,"[0, 1]"
588122,7538601,209,0,"[0, 1]"
588122,7538601,366,0,"[0, 1]"
588122,7538601,286,0,"[0, 1]"
588122,7538601,468,0,"[0, 1]"
588122,7538601,479,0,"[0, 1]"
588122,7538601,301,0,"[0, 1]"
588122,7538601,344,0,"[0, 1]"
588122,7538601,431,0,"[0, 1]"
588122,7538601,316,0,"[0, 1]"
588122,7538601,475,0,"[0, 1]"
588122,7538601,290,0,"[0, 1]"
588122,7538601,294,0,"[0, 1]"
588122,7538601,278,0,"[0, 1]"
588122,7538601,439,0,"[0, 1]"
588122,7538601,434,0,"[0, 1]"
588122,7538601,317,0,"[0, 1]"
588122,7538601,499,0,"[0, 1]"
588122,7538601,529,0,"[0, 1]"
588122,7538601,968,0,"[0, 1]"
588122,7538601,718,0,"[0, 1]"
588122,7538601,859,0,"[0, 1]"
588122,7538601,990,0,"[0, 1]"
588122,7538601,648,0,"[0, 1]"
588122,7538601,590,0,"[0, 1]"
588122,7538601,564,0,"[0, 1]"
588122,7538601,809,0,"[0, 1]"
588122,7538601,569,0,"[0, 1]"
588122,7538601,881,0,"[0, 1]"
588122,7538601,554,0,"[0, 1]"
588122,7538601,810,0,"[0, 1]"
588122,7538601,588,0,"[0, 1]"
588122,7538601,726,0,"[0, 1]"
588122,7538601,669,0,"[0, 1]"
588122,7538601,756,0,"[0, 1]"
588122,7538601,794,0,"[0, 1]"
588122,7538601,1811,0,"[0, 1]"
588122,7538601,1616,0,"[0, 1]"
588122,7538601,1954,0,"[0, 1]"
588122,7538601,1305,0,"[0, 1]"
588122,7538601,1492,0,"[0, 1]"
588122,7538601,1308,0,"[0, 1]"
588122,7538601,1707,0,"[0, 1]"
588122,7538601,1913,0,"[0, 1]"
588122,7538601,1030,0,"[0, 1]"
588122,7538601,2020,0,"[0, 1]"
588122,7538601,1765,0,"[0, 1]"
588122,7538601,1051,0,"[0, 1]"
588122,7538601,1894,0,"[0, 1]"
588122,7538601,1864,0,"[0, 1]"
588122,7538601,1213,0,"[0, 1]"
588122,7538601,1447,0,"[0, 1]"
588122,7538601,1683,0,"[0, 1]"
588122,7538601,1369,0,"[0, 1]"
588122,7538601,1233,0,"[0, 1]"
588122,7538601,2002,0,"[0, 1]"
588122,7538601,3757,0,"[0, 1]"
588122,7538601,2567,0,"[0, 1]"
588122,7538601,2578,0,"[0, 1]"
588122,7538601,2103,0,"[0, 1]"
588122,7538601,2219,0,"[0, 1]"
588122,7538601,2807,0,"[0, 1]"
588122,7538601,3947,0,"[0, 1]"
588122,7538601,3552,0,"[0, 1]"
588122,7538601,3764,0,"[0, 1]"
588122,7538601,2903,0,"[0, 1]"
588122,7538601,2144,0,"[0, 1]"
588122,7538601,3775,0,"[0, 1]"
588122,7538601,3060,0,"[0, 1]"
588122,7538601,3107,0,"[0, 1]"
588122,7538601,3958,0,"[0, 1]"
588122,7538601,2274,0,"[0, 1]"
588122,7538601,3976,0,"[0, 1]"
588122,7538601,3364,0,"[0, 1]"
588122,7538601,2697,0,"[0, 1]"
588122,7538601,2987,0,"[0, 1]"
588122,7538601,2075,0,"[0, 1]"
588122,7538601,3793,0,"[0, 1]"
588122,7538601,4675,0,"[0, 1]"
588122,7538601,7170234,1,"[0, 1]"
588122,7538601,7474705,1,"[0, 1]"
588122,7538601,7237598,1,"[0, 1]"
588122,7538601,4684,0,"[0, 1]"
588122,7538601,1248180,1,"[0, 1]"
588122,7538601,6048070,1,"[0, 1]"
588122,7538601,4252,0,"[0, 1]"
588122,7538601,7608823,1,"[0, 1]"
588122,7538601,7386094,1,"[0, 1]"
588122,7538601,7554170,1,"[0, 1]"
588122,7538601,7095006,1,"[0, 1]"
588122,7538601,909716,1,"[0, 1]"
588122,7538601,7087159,1,"[0, 1]"
588122,7538601,7573433,1,"[0, 1]"
588122,7538601,1270948,1,"[0, 1]"
588122,7538601,7531075,1,"[0, 1]"
588122,7538601,7096873,1,"[0, 1]"
588122,7538601,7651286,1,"[0, 1]"
588122,7538601,7350402,1,"[0, 1]"
588122,7538601,7114795,1,"[0, 1]"
588122,7538601,7255880,1,"[0, 1]"
588122,7538601,7475147,1,"[0, 1]"
588122,7538601,7092278,1,"[0, 1]"
409887,7538938,7538938,1,"[1, 0]"
409887,7538938,4726,0,"[1, 0]"
409887,7538938,3478,0,"[1, 0]"
409887,7538938,1738,0,"[1, 0]"
409887,7538938,868,0,"[1, 0]"
409887,7538938,433,0,"[1, 0]"
409887,7538938,216,0,"[1, 0]"
409887,7538938,107,0,"[1, 0]"
409887,7538938,53,0,"[1, 0]"
409887,7538938,26,0,"[1, 0]"
409887,7538938,12,0,"[1, 0]"
409887,7538938,5,0,"[1, 0]"
409887,7538938,2,0,"[1, 0]"
409887,7538938,0,0,"[1, 0]"
409887,7538938,1,0,"[0, 1]"
409887,7538938,2,0,"[0, 1]"
409887,7538938,3,0,"[0, 1]"
409887,7538938,4,0,"[0, 1]"
409887,7538938,5,0,"[0, 1]"
409887,7538938,6,0,"[0, 1]"
409887,7538938,7,0,"[0, 1]"
409887,7538938,10,0,"[0, 1]"
409887,7538938,11,0,"[0, 1]"
409887,7538938,12,0,"[0, 1]"
409887,7538938,14,0,"[0, 1]"
409887,7538938,13,0,"[0, 1]"
409887,7538938,27,0,"[0, 1]"
409887,7538938,29,0,"[0, 1]"
409887,7538938,16,0,"[0, 1]"
409887,7538938,20,0,"[0, 1]"
409887,7538938,15,0,"[0, 1]"
409887,7538938,17,0,"[0, 1]"
409887,7538938,23,0,"[0, 1]"
409887,7538938,21,0,"[0, 1]"
409887,7538938,43,0,"[0, 1]"
409887,7538938,34,0,"[0, 1]"
409887,7538938,54,0,"[0, 1]"
409887,7538938,46,0,"[0, 1]"
409887,7538938,42,0,"[0, 1]"
409887,7538938,38,0,"[0, 1]"
409887,7538938,47,0,"[0, 1]"
409887,7538938,33,0,"[0, 1]"
409887,7538938,53,0,"[0, 1]"
409887,7538938,44,0,"[0, 1]"
409887,7538938,102,0,"[0, 1]"
409887,7538938,68,0,"[0, 1]"
409887,7538938,85,0,"[0, 1]"
409887,7538938,94,0,"[0, 1]"
409887,7538938,110,0,"[0, 1]"
409887,7538938,115,0,"[0, 1]"
409887,7538938,114,0,"[0, 1]"
409887,7538938,111,0,"[0, 1]"
409887,7538938,72,0,"[0, 1]"
409887,7538938,117,0,"[0, 1]"
409887,7538938,93,0,"[0, 1]"
409887,7538938,92,0,"[0, 1]"
409887,7538938,194,0,"[0, 1]"
409887,7538938,221,0,"[0, 1]"
409887,7538938,247,0,"[0, 1]"
409887,7538938,137,0,"[0, 1]"
409887,7538938,170,0,"[0, 1]"
409887,7538938,249,0,"[0, 1]"
409887,7538938,251,0,"[0, 1]"
409887,7538938,206,0,"[0, 1]"
409887,7538938,228,0,"[0, 1]"
409887,7538938,240,0,"[0, 1]"
409887,7538938,215,0,"[0, 1]"
409887,7538938,150,0,"[0, 1]"
409887,7538938,200,0,"[0, 1]"
409887,7538938,212,0,"[0, 1]"
409887,7538938,288,0,"[0, 1]"
409887,7538938,429,0,"[0, 1]"
409887,7538938,449,0,"[0, 1]"
409887,7538938,469,0,"[0, 1]"
409887,7538938,285,0,"[0, 1]"
409887,7538938,428,0,"[0, 1]"
409887,7538938,275,0,"[0, 1]"
409887,7538938,436,0,"[0, 1]"
409887,7538938,410,0,"[0, 1]"
409887,7538938,402,0,"[0, 1]"
409887,7538938,379,0,"[0, 1]"
409887,7538938,295,0,"[0, 1]"
409887,7538938,508,0,"[0, 1]"
409887,7538938,322,0,"[0, 1]"
409887,7538938,382,0,"[0, 1]"
409887,7538938,350,0,"[0, 1]"
409887,7538938,649,0,"[0, 1]"
409887,7538938,808,0,"[0, 1]"
409887,7538938,555,0,"[0, 1]"
409887,7538938,841,0,"[0, 1]"
409887,7538938,636,0,"[0, 1]"
409887,7538938,628,0,"[0, 1]"
409887,7538938,657,0,"[0, 1]"
409887,7538938,646,0,"[0, 1]"
409887,7538938,751,0,"[0, 1]"
409887,7538938,918,0,"[0, 1]"
409887,7538938,725,0,"[0, 1]"
409887,7538938,698,0,"[0, 1]"
409887,7538938,576,0,"[0, 1]"
409887,7538938,756,0,"[0, 1]"
409887,7538938,1002,0,"[0, 1]"
409887,7538938,817,0,"[0, 1]"
409887,7538938,674,0,"[0, 1]"
409887,7538938,700,0,"[0, 1]"
409887,7538938,1694,0,"[0, 1]"
409887,7538938,1967,0,"[0, 1]"
409887,7538938,1677,0,"[0, 1]"
409887,7538938,1271,0,"[0, 1]"
409887,7538938,1977,0,"[0, 1]"
409887,7538938,1392,0,"[0, 1]"
409887,7538938,1922,0,"[0, 1]"
409887,7538938,1966,0,"[0, 1]"
409887,7538938,1923,0,"[0, 1]"
409887,7538938,1617,0,"[0, 1]"
409887,7538938,1450,0,"[0, 1]"
409887,7538938,1160,0,"[0, 1]"
409887,7538938,1255,0,"[0, 1]"
409887,7538938,2033,0,"[0, 1]"
409887,7538938,1365,0,"[0, 1]"
409887,7538938,1226,0,"[0, 1]"
409887,7538938,1599,0,"[0, 1]"
409887,7538938,1330,0,"[0, 1]"
409887,7538938,1654,0,"[0, 1]"
409887,7538938,1831,0,"[0, 1]"
409887,7538938,2145,0,"[0, 1]"
409887,7538938,3085,0,"[0, 1]"
409887,7538938,2658,0,"[0, 1]"
409887,7538938,3791,0,"[0, 1]"
409887,7538938,3757,0,"[0, 1]"
409887,7538938,4072,0,"[0, 1]"
409887,7538938,2698,0,"[0, 1]"
409887,7538938,2385,0,"[0, 1]"
409887,7538938,3210,0,"[0, 1]"
409887,7538938,3822,0,"[0, 1]"
409887,7538938,3944,0,"[0, 1]"
409887,7538938,2108,0,"[0, 1]"
409887,7538938,3543,0,"[0, 1]"
409887,7538938,2230,0,"[0, 1]"
409887,7538938,3063,0,"[0, 1]"
409887,7538938,2076,0,"[0, 1]"
409887,7538938,2313,0,"[0, 1]"
409887,7538938,3627,0,"[0, 1]"
409887,7538938,2091,0,"[0, 1]"
409887,7538938,2801,0,"[0, 1]"
409887,7538938,2407,0,"[0, 1]"
409887,7538938,2352,0,"[0, 1]"
409887,7538938,7541807,1,"[0, 1]"
409887,7538938,7193475,1,"[0, 1]"
409887,7538938,4200,0,"[0, 1]"
409887,7538938,7218061,1,"[0, 1]"
409887,7538938,4107,0,"[0, 1]"
409887,7538938,7241339,1,"[0, 1]"
409887,7538938,7093297,1,"[0, 1]"
409887,7538938,7116157,1,"[0, 1]"
409887,7538938,1304256,1,"[0, 1]"
409887,7538938,4846,0,"[0, 1]"
409887,7538938,4676,0,"[0, 1]"
409887,7538938,6105995,1,"[0, 1]"
409887,7538938,7669136,1,"[0, 1]"
409887,7538938,7260912,1,"[0, 1]"
409887,7538938,7581655,1,"[0, 1]"
409887,7538938,4879,0,"[0, 1]"
409887,7538938,4910,0,"[0, 1]"
409887,7538938,4355,0,"[0, 1]"
409887,7538938,7684278,1,"[0, 1]"
409887,7538938,7639898,1,"[0, 1]"
409887,7538938,7264376,1,"[0, 1]"
409887,7538938,7071494,1,"[0, 1]"
409887,7538938,545561,1,"[0, 1]"
409887,7538938,4363,0,"[0, 1]"
409887,7538938,7548961,1,"[0, 1]"
409887,7538938,7317075,1,"[0, 1]"
409887,7538938,7535962,1,"[0, 1]"
409887,7538938,7175875,1,"[0, 1]"
409887,7538938,7576937,1,"[0, 1]"
409887,7538938,7477258,1,"[0, 1]"
409887,7538938,1520189,1,"[0, 1]"
409887,7538938,5390183,1,"[0, 1]"
409887,7538938,7162765,1,"[0, 1]"
409887,7538938,7685719,1,"[0, 1]"
409887,7538938,7681577,1,"[0, 1]"
409887,7538938,5719260,1,"[0, 1]"
409887,7538938,7357580,1,"[0, 1]"
409887,7538938,7593249,1,"[0, 1]"
409887,7538938,7472216,1,"[0, 1]"
409887,7538938,7144926,1,"[0, 1]"
409887,7538938,1567596,1,"[0, 1]"
409887,7538938,7683893,1,"[0, 1]"
409887,7538938,7187827,1,"[0, 1]"
409887,7538938,7680328,1,"[0, 1]"
409887,7538938,7117462,1,"[0, 1]"
409887,7538938,7626797,1,"[0, 1]"
409887,7538938,7575257,1,"[0, 1]"
409887,7538938,1361892,1,"[0, 1]"
409887,7538938,7321899,1,"[0, 1]"
409887,7538938,7168121,1,"[0, 1]"
483028,7539040,7539040,1,"[1, 0]"
483028,7539040,4647,0,"[1, 0]"
483028,7539040,3297,0,"[1, 0]"
483028,7539040,1648,0,"[1, 0]"
483028,7539040,823,0,"[1, 0]"
483028,7539040,411,0,"[1, 0]"
483028,7539040,205,0,"[1, 0]"
483028,7539040,102,0,"[1, 0]"
483028,7539040,50,0,"[1, 0]"
483028,7539040,24,0,"[1, 0]"
483028,7539040,11,0,"[1, 0]"
483028,7539040,5,0,"[1, 0]"
483028,7539040,2,0,"[1, 0]"
483028,7539040,0,0,"[1, 0]"
483028,7539040,2,0,"[0, 1]"
483028,7539040,1,0,"[0, 1]"
483028,7539040,5,0,"[0, 1]"
483028,7539040,6,0,"[0, 1]"
483028,7539040,3,0,"[0, 1]"
483028,7539040,4,0,"[0, 1]"
483028,7539040,14,0,"[0, 1]"
483028,7539040,10,0,"[0, 1]"
483028,7539040,12,0,"[0, 1]"
483028,7539040,8,0,"[0, 1]"
483028,7539040,7,0,"[0, 1]"
483028,7539040,9,0,"[0, 1]"
483028,7539040,15,0,"[0, 1]"
483028,7539040,28,0,"[0, 1]"
483028,7539040,27,0,"[0, 1]"
483028,7539040,29,0,"[0, 1]"
483028,7539040,23,0,"[0, 1]"
483028,7539040,26,0,"[0, 1]"
483028,7539040,18,0,"[0, 1]"
483028,7539040,17,0,"[0, 1]"
483028,7539040,53,0,"[0, 1]"
483028,7539040,61,0,"[0, 1]"
483028,7539040,35,0,"[0, 1]"
483028,7539040,47,0,"[0, 1]"
483028,7539040,33,0,"[0, 1]"
483028,7539040,45,0,"[0, 1]"
483028,7539040,59,0,"[0, 1]"
483028,7539040,38,0,"[0, 1]"
483028,7539040,37,0,"[0, 1]"
483028,7539040,39,0,"[0, 1]"
483028,7539040,64,0,"[0, 1]"
483028,7539040,68,0,"[0, 1]"
483028,7539040,77,0,"[0, 1]"
483028,7539040,104,0,"[0, 1]"
483028,7539040,83,0,"[0, 1]"
483028,7539040,112,0,"[0, 1]"
483028,7539040,113,0,"[0, 1]"
483028,7539040,96,0,"[0, 1]"
483028,7539040,74,0,"[0, 1]"
483028,7539040,65,0,"[0, 1]"
483028,7539040,85,0,"[0, 1]"
483028,7539040,98,0,"[0, 1]"
483028,7539040,190,0,"[0, 1]"
483028,7539040,221,0,"[0, 1]"
483028,7539040,159,0,"[0, 1]"
483028,7539040,180,0,"[0, 1]"
483028,7539040,133,0,"[0, 1]"
483028,7539040,155,0,"[0, 1]"
483028,7539040,248,0,"[0, 1]"
483028,7539040,241,0,"[0, 1]"
483028,7539040,138,0,"[0, 1]"
483028,7539040,254,0,"[0, 1]"
483028,7539040,151,0,"[0, 1]"
483028,7539040,210,0,"[0, 1]"
483028,7539040,149,0,"[0, 1]"
483028,7539040,195,0,"[0, 1]"
483028,7539040,427,0,"[0, 1]"
483028,7539040,312,0,"[0, 1]"
483028,7539040,397,0,"[0, 1]"
483028,7539040,374,0,"[0, 1]"
483028,7539040,371,0,"[0, 1]"
483028,7539040,311,0,"[0, 1]"
483028,7539040,384,0,"[0, 1]"
483028,7539040,259,0,"[0, 1]"
483028,7539040,386,0,"[0, 1]"
483028,7539040,476,0,"[0, 1]"
483028,7539040,498,0,"[0, 1]"
483028,7539040,318,0,"[0, 1]"
483028,7539040,481,0,"[0, 1]"
483028,7539040,279,0,"[0, 1]"
483028,7539040,390,0,"[0, 1]"
483028,7539040,508,0,"[0, 1]"
483028,7539040,825,0,"[0, 1]"
483028,7539040,745,0,"[0, 1]"
483028,7539040,1015,0,"[0, 1]"
483028,7539040,867,0,"[0, 1]"
483028,7539040,581,0,"[0, 1]"
483028,7539040,957,0,"[0, 1]"
483028,7539040,589,0,"[0, 1]"
483028,7539040,778,0,"[0, 1]"
483028,7539040,634,0,"[0, 1]"
483028,7539040,787,0,"[0, 1]"
483028,7539040,911,0,"[0, 1]"
483028,7539040,718,0,"[0, 1]"
483028,7539040,667,0,"[0, 1]"
483028,7539040,742,0,"[0, 1]"
483028,7539040,663,0,"[0, 1]"
483028,7539040,647,0,"[0, 1]"
483028,7539040,1010,0,"[0, 1]"
483028,7539040,794,0,"[0, 1]"
483028,7539040,1812,0,"[0, 1]"
483028,7539040,1792,0,"[0, 1]"
483028,7539040,1951,0,"[0, 1]"
483028,7539040,1405,0,"[0, 1]"
483028,7539040,1606,0,"[0, 1]"
483028,7539040,1966,0,"[0, 1]"
483028,7539040,1911,0,"[0, 1]"
483028,7539040,1923,0,"[0, 1]"
483028,7539040,2040,0,"[0, 1]"
483028,7539040,1491,0,"[0, 1]"
483028,7539040,1757,0,"[0, 1]"
483028,7539040,1057,0,"[0, 1]"
483028,7539040,1373,0,"[0, 1]"
483028,7539040,1592,0,"[0, 1]"
483028,7539040,1584,0,"[0, 1]"
483028,7539040,1346,0,"[0, 1]"
483028,7539040,1799,0,"[0, 1]"
483028,7539040,1127,0,"[0, 1]"
483028,7539040,1369,0,"[0, 1]"
483028,7539040,1499,0,"[0, 1]"
483028,7539040,2450,0,"[0, 1]"
483028,7539040,3016,0,"[0, 1]"
483028,7539040,3521,0,"[0, 1]"
483028,7539040,2964,0,"[0, 1]"
483028,7539040,2736,0,"[0, 1]"
483028,7539040,2658,0,"[0, 1]"
483028,7539040,3025,0,"[0, 1]"
483028,7539040,3093,0,"[0, 1]"
483028,7539040,2828,0,"[0, 1]"
483028,7539040,3892,0,"[0, 1]"
483028,7539040,3635,0,"[0, 1]"
483028,7539040,3486,0,"[0, 1]"
483028,7539040,3616,0,"[0, 1]"
483028,7539040,2403,0,"[0, 1]"
483028,7539040,3605,0,"[0, 1]"
483028,7539040,2839,0,"[0, 1]"
483028,7539040,3678,0,"[0, 1]"
483028,7539040,3424,0,"[0, 1]"
483028,7539040,3683,0,"[0, 1]"
483028,7539040,2100,0,"[0, 1]"
483028,7539040,4078,0,"[0, 1]"
483028,7539040,3538,0,"[0, 1]"
483028,7539040,1849766,1,"[0, 1]"
483028,7539040,4126,0,"[0, 1]"
483028,7539040,7275128,1,"[0, 1]"
483028,7539040,7642015,1,"[0, 1]"
483028,7539040,7204209,1,"[0, 1]"
483028,7539040,4994,0,"[0, 1]"
483028,7539040,7534438,1,"[0, 1]"
483028,7539040,4431,0,"[0, 1]"
483028,7539040,4779,0,"[0, 1]"
483028,7539040,7167609,1,"[0, 1]"
483028,7539040,7334549,1,"[0, 1]"
483028,7539040,7374886,1,"[0, 1]"
483028,7539040,7671964,1,"[0, 1]"
483028,7539040,7132812,1,"[0, 1]"
483028,7539040,7076765,1,"[0, 1]"
483028,7539040,7585274,1,"[0, 1]"
483028,7539040,7076058,1,"[0, 1]"
483028,7539040,4257,0,"[0, 1]"
483028,7539040,7291467,1,"[0, 1]"
483028,7539040,7660004,1,"[0, 1]"
483028,7539040,545561,1,"[0, 1]"
483028,7539040,7367968,1,"[0, 1]"
483028,7539040,7499076,1,"[0, 1]"
483028,7539040,7386099,1,"[0, 1]"
483028,7539040,7440580,1,"[0, 1]"
483028,7539040,7185448,1,"[0, 1]"
483028,7539040,7538407,1,"[0, 1]"
483028,7539040,7099522,1,"[0, 1]"
483028,7539040,7532230,1,"[0, 1]"
483028,7539040,7159633,1,"[0, 1]"
483028,7539040,1100911,1,"[0, 1]"
483028,7539040,7081741,1,"[0, 1]"
483028,7539040,7157407,1,"[0, 1]"
483028,7539040,7472824,1,"[0, 1]"
483028,7539040,7175875,1,"[0, 1]"
483028,7539040,7094182,1,"[0, 1]"
483028,7539040,7686585,1,"[0, 1]"
483028,7539040,369396,1,"[0, 1]"
483028,7539040,7477943,1,"[0, 1]"
483028,7539040,7588872,1,"[0, 1]"
483028,7539040,7135569,1,"[0, 1]"
483028,7539040,7256943,1,"[0, 1]"
483028,7539040,7170260,1,"[0, 1]"
483028,7539040,7610928,1,"[0, 1]"
483028,7539040,7606457,1,"[0, 1]"
483028,7539040,7437009,1,"[0, 1]"
483028,7539040,7686120,1,"[0, 1]"
483028,7539040,7193374,1,"[0, 1]"
483028,7539040,7331582,1,"[0, 1]"
483028,7539040,7451133,1,"[0, 1]"
517085,7539156,7539156,1,"[1, 0]"
517085,7539156,2229,0,"[1, 0]"
517085,7539156,1114,0,"[1, 0]"
517085,7539156,556,0,"[1, 0]"
517085,7539156,277,0,"[1, 0]"
517085,7539156,138,0,"[1, 0]"
517085,7539156,68,0,"[1, 0]"
517085,7539156,33,0,"[1, 0]"
517085,7539156,16,0,"[1, 0]"
517085,7539156,7,0,"[1, 0]"
517085,7539156,3,0,"[1, 0]"
517085,7539156,1,0,"[1, 0]"
517085,7539156,0,0,"[1, 0]"
517085,7539156,2,0,"[0, 1]"
517085,7539156,1,0,"[0, 1]"
517085,7539156,5,0,"[0, 1]"
517085,7539156,4,0,"[0, 1]"
517085,7539156,3,0,"[0, 1]"
517085,7539156,6,0,"[0, 1]"
517085,7539156,10,0,"[0, 1]"
517085,7539156,8,0,"[0, 1]"
517085,7539156,14,0,"[0, 1]"
517085,7539156,7,0,"[0, 1]"
517085,7539156,11,0,"[0, 1]"
517085,7539156,9,0,"[0, 1]"
517085,7539156,24,0,"[0, 1]"
517085,7539156,21,0,"[0, 1]"
517085,7539156,29,0,"[0, 1]"
517085,7539156,15,0,"[0, 1]"
517085,7539156,20,0,"[0, 1]"
517085,7539156,30,0,"[0, 1]"
517085,7539156,28,0,"[0, 1]"
517085,7539156,23,0,"[0, 1]"
517085,7539156,39,0,"[0, 1]"
517085,7539156,47,0,"[0, 1]"
517085,7539156,53,0,"[0, 1]"
517085,7539156,35,0,"[0, 1]"
517085,7539156,56,0,"[0, 1]"
517085,7539156,36,0,"[0, 1]"
517085,7539156,58,0,"[0, 1]"
517085,7539156,31,0,"[0, 1]"
517085,7539156,51,0,"[0, 1]"
517085,7539156,62,0,"[0, 1]"
517085,7539156,111,0,"[0, 1]"
517085,7539156,112,0,"[0, 1]"
517085,7539156,100,0,"[0, 1]"
517085,7539156,65,0,"[0, 1]"
517085,7539156,97,0,"[0, 1]"
517085,7539156,85,0,"[0, 1]"
517085,7539156,90,0,"[0, 1]"
517085,7539156,87,0,"[0, 1]"
517085,7539156,96,0,"[0, 1]"
517085,7539156,84,0,"[0, 1]"
517085,7539156,126,0,"[0, 1]"
517085,7539156,121,0,"[0, 1]"
517085,7539156,242,0,"[0, 1]"
517085,7539156,204,0,"[0, 1]"
517085,7539156,142,0,"[0, 1]"
517085,7539156,145,0,"[0, 1]"
517085,7539156,210,0,"[0, 1]"
517085,7539156,237,0,"[0, 1]"
517085,7539156,137,0,"[0, 1]"
517085,7539156,185,0,"[0, 1]"
517085,7539156,197,0,"[0, 1]"
517085,7539156,228,0,"[0, 1]"
517085,7539156,196,0,"[0, 1]"
517085,7539156,217,0,"[0, 1]"
517085,7539156,155,0,"[0, 1]"
517085,7539156,184,0,"[0, 1]"
517085,7539156,387,0,"[0, 1]"
517085,7539156,302,0,"[0, 1]"
517085,7539156,276,0,"[0, 1]"
517085,7539156,364,0,"[0, 1]"
517085,7539156,407,0,"[0, 1]"
517085,7539156,444,0,"[0, 1]"
517085,7539156,319,0,"[0, 1]"
517085,7539156,360,0,"[0, 1]"
517085,7539156,305,0,"[0, 1]"
517085,7539156,502,0,"[0, 1]"
517085,7539156,508,0,"[0, 1]"
517085,7539156,434,0,"[0, 1]"
517085,7539156,411,0,"[0, 1]"
517085,7539156,292,0,"[0, 1]"
517085,7539156,391,0,"[0, 1]"
517085,7539156,385,0,"[0, 1]"
517085,7539156,775,0,"[0, 1]"
517085,7539156,674,0,"[0, 1]"
517085,7539156,628,0,"[0, 1]"
517085,7539156,833,0,"[0, 1]"
517085,7539156,807,0,"[0, 1]"
517085,7539156,526,0,"[0, 1]"
517085,7539156,542,0,"[0, 1]"
517085,7539156,948,0,"[0, 1]"
517085,7539156,547,0,"[0, 1]"
517085,7539156,741,0,"[0, 1]"
517085,7539156,514,0,"[0, 1]"
517085,7539156,845,0,"[0, 1]"
517085,7539156,1019,0,"[0, 1]"
517085,7539156,810,0,"[0, 1]"
517085,7539156,733,0,"[0, 1]"
517085,7539156,548,0,"[0, 1]"
517085,7539156,576,0,"[0, 1]"
517085,7539156,557,0,"[0, 1]"
517085,7539156,1197,0,"[0, 1]"
517085,7539156,1094,0,"[0, 1]"
517085,7539156,1343,0,"[0, 1]"
517085,7539156,2023,0,"[0, 1]"
517085,7539156,1426,0,"[0, 1]"
517085,7539156,2045,0,"[0, 1]"
517085,7539156,1526,0,"[0, 1]"
517085,7539156,1787,0,"[0, 1]"
517085,7539156,1989,0,"[0, 1]"
517085,7539156,1475,0,"[0, 1]"
517085,7539156,1938,0,"[0, 1]"
517085,7539156,1775,0,"[0, 1]"
517085,7539156,1487,0,"[0, 1]"
517085,7539156,1366,0,"[0, 1]"
517085,7539156,1051,0,"[0, 1]"
517085,7539156,1552,0,"[0, 1]"
517085,7539156,1685,0,"[0, 1]"
517085,7539156,1099,0,"[0, 1]"
517085,7539156,1509,0,"[0, 1]"
517085,7539156,1964,0,"[0, 1]"
517085,7539156,3949,0,"[0, 1]"
517085,7539156,2509,0,"[0, 1]"
517085,7539156,3786,0,"[0, 1]"
517085,7539156,2491,0,"[0, 1]"
517085,7539156,2706,0,"[0, 1]"
517085,7539156,2396,0,"[0, 1]"
517085,7539156,3204,0,"[0, 1]"
517085,7539156,4057,0,"[0, 1]"
517085,7539156,2761,0,"[0, 1]"
517085,7539156,3297,0,"[0, 1]"
517085,7539156,2950,0,"[0, 1]"
517085,7539156,2125,0,"[0, 1]"
517085,7539156,3251,0,"[0, 1]"
517085,7539156,3431,0,"[0, 1]"
517085,7539156,2517,0,"[0, 1]"
517085,7539156,4059,0,"[0, 1]"
517085,7539156,2154,0,"[0, 1]"
517085,7539156,3120,0,"[0, 1]"
517085,7539156,4046,0,"[0, 1]"
517085,7539156,2686,0,"[0, 1]"
517085,7539156,2153,0,"[0, 1]"
517085,7539156,2328,0,"[0, 1]"
517085,7539156,4129,0,"[0, 1]"
517085,7539156,7527607,1,"[0, 1]"
517085,7539156,4758,0,"[0, 1]"
517085,7539156,7315032,1,"[0, 1]"
517085,7539156,7191851,1,"[0, 1]"
517085,7539156,7172798,1,"[0, 1]"
517085,7539156,7137810,1,"[0, 1]"
517085,7539156,7152490,1,"[0, 1]"
517085,7539156,7562624,1,"[0, 1]"
517085,7539156,7074377,1,"[0, 1]"
517085,7539156,7639898,1,"[0, 1]"
517085,7539156,7144010,1,"[0, 1]"
517085,7539156,7421115,1,"[0, 1]"
517085,7539156,4428,0,"[0, 1]"
517085,7539156,3504966,1,"[0, 1]"
517085,7539156,7184530,1,"[0, 1]"
517085,7539156,7239131,1,"[0, 1]"
517085,7539156,7130584,1,"[0, 1]"
517085,7539156,7669618,1,"[0, 1]"
517085,7539156,4511,0,"[0, 1]"
517085,7539156,490992,1,"[0, 1]"
517085,7539156,7684635,1,"[0, 1]"
517085,7539156,7558093,1,"[0, 1]"
517085,7539156,7334526,1,"[0, 1]"
433685,7539158,7539158,1,"[1, 0]"
433685,7539158,3212,0,"[1, 0]"
433685,7539158,1605,0,"[1, 0]"
433685,7539158,802,0,"[1, 0]"
433685,7539158,400,0,"[1, 0]"
433685,7539158,199,0,"[1, 0]"
433685,7539158,99,0,"[1, 0]"
433685,7539158,49,0,"[1, 0]"
433685,7539158,24,0,"[1, 0]"
433685,7539158,11,0,"[1, 0]"
433685,7539158,5,0,"[1, 0]"
433685,7539158,2,0,"[1, 0]"
433685,7539158,0,0,"[1, 0]"
433685,7539158,2,0,"[0, 1]"
433685,7539158,1,0,"[0, 1]"
433685,7539158,6,0,"[0, 1]"
433685,7539158,3,0,"[0, 1]"
433685,7539158,5,0,"[0, 1]"
433685,7539158,4,0,"[0, 1]"
433685,7539158,11,0,"[0, 1]"
433685,7539158,12,0,"[0, 1]"
433685,7539158,13,0,"[0, 1]"
433685,7539158,14,0,"[0, 1]"
433685,7539158,8,0,"[0, 1]"
433685,7539158,9,0,"[0, 1]"
433685,7539158,27,0,"[0, 1]"
433685,7539158,18,0,"[0, 1]"
433685,7539158,15,0,"[0, 1]"
433685,7539158,30,0,"[0, 1]"
433685,7539158,22,0,"[0, 1]"
433685,7539158,21,0,"[0, 1]"
433685,7539158,26,0,"[0, 1]"
433685,7539158,23,0,"[0, 1]"
433685,7539158,35,0,"[0, 1]"
433685,7539158,41,0,"[0, 1]"
433685,7539158,48,0,"[0, 1]"
433685,7539158,36,0,"[0, 1]"
433685,7539158,51,0,"[0, 1]"
433685,7539158,49,0,"[0, 1]"
433685,7539158,57,0,"[0, 1]"
433685,7539158,60,0,"[0, 1]"
433685,7539158,34,0,"[0, 1]"
433685,7539158,33,0,"[0, 1]"
433685,7539158,117,0,"[0, 1]"
433685,7539158,91,0,"[0, 1]"
433685,7539158,97,0,"[0, 1]"
433685,7539158,114,0,"[0, 1]"
433685,7539158,126,0,"[0, 1]"
433685,7539158,100,0,"[0, 1]"
433685,7539158,83,0,"[0, 1]"
433685,7539158,119,0,"[0, 1]"
433685,7539158,89,0,"[0, 1]"
433685,7539158,99,0,"[0, 1]"
433685,7539158,84,0,"[0, 1]"
433685,7539158,113,0,"[0, 1]"
433685,7539158,175,0,"[0, 1]"
433685,7539158,127,0,"[0, 1]"
433685,7539158,173,0,"[0, 1]"
433685,7539158,227,0,"[0, 1]"
433685,7539158,151,0,"[0, 1]"
433685,7539158,136,0,"[0, 1]"
433685,7539158,184,0,"[0, 1]"
433685,7539158,168,0,"[0, 1]"
433685,7539158,145,0,"[0, 1]"
433685,7539158,200,0,"[0, 1]"
433685,7539158,182,0,"[0, 1]"
433685,7539158,241,0,"[0, 1]"
433685,7539158,248,0,"[0, 1]"
433685,7539158,249,0,"[0, 1]"
433685,7539158,468,0,"[0, 1]"
433685,7539158,292,0,"[0, 1]"
433685,7539158,420,0,"[0, 1]"
433685,7539158,427,0,"[0, 1]"
433685,7539158,274,0,"[0, 1]"
433685,7539158,437,0,"[0, 1]"
433685,7539158,424,0,"[0, 1]"
433685,7539158,296,0,"[0, 1]"
433685,7539158,374,0,"[0, 1]"
433685,7539158,298,0,"[0, 1]"
433685,7539158,259,0,"[0, 1]"
433685,7539158,284,0,"[0, 1]"
433685,7539158,320,0,"[0, 1]"
433685,7539158,430,0,"[0, 1]"
433685,7539158,421,0,"[0, 1]"
433685,7539158,411,0,"[0, 1]"
433685,7539158,962,0,"[0, 1]"
433685,7539158,779,0,"[0, 1]"
433685,7539158,724,0,"[0, 1]"
433685,7539158,729,0,"[0, 1]"
433685,7539158,680,0,"[0, 1]"
433685,7539158,1013,0,"[0, 1]"
433685,7539158,1016,0,"[0, 1]"
433685,7539158,833,0,"[0, 1]"
433685,7539158,566,0,"[0, 1]"
433685,7539158,843,0,"[0, 1]"
433685,7539158,735,0,"[0, 1]"
433685,7539158,762,0,"[0, 1]"
433685,7539158,1017,0,"[0, 1]"
433685,7539158,676,0,"[0, 1]"
433685,7539158,564,0,"[0, 1]"
433685,7539158,912,0,"[0, 1]"
433685,7539158,693,0,"[0, 1]"
433685,7539158,844,0,"[0, 1]"
433685,7539158,1746,0,"[0, 1]"
433685,7539158,1338,0,"[0, 1]"
433685,7539158,1840,0,"[0, 1]"
433685,7539158,1791,0,"[0, 1]"
433685,7539158,1400,0,"[0, 1]"
433685,7539158,2025,0,"[0, 1]"
433685,7539158,1474,0,"[0, 1]"
433685,7539158,1135,0,"[0, 1]"
433685,7539158,2021,0,"[0, 1]"
433685,7539158,1630,0,"[0, 1]"
433685,7539158,1041,0,"[0, 1]"
433685,7539158,1826,0,"[0, 1]"
433685,7539158,1540,0,"[0, 1]"
433685,7539158,1207,0,"[0, 1]"
433685,7539158,1423,0,"[0, 1]"
433685,7539158,1495,0,"[0, 1]"
433685,7539158,1584,0,"[0, 1]"
433685,7539158,1873,0,"[0, 1]"
433685,7539158,1273,0,"[0, 1]"
433685,7539158,1178,0,"[0, 1]"
433685,7539158,3415,0,"[0, 1]"
433685,7539158,3919,0,"[0, 1]"
433685,7539158,3518,0,"[0, 1]"
433685,7539158,3796,0,"[0, 1]"
433685,7539158,2583,0,"[0, 1]"
433685,7539158,2718,0,"[0, 1]"
433685,7539158,3519,0,"[0, 1]"
433685,7539158,4013,0,"[0, 1]"
433685,7539158,2294,0,"[0, 1]"
433685,7539158,3167,0,"[0, 1]"
433685,7539158,2657,0,"[0, 1]"
433685,7539158,2611,0,"[0, 1]"
433685,7539158,3721,0,"[0, 1]"
433685,7539158,3262,0,"[0, 1]"
433685,7539158,3779,0,"[0, 1]"
433685,7539158,3670,0,"[0, 1]"
433685,7539158,3049,0,"[0, 1]"
433685,7539158,3014,0,"[0, 1]"
433685,7539158,2067,0,"[0, 1]"
433685,7539158,2399,0,"[0, 1]"
433685,7539158,3964,0,"[0, 1]"
433685,7539158,4054,0,"[0, 1]"
433685,7539158,7600595,1,"[0, 1]"
433685,7539158,7500732,1,"[0, 1]"
433685,7539158,7573567,1,"[0, 1]"
433685,7539158,4736,0,"[0, 1]"
433685,7539158,7356751,1,"[0, 1]"
433685,7539158,7282434,1,"[0, 1]"
433685,7539158,7214632,1,"[0, 1]"
433685,7539158,6105995,1,"[0, 1]"
433685,7539158,7454709,1,"[0, 1]"
433685,7539158,7483610,1,"[0, 1]"
433685,7539158,7506788,1,"[0, 1]"
433685,7539158,7463161,1,"[0, 1]"
433685,7539158,7353730,1,"[0, 1]"
433685,7539158,7324973,1,"[0, 1]"
433685,7539158,7656047,1,"[0, 1]"
433685,7539158,4469,0,"[0, 1]"
433685,7539158,6970659,1,"[0, 1]"
433685,7539158,7116569,1,"[0, 1]"
433685,7539158,4988,0,"[0, 1]"
433685,7539158,7183581,1,"[0, 1]"
433685,7539158,7158303,1,"[0, 1]"
433685,7539158,7282855,1,"[0, 1]"
433685,7539158,7430131,1,"[0, 1]"
433685,7539158,7223153,1,"[0, 1]"
593541,7539205,7539205,1,"[1, 0]"
593541,7539205,4881,0,"[1, 0]"
593541,7539205,3828,0,"[1, 0]"
593541,7539205,1913,0,"[1, 0]"
593541,7539205,956,0,"[1, 0]"
593541,7539205,477,0,"[1, 0]"
593541,7539205,238,0,"[1, 0]"
593541,7539205,118,0,"[1, 0]"
593541,7539205,58,0,"[1, 0]"
593541,7539205,28,0,"[1, 0]"
593541,7539205,13,0,"[1, 0]"
593541,7539205,6,0,"[1, 0]"
593541,7539205,2,0,"[1, 0]"
593541,7539205,0,0,"[1, 0]"
593541,7539205,2,0,"[0, 1]"
593541,7539205,1,0,"[0, 1]"
593541,7539205,5,0,"[0, 1]"
593541,7539205,4,0,"[0, 1]"
593541,7539205,3,0,"[0, 1]"
593541,7539205,6,0,"[0, 1]"
593541,7539205,13,0,"[0, 1]"
593541,7539205,11,0,"[0, 1]"
593541,7539205,8,0,"[0, 1]"
593541,7539205,10,0,"[0, 1]"
593541,7539205,12,0,"[0, 1]"
593541,7539205,9,0,"[0, 1]"
593541,7539205,27,0,"[0, 1]"
593541,7539205,16,0,"[0, 1]"
593541,7539205,29,0,"[0, 1]"
593541,7539205,21,0,"[0, 1]"
593541,7539205,22,0,"[0, 1]"
593541,7539205,26,0,"[0, 1]"
593541,7539205,25,0,"[0, 1]"
593541,7539205,30,0,"[0, 1]"
593541,7539205,59,0,"[0, 1]"
593541,7539205,35,0,"[0, 1]"
593541,7539205,32,0,"[0, 1]"
593541,7539205,37,0,"[0, 1]"
593541,7539205,60,0,"[0, 1]"
593541,7539205,61,0,"[0, 1]"
593541,7539205,33,0,"[0, 1]"
593541,7539205,41,0,"[0, 1]"
593541,7539205,56,0,"[0, 1]"
593541,7539205,52,0,"[0, 1]"
593541,7539205,80,0,"[0, 1]"
593541,7539205,79,0,"[0, 1]"
593541,7539205,97,0,"[0, 1]"
593541,7539205,78,0,"[0, 1]"
593541,7539205,74,0,"[0, 1]"
593541,7539205,126,0,"[0, 1]"
593541,7539205,109,0,"[0, 1]"
593541,7539205,102,0,"[0, 1]"
593541,7539205,121,0,"[0, 1]"
593541,7539205,115,0,"[0, 1]"
593541,7539205,89,0,"[0, 1]"
593541,7539205,72,0,"[0, 1]"
593541,7539205,173,0,"[0, 1]"
593541,7539205,234,0,"[0, 1]"
593541,7539205,192,0,"[0, 1]"
593541,7539205,137,0,"[0, 1]"
593541,7539205,220,0,"[0, 1]"
593541,7539205,249,0,"[0, 1]"
593541,7539205,165,0,"[0, 1]"
593541,7539205,175,0,"[0, 1]"
593541,7539205,159,0,"[0, 1]"
593541,7539205,204,0,"[0, 1]"
593541,7539205,247,0,"[0, 1]"
593541,7539205,133,0,"[0, 1]"
593541,7539205,143,0,"[0, 1]"
593541,7539205,213,0,"[0, 1]"
593541,7539205,421,0,"[0, 1]"
593541,7539205,372,0,"[0, 1]"
593541,7539205,308,0,"[0, 1]"
593541,7539205,440,0,"[0, 1]"
593541,7539205,467,0,"[0, 1]"
593541,7539205,497,0,"[0, 1]"
593541,7539205,374,0,"[0, 1]"
593541,7539205,453,0,"[0, 1]"
593541,7539205,479,0,"[0, 1]"
593541,7539205,353,0,"[0, 1]"
593541,7539205,442,0,"[0, 1]"
593541,7539205,504,0,"[0, 1]"
593541,7539205,481,0,"[0, 1]"
593541,7539205,339,0,"[0, 1]"
593541,7539205,311,0,"[0, 1]"
593541,7539205,509,0,"[0, 1]"
593541,7539205,717,0,"[0, 1]"
593541,7539205,719,0,"[0, 1]"
593541,7539205,722,0,"[0, 1]"
593541,7539205,1004,0,"[0, 1]"
593541,7539205,823,0,"[0, 1]"
593541,7539205,819,0,"[0, 1]"
593541,7539205,871,0,"[0, 1]"
593541,7539205,582,0,"[0, 1]"
593541,7539205,828,0,"[0, 1]"
593541,7539205,574,0,"[0, 1]"
593541,7539205,906,0,"[0, 1]"
593541,7539205,951,0,"[0, 1]"
593541,7539205,587,0,"[0, 1]"
593541,7539205,611,0,"[0, 1]"
593541,7539205,831,0,"[0, 1]"
593541,7539205,604,0,"[0, 1]"
593541,7539205,517,0,"[0, 1]"
593541,7539205,915,0,"[0, 1]"
593541,7539205,1450,0,"[0, 1]"
593541,7539205,1534,0,"[0, 1]"
593541,7539205,1626,0,"[0, 1]"
593541,7539205,1720,0,"[0, 1]"
593541,7539205,1113,0,"[0, 1]"
593541,7539205,1841,0,"[0, 1]"
593541,7539205,1331,0,"[0, 1]"
593541,7539205,1942,0,"[0, 1]"
593541,7539205,1776,0,"[0, 1]"
593541,7539205,1218,0,"[0, 1]"
593541,7539205,1805,0,"[0, 1]"
593541,7539205,2015,0,"[0, 1]"
593541,7539205,1172,0,"[0, 1]"
593541,7539205,1834,0,"[0, 1]"
593541,7539205,1507,0,"[0, 1]"
593541,7539205,1087,0,"[0, 1]"
593541,7539205,1035,0,"[0, 1]"
593541,7539205,1389,0,"[0, 1]"
593541,7539205,1930,0,"[0, 1]"
593541,7539205,1513,0,"[0, 1]"
593541,7539205,3547,0,"[0, 1]"
593541,7539205,3090,0,"[0, 1]"
593541,7539205,3463,0,"[0, 1]"
593541,7539205,3831,0,"[0, 1]"
593541,7539205,2918,0,"[0, 1]"
593541,7539205,2517,0,"[0, 1]"
593541,7539205,3483,0,"[0, 1]"
593541,7539205,3579,0,"[0, 1]"
593541,7539205,2771,0,"[0, 1]"
593541,7539205,3222,0,"[0, 1]"
593541,7539205,3962,0,"[0, 1]"
593541,7539205,3080,0,"[0, 1]"
593541,7539205,2355,0,"[0, 1]"
593541,7539205,2464,0,"[0, 1]"
593541,7539205,3012,0,"[0, 1]"
593541,7539205,2631,0,"[0, 1]"
593541,7539205,2638,0,"[0, 1]"
593541,7539205,3950,0,"[0, 1]"
593541,7539205,2698,0,"[0, 1]"
593541,7539205,3234,0,"[0, 1]"
593541,7539205,3239,0,"[0, 1]"
593541,7539205,2344,0,"[0, 1]"
593541,7539205,7143238,1,"[0, 1]"
593541,7539205,7210453,1,"[0, 1]"
593541,7539205,7499926,1,"[0, 1]"
593541,7539205,7166120,1,"[0, 1]"
593541,7539205,7268978,1,"[0, 1]"
593541,7539205,7359558,1,"[0, 1]"
593541,7539205,7162884,1,"[0, 1]"
593541,7539205,7430131,1,"[0, 1]"
593541,7539205,7338526,1,"[0, 1]"
593541,7539205,7654334,1,"[0, 1]"
593541,7539205,4938,0,"[0, 1]"
593541,7539205,7484895,1,"[0, 1]"
593541,7539205,3471973,1,"[0, 1]"
593541,7539205,4886,0,"[0, 1]"
593541,7539205,7384896,1,"[0, 1]"
593541,7539205,7070877,1,"[0, 1]"
593541,7539205,7401471,1,"[0, 1]"
593541,7539205,7210744,1,"[0, 1]"
593541,7539205,7626410,1,"[0, 1]"
593541,7539205,7484923,1,"[0, 1]"
593541,7539205,7434606,1,"[0, 1]"
593541,7539205,3200880,1,"[0, 1]"
593541,7539205,7187373,1,"[0, 1]"
593541,7539205,3828290,1,"[0, 1]"
593541,7539205,7099935,1,"[0, 1]"
593541,7539205,7533828,1,"[0, 1]"
593541,7539205,7088720,1,"[0, 1]"
593541,7539205,7660166,1,"[0, 1]"
593541,7539205,7426898,1,"[0, 1]"
593541,7539205,7672535,1,"[0, 1]"
593541,7539205,7627224,1,"[0, 1]"
593541,7539205,7505827,1,"[0, 1]"
593541,7539205,7681853,1,"[0, 1]"
593541,7539205,7117462,1,"[0, 1]"
593541,7539205,7626279,1,"[0, 1]"
593541,7539205,7081741,1,"[0, 1]"
593541,7539205,7097707,1,"[0, 1]"
593541,7539205,7497679,1,"[0, 1]"
593541,7539205,7115523,1,"[0, 1]"
593541,7539205,4229636,1,"[0, 1]"
593541,7539205,7615749,1,"[0, 1]"
593541,7539205,7617835,1,"[0, 1]"
593541,7539205,7233492,1,"[0, 1]"
593541,7539205,7151820,1,"[0, 1]"
593541,7539205,1280830,1,"[0, 1]"
593541,7539205,7538092,1,"[0, 1]"
593541,7539205,7128207,1,"[0, 1]"
593541,7539205,7611574,1,"[0, 1]"
593541,7539205,7497558,1,"[0, 1]"
593541,7539205,7650538,1,"[0, 1]"
39908,7539216,7539216,1,"[1, 0]"
39908,7539216,2859,0,"[1, 0]"
39908,7539216,1429,0,"[1, 0]"
39908,7539216,714,0,"[1, 0]"
39908,7539216,356,0,"[1, 0]"
39908,7539216,177,0,"[1, 0]"
39908,7539216,88,0,"[1, 0]"
39908,7539216,43,0,"[1, 0]"
39908,7539216,21,0,"[1, 0]"
39908,7539216,10,0,"[1, 0]"
39908,7539216,4,0,"[1, 0]"
39908,7539216,1,0,"[1, 0]"
39908,7539216,0,0,"[1, 0]"
39908,7539216,1,0,"[0, 1]"
39908,7539216,2,0,"[0, 1]"
39908,7539216,3,0,"[0, 1]"
39908,7539216,6,0,"[0, 1]"
39908,7539216,4,0,"[0, 1]"
39908,7539216,5,0,"[0, 1]"
39908,7539216,9,0,"[0, 1]"
39908,7539216,10,0,"[0, 1]"
39908,7539216,7,0,"[0, 1]"
39908,7539216,14,0,"[0, 1]"
39908,7539216,11,0,"[0, 1]"
39908,7539216,12,0,"[0, 1]"
39908,7539216,19,0,"[0, 1]"
39908,7539216,17,0,"[0, 1]"
39908,7539216,28,0,"[0, 1]"
39908,7539216,25,0,"[0, 1]"
39908,7539216,15,0,"[0, 1]"
39908,7539216,16,0,"[0, 1]"
39908,7539216,21,0,"[0, 1]"
39908,7539216,26,0,"[0, 1]"
39908,7539216,59,0,"[0, 1]"
39908,7539216,54,0,"[0, 1]"
39908,7539216,44,0,"[0, 1]"
39908,7539216,50,0,"[0, 1]"
39908,7539216,32,0,"[0, 1]"
39908,7539216,53,0,"[0, 1]"
39908,7539216,40,0,"[0, 1]"
39908,7539216,31,0,"[0, 1]"
39908,7539216,47,0,"[0, 1]"
39908,7539216,49,0,"[0, 1]"
39908,7539216,121,0,"[0, 1]"
39908,7539216,76,0,"[0, 1]"
39908,7539216,82,0,"[0, 1]"
39908,7539216,67,0,"[0, 1]"
39908,7539216,79,0,"[0, 1]"
39908,7539216,74,0,"[0, 1]"
39908,7539216,73,0,"[0, 1]"
39908,7539216,63,0,"[0, 1]"
39908,7539216,92,0,"[0, 1]"
39908,7539216,115,0,"[0, 1]"
39908,7539216,99,0,"[0, 1]"
39908,7539216,86,0,"[0, 1]"
39908,7539216,203,0,"[0, 1]"
39908,7539216,179,0,"[0, 1]"
39908,7539216,218,0,"[0, 1]"
39908,7539216,235,0,"[0, 1]"
39908,7539216,230,0,"[0, 1]"
39908,7539216,165,0,"[0, 1]"
39908,7539216,222,0,"[0, 1]"
39908,7539216,199,0,"[0, 1]"
39908,7539216,197,0,"[0, 1]"
39908,7539216,244,0,"[0, 1]"
39908,7539216,158,0,"[0, 1]"
39908,7539216,177,0,"[0, 1]"
39908,7539216,180,0,"[0, 1]"
39908,7539216,251,0,"[0, 1]"
39908,7539216,278,0,"[0, 1]"
39908,7539216,453,0,"[0, 1]"
39908,7539216,507,0,"[0, 1]"
39908,7539216,369,0,"[0, 1]"
39908,7539216,375,0,"[0, 1]"
39908,7539216,458,0,"[0, 1]"
39908,7539216,258,0,"[0, 1]"
39908,7539216,510,0,"[0, 1]"
39908,7539216,503,0,"[0, 1]"
39908,7539216,484,0,"[0, 1]"
39908,7539216,381,0,"[0, 1]"
39908,7539216,417,0,"[0, 1]"
39908,7539216,342,0,"[0, 1]"
39908,7539216,300,0,"[0, 1]"
39908,7539216,410,0,"[0, 1]"
39908,7539216,346,0,"[0, 1]"
39908,7539216,802,0,"[0, 1]"
39908,7539216,926,0,"[0, 1]"
39908,7539216,894,0,"[0, 1]"
39908,7539216,572,0,"[0, 1]"
39908,7539216,1021,0,"[0, 1]"
39908,7539216,648,0,"[0, 1]"
39908,7539216,699,0,"[0, 1]"
39908,7539216,700,0,"[0, 1]"
39908,7539216,650,0,"[0, 1]"
39908,7539216,532,0,"[0, 1]"
39908,7539216,739,0,"[0, 1]"
39908,7539216,611,0,"[0, 1]"
39908,7539216,903,0,"[0, 1]"
39908,7539216,1018,0,"[0, 1]"
39908,7539216,886,0,"[0, 1]"
39908,7539216,778,0,"[0, 1]"
39908,7539216,861,0,"[0, 1]"
39908,7539216,647,0,"[0, 1]"
39908,7539216,1429,0,"[0, 1]"
39908,7539216,2045,0,"[0, 1]"
39908,7539216,1880,0,"[0, 1]"
39908,7539216,1085,0,"[0, 1]"
39908,7539216,1180,0,"[0, 1]"
39908,7539216,1269,0,"[0, 1]"
39908,7539216,1328,0,"[0, 1]"
39908,7539216,1051,0,"[0, 1]"
39908,7539216,1151,0,"[0, 1]"
39908,7539216,1400,0,"[0, 1]"
39908,7539216,1476,0,"[0, 1]"
39908,7539216,1152,0,"[0, 1]"
39908,7539216,1080,0,"[0, 1]"
39908,7539216,1563,0,"[0, 1]"
39908,7539216,1816,0,"[0, 1]"
39908,7539216,1490,0,"[0, 1]"
39908,7539216,1555,0,"[0, 1]"
39908,7539216,1944,0,"[0, 1]"
39908,7539216,1866,0,"[0, 1]"
39908,7539216,1226,0,"[0, 1]"
39908,7539216,3681,0,"[0, 1]"
39908,7539216,3100,0,"[0, 1]"
39908,7539216,3906,0,"[0, 1]"
39908,7539216,3684,0,"[0, 1]"
39908,7539216,2544,0,"[0, 1]"
39908,7539216,3434,0,"[0, 1]"
39908,7539216,3045,0,"[0, 1]"
39908,7539216,2854,0,"[0, 1]"
39908,7539216,2063,0,"[0, 1]"
39908,7539216,3324,0,"[0, 1]"
39908,7539216,2979,0,"[0, 1]"
39908,7539216,4090,0,"[0, 1]"
39908,7539216,2695,0,"[0, 1]"
39908,7539216,3666,0,"[0, 1]"
39908,7539216,2773,0,"[0, 1]"
39908,7539216,2163,0,"[0, 1]"
39908,7539216,3556,0,"[0, 1]"
39908,7539216,3796,0,"[0, 1]"
39908,7539216,2313,0,"[0, 1]"
39908,7539216,3132,0,"[0, 1]"
39908,7539216,2719,0,"[0, 1]"
39908,7539216,3639,0,"[0, 1]"
39908,7539216,7499577,1,"[0, 1]"
39908,7539216,7364279,1,"[0, 1]"
39908,7539216,7239443,1,"[0, 1]"
39908,7539216,4794,0,"[0, 1]"
39908,7539216,7519535,1,"[0, 1]"
39908,7539216,4449,0,"[0, 1]"
39908,7539216,4454,0,"[0, 1]"
39908,7539216,5626608,1,"[0, 1]"
39908,7539216,7577924,1,"[0, 1]"
39908,7539216,7345666,1,"[0, 1]"
39908,7539216,7208493,1,"[0, 1]"
39908,7539216,7376793,1,"[0, 1]"
39908,7539216,4730,0,"[0, 1]"
39908,7539216,4439,0,"[0, 1]"
39908,7539216,4571,0,"[0, 1]"
39908,7539216,7502963,1,"[0, 1]"
39908,7539216,7254196,1,"[0, 1]"
39908,7539216,7212031,1,"[0, 1]"
39908,7539216,7383864,1,"[0, 1]"
39908,7539216,7285334,1,"[0, 1]"
39908,7539216,4803,0,"[0, 1]"
39908,7539216,703507,1,"[0, 1]"
39908,7539216,7167668,1,"[0, 1]"
39908,7539216,7635087,1,"[0, 1]"
464663,7539368,7539368,1,"[1, 0]"
464663,7539368,4505,0,"[1, 0]"
464663,7539368,2977,0,"[1, 0]"
464663,7539368,1488,0,"[1, 0]"
464663,7539368,743,0,"[1, 0]"
464663,7539368,371,0,"[1, 0]"
464663,7539368,185,0,"[1, 0]"
464663,7539368,92,0,"[1, 0]"
464663,7539368,45,0,"[1, 0]"
464663,7539368,22,0,"[1, 0]"
464663,7539368,10,0,"[1, 0]"
464663,7539368,4,0,"[1, 0]"
464663,7539368,1,0,"[1, 0]"
464663,7539368,0,0,"[1, 0]"
464663,7539368,1,0,"[0, 1]"
464663,7539368,2,0,"[0, 1]"
464663,7539368,5,0,"[0, 1]"
464663,7539368,4,0,"[0, 1]"
464663,7539368,6,0,"[0, 1]"
464663,7539368,3,0,"[0, 1]"
464663,7539368,8,0,"[0, 1]"
464663,7539368,12,0,"[0, 1]"
464663,7539368,10,0,"[0, 1]"
464663,7539368,11,0,"[0, 1]"
464663,7539368,13,0,"[0, 1]"
464663,7539368,9,0,"[0, 1]"
464663,7539368,19,0,"[0, 1]"
464663,7539368,24,0,"[0, 1]"
464663,7539368,29,0,"[0, 1]"
464663,7539368,26,0,"[0, 1]"
464663,7539368,30,0,"[0, 1]"
464663,7539368,28,0,"[0, 1]"
464663,7539368,18,0,"[0, 1]"
464663,7539368,27,0,"[0, 1]"
464663,7539368,42,0,"[0, 1]"
464663,7539368,50,0,"[0, 1]"
464663,7539368,58,0,"[0, 1]"
464663,7539368,57,0,"[0, 1]"
464663,7539368,40,0,"[0, 1]"
464663,7539368,56,0,"[0, 1]"
464663,7539368,31,0,"[0, 1]"
464663,7539368,53,0,"[0, 1]"
464663,7539368,62,0,"[0, 1]"
464663,7539368,39,0,"[0, 1]"
464663,7539368,100,0,"[0, 1]"
464663,7539368,102,0,"[0, 1]"
464663,7539368,89,0,"[0, 1]"
464663,7539368,124,0,"[0, 1]"
464663,7539368,75,0,"[0, 1]"
464663,7539368,73,0,"[0, 1]"
464663,7539368,115,0,"[0, 1]"
464663,7539368,104,0,"[0, 1]"
464663,7539368,126,0,"[0, 1]"
464663,7539368,90,0,"[0, 1]"
464663,7539368,105,0,"[0, 1]"
464663,7539368,123,0,"[0, 1]"
464663,7539368,238,0,"[0, 1]"
464663,7539368,173,0,"[0, 1]"
464663,7539368,155,0,"[0, 1]"
464663,7539368,128,0,"[0, 1]"
464663,7539368,142,0,"[0, 1]"
464663,7539368,195,0,"[0, 1]"
464663,7539368,176,0,"[0, 1]"
464663,7539368,194,0,"[0, 1]"
464663,7539368,174,0,"[0, 1]"
464663,7539368,221,0,"[0, 1]"
464663,7539368,131,0,"[0, 1]"
464663,7539368,210,0,"[0, 1]"
464663,7539368,166,0,"[0, 1]"
464663,7539368,207,0,"[0, 1]"
464663,7539368,306,0,"[0, 1]"
464663,7539368,436,0,"[0, 1]"
464663,7539368,408,0,"[0, 1]"
464663,7539368,409,0,"[0, 1]"
464663,7539368,264,0,"[0, 1]"
464663,7539368,451,0,"[0, 1]"
464663,7539368,295,0,"[0, 1]"
464663,7539368,305,0,"[0, 1]"
464663,7539368,381,0,"[0, 1]"
464663,7539368,370,0,"[0, 1]"
464663,7539368,420,0,"[0, 1]"
464663,7539368,391,0,"[0, 1]"
464663,7539368,482,0,"[0, 1]"
464663,7539368,504,0,"[0, 1]"
464663,7539368,394,0,"[0, 1]"
464663,7539368,477,0,"[0, 1]"
464663,7539368,654,0,"[0, 1]"
464663,7539368,521,0,"[0, 1]"
464663,7539368,968,0,"[0, 1]"
464663,7539368,994,0,"[0, 1]"
464663,7539368,658,0,"[0, 1]"
464663,7539368,643,0,"[0, 1]"
464663,7539368,884,0,"[0, 1]"
464663,7539368,721,0,"[0, 1]"
464663,7539368,871,0,"[0, 1]"
464663,7539368,997,0,"[0, 1]"
464663,7539368,576,0,"[0, 1]"
464663,7539368,955,0,"[0, 1]"
464663,7539368,774,0,"[0, 1]"
464663,7539368,573,0,"[0, 1]"
464663,7539368,702,0,"[0, 1]"
464663,7539368,706,0,"[0, 1]"
464663,7539368,956,0,"[0, 1]"
464663,7539368,794,0,"[0, 1]"
464663,7539368,1886,0,"[0, 1]"
464663,7539368,1945,0,"[0, 1]"
464663,7539368,1056,0,"[0, 1]"
464663,7539368,1216,0,"[0, 1]"
464663,7539368,1796,0,"[0, 1]"
464663,7539368,1539,0,"[0, 1]"
464663,7539368,1390,0,"[0, 1]"
464663,7539368,1600,0,"[0, 1]"
464663,7539368,1689,0,"[0, 1]"
464663,7539368,1141,0,"[0, 1]"
464663,7539368,1830,0,"[0, 1]"
464663,7539368,1110,0,"[0, 1]"
464663,7539368,1642,0,"[0, 1]"
464663,7539368,1953,0,"[0, 1]"
464663,7539368,2012,0,"[0, 1]"
464663,7539368,1799,0,"[0, 1]"
464663,7539368,1207,0,"[0, 1]"
464663,7539368,1696,0,"[0, 1]"
464663,7539368,1826,0,"[0, 1]"
464663,7539368,1451,0,"[0, 1]"
464663,7539368,2999,0,"[0, 1]"
464663,7539368,2743,0,"[0, 1]"
464663,7539368,4017,0,"[0, 1]"
464663,7539368,3343,0,"[0, 1]"
464663,7539368,2525,0,"[0, 1]"
464663,7539368,2245,0,"[0, 1]"
464663,7539368,3276,0,"[0, 1]"
464663,7539368,2477,0,"[0, 1]"
464663,7539368,2694,0,"[0, 1]"
464663,7539368,3123,0,"[0, 1]"
464663,7539368,3613,0,"[0, 1]"
464663,7539368,3116,0,"[0, 1]"
464663,7539368,2114,0,"[0, 1]"
464663,7539368,2995,0,"[0, 1]"
464663,7539368,3564,0,"[0, 1]"
464663,7539368,3139,0,"[0, 1]"
464663,7539368,2706,0,"[0, 1]"
464663,7539368,3839,0,"[0, 1]"
464663,7539368,3367,0,"[0, 1]"
464663,7539368,2186,0,"[0, 1]"
464663,7539368,2591,0,"[0, 1]"
464663,7539368,2066,0,"[0, 1]"
464663,7539368,4463,0,"[0, 1]"
464663,7539368,7635087,1,"[0, 1]"
464663,7539368,4471,0,"[0, 1]"
464663,7539368,7261988,1,"[0, 1]"
464663,7539368,4616,0,"[0, 1]"
464663,7539368,7248353,1,"[0, 1]"
464663,7539368,7615545,1,"[0, 1]"
464663,7539368,4119,0,"[0, 1]"
464663,7539368,7119331,1,"[0, 1]"
464663,7539368,7428853,1,"[0, 1]"
464663,7539368,7330977,1,"[0, 1]"
464663,7539368,7531219,1,"[0, 1]"
464663,7539368,4971,0,"[0, 1]"
464663,7539368,7340514,1,"[0, 1]"
464663,7539368,7623736,1,"[0, 1]"
464663,7539368,7294715,1,"[0, 1]"
464663,7539368,7270789,1,"[0, 1]"
464663,7539368,378086,1,"[0, 1]"
464663,7539368,7473472,1,"[0, 1]"
464663,7539368,7299269,1,"[0, 1]"
464663,7539368,4832,0,"[0, 1]"
464663,7539368,7622850,1,"[0, 1]"
464663,7539368,4564,0,"[0, 1]"
464663,7539368,7289626,1,"[0, 1]"
464663,7539368,7405127,1,"[0, 1]"
464663,7539368,7615909,1,"[0, 1]"
464663,7539368,2651275,1,"[0, 1]"
464663,7539368,7080300,1,"[0, 1]"
464663,7539368,7637307,1,"[0, 1]"
464663,7539368,7491084,1,"[0, 1]"
464663,7539368,7083912,1,"[0, 1]"
464663,7539368,7392795,1,"[0, 1]"
464663,7539368,1381291,1,"[0, 1]"
464663,7539368,5323651,1,"[0, 1]"
464663,7539368,7588733,1,"[0, 1]"
464663,7539368,7395234,1,"[0, 1]"
464663,7539368,7245699,1,"[0, 1]"
464663,7539368,7321887,1,"[0, 1]"
464663,7539368,7291052,1,"[0, 1]"
464663,7539368,7490252,1,"[0, 1]"
464663,7539368,7141783,1,"[0, 1]"
464663,7539368,7569502,1,"[0, 1]"
464663,7539368,7283273,1,"[0, 1]"
464663,7539368,7669183,1,"[0, 1]"
464663,7539368,7532230,1,"[0, 1]"
464663,7539368,7287995,1,"[0, 1]"
464663,7539368,7436974,1,"[0, 1]"
464663,7539368,7261899,1,"[0, 1]"
464663,7539368,7608291,1,"[0, 1]"
464663,7539368,7539527,1,"[0, 1]"
569939,7539382,7539382,1,"[1, 0]"
569939,7539382,4394,0,"[1, 0]"
569939,7539382,2726,0,"[1, 0]"
569939,7539382,1362,0,"[1, 0]"
569939,7539382,680,0,"[1, 0]"
569939,7539382,339,0,"[1, 0]"
569939,7539382,169,0,"[1, 0]"
569939,7539382,84,0,"[1, 0]"
569939,7539382,41,0,"[1, 0]"
569939,7539382,20,0,"[1, 0]"
569939,7539382,9,0,"[1, 0]"
569939,7539382,4,0,"[1, 0]"
569939,7539382,1,0,"[1, 0]"
569939,7539382,0,0,"[1, 0]"
569939,7539382,1,0,"[0, 1]"
569939,7539382,2,0,"[0, 1]"
569939,7539382,3,0,"[0, 1]"
569939,7539382,4,0,"[0, 1]"
569939,7539382,5,0,"[0, 1]"
569939,7539382,6,0,"[0, 1]"
569939,7539382,7,0,"[0, 1]"
569939,7539382,9,0,"[0, 1]"
569939,7539382,12,0,"[0, 1]"
569939,7539382,13,0,"[0, 1]"
569939,7539382,8,0,"[0, 1]"
569939,7539382,11,0,"[0, 1]"
569939,7539382,25,0,"[0, 1]"
569939,7539382,27,0,"[0, 1]"
569939,7539382,22,0,"[0, 1]"
569939,7539382,21,0,"[0, 1]"
569939,7539382,16,0,"[0, 1]"
569939,7539382,18,0,"[0, 1]"
569939,7539382,19,0,"[0, 1]"
569939,7539382,20,0,"[0, 1]"
569939,7539382,35,0,"[0, 1]"
569939,7539382,36,0,"[0, 1]"
569939,7539382,48,0,"[0, 1]"
569939,7539382,55,0,"[0, 1]"
569939,7539382,39,0,"[0, 1]"
569939,7539382,32,0,"[0, 1]"
569939,7539382,34,0,"[0, 1]"
569939,7539382,52,0,"[0, 1]"
569939,7539382,43,0,"[0, 1]"
569939,7539382,46,0,"[0, 1]"
569939,7539382,89,0,"[0, 1]"
569939,7539382,88,0,"[0, 1]"
569939,7539382,86,0,"[0, 1]"
569939,7539382,108,0,"[0, 1]"
569939,7539382,68,0,"[0, 1]"
569939,7539382,83,0,"[0, 1]"
569939,7539382,90,0,"[0, 1]"
569939,7539382,106,0,"[0, 1]"
569939,7539382,77,0,"[0, 1]"
569939,7539382,115,0,"[0, 1]"
569939,7539382,103,0,"[0, 1]"
569939,7539382,63,0,"[0, 1]"
569939,7539382,173,0,"[0, 1]"
569939,7539382,168,0,"[0, 1]"
569939,7539382,240,0,"[0, 1]"
569939,7539382,251,0,"[0, 1]"
569939,7539382,179,0,"[0, 1]"
569939,7539382,216,0,"[0, 1]"
569939,7539382,229,0,"[0, 1]"
569939,7539382,234,0,"[0, 1]"
569939,7539382,155,0,"[0, 1]"
569939,7539382,213,0,"[0, 1]"
569939,7539382,253,0,"[0, 1]"
569939,7539382,246,0,"[0, 1]"
569939,7539382,196,0,"[0, 1]"
569939,7539382,154,0,"[0, 1]"
569939,7539382,475,0,"[0, 1]"
569939,7539382,291,0,"[0, 1]"
569939,7539382,486,0,"[0, 1]"
569939,7539382,403,0,"[0, 1]"
569939,7539382,268,0,"[0, 1]"
569939,7539382,275,0,"[0, 1]"
569939,7539382,263,0,"[0, 1]"
569939,7539382,284,0,"[0, 1]"
569939,7539382,436,0,"[0, 1]"
569939,7539382,383,0,"[0, 1]"
569939,7539382,467,0,"[0, 1]"
569939,7539382,327,0,"[0, 1]"
569939,7539382,468,0,"[0, 1]"
569939,7539382,479,0,"[0, 1]"
569939,7539382,292,0,"[0, 1]"
569939,7539382,402,0,"[0, 1]"
569939,7539382,676,0,"[0, 1]"
569939,7539382,578,0,"[0, 1]"
569939,7539382,847,0,"[0, 1]"
569939,7539382,969,0,"[0, 1]"
569939,7539382,874,0,"[0, 1]"
569939,7539382,1021,0,"[0, 1]"
569939,7539382,696,0,"[0, 1]"
569939,7539382,950,0,"[0, 1]"
569939,7539382,824,0,"[0, 1]"
569939,7539382,775,0,"[0, 1]"
569939,7539382,839,0,"[0, 1]"
569939,7539382,534,0,"[0, 1]"
569939,7539382,627,0,"[0, 1]"
569939,7539382,677,0,"[0, 1]"
569939,7539382,889,0,"[0, 1]"
569939,7539382,617,0,"[0, 1]"
569939,7539382,937,0,"[0, 1]"
569939,7539382,545,0,"[0, 1]"
569939,7539382,1066,0,"[0, 1]"
569939,7539382,1288,0,"[0, 1]"
569939,7539382,1108,0,"[0, 1]"
569939,7539382,1987,0,"[0, 1]"
569939,7539382,1835,0,"[0, 1]"
569939,7539382,1248,0,"[0, 1]"
569939,7539382,1726,0,"[0, 1]"
569939,7539382,1420,0,"[0, 1]"
569939,7539382,1130,0,"[0, 1]"
569939,7539382,1054,0,"[0, 1]"
569939,7539382,1598,0,"[0, 1]"
569939,7539382,1402,0,"[0, 1]"
569939,7539382,1850,0,"[0, 1]"
569939,7539382,1787,0,"[0, 1]"
569939,7539382,1202,0,"[0, 1]"
569939,7539382,1284,0,"[0, 1]"
569939,7539382,1359,0,"[0, 1]"
569939,7539382,1326,0,"[0, 1]"
569939,7539382,1460,0,"[0, 1]"
569939,7539382,1301,0,"[0, 1]"
569939,7539382,3097,0,"[0, 1]"
569939,7539382,2957,0,"[0, 1]"
569939,7539382,2932,0,"[0, 1]"
569939,7539382,2618,0,"[0, 1]"
569939,7539382,2295,0,"[0, 1]"
569939,7539382,2895,0,"[0, 1]"
569939,7539382,2072,0,"[0, 1]"
569939,7539382,2782,0,"[0, 1]"
569939,7539382,3189,0,"[0, 1]"
569939,7539382,3055,0,"[0, 1]"
569939,7539382,2547,0,"[0, 1]"
569939,7539382,3709,0,"[0, 1]"
569939,7539382,4072,0,"[0, 1]"
569939,7539382,3214,0,"[0, 1]"
569939,7539382,2427,0,"[0, 1]"
569939,7539382,3986,0,"[0, 1]"
569939,7539382,2192,0,"[0, 1]"
569939,7539382,2409,0,"[0, 1]"
569939,7539382,3338,0,"[0, 1]"
569939,7539382,2935,0,"[0, 1]"
569939,7539382,3616,0,"[0, 1]"
569939,7539382,3091,0,"[0, 1]"
569939,7539382,7502963,1,"[0, 1]"
569939,7539382,7372190,1,"[0, 1]"
569939,7539382,7186156,1,"[0, 1]"
569939,7539382,7272807,1,"[0, 1]"
569939,7539382,162312,1,"[0, 1]"
569939,7539382,4187,0,"[0, 1]"
569939,7539382,7513961,1,"[0, 1]"
569939,7539382,4357,0,"[0, 1]"
569939,7539382,4558,0,"[0, 1]"
569939,7539382,4425,0,"[0, 1]"
569939,7539382,7306463,1,"[0, 1]"
569939,7539382,7292567,1,"[0, 1]"
569939,7539382,5746718,1,"[0, 1]"
569939,7539382,4167,0,"[0, 1]"
569939,7539382,4893,0,"[0, 1]"
569939,7539382,7209518,1,"[0, 1]"
569939,7539382,3808979,1,"[0, 1]"
569939,7539382,7418668,1,"[0, 1]"
569939,7539382,7188337,1,"[0, 1]"
569939,7539382,7221252,1,"[0, 1]"
569939,7539382,7427486,1,"[0, 1]"
569939,7539382,6381284,1,"[0, 1]"
569939,7539382,7226965,1,"[0, 1]"
569939,7539382,7546693,1,"[0, 1]"
569939,7539382,7573769,1,"[0, 1]"
569939,7539382,1050990,1,"[0, 1]"
569939,7539382,7346601,1,"[0, 1]"
569939,7539382,7539981,1,"[0, 1]"
569939,7539382,7619132,1,"[0, 1]"
569939,7539382,7471037,1,"[0, 1]"
569939,7539382,7264235,1,"[0, 1]"
569939,7539382,7118287,1,"[0, 1]"
569939,7539382,7456369,1,"[0, 1]"
569939,7539382,7215382,1,"[0, 1]"
569939,7539382,7168612,1,"[0, 1]"
569939,7539382,7614155,1,"[0, 1]"
569939,7539382,7215392,1,"[0, 1]"
569939,7539382,7370908,1,"[0, 1]"
569939,7539382,7183698,1,"[0, 1]"
569939,7539382,7503601,1,"[0, 1]"
569939,7539382,7099509,1,"[0, 1]"
569939,7539382,2548558,1,"[0, 1]"
569939,7539382,7172010,1,"[0, 1]"
569939,7539382,7649010,1,"[0, 1]"
569939,7539382,7299094,1,"[0, 1]"
569939,7539382,7268296,1,"[0, 1]"
569939,7539382,7296082,1,"[0, 1]"
569939,7539382,7623229,1,"[0, 1]"
569939,7539382,7590320,1,"[0, 1]"
569939,7539382,1567596,1,"[0, 1]"
569939,2158849,2158849,1,"[1, 0]"
569939,2158849,3412,0,"[1, 0]"
569939,2158849,1705,0,"[1, 0]"
569939,2158849,852,0,"[1, 0]"
569939,2158849,425,0,"[1, 0]"
569939,2158849,212,0,"[1, 0]"
569939,2158849,105,0,"[1, 0]"
569939,2158849,52,0,"[1, 0]"
569939,2158849,25,0,"[1, 0]"
569939,2158849,12,0,"[1, 0]"
569939,2158849,5,0,"[1, 0]"
569939,2158849,2,0,"[1, 0]"
569939,2158849,0,0,"[1, 0]"
569939,2158849,2,0,"[0, 1]"
569939,2158849,1,0,"[0, 1]"
569939,2158849,3,0,"[0, 1]"
569939,2158849,6,0,"[0, 1]"
569939,2158849,4,0,"[0, 1]"
569939,2158849,5,0,"[0, 1]"
569939,2158849,8,0,"[0, 1]"
569939,2158849,7,0,"[0, 1]"
569939,2158849,11,0,"[0, 1]"
569939,2158849,9,0,"[0, 1]"
569939,2158849,10,0,"[0, 1]"
569939,2158849,12,0,"[0, 1]"
569939,2158849,29,0,"[0, 1]"
569939,2158849,22,0,"[0, 1]"
569939,2158849,21,0,"[0, 1]"
569939,2158849,27,0,"[0, 1]"
569939,2158849,30,0,"[0, 1]"
569939,2158849,26,0,"[0, 1]"
569939,2158849,18,0,"[0, 1]"
569939,2158849,19,0,"[0, 1]"
569939,2158849,54,0,"[0, 1]"
569939,2158849,46,0,"[0, 1]"
569939,2158849,37,0,"[0, 1]"
569939,2158849,53,0,"[0, 1]"
569939,2158849,40,0,"[0, 1]"
569939,2158849,39,0,"[0, 1]"
569939,2158849,38,0,"[0, 1]"
569939,2158849,57,0,"[0, 1]"
569939,2158849,62,0,"[0, 1]"
569939,2158849,50,0,"[0, 1]"
569939,2158849,86,0,"[0, 1]"
569939,2158849,90,0,"[0, 1]"
569939,2158849,111,0,"[0, 1]"
569939,2158849,81,0,"[0, 1]"
569939,2158849,104,0,"[0, 1]"
569939,2158849,79,0,"[0, 1]"
569939,2158849,109,0,"[0, 1]"
569939,2158849,114,0,"[0, 1]"
569939,2158849,116,0,"[0, 1]"
569939,2158849,68,0,"[0, 1]"
569939,2158849,123,0,"[0, 1]"
569939,2158849,71,0,"[0, 1]"
569939,2158849,168,0,"[0, 1]"
569939,2158849,176,0,"[0, 1]"
569939,2158849,132,0,"[0, 1]"
569939,2158849,182,0,"[0, 1]"
569939,2158849,157,0,"[0, 1]"
569939,2158849,145,0,"[0, 1]"
569939,2158849,172,0,"[0, 1]"
569939,2158849,179,0,"[0, 1]"
569939,2158849,144,0,"[0, 1]"
569939,2158849,152,0,"[0, 1]"
569939,2158849,148,0,"[0, 1]"
569939,2158849,138,0,"[0, 1]"
569939,2158849,136,0,"[0, 1]"
569939,2158849,183,0,"[0, 1]"
569939,2158849,380,0,"[0, 1]"
569939,2158849,508,0,"[0, 1]"
569939,2158849,442,0,"[0, 1]"
569939,2158849,443,0,"[0, 1]"
569939,2158849,427,0,"[0, 1]"
569939,2158849,310,0,"[0, 1]"
569939,2158849,494,0,"[0, 1]"
569939,2158849,397,0,"[0, 1]"
569939,2158849,260,0,"[0, 1]"
569939,2158849,278,0,"[0, 1]"
569939,2158849,387,0,"[0, 1]"
569939,2158849,335,0,"[0, 1]"
569939,2158849,448,0,"[0, 1]"
569939,2158849,391,0,"[0, 1]"
569939,2158849,276,0,"[0, 1]"
569939,2158849,510,0,"[0, 1]"
569939,2158849,813,0,"[0, 1]"
569939,2158849,594,0,"[0, 1]"
569939,2158849,1009,0,"[0, 1]"
569939,2158849,753,0,"[0, 1]"
569939,2158849,654,0,"[0, 1]"
569939,2158849,656,0,"[0, 1]"
569939,2158849,972,0,"[0, 1]"
569939,2158849,577,0,"[0, 1]"
569939,2158849,728,0,"[0, 1]"
569939,2158849,888,0,"[0, 1]"
569939,2158849,544,0,"[0, 1]"
569939,2158849,688,0,"[0, 1]"
569939,2158849,578,0,"[0, 1]"
569939,2158849,543,0,"[0, 1]"
569939,2158849,547,0,"[0, 1]"
569939,2158849,915,0,"[0, 1]"
569939,2158849,615,0,"[0, 1]"
569939,2158849,586,0,"[0, 1]"
569939,2158849,1038,0,"[0, 1]"
569939,2158849,1596,0,"[0, 1]"
569939,2158849,1406,0,"[0, 1]"
569939,2158849,1505,0,"[0, 1]"
569939,2158849,1947,0,"[0, 1]"
569939,2158849,1884,0,"[0, 1]"
569939,2158849,1433,0,"[0, 1]"
569939,2158849,1923,0,"[0, 1]"
569939,2158849,1538,0,"[0, 1]"
569939,2158849,1602,0,"[0, 1]"
569939,2158849,1575,0,"[0, 1]"
569939,2158849,1332,0,"[0, 1]"
569939,2158849,2014,0,"[0, 1]"
569939,2158849,1676,0,"[0, 1]"
569939,2158849,1851,0,"[0, 1]"
569939,2158849,1922,0,"[0, 1]"
569939,2158849,1311,0,"[0, 1]"
569939,2158849,1125,0,"[0, 1]"
569939,2158849,1062,0,"[0, 1]"
569939,2158849,1422,0,"[0, 1]"
569939,2158849,3385,0,"[0, 1]"
569939,2158849,3811,0,"[0, 1]"
569939,2158849,3868,0,"[0, 1]"
569939,2158849,3067,0,"[0, 1]"
569939,2158849,2531,0,"[0, 1]"
569939,2158849,3956,0,"[0, 1]"
569939,2158849,2187,0,"[0, 1]"
569939,2158849,2519,0,"[0, 1]"
569939,2158849,3649,0,"[0, 1]"
569939,2158849,2158,0,"[0, 1]"
569939,2158849,3273,0,"[0, 1]"
569939,2158849,3806,0,"[0, 1]"
569939,2158849,2681,0,"[0, 1]"
569939,2158849,4072,0,"[0, 1]"
569939,2158849,3032,0,"[0, 1]"
569939,2158849,2385,0,"[0, 1]"
569939,2158849,3848,0,"[0, 1]"
569939,2158849,3255,0,"[0, 1]"
569939,2158849,3382,0,"[0, 1]"
569939,2158849,2916,0,"[0, 1]"
569939,2158849,2068,0,"[0, 1]"
569939,2158849,2113,0,"[0, 1]"
569939,2158849,4310,0,"[0, 1]"
569939,2158849,5779254,1,"[0, 1]"
569939,2158849,4374,0,"[0, 1]"
569939,2158849,7624955,1,"[0, 1]"
569939,2158849,7585777,1,"[0, 1]"
569939,2158849,7461865,1,"[0, 1]"
569939,2158849,1602468,1,"[0, 1]"
569939,2158849,7232730,1,"[0, 1]"
569939,2158849,7175200,1,"[0, 1]"
569939,2158849,7648972,1,"[0, 1]"
569939,2158849,7476722,1,"[0, 1]"
569939,2158849,7625918,1,"[0, 1]"
569939,2158849,7499806,1,"[0, 1]"
569939,2158849,7496523,1,"[0, 1]"
569939,2158849,3099567,1,"[0, 1]"
569939,2158849,7271076,1,"[0, 1]"
569939,2158849,4728,0,"[0, 1]"
569939,2158849,7483610,1,"[0, 1]"
569939,2158849,2091170,1,"[0, 1]"
569939,2158849,7396173,1,"[0, 1]"
569939,2158849,7118975,1,"[0, 1]"
569939,2158849,7567214,1,"[0, 1]"
569939,2158849,4676,0,"[0, 1]"
569939,2158849,7304727,1,"[0, 1]"
434369,7539527,7539527,1,"[1, 0]"
434369,7539527,4836,0,"[1, 0]"
434369,7539527,3728,0,"[1, 0]"
434369,7539527,1863,0,"[1, 0]"
434369,7539527,931,0,"[1, 0]"
434369,7539527,465,0,"[1, 0]"
434369,7539527,232,0,"[1, 0]"
434369,7539527,115,0,"[1, 0]"
434369,7539527,57,0,"[1, 0]"
434369,7539527,28,0,"[1, 0]"
434369,7539527,13,0,"[1, 0]"
434369,7539527,6,0,"[1, 0]"
434369,7539527,2,0,"[1, 0]"
434369,7539527,0,0,"[1, 0]"
434369,7539527,2,0,"[0, 1]"
434369,7539527,1,0,"[0, 1]"
434369,7539527,4,0,"[0, 1]"
434369,7539527,5,0,"[0, 1]"
434369,7539527,6,0,"[0, 1]"
434369,7539527,3,0,"[0, 1]"
434369,7539527,12,0,"[0, 1]"
434369,7539527,13,0,"[0, 1]"
434369,7539527,7,0,"[0, 1]"
434369,7539527,10,0,"[0, 1]"
434369,7539527,11,0,"[0, 1]"
434369,7539527,8,0,"[0, 1]"
434369,7539527,23,0,"[0, 1]"
434369,7539527,24,0,"[0, 1]"
434369,7539527,21,0,"[0, 1]"
434369,7539527,16,0,"[0, 1]"
434369,7539527,28,0,"[0, 1]"
434369,7539527,18,0,"[0, 1]"
434369,7539527,27,0,"[0, 1]"
434369,7539527,19,0,"[0, 1]"
434369,7539527,31,0,"[0, 1]"
434369,7539527,59,0,"[0, 1]"
434369,7539527,50,0,"[0, 1]"
434369,7539527,52,0,"[0, 1]"
434369,7539527,33,0,"[0, 1]"
434369,7539527,40,0,"[0, 1]"
434369,7539527,32,0,"[0, 1]"
434369,7539527,37,0,"[0, 1]"
434369,7539527,45,0,"[0, 1]"
434369,7539527,43,0,"[0, 1]"
434369,7539527,118,0,"[0, 1]"
434369,7539527,123,0,"[0, 1]"
434369,7539527,86,0,"[0, 1]"
434369,7539527,95,0,"[0, 1]"
434369,7539527,78,0,"[0, 1]"
434369,7539527,65,0,"[0, 1]"
434369,7539527,90,0,"[0, 1]"
434369,7539527,99,0,"[0, 1]"
434369,7539527,96,0,"[0, 1]"
434369,7539527,125,0,"[0, 1]"
434369,7539527,93,0,"[0, 1]"
434369,7539527,79,0,"[0, 1]"
434369,7539527,202,0,"[0, 1]"
434369,7539527,204,0,"[0, 1]"
434369,7539527,161,0,"[0, 1]"
434369,7539527,239,0,"[0, 1]"
434369,7539527,137,0,"[0, 1]"
434369,7539527,203,0,"[0, 1]"
434369,7539527,193,0,"[0, 1]"
434369,7539527,175,0,"[0, 1]"
434369,7539527,171,0,"[0, 1]"
434369,7539527,200,0,"[0, 1]"
434369,7539527,210,0,"[0, 1]"
434369,7539527,251,0,"[0, 1]"
434369,7539527,160,0,"[0, 1]"
434369,7539527,206,0,"[0, 1]"
434369,7539527,393,0,"[0, 1]"
434369,7539527,379,0,"[0, 1]"
434369,7539527,256,0,"[0, 1]"
434369,7539527,284,0,"[0, 1]"
434369,7539527,401,0,"[0, 1]"
434369,7539527,412,0,"[0, 1]"
434369,7539527,289,0,"[0, 1]"
434369,7539527,415,0,"[0, 1]"
434369,7539527,276,0,"[0, 1]"
434369,7539527,262,0,"[0, 1]"
434369,7539527,320,0,"[0, 1]"
434369,7539527,265,0,"[0, 1]"
434369,7539527,461,0,"[0, 1]"
434369,7539527,375,0,"[0, 1]"
434369,7539527,257,0,"[0, 1]"
434369,7539527,367,0,"[0, 1]"
434369,7539527,985,0,"[0, 1]"
434369,7539527,626,0,"[0, 1]"
434369,7539527,943,0,"[0, 1]"
434369,7539527,578,0,"[0, 1]"
434369,7539527,917,0,"[0, 1]"
434369,7539527,894,0,"[0, 1]"
434369,7539527,728,0,"[0, 1]"
434369,7539527,920,0,"[0, 1]"
434369,7539527,532,0,"[0, 1]"
434369,7539527,574,0,"[0, 1]"
434369,7539527,828,0,"[0, 1]"
434369,7539527,975,0,"[0, 1]"
434369,7539527,918,0,"[0, 1]"
434369,7539527,554,0,"[0, 1]"
434369,7539527,572,0,"[0, 1]"
434369,7539527,982,0,"[0, 1]"
434369,7539527,806,0,"[0, 1]"
434369,7539527,723,0,"[0, 1]"
434369,7539527,1803,0,"[0, 1]"
434369,7539527,1575,0,"[0, 1]"
434369,7539527,1616,0,"[0, 1]"
434369,7539527,1885,0,"[0, 1]"
434369,7539527,1773,0,"[0, 1]"
434369,7539527,1327,0,"[0, 1]"
434369,7539527,1998,0,"[0, 1]"
434369,7539527,1705,0,"[0, 1]"
434369,7539527,1101,0,"[0, 1]"
434369,7539527,1465,0,"[0, 1]"
434369,7539527,1205,0,"[0, 1]"
434369,7539527,1343,0,"[0, 1]"
434369,7539527,1158,0,"[0, 1]"
434369,7539527,1814,0,"[0, 1]"
434369,7539527,1893,0,"[0, 1]"
434369,7539527,1766,0,"[0, 1]"
434369,7539527,2031,0,"[0, 1]"
434369,7539527,1780,0,"[0, 1]"
434369,7539527,1275,0,"[0, 1]"
434369,7539527,1709,0,"[0, 1]"
434369,7539527,2718,0,"[0, 1]"
434369,7539527,2751,0,"[0, 1]"
434369,7539527,2771,0,"[0, 1]"
434369,7539527,2476,0,"[0, 1]"
434369,7539527,3351,0,"[0, 1]"
434369,7539527,3339,0,"[0, 1]"
434369,7539527,3703,0,"[0, 1]"
434369,7539527,3542,0,"[0, 1]"
434369,7539527,3692,0,"[0, 1]"
434369,7539527,2302,0,"[0, 1]"
434369,7539527,2527,0,"[0, 1]"
434369,7539527,3574,0,"[0, 1]"
434369,7539527,2164,0,"[0, 1]"
434369,7539527,2206,0,"[0, 1]"
434369,7539527,2926,0,"[0, 1]"
434369,7539527,3814,0,"[0, 1]"
434369,7539527,2230,0,"[0, 1]"
434369,7539527,2820,0,"[0, 1]"
434369,7539527,3842,0,"[0, 1]"
434369,7539527,2048,0,"[0, 1]"
434369,7539527,3966,0,"[0, 1]"
434369,7539527,2303,0,"[0, 1]"
434369,7539527,4186,0,"[0, 1]"
434369,7539527,7237217,1,"[0, 1]"
434369,7539527,4645,0,"[0, 1]"
434369,7539527,4643,0,"[0, 1]"
434369,7539527,7345262,1,"[0, 1]"
434369,7539527,4735,0,"[0, 1]"
434369,7539527,7151971,1,"[0, 1]"
434369,7539527,7213586,1,"[0, 1]"
434369,7539527,7073211,1,"[0, 1]"
434369,7539527,2294786,1,"[0, 1]"
434369,7539527,7257177,1,"[0, 1]"
434369,7539527,4495,0,"[0, 1]"
434369,7539527,7337446,1,"[0, 1]"
434369,7539527,7342150,1,"[0, 1]"
434369,7539527,7151920,1,"[0, 1]"
434369,7539527,2056798,1,"[0, 1]"
434369,7539527,7628598,1,"[0, 1]"
434369,7539527,7337302,1,"[0, 1]"
434369,7539527,7460936,1,"[0, 1]"
434369,7539527,7164384,1,"[0, 1]"
434369,7539527,7632291,1,"[0, 1]"
434369,7539527,6008284,1,"[0, 1]"
434369,7539527,7407951,1,"[0, 1]"
434369,7539527,770222,1,"[0, 1]"
434369,7539527,7448805,1,"[0, 1]"
434369,7539527,7128734,1,"[0, 1]"
434369,7539527,999958,1,"[0, 1]"
434369,7539527,7443062,1,"[0, 1]"
434369,7539527,7075218,1,"[0, 1]"
434369,7539527,7103700,1,"[0, 1]"
434369,7539527,7659558,1,"[0, 1]"
434369,7539527,7569360,1,"[0, 1]"
434369,7539527,7076253,1,"[0, 1]"
434369,7539527,7545518,1,"[0, 1]"
434369,7539527,6815057,1,"[0, 1]"
434369,7539527,7161185,1,"[0, 1]"
434369,7539527,7511632,1,"[0, 1]"
434369,7539527,7268026,1,"[0, 1]"
434369,7539527,7656119,1,"[0, 1]"
434369,7539527,7423187,1,"[0, 1]"
434369,7539527,7405127,1,"[0, 1]"
434369,7539527,876066,1,"[0, 1]"
434369,7539527,7534196,1,"[0, 1]"
434369,7539527,7406560,1,"[0, 1]"
434369,7539527,7566944,1,"[0, 1]"
434369,7539527,6368810,1,"[0, 1]"
434369,7539527,7108466,1,"[0, 1]"
434369,7539527,7549977,1,"[0, 1]"
434369,7539527,7163603,1,"[0, 1]"
434369,7539527,7130537,1,"[0, 1]"
1096049,7539545,7539545,1,"[1, 0]"
1096049,7539545,4441,0,"[1, 0]"
1096049,7539545,2831,0,"[1, 0]"
1096049,7539545,1415,0,"[1, 0]"
1096049,7539545,707,0,"[1, 0]"
1096049,7539545,353,0,"[1, 0]"
1096049,7539545,176,0,"[1, 0]"
1096049,7539545,87,0,"[1, 0]"
1096049,7539545,43,0,"[1, 0]"
1096049,7539545,21,0,"[1, 0]"
1096049,7539545,10,0,"[1, 0]"
1096049,7539545,4,0,"[1, 0]"
1096049,7539545,1,0,"[1, 0]"
1096049,7539545,0,0,"[1, 0]"
1096049,7539545,2,0,"[0, 1]"
1096049,7539545,1,0,"[0, 1]"
1096049,7539545,6,0,"[0, 1]"
1096049,7539545,5,0,"[0, 1]"
1096049,7539545,3,0,"[0, 1]"
1096049,7539545,4,0,"[0, 1]"
1096049,7539545,7,0,"[0, 1]"
1096049,7539545,13,0,"[0, 1]"
1096049,7539545,10,0,"[0, 1]"
1096049,7539545,14,0,"[0, 1]"
1096049,7539545,9,0,"[0, 1]"
1096049,7539545,8,0,"[0, 1]"
1096049,7539545,23,0,"[0, 1]"
1096049,7539545,15,0,"[0, 1]"
1096049,7539545,28,0,"[0, 1]"
1096049,7539545,22,0,"[0, 1]"
1096049,7539545,27,0,"[0, 1]"
1096049,7539545,26,0,"[0, 1]"
1096049,7539545,30,0,"[0, 1]"
1096049,7539545,24,0,"[0, 1]"
1096049,7539545,45,0,"[0, 1]"
1096049,7539545,49,0,"[0, 1]"
1096049,7539545,33,0,"[0, 1]"
1096049,7539545,53,0,"[0, 1]"
1096049,7539545,56,0,"[0, 1]"
1096049,7539545,60,0,"[0, 1]"
1096049,7539545,62,0,"[0, 1]"
1096049,7539545,42,0,"[0, 1]"
1096049,7539545,44,0,"[0, 1]"
1096049,7539545,52,0,"[0, 1]"
1096049,7539545,121,0,"[0, 1]"
1096049,7539545,72,0,"[0, 1]"
1096049,7539545,84,0,"[0, 1]"
1096049,7539545,85,0,"[0, 1]"
1096049,7539545,99,0,"[0, 1]"
1096049,7539545,100,0,"[0, 1]"
1096049,7539545,76,0,"[0, 1]"
1096049,7539545,104,0,"[0, 1]"
1096049,7539545,68,0,"[0, 1]"
1096049,7539545,96,0,"[0, 1]"
1096049,7539545,107,0,"[0, 1]"
1096049,7539545,108,0,"[0, 1]"
1096049,7539545,185,0,"[0, 1]"
1096049,7539545,211,0,"[0, 1]"
1096049,7539545,227,0,"[0, 1]"
1096049,7539545,164,0,"[0, 1]"
1096049,7539545,237,0,"[0, 1]"
1096049,7539545,230,0,"[0, 1]"
1096049,7539545,232,0,"[0, 1]"
1096049,7539545,201,0,"[0, 1]"
1096049,7539545,191,0,"[0, 1]"
1096049,7539545,239,0,"[0, 1]"
1096049,7539545,251,0,"[0, 1]"
1096049,7539545,213,0,"[0, 1]"
1096049,7539545,169,0,"[0, 1]"
1096049,7539545,202,0,"[0, 1]"
1096049,7539545,315,0,"[0, 1]"
1096049,7539545,478,0,"[0, 1]"
1096049,7539545,399,0,"[0, 1]"
1096049,7539545,393,0,"[0, 1]"
1096049,7539545,288,0,"[0, 1]"
1096049,7539545,484,0,"[0, 1]"
1096049,7539545,433,0,"[0, 1]"
1096049,7539545,257,0,"[0, 1]"
1096049,7539545,464,0,"[0, 1]"
1096049,7539545,439,0,"[0, 1]"
1096049,7539545,360,0,"[0, 1]"
1096049,7539545,351,0,"[0, 1]"
1096049,7539545,398,0,"[0, 1]"
1096049,7539545,395,0,"[0, 1]"
1096049,7539545,424,0,"[0, 1]"
1096049,7539545,392,0,"[0, 1]"
1096049,7539545,734,0,"[0, 1]"
1096049,7539545,637,0,"[0, 1]"
1096049,7539545,726,0,"[0, 1]"
1096049,7539545,935,0,"[0, 1]"
1096049,7539545,871,0,"[0, 1]"
1096049,7539545,997,0,"[0, 1]"
1096049,7539545,889,0,"[0, 1]"
1096049,7539545,572,0,"[0, 1]"
1096049,7539545,575,0,"[0, 1]"
1096049,7539545,932,0,"[0, 1]"
1096049,7539545,559,0,"[0, 1]"
1096049,7539545,953,0,"[0, 1]"
1096049,7539545,981,0,"[0, 1]"
1096049,7539545,874,0,"[0, 1]"
1096049,7539545,642,0,"[0, 1]"
1096049,7539545,624,0,"[0, 1]"
1096049,7539545,747,0,"[0, 1]"
1096049,7539545,839,0,"[0, 1]"
1096049,7539545,1932,0,"[0, 1]"
1096049,7539545,1883,0,"[0, 1]"
1096049,7539545,1522,0,"[0, 1]"
1096049,7539545,1601,0,"[0, 1]"
1096049,7539545,1850,0,"[0, 1]"
1096049,7539545,1972,0,"[0, 1]"
1096049,7539545,1710,0,"[0, 1]"
1096049,7539545,1300,0,"[0, 1]"
1096049,7539545,1170,0,"[0, 1]"
1096049,7539545,1930,0,"[0, 1]"
1096049,7539545,1138,0,"[0, 1]"
1096049,7539545,1478,0,"[0, 1]"
1096049,7539545,1142,0,"[0, 1]"
1096049,7539545,2013,0,"[0, 1]"
1096049,7539545,1694,0,"[0, 1]"
1096049,7539545,1586,0,"[0, 1]"
1096049,7539545,1951,0,"[0, 1]"
1096049,7539545,1250,0,"[0, 1]"
1096049,7539545,1639,0,"[0, 1]"
1096049,7539545,1501,0,"[0, 1]"
1096049,7539545,2307,0,"[0, 1]"
1096049,7539545,3420,0,"[0, 1]"
1096049,7539545,3146,0,"[0, 1]"
1096049,7539545,2134,0,"[0, 1]"
1096049,7539545,3802,0,"[0, 1]"
1096049,7539545,2777,0,"[0, 1]"
1096049,7539545,3558,0,"[0, 1]"
1096049,7539545,3663,0,"[0, 1]"
1096049,7539545,3266,0,"[0, 1]"
1096049,7539545,2627,0,"[0, 1]"
1096049,7539545,3861,0,"[0, 1]"
1096049,7539545,3335,0,"[0, 1]"
1096049,7539545,2277,0,"[0, 1]"
1096049,7539545,3231,0,"[0, 1]"
1096049,7539545,3491,0,"[0, 1]"
1096049,7539545,2726,0,"[0, 1]"
1096049,7539545,2215,0,"[0, 1]"
1096049,7539545,3260,0,"[0, 1]"
1096049,7539545,2428,0,"[0, 1]"
1096049,7539545,2541,0,"[0, 1]"
1096049,7539545,3309,0,"[0, 1]"
1096049,7539545,2144,0,"[0, 1]"
1096049,7539545,4118,0,"[0, 1]"
1096049,7539545,4860,0,"[0, 1]"
1096049,7539545,7520483,1,"[0, 1]"
1096049,7539545,4629,0,"[0, 1]"
1096049,7539545,7537924,1,"[0, 1]"
1096049,7539545,7189279,1,"[0, 1]"
1096049,7539545,7433767,1,"[0, 1]"
1096049,7539545,4633,0,"[0, 1]"
1096049,7539545,7533440,1,"[0, 1]"
1096049,7539545,716033,1,"[0, 1]"
1096049,7539545,7343233,1,"[0, 1]"
1096049,7539545,7430645,1,"[0, 1]"
1096049,7539545,4381,0,"[0, 1]"
1096049,7539545,4293,0,"[0, 1]"
1096049,7539545,7208994,1,"[0, 1]"
1096049,7539545,7547353,1,"[0, 1]"
1096049,7539545,7275120,1,"[0, 1]"
1096049,7539545,4469,0,"[0, 1]"
1096049,7539545,7559702,1,"[0, 1]"
1096049,7539545,7091855,1,"[0, 1]"
1096049,7539545,4245,0,"[0, 1]"
1096049,7539545,7399606,1,"[0, 1]"
1096049,7539545,7188576,1,"[0, 1]"
1096049,7539545,4786,0,"[0, 1]"
1096049,7539545,7622605,1,"[0, 1]"
1096049,7539545,7092969,1,"[0, 1]"
1096049,7539545,7498257,1,"[0, 1]"
1096049,7539545,7453550,1,"[0, 1]"
1096049,7539545,7348014,1,"[0, 1]"
1096049,7539545,7168155,1,"[0, 1]"
1096049,7539545,7621782,1,"[0, 1]"
1096049,7539545,7561627,1,"[0, 1]"
1096049,7539545,7576937,1,"[0, 1]"
1096049,7539545,7638762,1,"[0, 1]"
1096049,7539545,7349096,1,"[0, 1]"
1096049,7539545,7490832,1,"[0, 1]"
1096049,7539545,7205115,1,"[0, 1]"
1096049,7539545,7570852,1,"[0, 1]"
1096049,7539545,7381160,1,"[0, 1]"
1096049,7539545,7389732,1,"[0, 1]"
1096049,7539545,7595430,1,"[0, 1]"
1096049,7539545,7115523,1,"[0, 1]"
1096049,7539545,7102408,1,"[0, 1]"
1096049,7539545,7675788,1,"[0, 1]"
1096049,7539545,7249337,1,"[0, 1]"
1096049,7539545,7245709,1,"[0, 1]"
1096049,7539545,7290503,1,"[0, 1]"
1096049,7539545,7432617,1,"[0, 1]"
1096049,7539545,7566843,1,"[0, 1]"
1096049,7539545,7268026,1,"[0, 1]"
542806,617180,617180,1,"[1, 0]"
542806,617180,3508,0,"[1, 0]"
542806,617180,1753,0,"[1, 0]"
542806,617180,876,0,"[1, 0]"
542806,617180,437,0,"[1, 0]"
542806,617180,218,0,"[1, 0]"
542806,617180,108,0,"[1, 0]"
542806,617180,53,0,"[1, 0]"
542806,617180,26,0,"[1, 0]"
542806,617180,12,0,"[1, 0]"
542806,617180,5,0,"[1, 0]"
542806,617180,2,0,"[1, 0]"
542806,617180,0,0,"[1, 0]"
542806,617180,1,0,"[0, 1]"
542806,617180,2,0,"[0, 1]"
542806,617180,3,0,"[0, 1]"
542806,617180,5,0,"[0, 1]"
542806,617180,6,0,"[0, 1]"
542806,617180,4,0,"[0, 1]"
542806,617180,10,0,"[0, 1]"
542806,617180,9,0,"[0, 1]"
542806,617180,14,0,"[0, 1]"
542806,617180,11,0,"[0, 1]"
542806,617180,7,0,"[0, 1]"
542806,617180,13,0,"[0, 1]"
542806,617180,30,0,"[0, 1]"
542806,617180,26,0,"[0, 1]"
542806,617180,20,0,"[0, 1]"
542806,617180,19,0,"[0, 1]"
542806,617180,29,0,"[0, 1]"
542806,617180,24,0,"[0, 1]"
542806,617180,17,0,"[0, 1]"
542806,617180,16,0,"[0, 1]"
542806,617180,57,0,"[0, 1]"
542806,617180,51,0,"[0, 1]"
542806,617180,38,0,"[0, 1]"
542806,617180,32,0,"[0, 1]"
542806,617180,49,0,"[0, 1]"
542806,617180,48,0,"[0, 1]"
542806,617180,56,0,"[0, 1]"
542806,617180,31,0,"[0, 1]"
542806,617180,42,0,"[0, 1]"
542806,617180,46,0,"[0, 1]"
542806,617180,108,0,"[0, 1]"
542806,617180,69,0,"[0, 1]"
542806,617180,111,0,"[0, 1]"
542806,617180,80,0,"[0, 1]"
542806,617180,77,0,"[0, 1]"
542806,617180,101,0,"[0, 1]"
542806,617180,115,0,"[0, 1]"
542806,617180,89,0,"[0, 1]"
542806,617180,79,0,"[0, 1]"
542806,617180,83,0,"[0, 1]"
542806,617180,123,0,"[0, 1]"
542806,617180,93,0,"[0, 1]"
542806,617180,161,0,"[0, 1]"
542806,617180,127,0,"[0, 1]"
542806,617180,253,0,"[0, 1]"
542806,617180,131,0,"[0, 1]"
542806,617180,214,0,"[0, 1]"
542806,617180,184,0,"[0, 1]"
542806,617180,134,0,"[0, 1]"
542806,617180,192,0,"[0, 1]"
542806,617180,213,0,"[0, 1]"
542806,617180,196,0,"[0, 1]"
542806,617180,142,0,"[0, 1]"
542806,617180,189,0,"[0, 1]"
542806,617180,167,0,"[0, 1]"
542806,617180,151,0,"[0, 1]"
542806,617180,381,0,"[0, 1]"
542806,617180,282,0,"[0, 1]"
542806,617180,371,0,"[0, 1]"
542806,617180,467,0,"[0, 1]"
542806,617180,445,0,"[0, 1]"
542806,617180,469,0,"[0, 1]"
542806,617180,341,0,"[0, 1]"
542806,617180,346,0,"[0, 1]"
542806,617180,394,0,"[0, 1]"
542806,617180,298,0,"[0, 1]"
542806,617180,406,0,"[0, 1]"
542806,617180,305,0,"[0, 1]"
542806,617180,296,0,"[0, 1]"
542806,617180,498,0,"[0, 1]"
542806,617180,266,0,"[0, 1]"
542806,617180,357,0,"[0, 1]"
542806,617180,615,0,"[0, 1]"
542806,617180,826,0,"[0, 1]"
542806,617180,802,0,"[0, 1]"
542806,617180,595,0,"[0, 1]"
542806,617180,923,0,"[0, 1]"
542806,617180,990,0,"[0, 1]"
542806,617180,888,0,"[0, 1]"
542806,617180,877,0,"[0, 1]"
542806,617180,800,0,"[0, 1]"
542806,617180,980,0,"[0, 1]"
542806,617180,914,0,"[0, 1]"
542806,617180,943,0,"[0, 1]"
542806,617180,919,0,"[0, 1]"
542806,617180,579,0,"[0, 1]"
542806,617180,573,0,"[0, 1]"
542806,617180,847,0,"[0, 1]"
542806,617180,849,0,"[0, 1]"
542806,617180,770,0,"[0, 1]"
542806,617180,1450,0,"[0, 1]"
542806,617180,1544,0,"[0, 1]"
542806,617180,1847,0,"[0, 1]"
542806,617180,1343,0,"[0, 1]"
542806,617180,1717,0,"[0, 1]"
542806,617180,1257,0,"[0, 1]"
542806,617180,1654,0,"[0, 1]"
542806,617180,2009,0,"[0, 1]"
542806,617180,1690,0,"[0, 1]"
542806,617180,1333,0,"[0, 1]"
542806,617180,1781,0,"[0, 1]"
542806,617180,2031,0,"[0, 1]"
542806,617180,1768,0,"[0, 1]"
542806,617180,1475,0,"[0, 1]"
542806,617180,1675,0,"[0, 1]"
542806,617180,1205,0,"[0, 1]"
542806,617180,1863,0,"[0, 1]"
542806,617180,1091,0,"[0, 1]"
542806,617180,1245,0,"[0, 1]"
542806,617180,1634,0,"[0, 1]"
542806,617180,2567,0,"[0, 1]"
542806,617180,2303,0,"[0, 1]"
542806,617180,2996,0,"[0, 1]"
542806,617180,3689,0,"[0, 1]"
542806,617180,3742,0,"[0, 1]"
542806,617180,3822,0,"[0, 1]"
542806,617180,3283,0,"[0, 1]"
542806,617180,3265,0,"[0, 1]"
542806,617180,3456,0,"[0, 1]"
542806,617180,2560,0,"[0, 1]"
542806,617180,2359,0,"[0, 1]"
542806,617180,2875,0,"[0, 1]"
542806,617180,3590,0,"[0, 1]"
542806,617180,3467,0,"[0, 1]"
542806,617180,3655,0,"[0, 1]"
542806,617180,2622,0,"[0, 1]"
542806,617180,3800,0,"[0, 1]"
542806,617180,2377,0,"[0, 1]"
542806,617180,3720,0,"[0, 1]"
542806,617180,3327,0,"[0, 1]"
542806,617180,2331,0,"[0, 1]"
542806,617180,2447,0,"[0, 1]"
542806,617180,6736867,1,"[0, 1]"
542806,617180,7528849,1,"[0, 1]"
542806,617180,4106,0,"[0, 1]"
542806,617180,4209,0,"[0, 1]"
542806,617180,7354712,1,"[0, 1]"
542806,617180,4997,0,"[0, 1]"
542806,617180,3982455,1,"[0, 1]"
542806,617180,7151920,1,"[0, 1]"
542806,617180,4316,0,"[0, 1]"
542806,617180,7152839,1,"[0, 1]"
542806,617180,4204,0,"[0, 1]"
542806,617180,7523255,1,"[0, 1]"
542806,617180,7140105,1,"[0, 1]"
542806,617180,316035,1,"[0, 1]"
542806,617180,7257315,1,"[0, 1]"
542806,617180,3099567,1,"[0, 1]"
542806,617180,7606657,1,"[0, 1]"
542806,617180,7458213,1,"[0, 1]"
542806,617180,7539872,1,"[0, 1]"
542806,617180,2951704,1,"[0, 1]"
542806,617180,3583169,1,"[0, 1]"
542806,617180,7522269,1,"[0, 1]"
542806,617180,7453701,1,"[0, 1]"
542806,617180,7084908,1,"[0, 1]"
758901,6552452,6552452,1,"[1, 0]"
758901,6552452,3394,0,"[1, 0]"
758901,6552452,1696,0,"[1, 0]"
758901,6552452,847,0,"[1, 0]"
758901,6552452,423,0,"[1, 0]"
758901,6552452,211,0,"[1, 0]"
758901,6552452,105,0,"[1, 0]"
758901,6552452,52,0,"[1, 0]"
758901,6552452,25,0,"[1, 0]"
758901,6552452,12,0,"[1, 0]"
758901,6552452,5,0,"[1, 0]"
758901,6552452,2,0,"[1, 0]"
758901,6552452,0,0,"[1, 0]"
758901,6552452,2,0,"[0, 1]"
758901,6552452,1,0,"[0, 1]"
758901,6552452,3,0,"[0, 1]"
758901,6552452,5,0,"[0, 1]"
758901,6552452,6,0,"[0, 1]"
758901,6552452,4,0,"[0, 1]"
758901,6552452,11,0,"[0, 1]"
758901,6552452,8,0,"[0, 1]"
758901,6552452,14,0,"[0, 1]"
758901,6552452,9,0,"[0, 1]"
758901,6552452,12,0,"[0, 1]"
758901,6552452,7,0,"[0, 1]"
758901,6552452,25,0,"[0, 1]"
758901,6552452,15,0,"[0, 1]"
758901,6552452,29,0,"[0, 1]"
758901,6552452,30,0,"[0, 1]"
758901,6552452,22,0,"[0, 1]"
758901,6552452,18,0,"[0, 1]"
758901,6552452,21,0,"[0, 1]"
758901,6552452,28,0,"[0, 1]"
758901,6552452,53,0,"[0, 1]"
758901,6552452,32,0,"[0, 1]"
758901,6552452,44,0,"[0, 1]"
758901,6552452,52,0,"[0, 1]"
758901,6552452,57,0,"[0, 1]"
758901,6552452,59,0,"[0, 1]"
758901,6552452,48,0,"[0, 1]"
758901,6552452,35,0,"[0, 1]"
758901,6552452,43,0,"[0, 1]"
758901,6552452,39,0,"[0, 1]"
758901,6552452,115,0,"[0, 1]"
758901,6552452,117,0,"[0, 1]"
758901,6552452,124,0,"[0, 1]"
758901,6552452,74,0,"[0, 1]"
758901,6552452,69,0,"[0, 1]"
758901,6552452,83,0,"[0, 1]"
758901,6552452,72,0,"[0, 1]"
758901,6552452,116,0,"[0, 1]"
758901,6552452,77,0,"[0, 1]"
758901,6552452,91,0,"[0, 1]"
758901,6552452,89,0,"[0, 1]"
758901,6552452,65,0,"[0, 1]"
758901,6552452,193,0,"[0, 1]"
758901,6552452,157,0,"[0, 1]"
758901,6552452,239,0,"[0, 1]"
758901,6552452,201,0,"[0, 1]"
758901,6552452,251,0,"[0, 1]"
758901,6552452,154,0,"[0, 1]"
758901,6552452,132,0,"[0, 1]"
758901,6552452,184,0,"[0, 1]"
758901,6552452,195,0,"[0, 1]"
758901,6552452,160,0,"[0, 1]"
758901,6552452,196,0,"[0, 1]"
758901,6552452,158,0,"[0, 1]"
758901,6552452,198,0,"[0, 1]"
758901,6552452,232,0,"[0, 1]"
758901,6552452,386,0,"[0, 1]"
758901,6552452,302,0,"[0, 1]"
758901,6552452,498,0,"[0, 1]"
758901,6552452,352,0,"[0, 1]"
758901,6552452,480,0,"[0, 1]"
758901,6552452,319,0,"[0, 1]"
758901,6552452,425,0,"[0, 1]"
758901,6552452,414,0,"[0, 1]"
758901,6552452,321,0,"[0, 1]"
758901,6552452,484,0,"[0, 1]"
758901,6552452,509,0,"[0, 1]"
758901,6552452,314,0,"[0, 1]"
758901,6552452,507,0,"[0, 1]"
758901,6552452,463,0,"[0, 1]"
758901,6552452,306,0,"[0, 1]"
758901,6552452,303,0,"[0, 1]"
758901,6552452,633,0,"[0, 1]"
758901,6552452,564,0,"[0, 1]"
758901,6552452,717,0,"[0, 1]"
758901,6552452,652,0,"[0, 1]"
758901,6552452,760,0,"[0, 1]"
758901,6552452,969,0,"[0, 1]"
758901,6552452,958,0,"[0, 1]"
758901,6552452,975,0,"[0, 1]"
758901,6552452,1009,0,"[0, 1]"
758901,6552452,787,0,"[0, 1]"
758901,6552452,998,0,"[0, 1]"
758901,6552452,562,0,"[0, 1]"
758901,6552452,816,0,"[0, 1]"
758901,6552452,967,0,"[0, 1]"
758901,6552452,919,0,"[0, 1]"
758901,6552452,751,0,"[0, 1]"
758901,6552452,629,0,"[0, 1]"
758901,6552452,1001,0,"[0, 1]"
758901,6552452,1439,0,"[0, 1]"
758901,6552452,1974,0,"[0, 1]"
758901,6552452,1042,0,"[0, 1]"
758901,6552452,1083,0,"[0, 1]"
758901,6552452,1251,0,"[0, 1]"
758901,6552452,1450,0,"[0, 1]"
758901,6552452,1883,0,"[0, 1]"
758901,6552452,1370,0,"[0, 1]"
758901,6552452,1473,0,"[0, 1]"
758901,6552452,1482,0,"[0, 1]"
758901,6552452,1603,0,"[0, 1]"
758901,6552452,1252,0,"[0, 1]"
758901,6552452,2026,0,"[0, 1]"
758901,6552452,2029,0,"[0, 1]"
758901,6552452,1205,0,"[0, 1]"
758901,6552452,1025,0,"[0, 1]"
758901,6552452,2003,0,"[0, 1]"
758901,6552452,1570,0,"[0, 1]"
758901,6552452,1700,0,"[0, 1]"
758901,6552452,1273,0,"[0, 1]"
758901,6552452,2471,0,"[0, 1]"
758901,6552452,2633,0,"[0, 1]"
758901,6552452,3256,0,"[0, 1]"
758901,6552452,3619,0,"[0, 1]"
758901,6552452,2424,0,"[0, 1]"
758901,6552452,3632,0,"[0, 1]"
758901,6552452,2132,0,"[0, 1]"
758901,6552452,3913,0,"[0, 1]"
758901,6552452,3323,0,"[0, 1]"
758901,6552452,2956,0,"[0, 1]"
758901,6552452,3835,0,"[0, 1]"
758901,6552452,2711,0,"[0, 1]"
758901,6552452,3376,0,"[0, 1]"
758901,6552452,3969,0,"[0, 1]"
758901,6552452,2725,0,"[0, 1]"
758901,6552452,2475,0,"[0, 1]"
758901,6552452,3305,0,"[0, 1]"
758901,6552452,2821,0,"[0, 1]"
758901,6552452,3749,0,"[0, 1]"
758901,6552452,2254,0,"[0, 1]"
758901,6552452,2953,0,"[0, 1]"
758901,6552452,3870,0,"[0, 1]"
758901,6552452,7528852,1,"[0, 1]"
758901,6552452,7435120,1,"[0, 1]"
758901,6552452,4465,0,"[0, 1]"
758901,6552452,7541334,1,"[0, 1]"
758901,6552452,4789,0,"[0, 1]"
758901,6552452,4476405,1,"[0, 1]"
758901,6552452,7511450,1,"[0, 1]"
758901,6552452,7288774,1,"[0, 1]"
758901,6552452,7115471,1,"[0, 1]"
758901,6552452,7214323,1,"[0, 1]"
758901,6552452,7662586,1,"[0, 1]"
758901,6552452,7650075,1,"[0, 1]"
758901,6552452,4987,0,"[0, 1]"
758901,6552452,70468,1,"[0, 1]"
758901,6552452,7138475,1,"[0, 1]"
758901,6552452,4777,0,"[0, 1]"
758901,6552452,4524,0,"[0, 1]"
758901,6552452,4378,0,"[0, 1]"
758901,6552452,7442823,1,"[0, 1]"
758901,6552452,7130584,1,"[0, 1]"
758901,6552452,4887,0,"[0, 1]"
758901,6552452,1320723,1,"[0, 1]"
758901,6552452,7453570,1,"[0, 1]"
758901,6552452,4347,0,"[0, 1]"
669288,7539763,7539763,1,"[1, 0]"
669288,7539763,2195,0,"[1, 0]"
669288,7539763,1097,0,"[1, 0]"
669288,7539763,548,0,"[1, 0]"
669288,7539763,273,0,"[1, 0]"
669288,7539763,136,0,"[1, 0]"
669288,7539763,67,0,"[1, 0]"
669288,7539763,33,0,"[1, 0]"
669288,7539763,16,0,"[1, 0]"
669288,7539763,7,0,"[1, 0]"
669288,7539763,3,0,"[1, 0]"
669288,7539763,1,0,"[1, 0]"
669288,7539763,0,0,"[1, 0]"
669288,7539763,2,0,"[0, 1]"
669288,7539763,1,0,"[0, 1]"
669288,7539763,3,0,"[0, 1]"
669288,7539763,4,0,"[0, 1]"
669288,7539763,5,0,"[0, 1]"
669288,7539763,6,0,"[0, 1]"
669288,7539763,9,0,"[0, 1]"
669288,7539763,14,0,"[0, 1]"
669288,7539763,13,0,"[0, 1]"
669288,7539763,12,0,"[0, 1]"
669288,7539763,7,0,"[0, 1]"
669288,7539763,8,0,"[0, 1]"
669288,7539763,17,0,"[0, 1]"
669288,7539763,30,0,"[0, 1]"
669288,7539763,20,0,"[0, 1]"
669288,7539763,21,0,"[0, 1]"
669288,7539763,29,0,"[0, 1]"
669288,7539763,15,0,"[0, 1]"
669288,7539763,19,0,"[0, 1]"
669288,7539763,26,0,"[0, 1]"
669288,7539763,48,0,"[0, 1]"
669288,7539763,33,0,"[0, 1]"
669288,7539763,49,0,"[0, 1]"
669288,7539763,43,0,"[0, 1]"
669288,7539763,61,0,"[0, 1]"
669288,7539763,40,0,"[0, 1]"
669288,7539763,57,0,"[0, 1]"
669288,7539763,35,0,"[0, 1]"
669288,7539763,56,0,"[0, 1]"
669288,7539763,39,0,"[0, 1]"
669288,7539763,73,0,"[0, 1]"
669288,7539763,70,0,"[0, 1]"
669288,7539763,94,0,"[0, 1]"
669288,7539763,89,0,"[0, 1]"
669288,7539763,64,0,"[0, 1]"
669288,7539763,111,0,"[0, 1]"
669288,7539763,107,0,"[0, 1]"
669288,7539763,100,0,"[0, 1]"
669288,7539763,115,0,"[0, 1]"
669288,7539763,103,0,"[0, 1]"
669288,7539763,110,0,"[0, 1]"
669288,7539763,106,0,"[0, 1]"
669288,7539763,195,0,"[0, 1]"
669288,7539763,136,0,"[0, 1]"
669288,7539763,133,0,"[0, 1]"
669288,7539763,175,0,"[0, 1]"
669288,7539763,237,0,"[0, 1]"
669288,7539763,158,0,"[0, 1]"
669288,7539763,179,0,"[0, 1]"
669288,7539763,159,0,"[0, 1]"
669288,7539763,146,0,"[0, 1]"
669288,7539763,235,0,"[0, 1]"
669288,7539763,241,0,"[0, 1]"
669288,7539763,193,0,"[0, 1]"
669288,7539763,149,0,"[0, 1]"
669288,7539763,221,0,"[0, 1]"
669288,7539763,348,0,"[0, 1]"
669288,7539763,370,0,"[0, 1]"
669288,7539763,267,0,"[0, 1]"
669288,7539763,269,0,"[0, 1]"
669288,7539763,306,0,"[0, 1]"
669288,7539763,264,0,"[0, 1]"
669288,7539763,412,0,"[0, 1]"
669288,7539763,265,0,"[0, 1]"
669288,7539763,466,0,"[0, 1]"
669288,7539763,504,0,"[0, 1]"
669288,7539763,356,0,"[0, 1]"
669288,7539763,392,0,"[0, 1]"
669288,7539763,367,0,"[0, 1]"
669288,7539763,344,0,"[0, 1]"
669288,7539763,399,0,"[0, 1]"
669288,7539763,436,0,"[0, 1]"
669288,7539763,624,0,"[0, 1]"
669288,7539763,571,0,"[0, 1]"
669288,7539763,720,0,"[0, 1]"
669288,7539763,947,0,"[0, 1]"
669288,7539763,687,0,"[0, 1]"
669288,7539763,888,0,"[0, 1]"
669288,7539763,859,0,"[0, 1]"
669288,7539763,863,0,"[0, 1]"
669288,7539763,570,0,"[0, 1]"
669288,7539763,620,0,"[0, 1]"
669288,7539763,908,0,"[0, 1]"
669288,7539763,784,0,"[0, 1]"
669288,7539763,586,0,"[0, 1]"
669288,7539763,527,0,"[0, 1]"
669288,7539763,555,0,"[0, 1]"
669288,7539763,934,0,"[0, 1]"
669288,7539763,855,0,"[0, 1]"
669288,7539763,758,0,"[0, 1]"
669288,7539763,1640,0,"[0, 1]"
669288,7539763,1725,0,"[0, 1]"
669288,7539763,1084,0,"[0, 1]"
669288,7539763,1749,0,"[0, 1]"
669288,7539763,1357,0,"[0, 1]"
669288,7539763,1833,0,"[0, 1]"
669288,7539763,1047,0,"[0, 1]"
669288,7539763,1787,0,"[0, 1]"
669288,7539763,1490,0,"[0, 1]"
669288,7539763,1332,0,"[0, 1]"
669288,7539763,2045,0,"[0, 1]"
669288,7539763,1609,0,"[0, 1]"
669288,7539763,1800,0,"[0, 1]"
669288,7539763,1977,0,"[0, 1]"
669288,7539763,1516,0,"[0, 1]"
669288,7539763,1698,0,"[0, 1]"
669288,7539763,1113,0,"[0, 1]"
669288,7539763,1980,0,"[0, 1]"
669288,7539763,1360,0,"[0, 1]"
669288,7539763,1822,0,"[0, 1]"
669288,7539763,2075,0,"[0, 1]"
669288,7539763,3319,0,"[0, 1]"
669288,7539763,2951,0,"[0, 1]"
669288,7539763,2230,0,"[0, 1]"
669288,7539763,3082,0,"[0, 1]"
669288,7539763,2958,0,"[0, 1]"
669288,7539763,3999,0,"[0, 1]"
669288,7539763,3662,0,"[0, 1]"
669288,7539763,2507,0,"[0, 1]"
669288,7539763,3807,0,"[0, 1]"
669288,7539763,3624,0,"[0, 1]"
669288,7539763,4020,0,"[0, 1]"
669288,7539763,2171,0,"[0, 1]"
669288,7539763,3357,0,"[0, 1]"
669288,7539763,2771,0,"[0, 1]"
669288,7539763,2756,0,"[0, 1]"
669288,7539763,2375,0,"[0, 1]"
669288,7539763,3020,0,"[0, 1]"
669288,7539763,4002,0,"[0, 1]"
669288,7539763,3471,0,"[0, 1]"
669288,7539763,2726,0,"[0, 1]"
669288,7539763,3387,0,"[0, 1]"
669288,7539763,7376351,1,"[0, 1]"
669288,7539763,4739,0,"[0, 1]"
669288,7539763,7555272,1,"[0, 1]"
669288,7539763,7385292,1,"[0, 1]"
669288,7539763,4906,0,"[0, 1]"
669288,7539763,5167800,1,"[0, 1]"
669288,7539763,3087523,1,"[0, 1]"
669288,7539763,4282,0,"[0, 1]"
669288,7539763,7492796,1,"[0, 1]"
669288,7539763,7332373,1,"[0, 1]"
669288,7539763,4100,0,"[0, 1]"
669288,7539763,7110601,1,"[0, 1]"
669288,7539763,614329,1,"[0, 1]"
669288,7539763,7663734,1,"[0, 1]"
669288,7539763,4992,0,"[0, 1]"
669288,7539763,7260660,1,"[0, 1]"
669288,7539763,7643825,1,"[0, 1]"
669288,7539763,7655418,1,"[0, 1]"
669288,7539763,4818,0,"[0, 1]"
669288,7539763,4796,0,"[0, 1]"
669288,7539763,7230826,1,"[0, 1]"
669288,7539763,1320723,1,"[0, 1]"
669288,7539763,4831,0,"[0, 1]"
669288,7539763,7563727,1,"[0, 1]"
533398,7539872,7539872,1,"[1, 0]"
533398,7539872,2790,0,"[1, 0]"
533398,7539872,1394,0,"[1, 0]"
533398,7539872,696,0,"[1, 0]"
533398,7539872,347,0,"[1, 0]"
533398,7539872,173,0,"[1, 0]"
533398,7539872,86,0,"[1, 0]"
533398,7539872,42,0,"[1, 0]"
533398,7539872,20,0,"[1, 0]"
533398,7539872,9,0,"[1, 0]"
533398,7539872,4,0,"[1, 0]"
533398,7539872,1,0,"[1, 0]"
533398,7539872,0,0,"[1, 0]"
533398,7539872,1,0,"[0, 1]"
533398,7539872,2,0,"[0, 1]"
533398,7539872,4,0,"[0, 1]"
533398,7539872,5,0,"[0, 1]"
533398,7539872,3,0,"[0, 1]"
533398,7539872,6,0,"[0, 1]"
533398,7539872,11,0,"[0, 1]"
533398,7539872,10,0,"[0, 1]"
533398,7539872,7,0,"[0, 1]"
533398,7539872,8,0,"[0, 1]"
533398,7539872,13,0,"[0, 1]"
533398,7539872,12,0,"[0, 1]"
533398,7539872,24,0,"[0, 1]"
533398,7539872,27,0,"[0, 1]"
533398,7539872,30,0,"[0, 1]"
533398,7539872,19,0,"[0, 1]"
533398,7539872,15,0,"[0, 1]"
533398,7539872,25,0,"[0, 1]"
533398,7539872,22,0,"[0, 1]"
533398,7539872,20,0,"[0, 1]"
533398,7539872,59,0,"[0, 1]"
533398,7539872,48,0,"[0, 1]"
533398,7539872,49,0,"[0, 1]"
533398,7539872,57,0,"[0, 1]"
533398,7539872,60,0,"[0, 1]"
533398,7539872,32,0,"[0, 1]"
533398,7539872,37,0,"[0, 1]"
533398,7539872,43,0,"[0, 1]"
533398,7539872,31,0,"[0, 1]"
533398,7539872,33,0,"[0, 1]"
533398,7539872,115,0,"[0, 1]"
533398,7539872,69,0,"[0, 1]"
533398,7539872,105,0,"[0, 1]"
533398,7539872,111,0,"[0, 1]"
533398,7539872,103,0,"[0, 1]"
533398,7539872,74,0,"[0, 1]"
533398,7539872,123,0,"[0, 1]"
533398,7539872,116,0,"[0, 1]"
533398,7539872,107,0,"[0, 1]"
533398,7539872,121,0,"[0, 1]"
533398,7539872,78,0,"[0, 1]"
533398,7539872,108,0,"[0, 1]"
533398,7539872,225,0,"[0, 1]"
533398,7539872,141,0,"[0, 1]"
533398,7539872,188,0,"[0, 1]"
533398,7539872,151,0,"[0, 1]"
533398,7539872,252,0,"[0, 1]"
533398,7539872,206,0,"[0, 1]"
533398,7539872,128,0,"[0, 1]"
533398,7539872,134,0,"[0, 1]"
533398,7539872,216,0,"[0, 1]"
533398,7539872,231,0,"[0, 1]"
533398,7539872,167,0,"[0, 1]"
533398,7539872,158,0,"[0, 1]"
533398,7539872,223,0,"[0, 1]"
533398,7539872,168,0,"[0, 1]"
533398,7539872,402,0,"[0, 1]"
533398,7539872,260,0,"[0, 1]"
533398,7539872,371,0,"[0, 1]"
533398,7539872,503,0,"[0, 1]"
533398,7539872,284,0,"[0, 1]"
533398,7539872,355,0,"[0, 1]"
533398,7539872,485,0,"[0, 1]"
533398,7539872,473,0,"[0, 1]"
533398,7539872,392,0,"[0, 1]"
533398,7539872,325,0,"[0, 1]"
533398,7539872,342,0,"[0, 1]"
533398,7539872,258,0,"[0, 1]"
533398,7539872,279,0,"[0, 1]"
533398,7539872,372,0,"[0, 1]"
533398,7539872,416,0,"[0, 1]"
533398,7539872,341,0,"[0, 1]"
533398,7539872,716,0,"[0, 1]"
533398,7539872,684,0,"[0, 1]"
533398,7539872,766,0,"[0, 1]"
533398,7539872,577,0,"[0, 1]"
533398,7539872,892,0,"[0, 1]"
533398,7539872,982,0,"[0, 1]"
533398,7539872,931,0,"[0, 1]"
533398,7539872,898,0,"[0, 1]"
533398,7539872,663,0,"[0, 1]"
533398,7539872,934,0,"[0, 1]"
533398,7539872,726,0,"[0, 1]"
533398,7539872,834,0,"[0, 1]"
533398,7539872,775,0,"[0, 1]"
533398,7539872,733,0,"[0, 1]"
533398,7539872,900,0,"[0, 1]"
533398,7539872,847,0,"[0, 1]"
533398,7539872,887,0,"[0, 1]"
533398,7539872,546,0,"[0, 1]"
533398,7539872,1713,0,"[0, 1]"
533398,7539872,1244,0,"[0, 1]"
533398,7539872,1139,0,"[0, 1]"
533398,7539872,1270,0,"[0, 1]"
533398,7539872,1062,0,"[0, 1]"
533398,7539872,1321,0,"[0, 1]"
533398,7539872,1811,0,"[0, 1]"
533398,7539872,1919,0,"[0, 1]"
533398,7539872,1649,0,"[0, 1]"
533398,7539872,1846,0,"[0, 1]"
533398,7539872,1053,0,"[0, 1]"
533398,7539872,1432,0,"[0, 1]"
533398,7539872,1834,0,"[0, 1]"
533398,7539872,1397,0,"[0, 1]"
533398,7539872,1952,0,"[0, 1]"
533398,7539872,1739,0,"[0, 1]"
533398,7539872,1517,0,"[0, 1]"
533398,7539872,1422,0,"[0, 1]"
533398,7539872,1123,0,"[0, 1]"
533398,7539872,1127,0,"[0, 1]"
533398,7539872,2399,0,"[0, 1]"
533398,7539872,3184,0,"[0, 1]"
533398,7539872,3232,0,"[0, 1]"
533398,7539872,2103,0,"[0, 1]"
533398,7539872,2578,0,"[0, 1]"
533398,7539872,3506,0,"[0, 1]"
533398,7539872,2188,0,"[0, 1]"
533398,7539872,3526,0,"[0, 1]"
533398,7539872,2540,0,"[0, 1]"
533398,7539872,3893,0,"[0, 1]"
533398,7539872,3665,0,"[0, 1]"
533398,7539872,3186,0,"[0, 1]"
533398,7539872,3765,0,"[0, 1]"
533398,7539872,3968,0,"[0, 1]"
533398,7539872,2402,0,"[0, 1]"
533398,7539872,3650,0,"[0, 1]"
533398,7539872,2673,0,"[0, 1]"
533398,7539872,2695,0,"[0, 1]"
533398,7539872,3367,0,"[0, 1]"
533398,7539872,3323,0,"[0, 1]"
533398,7539872,3553,0,"[0, 1]"
533398,7539872,3800,0,"[0, 1]"
533398,7539872,7403687,1,"[0, 1]"
533398,7539872,7288774,1,"[0, 1]"
533398,7539872,7573001,1,"[0, 1]"
533398,7539872,7079501,1,"[0, 1]"
533398,7539872,7516558,1,"[0, 1]"
533398,7539872,4449,0,"[0, 1]"
533398,7539872,7301412,1,"[0, 1]"
533398,7539872,7174969,1,"[0, 1]"
533398,7539872,7236803,1,"[0, 1]"
533398,7539872,7308294,1,"[0, 1]"
533398,7539872,7092963,1,"[0, 1]"
533398,7539872,7523425,1,"[0, 1]"
533398,7539872,7623307,1,"[0, 1]"
533398,7539872,7174859,1,"[0, 1]"
533398,7539872,7366036,1,"[0, 1]"
533398,7539872,7292567,1,"[0, 1]"
533398,7539872,4283,0,"[0, 1]"
533398,7539872,7247204,1,"[0, 1]"
533398,7539872,4386,0,"[0, 1]"
533398,7539872,7117069,1,"[0, 1]"
533398,7539872,1152650,1,"[0, 1]"
533398,7539872,6387753,1,"[0, 1]"
533398,7539872,4252,0,"[0, 1]"
533398,7539872,5182978,1,"[0, 1]"
59204,7539897,7539897,1,"[1, 0]"
59204,7539897,4500,0,"[1, 0]"
59204,7539897,2965,0,"[1, 0]"
59204,7539897,1482,0,"[1, 0]"
59204,7539897,740,0,"[1, 0]"
59204,7539897,369,0,"[1, 0]"
59204,7539897,184,0,"[1, 0]"
59204,7539897,91,0,"[1, 0]"
59204,7539897,45,0,"[1, 0]"
59204,7539897,22,0,"[1, 0]"
59204,7539897,10,0,"[1, 0]"
59204,7539897,4,0,"[1, 0]"
59204,7539897,1,0,"[1, 0]"
59204,7539897,0,0,"[1, 0]"
59204,7539897,2,0,"[0, 1]"
59204,7539897,1,0,"[0, 1]"
59204,7539897,3,0,"[0, 1]"
59204,7539897,5,0,"[0, 1]"
59204,7539897,4,0,"[0, 1]"
59204,7539897,6,0,"[0, 1]"
59204,7539897,7,0,"[0, 1]"
59204,7539897,14,0,"[0, 1]"
59204,7539897,13,0,"[0, 1]"
59204,7539897,12,0,"[0, 1]"
59204,7539897,10,0,"[0, 1]"
59204,7539897,8,0,"[0, 1]"
59204,7539897,20,0,"[0, 1]"
59204,7539897,15,0,"[0, 1]"
59204,7539897,22,0,"[0, 1]"
59204,7539897,19,0,"[0, 1]"
59204,7539897,30,0,"[0, 1]"
59204,7539897,25,0,"[0, 1]"
59204,7539897,24,0,"[0, 1]"
59204,7539897,16,0,"[0, 1]"
59204,7539897,59,0,"[0, 1]"
59204,7539897,38,0,"[0, 1]"
59204,7539897,62,0,"[0, 1]"
59204,7539897,53,0,"[0, 1]"
59204,7539897,51,0,"[0, 1]"
59204,7539897,57,0,"[0, 1]"
59204,7539897,40,0,"[0, 1]"
59204,7539897,50,0,"[0, 1]"
59204,7539897,54,0,"[0, 1]"
59204,7539897,41,0,"[0, 1]"
59204,7539897,78,0,"[0, 1]"
59204,7539897,100,0,"[0, 1]"
59204,7539897,88,0,"[0, 1]"
59204,7539897,87,0,"[0, 1]"
59204,7539897,105,0,"[0, 1]"
59204,7539897,81,0,"[0, 1]"
59204,7539897,110,0,"[0, 1]"
59204,7539897,84,0,"[0, 1]"
59204,7539897,106,0,"[0, 1]"
59204,7539897,68,0,"[0, 1]"
59204,7539897,115,0,"[0, 1]"
59204,7539897,116,0,"[0, 1]"
59204,7539897,233,0,"[0, 1]"
59204,7539897,162,0,"[0, 1]"
59204,7539897,234,0,"[0, 1]"
59204,7539897,197,0,"[0, 1]"
59204,7539897,160,0,"[0, 1]"
59204,7539897,199,0,"[0, 1]"
59204,7539897,163,0,"[0, 1]"
59204,7539897,206,0,"[0, 1]"
59204,7539897,223,0,"[0, 1]"
59204,7539897,241,0,"[0, 1]"
59204,7539897,179,0,"[0, 1]"
59204,7539897,242,0,"[0, 1]"
59204,7539897,134,0,"[0, 1]"
59204,7539897,224,0,"[0, 1]"
59204,7539897,421,0,"[0, 1]"
59204,7539897,503,0,"[0, 1]"
59204,7539897,263,0,"[0, 1]"
59204,7539897,284,0,"[0, 1]"
59204,7539897,292,0,"[0, 1]"
59204,7539897,430,0,"[0, 1]"
59204,7539897,418,0,"[0, 1]"
59204,7539897,379,0,"[0, 1]"
59204,7539897,310,0,"[0, 1]"
59204,7539897,259,0,"[0, 1]"
59204,7539897,432,0,"[0, 1]"
59204,7539897,288,0,"[0, 1]"
59204,7539897,417,0,"[0, 1]"
59204,7539897,340,0,"[0, 1]"
59204,7539897,362,0,"[0, 1]"
59204,7539897,298,0,"[0, 1]"
59204,7539897,743,0,"[0, 1]"
59204,7539897,538,0,"[0, 1]"
59204,7539897,676,0,"[0, 1]"
59204,7539897,614,0,"[0, 1]"
59204,7539897,833,0,"[0, 1]"
59204,7539897,821,0,"[0, 1]"
59204,7539897,817,0,"[0, 1]"
59204,7539897,531,0,"[0, 1]"
59204,7539897,888,0,"[0, 1]"
59204,7539897,582,0,"[0, 1]"
59204,7539897,925,0,"[0, 1]"
59204,7539897,928,0,"[0, 1]"
59204,7539897,716,0,"[0, 1]"
59204,7539897,560,0,"[0, 1]"
59204,7539897,809,0,"[0, 1]"
59204,7539897,746,0,"[0, 1]"
59204,7539897,611,0,"[0, 1]"
59204,7539897,907,0,"[0, 1]"
59204,7539897,1118,0,"[0, 1]"
59204,7539897,1287,0,"[0, 1]"
59204,7539897,1278,0,"[0, 1]"
59204,7539897,1778,0,"[0, 1]"
59204,7539897,1394,0,"[0, 1]"
59204,7539897,1821,0,"[0, 1]"
59204,7539897,1327,0,"[0, 1]"
59204,7539897,1494,0,"[0, 1]"
59204,7539897,2023,0,"[0, 1]"
59204,7539897,1522,0,"[0, 1]"
59204,7539897,1372,0,"[0, 1]"
59204,7539897,1754,0,"[0, 1]"
59204,7539897,1513,0,"[0, 1]"
59204,7539897,1401,0,"[0, 1]"
59204,7539897,1408,0,"[0, 1]"
59204,7539897,1110,0,"[0, 1]"
59204,7539897,1719,0,"[0, 1]"
59204,7539897,1080,0,"[0, 1]"
59204,7539897,1332,0,"[0, 1]"
59204,7539897,1138,0,"[0, 1]"
59204,7539897,3811,0,"[0, 1]"
59204,7539897,3008,0,"[0, 1]"
59204,7539897,3553,0,"[0, 1]"
59204,7539897,3221,0,"[0, 1]"
59204,7539897,2225,0,"[0, 1]"
59204,7539897,4076,0,"[0, 1]"
59204,7539897,3163,0,"[0, 1]"
59204,7539897,3337,0,"[0, 1]"
59204,7539897,2911,0,"[0, 1]"
59204,7539897,2128,0,"[0, 1]"
59204,7539897,2977,0,"[0, 1]"
59204,7539897,2763,0,"[0, 1]"
59204,7539897,2505,0,"[0, 1]"
59204,7539897,3779,0,"[0, 1]"
59204,7539897,2301,0,"[0, 1]"
59204,7539897,3596,0,"[0, 1]"
59204,7539897,3273,0,"[0, 1]"
59204,7539897,2449,0,"[0, 1]"
59204,7539897,2813,0,"[0, 1]"
59204,7539897,3593,0,"[0, 1]"
59204,7539897,3454,0,"[0, 1]"
59204,7539897,2506,0,"[0, 1]"
59204,7539897,7600595,1,"[0, 1]"
59204,7539897,7358322,1,"[0, 1]"
59204,7539897,4243,0,"[0, 1]"
59204,7539897,7282855,1,"[0, 1]"
59204,7539897,7554170,1,"[0, 1]"
59204,7539897,4767,0,"[0, 1]"
59204,7539897,4255,0,"[0, 1]"
59204,7539897,4419,0,"[0, 1]"
59204,7539897,7532930,1,"[0, 1]"
59204,7539897,7208994,1,"[0, 1]"
59204,7539897,4447,0,"[0, 1]"
59204,7539897,7499926,1,"[0, 1]"
59204,7539897,4203,0,"[0, 1]"
59204,7539897,4378,0,"[0, 1]"
59204,7539897,2863753,1,"[0, 1]"
59204,7539897,7238360,1,"[0, 1]"
59204,7539897,7146502,1,"[0, 1]"
59204,7539897,7140105,1,"[0, 1]"
59204,7539897,7663389,1,"[0, 1]"
59204,7539897,4944,0,"[0, 1]"
59204,7539897,4703,0,"[0, 1]"
59204,7539897,1078569,1,"[0, 1]"
59204,7539897,4415,0,"[0, 1]"
59204,7539897,7460130,1,"[0, 1]"
59204,7539897,7503782,1,"[0, 1]"
59204,7539897,7626797,1,"[0, 1]"
59204,7539897,7550146,1,"[0, 1]"
59204,7539897,7097061,1,"[0, 1]"
59204,7539897,7251373,1,"[0, 1]"
59204,7539897,7088918,1,"[0, 1]"
59204,7539897,7637310,1,"[0, 1]"
59204,7539897,7683665,1,"[0, 1]"
59204,7539897,7510002,1,"[0, 1]"
59204,7539897,7499787,1,"[0, 1]"
59204,7539897,7423796,1,"[0, 1]"
59204,7539897,7647720,1,"[0, 1]"
59204,7539897,7649010,1,"[0, 1]"
59204,7539897,7249575,1,"[0, 1]"
59204,7539897,7680049,1,"[0, 1]"
59204,7539897,5680372,1,"[0, 1]"
59204,7539897,7649192,1,"[0, 1]"
59204,7539897,7303270,1,"[0, 1]"
59204,7539897,7398040,1,"[0, 1]"
59204,7539897,7436993,1,"[0, 1]"
59204,7539897,7265173,1,"[0, 1]"
59204,7539897,7632562,1,"[0, 1]"
59204,7539897,7161185,1,"[0, 1]"
59204,7539897,7115057,1,"[0, 1]"
59204,7539897,7480492,1,"[0, 1]"
59204,7539897,7482175,1,"[0, 1]"
1096045,7539951,7539951,1,"[1, 0]"
1096045,7539951,4172,0,"[1, 0]"
1096045,7539951,2222,0,"[1, 0]"
1096045,7539951,1110,0,"[1, 0]"
1096045,7539951,554,0,"[1, 0]"
1096045,7539951,276,0,"[1, 0]"
1096045,7539951,137,0,"[1, 0]"
1096045,7539951,68,0,"[1, 0]"
1096045,7539951,33,0,"[1, 0]"
1096045,7539951,16,0,"[1, 0]"
1096045,7539951,7,0,"[1, 0]"
1096045,7539951,3,0,"[1, 0]"
1096045,7539951,1,0,"[1, 0]"
1096045,7539951,0,0,"[1, 0]"
1096045,7539951,2,0,"[0, 1]"
1096045,7539951,1,0,"[0, 1]"
1096045,7539951,3,0,"[0, 1]"
1096045,7539951,4,0,"[0, 1]"
1096045,7539951,5,0,"[0, 1]"
1096045,7539951,6,0,"[0, 1]"
1096045,7539951,14,0,"[0, 1]"
1096045,7539951,13,0,"[0, 1]"
1096045,7539951,7,0,"[0, 1]"
1096045,7539951,12,0,"[0, 1]"
1096045,7539951,11,0,"[0, 1]"
1096045,7539951,9,0,"[0, 1]"
1096045,7539951,15,0,"[0, 1]"
1096045,7539951,29,0,"[0, 1]"
1096045,7539951,30,0,"[0, 1]"
1096045,7539951,21,0,"[0, 1]"
1096045,7539951,17,0,"[0, 1]"
1096045,7539951,16,0,"[0, 1]"
1096045,7539951,27,0,"[0, 1]"
1096045,7539951,19,0,"[0, 1]"
1096045,7539951,41,0,"[0, 1]"
1096045,7539951,58,0,"[0, 1]"
1096045,7539951,40,0,"[0, 1]"
1096045,7539951,46,0,"[0, 1]"
1096045,7539951,43,0,"[0, 1]"
1096045,7539951,52,0,"[0, 1]"
1096045,7539951,55,0,"[0, 1]"
1096045,7539951,45,0,"[0, 1]"
1096045,7539951,47,0,"[0, 1]"
1096045,7539951,33,0,"[0, 1]"
1096045,7539951,73,0,"[0, 1]"
1096045,7539951,76,0,"[0, 1]"
1096045,7539951,78,0,"[0, 1]"
1096045,7539951,117,0,"[0, 1]"
1096045,7539951,94,0,"[0, 1]"
1096045,7539951,119,0,"[0, 1]"
1096045,7539951,69,0,"[0, 1]"
1096045,7539951,66,0,"[0, 1]"
1096045,7539951,67,0,"[0, 1]"
1096045,7539951,116,0,"[0, 1]"
1096045,7539951,96,0,"[0, 1]"
1096045,7539951,89,0,"[0, 1]"
1096045,7539951,254,0,"[0, 1]"
1096045,7539951,191,0,"[0, 1]"
1096045,7539951,130,0,"[0, 1]"
1096045,7539951,222,0,"[0, 1]"
1096045,7539951,194,0,"[0, 1]"
1096045,7539951,206,0,"[0, 1]"
1096045,7539951,230,0,"[0, 1]"
1096045,7539951,156,0,"[0, 1]"
1096045,7539951,202,0,"[0, 1]"
1096045,7539951,252,0,"[0, 1]"
1096045,7539951,233,0,"[0, 1]"
1096045,7539951,213,0,"[0, 1]"
1096045,7539951,204,0,"[0, 1]"
1096045,7539951,227,0,"[0, 1]"
1096045,7539951,388,0,"[0, 1]"
1096045,7539951,321,0,"[0, 1]"
1096045,7539951,386,0,"[0, 1]"
1096045,7539951,477,0,"[0, 1]"
1096045,7539951,470,0,"[0, 1]"
1096045,7539951,499,0,"[0, 1]"
1096045,7539951,390,0,"[0, 1]"
1096045,7539951,335,0,"[0, 1]"
1096045,7539951,475,0,"[0, 1]"
1096045,7539951,258,0,"[0, 1]"
1096045,7539951,440,0,"[0, 1]"
1096045,7539951,487,0,"[0, 1]"
1096045,7539951,493,0,"[0, 1]"
1096045,7539951,358,0,"[0, 1]"
1096045,7539951,452,0,"[0, 1]"
1096045,7539951,274,0,"[0, 1]"
1096045,7539951,537,0,"[0, 1]"
1096045,7539951,777,0,"[0, 1]"
1096045,7539951,748,0,"[0, 1]"
1096045,7539951,511,0,"[0, 1]"
1096045,7539951,704,0,"[0, 1]"
1096045,7539951,812,0,"[0, 1]"
1096045,7539951,562,0,"[0, 1]"
1096045,7539951,995,0,"[0, 1]"
1096045,7539951,817,0,"[0, 1]"
1096045,7539951,672,0,"[0, 1]"
1096045,7539951,815,0,"[0, 1]"
1096045,7539951,842,0,"[0, 1]"
1096045,7539951,921,0,"[0, 1]"
1096045,7539951,862,0,"[0, 1]"
1096045,7539951,532,0,"[0, 1]"
1096045,7539951,882,0,"[0, 1]"
1096045,7539951,697,0,"[0, 1]"
1096045,7539951,828,0,"[0, 1]"
1096045,7539951,1984,0,"[0, 1]"
1096045,7539951,1357,0,"[0, 1]"
1096045,7539951,1474,0,"[0, 1]"
1096045,7539951,1817,0,"[0, 1]"
1096045,7539951,1688,0,"[0, 1]"
1096045,7539951,1151,0,"[0, 1]"
1096045,7539951,1702,0,"[0, 1]"
1096045,7539951,1246,0,"[0, 1]"
1096045,7539951,1665,0,"[0, 1]"
1096045,7539951,1132,0,"[0, 1]"
1096045,7539951,1036,0,"[0, 1]"
1096045,7539951,1890,0,"[0, 1]"
1096045,7539951,1683,0,"[0, 1]"
1096045,7539951,1421,0,"[0, 1]"
1096045,7539951,1958,0,"[0, 1]"
1096045,7539951,1417,0,"[0, 1]"
1096045,7539951,1829,0,"[0, 1]"
1096045,7539951,1467,0,"[0, 1]"
1096045,7539951,1578,0,"[0, 1]"
1096045,7539951,2039,0,"[0, 1]"
1096045,7539951,2705,0,"[0, 1]"
1096045,7539951,3187,0,"[0, 1]"
1096045,7539951,2794,0,"[0, 1]"
1096045,7539951,3093,0,"[0, 1]"
1096045,7539951,2407,0,"[0, 1]"
1096045,7539951,2987,0,"[0, 1]"
1096045,7539951,3613,0,"[0, 1]"
1096045,7539951,2873,0,"[0, 1]"
1096045,7539951,2726,0,"[0, 1]"
1096045,7539951,2454,0,"[0, 1]"
1096045,7539951,3566,0,"[0, 1]"
1096045,7539951,3929,0,"[0, 1]"
1096045,7539951,3990,0,"[0, 1]"
1096045,7539951,2445,0,"[0, 1]"
1096045,7539951,2519,0,"[0, 1]"
1096045,7539951,2482,0,"[0, 1]"
1096045,7539951,3882,0,"[0, 1]"
1096045,7539951,2092,0,"[0, 1]"
1096045,7539951,3123,0,"[0, 1]"
1096045,7539951,3213,0,"[0, 1]"
1096045,7539951,2371,0,"[0, 1]"
1096045,7539951,3799,0,"[0, 1]"
1096045,7539951,7254457,1,"[0, 1]"
1096045,7539951,7624329,1,"[0, 1]"
1096045,7539951,7135580,1,"[0, 1]"
1096045,7539951,7274990,1,"[0, 1]"
1096045,7539951,7108969,1,"[0, 1]"
1096045,7539951,7153085,1,"[0, 1]"
1096045,7539951,7653899,1,"[0, 1]"
1096045,7539951,7645327,1,"[0, 1]"
1096045,7539951,7301549,1,"[0, 1]"
1096045,7539951,7368810,1,"[0, 1]"
1096045,7539951,7246634,1,"[0, 1]"
1096045,7539951,7463008,1,"[0, 1]"
1096045,7539951,7268310,1,"[0, 1]"
1096045,7539951,7202337,1,"[0, 1]"
1096045,7539951,4238,0,"[0, 1]"
1096045,7539951,7229581,1,"[0, 1]"
1096045,7539951,4683,0,"[0, 1]"
1096045,7539951,4139,0,"[0, 1]"
1096045,7539951,4448,0,"[0, 1]"
1096045,7539951,7523960,1,"[0, 1]"
1096045,7539951,7364279,1,"[0, 1]"
1096045,7539951,7253021,1,"[0, 1]"
1096045,7539951,4386,0,"[0, 1]"
1096045,7539951,7079883,1,"[0, 1]"
1096045,7539951,5081578,1,"[0, 1]"
1096045,7539951,7073772,1,"[0, 1]"
1096045,7539951,7524898,1,"[0, 1]"
1096045,7539951,7132363,1,"[0, 1]"
1096045,7539951,7429625,1,"[0, 1]"
1096045,7539951,7383919,1,"[0, 1]"
1096045,7539951,7357514,1,"[0, 1]"
1096045,7539951,5464614,1,"[0, 1]"
1096045,7539951,7092353,1,"[0, 1]"
1096045,7539951,7262345,1,"[0, 1]"
1096045,7539951,7542108,1,"[0, 1]"
1096045,7539951,7407452,1,"[0, 1]"
1096045,7539951,7217960,1,"[0, 1]"
1096045,7539951,7475952,1,"[0, 1]"
1096045,7539951,7179791,1,"[0, 1]"
1096045,7539951,7422558,1,"[0, 1]"
1096045,7539951,7314664,1,"[0, 1]"
1096045,7539951,7684758,1,"[0, 1]"
1096045,7539951,7223384,1,"[0, 1]"
1096045,7539951,7431469,1,"[0, 1]"
1096045,7539951,7503162,1,"[0, 1]"
1096045,7539951,7588810,1,"[0, 1]"
1096045,7539951,7576706,1,"[0, 1]"
1096045,7539951,7353502,1,"[0, 1]"
1096045,7539951,7387845,1,"[0, 1]"
1096045,7539951,7077382,1,"[0, 1]"
650076,7539979,7539979,1,"[1, 0]"
650076,7539979,4245,0,"[1, 0]"
650076,7539979,2388,0,"[1, 0]"
650076,7539979,1193,0,"[1, 0]"
650076,7539979,596,0,"[1, 0]"
650076,7539979,297,0,"[1, 0]"
650076,7539979,148,0,"[1, 0]"
650076,7539979,73,0,"[1, 0]"
650076,7539979,36,0,"[1, 0]"
650076,7539979,17,0,"[1, 0]"
650076,7539979,8,0,"[1, 0]"
650076,7539979,3,0,"[1, 0]"
650076,7539979,1,0,"[1, 0]"
650076,7539979,0,0,"[1, 0]"
650076,7539979,1,0,"[0, 1]"
650076,7539979,2,0,"[0, 1]"
650076,7539979,4,0,"[0, 1]"
650076,7539979,6,0,"[0, 1]"
650076,7539979,5,0,"[0, 1]"
650076,7539979,3,0,"[0, 1]"
650076,7539979,11,0,"[0, 1]"
650076,7539979,12,0,"[0, 1]"
650076,7539979,13,0,"[0, 1]"
650076,7539979,14,0,"[0, 1]"
650076,7539979,7,0,"[0, 1]"
650076,7539979,9,0,"[0, 1]"
650076,7539979,25,0,"[0, 1]"
650076,7539979,16,0,"[0, 1]"
650076,7539979,28,0,"[0, 1]"
650076,7539979,22,0,"[0, 1]"
650076,7539979,23,0,"[0, 1]"
650076,7539979,15,0,"[0, 1]"
650076,7539979,21,0,"[0, 1]"
650076,7539979,19,0,"[0, 1]"
650076,7539979,57,0,"[0, 1]"
650076,7539979,35,0,"[0, 1]"
650076,7539979,43,0,"[0, 1]"
650076,7539979,49,0,"[0, 1]"
650076,7539979,60,0,"[0, 1]"
650076,7539979,48,0,"[0, 1]"
650076,7539979,39,0,"[0, 1]"
650076,7539979,50,0,"[0, 1]"
650076,7539979,36,0,"[0, 1]"
650076,7539979,46,0,"[0, 1]"
650076,7539979,118,0,"[0, 1]"
650076,7539979,64,0,"[0, 1]"
650076,7539979,90,0,"[0, 1]"
650076,7539979,89,0,"[0, 1]"
650076,7539979,121,0,"[0, 1]"
650076,7539979,114,0,"[0, 1]"
650076,7539979,74,0,"[0, 1]"
650076,7539979,110,0,"[0, 1]"
650076,7539979,112,0,"[0, 1]"
650076,7539979,85,0,"[0, 1]"
650076,7539979,69,0,"[0, 1]"
650076,7539979,115,0,"[0, 1]"
650076,7539979,202,0,"[0, 1]"
650076,7539979,241,0,"[0, 1]"
650076,7539979,224,0,"[0, 1]"
650076,7539979,155,0,"[0, 1]"
650076,7539979,243,0,"[0, 1]"
650076,7539979,219,0,"[0, 1]"
650076,7539979,254,0,"[0, 1]"
650076,7539979,176,0,"[0, 1]"
650076,7539979,233,0,"[0, 1]"
650076,7539979,214,0,"[0, 1]"
650076,7539979,246,0,"[0, 1]"
650076,7539979,182,0,"[0, 1]"
650076,7539979,209,0,"[0, 1]"
650076,7539979,178,0,"[0, 1]"
650076,7539979,371,0,"[0, 1]"
650076,7539979,391,0,"[0, 1]"
650076,7539979,359,0,"[0, 1]"
650076,7539979,268,0,"[0, 1]"
650076,7539979,285,0,"[0, 1]"
650076,7539979,286,0,"[0, 1]"
650076,7539979,351,0,"[0, 1]"
650076,7539979,288,0,"[0, 1]"
650076,7539979,396,0,"[0, 1]"
650076,7539979,289,0,"[0, 1]"
650076,7539979,363,0,"[0, 1]"
650076,7539979,382,0,"[0, 1]"
650076,7539979,377,0,"[0, 1]"
650076,7539979,440,0,"[0, 1]"
650076,7539979,303,0,"[0, 1]"
650076,7539979,292,0,"[0, 1]"
650076,7539979,663,0,"[0, 1]"
650076,7539979,749,0,"[0, 1]"
650076,7539979,957,0,"[0, 1]"
650076,7539979,874,0,"[0, 1]"
650076,7539979,552,0,"[0, 1]"
650076,7539979,633,0,"[0, 1]"
650076,7539979,644,0,"[0, 1]"
650076,7539979,915,0,"[0, 1]"
650076,7539979,962,0,"[0, 1]"
650076,7539979,905,0,"[0, 1]"
650076,7539979,586,0,"[0, 1]"
650076,7539979,798,0,"[0, 1]"
650076,7539979,760,0,"[0, 1]"
650076,7539979,984,0,"[0, 1]"
650076,7539979,702,0,"[0, 1]"
650076,7539979,877,0,"[0, 1]"
650076,7539979,855,0,"[0, 1]"
650076,7539979,1004,0,"[0, 1]"
650076,7539979,1939,0,"[0, 1]"
650076,7539979,1643,0,"[0, 1]"
650076,7539979,1023,0,"[0, 1]"
650076,7539979,1614,0,"[0, 1]"
650076,7539979,1282,0,"[0, 1]"
650076,7539979,1509,0,"[0, 1]"
650076,7539979,1089,0,"[0, 1]"
650076,7539979,1724,0,"[0, 1]"
650076,7539979,1267,0,"[0, 1]"
650076,7539979,1777,0,"[0, 1]"
650076,7539979,1974,0,"[0, 1]"
650076,7539979,1085,0,"[0, 1]"
650076,7539979,1889,0,"[0, 1]"
650076,7539979,1636,0,"[0, 1]"
650076,7539979,1265,0,"[0, 1]"
650076,7539979,1824,0,"[0, 1]"
650076,7539979,1583,0,"[0, 1]"
650076,7539979,2043,0,"[0, 1]"
650076,7539979,1169,0,"[0, 1]"
650076,7539979,1485,0,"[0, 1]"
650076,7539979,3202,0,"[0, 1]"
650076,7539979,3776,0,"[0, 1]"
650076,7539979,3676,0,"[0, 1]"
650076,7539979,2337,0,"[0, 1]"
650076,7539979,3989,0,"[0, 1]"
650076,7539979,2923,0,"[0, 1]"
650076,7539979,3423,0,"[0, 1]"
650076,7539979,3864,0,"[0, 1]"
650076,7539979,2755,0,"[0, 1]"
650076,7539979,2855,0,"[0, 1]"
650076,7539979,2305,0,"[0, 1]"
650076,7539979,3194,0,"[0, 1]"
650076,7539979,3632,0,"[0, 1]"
650076,7539979,3012,0,"[0, 1]"
650076,7539979,3571,0,"[0, 1]"
650076,7539979,2065,0,"[0, 1]"
650076,7539979,2676,0,"[0, 1]"
650076,7539979,2733,0,"[0, 1]"
650076,7539979,2812,0,"[0, 1]"
650076,7539979,3998,0,"[0, 1]"
650076,7539979,3940,0,"[0, 1]"
650076,7539979,3684,0,"[0, 1]"
650076,7539979,7508397,1,"[0, 1]"
650076,7539979,7480056,1,"[0, 1]"
650076,7539979,4317,0,"[0, 1]"
650076,7539979,7555276,1,"[0, 1]"
650076,7539979,6450955,1,"[0, 1]"
650076,7539979,7521010,1,"[0, 1]"
650076,7539979,4284,0,"[0, 1]"
650076,7539979,4856,0,"[0, 1]"
650076,7539979,6381284,1,"[0, 1]"
650076,7539979,4693,0,"[0, 1]"
650076,7539979,7082136,1,"[0, 1]"
650076,7539979,7178665,1,"[0, 1]"
650076,7539979,7144584,1,"[0, 1]"
650076,7539979,4610,0,"[0, 1]"
650076,7539979,4188,0,"[0, 1]"
650076,7539979,3835100,1,"[0, 1]"
650076,7539979,4262196,1,"[0, 1]"
650076,7539979,7478931,1,"[0, 1]"
650076,7539979,4968,0,"[0, 1]"
650076,7539979,7496622,1,"[0, 1]"
650076,7539979,7345594,1,"[0, 1]"
650076,7539979,7286301,1,"[0, 1]"
650076,7539979,4531,0,"[0, 1]"
650076,7539979,7274238,1,"[0, 1]"
650076,7539979,7582932,1,"[0, 1]"
650076,7539979,7341207,1,"[0, 1]"
650076,7539979,7163548,1,"[0, 1]"
650076,7539979,7685963,1,"[0, 1]"
650076,7539979,7297061,1,"[0, 1]"
650076,7539979,7495369,1,"[0, 1]"
650076,7539979,7185644,1,"[0, 1]"
650076,7539979,7512151,1,"[0, 1]"
650076,7539979,7409132,1,"[0, 1]"
650076,7539979,7342178,1,"[0, 1]"
650076,7539979,3222326,1,"[0, 1]"
650076,7539979,7300169,1,"[0, 1]"
650076,7539979,7127528,1,"[0, 1]"
650076,7539979,7141783,1,"[0, 1]"
650076,7539979,7495348,1,"[0, 1]"
650076,7539979,7585034,1,"[0, 1]"
650076,7539979,7610928,1,"[0, 1]"
650076,7539979,7480666,1,"[0, 1]"
650076,7539979,7583986,1,"[0, 1]"
650076,7539979,7546064,1,"[0, 1]"
650076,7539979,7673403,1,"[0, 1]"
650076,7539979,1021598,1,"[0, 1]"
650076,7539979,7263722,1,"[0, 1]"
650076,7539979,7660272,1,"[0, 1]"
650076,7539979,7217129,1,"[0, 1]"
650076,7539979,7264931,1,"[0, 1]"
650076,7539981,7539981,1,"[1, 0]"
650076,7539981,4178,0,"[1, 0]"
650076,7539981,2235,0,"[1, 0]"
650076,7539981,1117,0,"[1, 0]"
650076,7539981,558,0,"[1, 0]"
650076,7539981,278,0,"[1, 0]"
650076,7539981,138,0,"[1, 0]"
650076,7539981,68,0,"[1, 0]"
650076,7539981,33,0,"[1, 0]"
650076,7539981,16,0,"[1, 0]"
650076,7539981,7,0,"[1, 0]"
650076,7539981,3,0,"[1, 0]"
650076,7539981,1,0,"[1, 0]"
650076,7539981,0,0,"[1, 0]"
650076,7539981,1,0,"[0, 1]"
650076,7539981,2,0,"[0, 1]"
650076,7539981,6,0,"[0, 1]"
650076,7539981,4,0,"[0, 1]"
650076,7539981,5,0,"[0, 1]"
650076,7539981,3,0,"[0, 1]"
650076,7539981,7,0,"[0, 1]"
650076,7539981,13,0,"[0, 1]"
650076,7539981,14,0,"[0, 1]"
650076,7539981,10,0,"[0, 1]"
650076,7539981,8,0,"[0, 1]"
650076,7539981,9,0,"[0, 1]"
650076,7539981,22,0,"[0, 1]"
650076,7539981,26,0,"[0, 1]"
650076,7539981,29,0,"[0, 1]"
650076,7539981,15,0,"[0, 1]"
650076,7539981,16,0,"[0, 1]"
650076,7539981,30,0,"[0, 1]"
650076,7539981,28,0,"[0, 1]"
650076,7539981,27,0,"[0, 1]"
650076,7539981,48,0,"[0, 1]"
650076,7539981,38,0,"[0, 1]"
650076,7539981,36,0,"[0, 1]"
650076,7539981,51,0,"[0, 1]"
650076,7539981,58,0,"[0, 1]"
650076,7539981,46,0,"[0, 1]"
650076,7539981,53,0,"[0, 1]"
650076,7539981,54,0,"[0, 1]"
650076,7539981,59,0,"[0, 1]"
650076,7539981,47,0,"[0, 1]"
650076,7539981,118,0,"[0, 1]"
650076,7539981,64,0,"[0, 1]"
650076,7539981,124,0,"[0, 1]"
650076,7539981,120,0,"[0, 1]"
650076,7539981,96,0,"[0, 1]"
650076,7539981,84,0,"[0, 1]"
650076,7539981,69,0,"[0, 1]"
650076,7539981,104,0,"[0, 1]"
650076,7539981,79,0,"[0, 1]"
650076,7539981,123,0,"[0, 1]"
650076,7539981,71,0,"[0, 1]"
650076,7539981,93,0,"[0, 1]"
650076,7539981,159,0,"[0, 1]"
650076,7539981,175,0,"[0, 1]"
650076,7539981,155,0,"[0, 1]"
650076,7539981,253,0,"[0, 1]"
650076,7539981,186,0,"[0, 1]"
650076,7539981,227,0,"[0, 1]"
650076,7539981,174,0,"[0, 1]"
650076,7539981,207,0,"[0, 1]"
650076,7539981,208,0,"[0, 1]"
650076,7539981,237,0,"[0, 1]"
650076,7539981,150,0,"[0, 1]"
650076,7539981,180,0,"[0, 1]"
650076,7539981,137,0,"[0, 1]"
650076,7539981,200,0,"[0, 1]"
650076,7539981,409,0,"[0, 1]"
650076,7539981,366,0,"[0, 1]"
650076,7539981,381,0,"[0, 1]"
650076,7539981,422,0,"[0, 1]"
650076,7539981,408,0,"[0, 1]"
650076,7539981,398,0,"[0, 1]"
650076,7539981,371,0,"[0, 1]"
650076,7539981,267,0,"[0, 1]"
650076,7539981,448,0,"[0, 1]"
650076,7539981,438,0,"[0, 1]"
650076,7539981,335,0,"[0, 1]"
650076,7539981,427,0,"[0, 1]"
650076,7539981,344,0,"[0, 1]"
650076,7539981,257,0,"[0, 1]"
650076,7539981,500,0,"[0, 1]"
650076,7539981,277,0,"[0, 1]"
650076,7539981,761,0,"[0, 1]"
650076,7539981,777,0,"[0, 1]"
650076,7539981,877,0,"[0, 1]"
650076,7539981,859,0,"[0, 1]"
650076,7539981,824,0,"[0, 1]"
650076,7539981,884,0,"[0, 1]"
650076,7539981,1019,0,"[0, 1]"
650076,7539981,815,0,"[0, 1]"
650076,7539981,798,0,"[0, 1]"
650076,7539981,1008,0,"[0, 1]"
650076,7539981,660,0,"[0, 1]"
650076,7539981,830,0,"[0, 1]"
650076,7539981,716,0,"[0, 1]"
650076,7539981,534,0,"[0, 1]"
650076,7539981,905,0,"[0, 1]"
650076,7539981,764,0,"[0, 1]"
650076,7539981,851,0,"[0, 1]"
650076,7539981,894,0,"[0, 1]"
650076,7539981,1617,0,"[0, 1]"
650076,7539981,1196,0,"[0, 1]"
650076,7539981,1025,0,"[0, 1]"
650076,7539981,1236,0,"[0, 1]"
650076,7539981,1958,0,"[0, 1]"
650076,7539981,1742,0,"[0, 1]"
650076,7539981,1680,0,"[0, 1]"
650076,7539981,1774,0,"[0, 1]"
650076,7539981,1590,0,"[0, 1]"
650076,7539981,1822,0,"[0, 1]"
650076,7539981,1082,0,"[0, 1]"
650076,7539981,1475,0,"[0, 1]"
650076,7539981,2031,0,"[0, 1]"
650076,7539981,1677,0,"[0, 1]"
650076,7539981,1552,0,"[0, 1]"
650076,7539981,1065,0,"[0, 1]"
650076,7539981,1178,0,"[0, 1]"
650076,7539981,1982,0,"[0, 1]"
650076,7539981,1812,0,"[0, 1]"
650076,7539981,1075,0,"[0, 1]"
650076,7539981,3009,0,"[0, 1]"
650076,7539981,2830,0,"[0, 1]"
650076,7539981,4065,0,"[0, 1]"
650076,7539981,4088,0,"[0, 1]"
650076,7539981,2403,0,"[0, 1]"
650076,7539981,2865,0,"[0, 1]"
650076,7539981,2342,0,"[0, 1]"
650076,7539981,2956,0,"[0, 1]"
650076,7539981,3342,0,"[0, 1]"
650076,7539981,2368,0,"[0, 1]"
650076,7539981,2264,0,"[0, 1]"
650076,7539981,3110,0,"[0, 1]"
650076,7539981,3541,0,"[0, 1]"
650076,7539981,2310,0,"[0, 1]"
650076,7539981,2051,0,"[0, 1]"
650076,7539981,2185,0,"[0, 1]"
650076,7539981,2608,0,"[0, 1]"
650076,7539981,2380,0,"[0, 1]"
650076,7539981,3328,0,"[0, 1]"
650076,7539981,2108,0,"[0, 1]"
650076,7539981,3389,0,"[0, 1]"
650076,7539981,2089,0,"[0, 1]"
650076,7539981,4673,0,"[0, 1]"
650076,7539981,7528547,1,"[0, 1]"
650076,7539981,4263,0,"[0, 1]"
650076,7539981,4859,0,"[0, 1]"
650076,7539981,2982576,1,"[0, 1]"
650076,7539981,7052781,1,"[0, 1]"
650076,7539981,2298353,1,"[0, 1]"
650076,7539981,7384901,1,"[0, 1]"
650076,7539981,4862,0,"[0, 1]"
650076,7539981,1732575,1,"[0, 1]"
650076,7539981,7633985,1,"[0, 1]"
650076,7539981,4976,0,"[0, 1]"
650076,7539981,7100356,1,"[0, 1]"
650076,7539981,7252114,1,"[0, 1]"
650076,7539981,4915,0,"[0, 1]"
650076,7539981,7317603,1,"[0, 1]"
650076,7539981,7612278,1,"[0, 1]"
650076,7539981,7237632,1,"[0, 1]"
650076,7539981,7634288,1,"[0, 1]"
650076,7539981,7086188,1,"[0, 1]"
650076,7539981,4758,0,"[0, 1]"
650076,7539981,7108247,1,"[0, 1]"
650076,7539981,7277097,1,"[0, 1]"
650076,7539981,4232,0,"[0, 1]"
650076,7539981,7189068,1,"[0, 1]"
650076,7539981,7617014,1,"[0, 1]"
650076,7539981,7229777,1,"[0, 1]"
650076,7539981,7138919,1,"[0, 1]"
650076,7539981,7369917,1,"[0, 1]"
650076,7539981,7671593,1,"[0, 1]"
650076,7539981,7275505,1,"[0, 1]"
650076,7539981,7486211,1,"[0, 1]"
650076,7539981,7660166,1,"[0, 1]"
650076,7539981,7140662,1,"[0, 1]"
650076,7539981,7615909,1,"[0, 1]"
650076,7539981,1643811,1,"[0, 1]"
650076,7539981,7111207,1,"[0, 1]"
650076,7539981,7603877,1,"[0, 1]"
650076,7539981,7474149,1,"[0, 1]"
650076,7539981,7685963,1,"[0, 1]"
650076,7539981,7432033,1,"[0, 1]"
650076,7539981,7212314,1,"[0, 1]"
650076,7539981,7426898,1,"[0, 1]"
650076,7539981,7568492,1,"[0, 1]"
650076,7539981,7245699,1,"[0, 1]"
650076,7539981,7164219,1,"[0, 1]"
650076,7539981,7572898,1,"[0, 1]"
650076,7539981,7195711,1,"[0, 1]"
650076,7539981,7433180,1,"[0, 1]"
650076,7539981,5630467,1,"[0, 1]"
1096044,7540058,7540058,1,"[1, 0]"
1096044,7540058,2839,0,"[1, 0]"
1096044,7540058,1419,0,"[1, 0]"
1096044,7540058,709,0,"[1, 0]"
1096044,7540058,354,0,"[1, 0]"
1096044,7540058,176,0,"[1, 0]"
1096044,7540058,87,0,"[1, 0]"
1096044,7540058,43,0,"[1, 0]"
1096044,7540058,21,0,"[1, 0]"
1096044,7540058,10,0,"[1, 0]"
1096044,7540058,4,0,"[1, 0]"
1096044,7540058,1,0,"[1, 0]"
1096044,7540058,0,0,"[1, 0]"
1096044,7540058,2,0,"[0, 1]"
1096044,7540058,1,0,"[0, 1]"
1096044,7540058,3,0,"[0, 1]"
1096044,7540058,5,0,"[0, 1]"
1096044,7540058,4,0,"[0, 1]"
1096044,7540058,6,0,"[0, 1]"
1096044,7540058,9,0,"[0, 1]"
1096044,7540058,7,0,"[0, 1]"
1096044,7540058,12,0,"[0, 1]"
1096044,7540058,11,0,"[0, 1]"
1096044,7540058,10,0,"[0, 1]"
1096044,7540058,8,0,"[0, 1]"
1096044,7540058,19,0,"[0, 1]"
1096044,7540058,18,0,"[0, 1]"
1096044,7540058,21,0,"[0, 1]"
1096044,7540058,17,0,"[0, 1]"
1096044,7540058,16,0,"[0, 1]"
1096044,7540058,27,0,"[0, 1]"
1096044,7540058,29,0,"[0, 1]"
1096044,7540058,22,0,"[0, 1]"
1096044,7540058,59,0,"[0, 1]"
1096044,7540058,56,0,"[0, 1]"
1096044,7540058,52,0,"[0, 1]"
1096044,7540058,48,0,"[0, 1]"
1096044,7540058,58,0,"[0, 1]"
1096044,7540058,40,0,"[0, 1]"
1096044,7540058,62,0,"[0, 1]"
1096044,7540058,47,0,"[0, 1]"
1096044,7540058,61,0,"[0, 1]"
1096044,7540058,54,0,"[0, 1]"
1096044,7540058,109,0,"[0, 1]"
1096044,7540058,122,0,"[0, 1]"
1096044,7540058,126,0,"[0, 1]"
1096044,7540058,124,0,"[0, 1]"
1096044,7540058,81,0,"[0, 1]"
1096044,7540058,94,0,"[0, 1]"
1096044,7540058,66,0,"[0, 1]"
1096044,7540058,113,0,"[0, 1]"
1096044,7540058,65,0,"[0, 1]"
1096044,7540058,104,0,"[0, 1]"
1096044,7540058,102,0,"[0, 1]"
1096044,7540058,80,0,"[0, 1]"
1096044,7540058,173,0,"[0, 1]"
1096044,7540058,158,0,"[0, 1]"
1096044,7540058,174,0,"[0, 1]"
1096044,7540058,206,0,"[0, 1]"
1096044,7540058,238,0,"[0, 1]"
1096044,7540058,240,0,"[0, 1]"
1096044,7540058,154,0,"[0, 1]"
1096044,7540058,182,0,"[0, 1]"
1096044,7540058,167,0,"[0, 1]"
1096044,7540058,180,0,"[0, 1]"
1096044,7540058,249,0,"[0, 1]"
1096044,7540058,130,0,"[0, 1]"
1096044,7540058,145,0,"[0, 1]"
1096044,7540058,235,0,"[0, 1]"
1096044,7540058,463,0,"[0, 1]"
1096044,7540058,429,0,"[0, 1]"
1096044,7540058,257,0,"[0, 1]"
1096044,7540058,420,0,"[0, 1]"
1096044,7540058,289,0,"[0, 1]"
1096044,7540058,435,0,"[0, 1]"
1096044,7540058,508,0,"[0, 1]"
1096044,7540058,368,0,"[0, 1]"
1096044,7540058,305,0,"[0, 1]"
1096044,7540058,285,0,"[0, 1]"
1096044,7540058,445,0,"[0, 1]"
1096044,7540058,425,0,"[0, 1]"
1096044,7540058,294,0,"[0, 1]"
1096044,7540058,373,0,"[0, 1]"
1096044,7540058,430,0,"[0, 1]"
1096044,7540058,348,0,"[0, 1]"
1096044,7540058,714,0,"[0, 1]"
1096044,7540058,659,0,"[0, 1]"
1096044,7540058,713,0,"[0, 1]"
1096044,7540058,849,0,"[0, 1]"
1096044,7540058,562,0,"[0, 1]"
1096044,7540058,867,0,"[0, 1]"
1096044,7540058,728,0,"[0, 1]"
1096044,7540058,879,0,"[0, 1]"
1096044,7540058,804,0,"[0, 1]"
1096044,7540058,935,0,"[0, 1]"
1096044,7540058,601,0,"[0, 1]"
1096044,7540058,836,0,"[0, 1]"
1096044,7540058,569,0,"[0, 1]"
1096044,7540058,630,0,"[0, 1]"
1096044,7540058,551,0,"[0, 1]"
1096044,7540058,559,0,"[0, 1]"
1096044,7540058,868,0,"[0, 1]"
1096044,7540058,694,0,"[0, 1]"
1096044,7540058,1738,0,"[0, 1]"
1096044,7540058,1621,0,"[0, 1]"
1096044,7540058,1202,0,"[0, 1]"
1096044,7540058,1687,0,"[0, 1]"
1096044,7540058,2031,0,"[0, 1]"
1096044,7540058,1428,0,"[0, 1]"
1096044,7540058,1654,0,"[0, 1]"
1096044,7540058,1161,0,"[0, 1]"
1096044,7540058,1763,0,"[0, 1]"
1096044,7540058,1529,0,"[0, 1]"
1096044,7540058,1158,0,"[0, 1]"
1096044,7540058,1747,0,"[0, 1]"
1096044,7540058,1525,0,"[0, 1]"
1096044,7540058,1123,0,"[0, 1]"
1096044,7540058,1937,0,"[0, 1]"
1096044,7540058,1787,0,"[0, 1]"
1096044,7540058,1572,0,"[0, 1]"
1096044,7540058,2030,0,"[0, 1]"
1096044,7540058,1384,0,"[0, 1]"
1096044,7540058,1269,0,"[0, 1]"
1096044,7540058,2216,0,"[0, 1]"
1096044,7540058,3068,0,"[0, 1]"
1096044,7540058,2100,0,"[0, 1]"
1096044,7540058,3392,0,"[0, 1]"
1096044,7540058,2660,0,"[0, 1]"
1096044,7540058,2647,0,"[0, 1]"
1096044,7540058,3788,0,"[0, 1]"
1096044,7540058,3776,0,"[0, 1]"
1096044,7540058,3148,0,"[0, 1]"
1096044,7540058,2156,0,"[0, 1]"
1096044,7540058,2709,0,"[0, 1]"
1096044,7540058,3673,0,"[0, 1]"
1096044,7540058,3724,0,"[0, 1]"
1096044,7540058,3474,0,"[0, 1]"
1096044,7540058,2358,0,"[0, 1]"
1096044,7540058,2223,0,"[0, 1]"
1096044,7540058,2783,0,"[0, 1]"
1096044,7540058,3986,0,"[0, 1]"
1096044,7540058,2572,0,"[0, 1]"
1096044,7540058,2403,0,"[0, 1]"
1096044,7540058,3711,0,"[0, 1]"
1096044,7540058,2535,0,"[0, 1]"
1096044,7540058,7086051,1,"[0, 1]"
1096044,7540058,7093109,1,"[0, 1]"
1096044,7540058,7460033,1,"[0, 1]"
1096044,7540058,7092963,1,"[0, 1]"
1096044,7540058,7128560,1,"[0, 1]"
1096044,7540058,7153433,1,"[0, 1]"
1096044,7540058,4699,0,"[0, 1]"
1096044,7540058,7128602,1,"[0, 1]"
1096044,7540058,4177,0,"[0, 1]"
1096044,7540058,7623179,1,"[0, 1]"
1096044,7540058,4559,0,"[0, 1]"
1096044,7540058,4525,0,"[0, 1]"
1096044,7540058,3471973,1,"[0, 1]"
1096044,7540058,7159381,1,"[0, 1]"
1096044,7540058,2256696,1,"[0, 1]"
1096044,7540058,7431182,1,"[0, 1]"
1096044,7540058,7275120,1,"[0, 1]"
1096044,7540058,7123933,1,"[0, 1]"
1096044,7540058,4356,0,"[0, 1]"
1096044,7540058,7307244,1,"[0, 1]"
1096044,7540058,4871,0,"[0, 1]"
1096044,7540058,3358283,1,"[0, 1]"
1096044,7540058,4446,0,"[0, 1]"
1096044,7540058,7523050,1,"[0, 1]"
705687,7540508,7540508,1,"[1, 0]"
705687,7540508,4343,0,"[1, 0]"
705687,7540508,2610,0,"[1, 0]"
705687,7540508,1304,0,"[1, 0]"
705687,7540508,651,0,"[1, 0]"
705687,7540508,325,0,"[1, 0]"
705687,7540508,162,0,"[1, 0]"
705687,7540508,80,0,"[1, 0]"
705687,7540508,39,0,"[1, 0]"
705687,7540508,19,0,"[1, 0]"
705687,7540508,9,0,"[1, 0]"
705687,7540508,4,0,"[1, 0]"
705687,7540508,1,0,"[1, 0]"
705687,7540508,0,0,"[1, 0]"
705687,7540508,2,0,"[0, 1]"
705687,7540508,1,0,"[0, 1]"
705687,7540508,4,0,"[0, 1]"
705687,7540508,6,0,"[0, 1]"
705687,7540508,3,0,"[0, 1]"
705687,7540508,5,0,"[0, 1]"
705687,7540508,7,0,"[0, 1]"
705687,7540508,14,0,"[0, 1]"
705687,7540508,9,0,"[0, 1]"
705687,7540508,11,0,"[0, 1]"
705687,7540508,12,0,"[0, 1]"
705687,7540508,13,0,"[0, 1]"
705687,7540508,27,0,"[0, 1]"
705687,7540508,24,0,"[0, 1]"
705687,7540508,30,0,"[0, 1]"
705687,7540508,23,0,"[0, 1]"
705687,7540508,20,0,"[0, 1]"
705687,7540508,26,0,"[0, 1]"
705687,7540508,25,0,"[0, 1]"
705687,7540508,19,0,"[0, 1]"
705687,7540508,36,0,"[0, 1]"
705687,7540508,62,0,"[0, 1]"
705687,7540508,44,0,"[0, 1]"
705687,7540508,32,0,"[0, 1]"
705687,7540508,45,0,"[0, 1]"
705687,7540508,59,0,"[0, 1]"
705687,7540508,49,0,"[0, 1]"
705687,7540508,58,0,"[0, 1]"
705687,7540508,56,0,"[0, 1]"
705687,7540508,34,0,"[0, 1]"
705687,7540508,83,0,"[0, 1]"
705687,7540508,66,0,"[0, 1]"
705687,7540508,65,0,"[0, 1]"
705687,7540508,99,0,"[0, 1]"
705687,7540508,102,0,"[0, 1]"
705687,7540508,71,0,"[0, 1]"
705687,7540508,101,0,"[0, 1]"
705687,7540508,103,0,"[0, 1]"
705687,7540508,114,0,"[0, 1]"
705687,7540508,80,0,"[0, 1]"
705687,7540508,87,0,"[0, 1]"
705687,7540508,82,0,"[0, 1]"
705687,7540508,214,0,"[0, 1]"
705687,7540508,201,0,"[0, 1]"
705687,7540508,141,0,"[0, 1]"
705687,7540508,131,0,"[0, 1]"
705687,7540508,192,0,"[0, 1]"
705687,7540508,154,0,"[0, 1]"
705687,7540508,171,0,"[0, 1]"
705687,7540508,196,0,"[0, 1]"
705687,7540508,160,0,"[0, 1]"
705687,7540508,220,0,"[0, 1]"
705687,7540508,242,0,"[0, 1]"
705687,7540508,140,0,"[0, 1]"
705687,7540508,133,0,"[0, 1]"
705687,7540508,254,0,"[0, 1]"
705687,7540508,384,0,"[0, 1]"
705687,7540508,302,0,"[0, 1]"
705687,7540508,370,0,"[0, 1]"
705687,7540508,321,0,"[0, 1]"
705687,7540508,432,0,"[0, 1]"
705687,7540508,431,0,"[0, 1]"
705687,7540508,491,0,"[0, 1]"
705687,7540508,270,0,"[0, 1]"
705687,7540508,344,0,"[0, 1]"
705687,7540508,307,0,"[0, 1]"
705687,7540508,406,0,"[0, 1]"
705687,7540508,473,0,"[0, 1]"
705687,7540508,438,0,"[0, 1]"
705687,7540508,447,0,"[0, 1]"
705687,7540508,455,0,"[0, 1]"
705687,7540508,319,0,"[0, 1]"
705687,7540508,863,0,"[0, 1]"
705687,7540508,997,0,"[0, 1]"
705687,7540508,559,0,"[0, 1]"
705687,7540508,871,0,"[0, 1]"
705687,7540508,588,0,"[0, 1]"
705687,7540508,666,0,"[0, 1]"
705687,7540508,591,0,"[0, 1]"
705687,7540508,933,0,"[0, 1]"
705687,7540508,712,0,"[0, 1]"
705687,7540508,552,0,"[0, 1]"
705687,7540508,750,0,"[0, 1]"
705687,7540508,570,0,"[0, 1]"
705687,7540508,794,0,"[0, 1]"
705687,7540508,692,0,"[0, 1]"
705687,7540508,560,0,"[0, 1]"
705687,7540508,525,0,"[0, 1]"
705687,7540508,685,0,"[0, 1]"
705687,7540508,567,0,"[0, 1]"
705687,7540508,1824,0,"[0, 1]"
705687,7540508,1142,0,"[0, 1]"
705687,7540508,1360,0,"[0, 1]"
705687,7540508,1586,0,"[0, 1]"
705687,7540508,1947,0,"[0, 1]"
705687,7540508,1114,0,"[0, 1]"
705687,7540508,1561,0,"[0, 1]"
705687,7540508,1439,0,"[0, 1]"
705687,7540508,1320,0,"[0, 1]"
705687,7540508,1326,0,"[0, 1]"
705687,7540508,2009,0,"[0, 1]"
705687,7540508,1197,0,"[0, 1]"
705687,7540508,1875,0,"[0, 1]"
705687,7540508,1951,0,"[0, 1]"
705687,7540508,1153,0,"[0, 1]"
705687,7540508,1795,0,"[0, 1]"
705687,7540508,1157,0,"[0, 1]"
705687,7540508,1793,0,"[0, 1]"
705687,7540508,1655,0,"[0, 1]"
705687,7540508,1724,0,"[0, 1]"
705687,7540508,3025,0,"[0, 1]"
705687,7540508,3885,0,"[0, 1]"
705687,7540508,2999,0,"[0, 1]"
705687,7540508,3992,0,"[0, 1]"
705687,7540508,3212,0,"[0, 1]"
705687,7540508,3359,0,"[0, 1]"
705687,7540508,4088,0,"[0, 1]"
705687,7540508,2076,0,"[0, 1]"
705687,7540508,2890,0,"[0, 1]"
705687,7540508,2452,0,"[0, 1]"
705687,7540508,3544,0,"[0, 1]"
705687,7540508,3077,0,"[0, 1]"
705687,7540508,3117,0,"[0, 1]"
705687,7540508,2058,0,"[0, 1]"
705687,7540508,3393,0,"[0, 1]"
705687,7540508,3180,0,"[0, 1]"
705687,7540508,3510,0,"[0, 1]"
705687,7540508,3345,0,"[0, 1]"
705687,7540508,2904,0,"[0, 1]"
705687,7540508,3509,0,"[0, 1]"
705687,7540508,2238,0,"[0, 1]"
705687,7540508,3903,0,"[0, 1]"
705687,7540508,7391920,1,"[0, 1]"
705687,7540508,7500436,1,"[0, 1]"
705687,7540508,4292,0,"[0, 1]"
705687,7540508,7351322,1,"[0, 1]"
705687,7540508,7394410,1,"[0, 1]"
705687,7540508,7140358,1,"[0, 1]"
705687,7540508,7214632,1,"[0, 1]"
705687,7540508,1696122,1,"[0, 1]"
705687,7540508,7319322,1,"[0, 1]"
705687,7540508,552451,1,"[0, 1]"
705687,7540508,7092963,1,"[0, 1]"
705687,7540508,7294846,1,"[0, 1]"
705687,7540508,7241339,1,"[0, 1]"
705687,7540508,7294715,1,"[0, 1]"
705687,7540508,7112303,1,"[0, 1]"
705687,7540508,2863753,1,"[0, 1]"
705687,7540508,7198959,1,"[0, 1]"
705687,7540508,3724143,1,"[0, 1]"
705687,7540508,4960,0,"[0, 1]"
705687,7540508,7199352,1,"[0, 1]"
705687,7540508,7217940,1,"[0, 1]"
705687,7540508,7450500,1,"[0, 1]"
705687,7540508,7593721,1,"[0, 1]"
705687,7540508,4924,0,"[0, 1]"
705687,7540508,822108,1,"[0, 1]"
705687,7540508,4920146,1,"[0, 1]"
705687,7540508,7134010,1,"[0, 1]"
705687,7540508,7075317,1,"[0, 1]"
705687,7540508,2872182,1,"[0, 1]"
705687,7540508,7365930,1,"[0, 1]"
705687,7540508,7603877,1,"[0, 1]"
705687,7540508,526189,1,"[0, 1]"
705687,7540508,7506197,1,"[0, 1]"
705687,7540508,7148363,1,"[0, 1]"
705687,7540508,7296524,1,"[0, 1]"
705687,7540508,7498811,1,"[0, 1]"
705687,7540508,7075218,1,"[0, 1]"
705687,7540508,7682835,1,"[0, 1]"
705687,7540508,7165026,1,"[0, 1]"
705687,7540508,7459755,1,"[0, 1]"
705687,7540508,1567596,1,"[0, 1]"
705687,7540508,7264569,1,"[0, 1]"
705687,7540508,7499533,1,"[0, 1]"
705687,7540508,7558571,1,"[0, 1]"
705687,7540508,7616897,1,"[0, 1]"
705687,7540508,1721889,1,"[0, 1]"
705687,7540508,7273159,1,"[0, 1]"
705687,7540508,7249575,1,"[0, 1]"
705687,7540508,7651608,1,"[0, 1]"
705687,7540508,7097061,1,"[0, 1]"
513061,7540748,7540748,1,"[1, 0]"
513061,7540748,4102,0,"[1, 0]"
513061,7540748,2063,0,"[1, 0]"
513061,7540748,1031,0,"[1, 0]"
513061,7540748,515,0,"[1, 0]"
513061,7540748,257,0,"[1, 0]"
513061,7540748,128,0,"[1, 0]"
513061,7540748,63,0,"[1, 0]"
513061,7540748,31,0,"[1, 0]"
513061,7540748,15,0,"[1, 0]"
513061,7540748,7,0,"[1, 0]"
513061,7540748,3,0,"[1, 0]"
513061,7540748,1,0,"[1, 0]"
513061,7540748,0,0,"[1, 0]"
513061,7540748,1,0,"[0, 1]"
513061,7540748,2,0,"[0, 1]"
513061,7540748,6,0,"[0, 1]"
513061,7540748,5,0,"[0, 1]"
513061,7540748,3,0,"[0, 1]"
513061,7540748,4,0,"[0, 1]"
513061,7540748,9,0,"[0, 1]"
513061,7540748,7,0,"[0, 1]"
513061,7540748,11,0,"[0, 1]"
513061,7540748,10,0,"[0, 1]"
513061,7540748,8,0,"[0, 1]"
513061,7540748,14,0,"[0, 1]"
513061,7540748,30,0,"[0, 1]"
513061,7540748,19,0,"[0, 1]"
513061,7540748,29,0,"[0, 1]"
513061,7540748,28,0,"[0, 1]"
513061,7540748,26,0,"[0, 1]"
513061,7540748,22,0,"[0, 1]"
513061,7540748,16,0,"[0, 1]"
513061,7540748,24,0,"[0, 1]"
513061,7540748,37,0,"[0, 1]"
513061,7540748,38,0,"[0, 1]"
513061,7540748,45,0,"[0, 1]"
513061,7540748,48,0,"[0, 1]"
513061,7540748,32,0,"[0, 1]"
513061,7540748,46,0,"[0, 1]"
513061,7540748,41,0,"[0, 1]"
513061,7540748,59,0,"[0, 1]"
513061,7540748,61,0,"[0, 1]"
513061,7540748,54,0,"[0, 1]"
513061,7540748,86,0,"[0, 1]"
513061,7540748,117,0,"[0, 1]"
513061,7540748,123,0,"[0, 1]"
513061,7540748,121,0,"[0, 1]"
513061,7540748,108,0,"[0, 1]"
513061,7540748,64,0,"[0, 1]"
513061,7540748,72,0,"[0, 1]"
513061,7540748,78,0,"[0, 1]"
513061,7540748,104,0,"[0, 1]"
513061,7540748,74,0,"[0, 1]"
513061,7540748,66,0,"[0, 1]"
513061,7540748,113,0,"[0, 1]"
513061,7540748,235,0,"[0, 1]"
513061,7540748,176,0,"[0, 1]"
513061,7540748,149,0,"[0, 1]"
513061,7540748,220,0,"[0, 1]"
513061,7540748,154,0,"[0, 1]"
513061,7540748,129,0,"[0, 1]"
513061,7540748,241,0,"[0, 1]"
513061,7540748,231,0,"[0, 1]"
513061,7540748,158,0,"[0, 1]"
513061,7540748,219,0,"[0, 1]"
513061,7540748,193,0,"[0, 1]"
513061,7540748,153,0,"[0, 1]"
513061,7540748,200,0,"[0, 1]"
513061,7540748,229,0,"[0, 1]"
513061,7540748,414,0,"[0, 1]"
513061,7540748,351,0,"[0, 1]"
513061,7540748,361,0,"[0, 1]"
513061,7540748,272,0,"[0, 1]"
513061,7540748,381,0,"[0, 1]"
513061,7540748,293,0,"[0, 1]"
513061,7540748,505,0,"[0, 1]"
513061,7540748,320,0,"[0, 1]"
513061,7540748,299,0,"[0, 1]"
513061,7540748,277,0,"[0, 1]"
513061,7540748,357,0,"[0, 1]"
513061,7540748,439,0,"[0, 1]"
513061,7540748,264,0,"[0, 1]"
513061,7540748,458,0,"[0, 1]"
513061,7540748,410,0,"[0, 1]"
513061,7540748,325,0,"[0, 1]"
513061,7540748,886,0,"[0, 1]"
513061,7540748,528,0,"[0, 1]"
513061,7540748,1007,0,"[0, 1]"
513061,7540748,586,0,"[0, 1]"
513061,7540748,801,0,"[0, 1]"
513061,7540748,539,0,"[0, 1]"
513061,7540748,596,0,"[0, 1]"
513061,7540748,514,0,"[0, 1]"
513061,7540748,834,0,"[0, 1]"
513061,7540748,560,0,"[0, 1]"
513061,7540748,963,0,"[0, 1]"
513061,7540748,645,0,"[0, 1]"
513061,7540748,790,0,"[0, 1]"
513061,7540748,622,0,"[0, 1]"
513061,7540748,967,0,"[0, 1]"
513061,7540748,776,0,"[0, 1]"
513061,7540748,513,0,"[0, 1]"
513061,7540748,519,0,"[0, 1]"
513061,7540748,1072,0,"[0, 1]"
513061,7540748,1252,0,"[0, 1]"
513061,7540748,1400,0,"[0, 1]"
513061,7540748,2011,0,"[0, 1]"
513061,7540748,1128,0,"[0, 1]"
513061,7540748,1305,0,"[0, 1]"
513061,7540748,1990,0,"[0, 1]"
513061,7540748,1972,0,"[0, 1]"
513061,7540748,1134,0,"[0, 1]"
513061,7540748,1246,0,"[0, 1]"
513061,7540748,2009,0,"[0, 1]"
513061,7540748,1245,0,"[0, 1]"
513061,7540748,1359,0,"[0, 1]"
513061,7540748,1562,0,"[0, 1]"
513061,7540748,1989,0,"[0, 1]"
513061,7540748,1399,0,"[0, 1]"
513061,7540748,1867,0,"[0, 1]"
513061,7540748,1367,0,"[0, 1]"
513061,7540748,1466,0,"[0, 1]"
513061,7540748,1482,0,"[0, 1]"
513061,7540748,3674,0,"[0, 1]"
513061,7540748,3376,0,"[0, 1]"
513061,7540748,3951,0,"[0, 1]"
513061,7540748,2805,0,"[0, 1]"
513061,7540748,2286,0,"[0, 1]"
513061,7540748,2105,0,"[0, 1]"
513061,7540748,2740,0,"[0, 1]"
513061,7540748,2432,0,"[0, 1]"
513061,7540748,2810,0,"[0, 1]"
513061,7540748,3013,0,"[0, 1]"
513061,7540748,2408,0,"[0, 1]"
513061,7540748,3615,0,"[0, 1]"
513061,7540748,3126,0,"[0, 1]"
513061,7540748,3259,0,"[0, 1]"
513061,7540748,3166,0,"[0, 1]"
513061,7540748,4047,0,"[0, 1]"
513061,7540748,3545,0,"[0, 1]"
513061,7540748,2911,0,"[0, 1]"
513061,7540748,4018,0,"[0, 1]"
513061,7540748,3517,0,"[0, 1]"
513061,7540748,3889,0,"[0, 1]"
513061,7540748,2607,0,"[0, 1]"
513061,7540748,7488358,1,"[0, 1]"
513061,7540748,7541256,1,"[0, 1]"
513061,7540748,4965,0,"[0, 1]"
513061,7540748,4510,0,"[0, 1]"
513061,7540748,1944454,1,"[0, 1]"
513061,7540748,4858,0,"[0, 1]"
513061,7540748,7461042,1,"[0, 1]"
513061,7540748,7403311,1,"[0, 1]"
513061,7540748,7437034,1,"[0, 1]"
513061,7540748,7085194,1,"[0, 1]"
513061,7540748,7254481,1,"[0, 1]"
513061,7540748,7142526,1,"[0, 1]"
513061,7540748,7227997,1,"[0, 1]"
513061,7540748,7563535,1,"[0, 1]"
513061,7540748,7133523,1,"[0, 1]"
513061,7540748,7557306,1,"[0, 1]"
513061,7540748,7366036,1,"[0, 1]"
513061,7540748,7107525,1,"[0, 1]"
513061,7540748,1549440,1,"[0, 1]"
513061,7540748,7534976,1,"[0, 1]"
513061,7540748,4526,0,"[0, 1]"
513061,7540748,7297024,1,"[0, 1]"
513061,7540748,4951,0,"[0, 1]"
513061,7540748,7337323,1,"[0, 1]"
513061,7540748,7077382,1,"[0, 1]"
513061,7540748,999958,1,"[0, 1]"
513061,7540748,7623229,1,"[0, 1]"
513061,7540748,7072326,1,"[0, 1]"
513061,7540748,7137904,1,"[0, 1]"
513061,7540748,7264235,1,"[0, 1]"
513061,7540748,7183698,1,"[0, 1]"
513061,7540748,4103115,1,"[0, 1]"
513061,7540748,7068520,1,"[0, 1]"
513061,7540748,7233492,1,"[0, 1]"
513061,7540748,7583254,1,"[0, 1]"
513061,7540748,7588511,1,"[0, 1]"
513061,7540748,5475009,1,"[0, 1]"
513061,7540748,297186,1,"[0, 1]"
513061,7540748,7290134,1,"[0, 1]"
513061,7540748,7562097,1,"[0, 1]"
513061,7540748,7674927,1,"[0, 1]"
513061,7540748,7314664,1,"[0, 1]"
513061,7540748,7318636,1,"[0, 1]"
513061,7540748,7660272,1,"[0, 1]"
513061,7540748,7216249,1,"[0, 1]"
513061,7540748,7561627,1,"[0, 1]"
513061,7540748,7639945,1,"[0, 1]"
513061,7540748,7458144,1,"[0, 1]"
513061,7540748,7510466,1,"[0, 1]"
513061,7540748,7610712,1,"[0, 1]"
554738,7540757,7540757,1,"[1, 0]"
554738,7540757,3395,0,"[1, 0]"
554738,7540757,1697,0,"[1, 0]"
554738,7540757,848,0,"[1, 0]"
554738,7540757,423,0,"[1, 0]"
554738,7540757,211,0,"[1, 0]"
554738,7540757,105,0,"[1, 0]"
554738,7540757,52,0,"[1, 0]"
554738,7540757,25,0,"[1, 0]"
554738,7540757,12,0,"[1, 0]"
554738,7540757,5,0,"[1, 0]"
554738,7540757,2,0,"[1, 0]"
554738,7540757,0,0,"[1, 0]"
554738,7540757,1,0,"[0, 1]"
554738,7540757,2,0,"[0, 1]"
554738,7540757,3,0,"[0, 1]"
554738,7540757,5,0,"[0, 1]"
554738,7540757,6,0,"[0, 1]"
554738,7540757,4,0,"[0, 1]"
554738,7540757,14,0,"[0, 1]"
554738,7540757,12,0,"[0, 1]"
554738,7540757,11,0,"[0, 1]"
554738,7540757,9,0,"[0, 1]"
554738,7540757,8,0,"[0, 1]"
554738,7540757,10,0,"[0, 1]"
554738,7540757,25,0,"[0, 1]"
554738,7540757,24,0,"[0, 1]"
554738,7540757,16,0,"[0, 1]"
554738,7540757,20,0,"[0, 1]"
554738,7540757,29,0,"[0, 1]"
554738,7540757,22,0,"[0, 1]"
554738,7540757,18,0,"[0, 1]"
554738,7540757,17,0,"[0, 1]"
554738,7540757,53,0,"[0, 1]"
554738,7540757,48,0,"[0, 1]"
554738,7540757,42,0,"[0, 1]"
554738,7540757,56,0,"[0, 1]"
554738,7540757,38,0,"[0, 1]"
554738,7540757,37,0,"[0, 1]"
554738,7540757,54,0,"[0, 1]"
554738,7540757,46,0,"[0, 1]"
554738,7540757,50,0,"[0, 1]"
554738,7540757,41,0,"[0, 1]"
554738,7540757,112,0,"[0, 1]"
554738,7540757,95,0,"[0, 1]"
554738,7540757,67,0,"[0, 1]"
554738,7540757,119,0,"[0, 1]"
554738,7540757,76,0,"[0, 1]"
554738,7540757,82,0,"[0, 1]"
554738,7540757,98,0,"[0, 1]"
554738,7540757,77,0,"[0, 1]"
554738,7540757,124,0,"[0, 1]"
554738,7540757,115,0,"[0, 1]"
554738,7540757,70,0,"[0, 1]"
554738,7540757,106,0,"[0, 1]"
554738,7540757,144,0,"[0, 1]"
554738,7540757,193,0,"[0, 1]"
554738,7540757,200,0,"[0, 1]"
554738,7540757,237,0,"[0, 1]"
554738,7540757,183,0,"[0, 1]"
554738,7540757,188,0,"[0, 1]"
554738,7540757,243,0,"[0, 1]"
554738,7540757,191,0,"[0, 1]"
554738,7540757,223,0,"[0, 1]"
554738,7540757,249,0,"[0, 1]"
554738,7540757,141,0,"[0, 1]"
554738,7540757,177,0,"[0, 1]"
554738,7540757,178,0,"[0, 1]"
554738,7540757,127,0,"[0, 1]"
554738,7540757,448,0,"[0, 1]"
554738,7540757,333,0,"[0, 1]"
554738,7540757,266,0,"[0, 1]"
554738,7540757,459,0,"[0, 1]"
554738,7540757,386,0,"[0, 1]"
554738,7540757,445,0,"[0, 1]"
554738,7540757,337,0,"[0, 1]"
554738,7540757,442,0,"[0, 1]"
554738,7540757,297,0,"[0, 1]"
554738,7540757,388,0,"[0, 1]"
554738,7540757,311,0,"[0, 1]"
554738,7540757,291,0,"[0, 1]"
554738,7540757,494,0,"[0, 1]"
554738,7540757,397,0,"[0, 1]"
554738,7540757,426,0,"[0, 1]"
554738,7540757,449,0,"[0, 1]"
554738,7540757,550,0,"[0, 1]"
554738,7540757,849,0,"[0, 1]"
554738,7540757,760,0,"[0, 1]"
554738,7540757,651,0,"[0, 1]"
554738,7540757,998,0,"[0, 1]"
554738,7540757,935,0,"[0, 1]"
554738,7540757,877,0,"[0, 1]"
554738,7540757,803,0,"[0, 1]"
554738,7540757,991,0,"[0, 1]"
554738,7540757,795,0,"[0, 1]"
554738,7540757,523,0,"[0, 1]"
554738,7540757,614,0,"[0, 1]"
554738,7540757,703,0,"[0, 1]"
554738,7540757,891,0,"[0, 1]"
554738,7540757,951,0,"[0, 1]"
554738,7540757,587,0,"[0, 1]"
554738,7540757,700,0,"[0, 1]"
554738,7540757,634,0,"[0, 1]"
554738,7540757,1751,0,"[0, 1]"
554738,7540757,1285,0,"[0, 1]"
554738,7540757,1916,0,"[0, 1]"
554738,7540757,1992,0,"[0, 1]"
554738,7540757,2038,0,"[0, 1]"
554738,7540757,1280,0,"[0, 1]"
554738,7540757,1200,0,"[0, 1]"
554738,7540757,1761,0,"[0, 1]"
554738,7540757,1392,0,"[0, 1]"
554738,7540757,1808,0,"[0, 1]"
554738,7540757,1396,0,"[0, 1]"
554738,7540757,2025,0,"[0, 1]"
554738,7540757,1490,0,"[0, 1]"
554738,7540757,1492,0,"[0, 1]"
554738,7540757,1230,0,"[0, 1]"
554738,7540757,2035,0,"[0, 1]"
554738,7540757,1303,0,"[0, 1]"
554738,7540757,1687,0,"[0, 1]"
554738,7540757,1072,0,"[0, 1]"
554738,7540757,1510,0,"[0, 1]"
554738,7540757,3437,0,"[0, 1]"
554738,7540757,3725,0,"[0, 1]"
554738,7540757,2297,0,"[0, 1]"
554738,7540757,2836,0,"[0, 1]"
554738,7540757,2238,0,"[0, 1]"
554738,7540757,3537,0,"[0, 1]"
554738,7540757,2964,0,"[0, 1]"
554738,7540757,3011,0,"[0, 1]"
554738,7540757,2870,0,"[0, 1]"
554738,7540757,3974,0,"[0, 1]"
554738,7540757,3612,0,"[0, 1]"
554738,7540757,2718,0,"[0, 1]"
554738,7540757,4002,0,"[0, 1]"
554738,7540757,3564,0,"[0, 1]"
554738,7540757,3013,0,"[0, 1]"
554738,7540757,2270,0,"[0, 1]"
554738,7540757,3859,0,"[0, 1]"
554738,7540757,2419,0,"[0, 1]"
554738,7540757,2057,0,"[0, 1]"
554738,7540757,3257,0,"[0, 1]"
554738,7540757,2225,0,"[0, 1]"
554738,7540757,2937,0,"[0, 1]"
554738,7540757,58347,1,"[0, 1]"
554738,7540757,7498056,1,"[0, 1]"
554738,7540757,4745,0,"[0, 1]"
554738,7540757,7430645,1,"[0, 1]"
554738,7540757,7285745,1,"[0, 1]"
554738,7540757,4951,0,"[0, 1]"
554738,7540757,7265145,1,"[0, 1]"
554738,7540757,3041918,1,"[0, 1]"
554738,7540757,7640131,1,"[0, 1]"
554738,7540757,7231345,1,"[0, 1]"
554738,7540757,4816,0,"[0, 1]"
554738,7540757,7243610,1,"[0, 1]"
554738,7540757,1365657,1,"[0, 1]"
554738,7540757,3266196,1,"[0, 1]"
554738,7540757,4179,0,"[0, 1]"
554738,7540757,2904176,1,"[0, 1]"
554738,7540757,7231966,1,"[0, 1]"
554738,7540757,7147356,1,"[0, 1]"
554738,7540757,7183652,1,"[0, 1]"
554738,7540757,4534,0,"[0, 1]"
554738,7540757,4724,0,"[0, 1]"
554738,7540757,7631636,1,"[0, 1]"
554738,7540757,7220130,1,"[0, 1]"
554738,7540757,7183600,1,"[0, 1]"
66161,7540805,7540805,1,"[1, 0]"
66161,7540805,4508,0,"[1, 0]"
66161,7540805,2984,0,"[1, 0]"
66161,7540805,1491,0,"[1, 0]"
66161,7540805,745,0,"[1, 0]"
66161,7540805,372,0,"[1, 0]"
66161,7540805,185,0,"[1, 0]"
66161,7540805,92,0,"[1, 0]"
66161,7540805,45,0,"[1, 0]"
66161,7540805,22,0,"[1, 0]"
66161,7540805,10,0,"[1, 0]"
66161,7540805,4,0,"[1, 0]"
66161,7540805,1,0,"[1, 0]"
66161,7540805,0,0,"[1, 0]"
66161,7540805,1,0,"[0, 1]"
66161,7540805,2,0,"[0, 1]"
66161,7540805,6,0,"[0, 1]"
66161,7540805,4,0,"[0, 1]"
66161,7540805,5,0,"[0, 1]"
66161,7540805,3,0,"[0, 1]"
66161,7540805,8,0,"[0, 1]"
66161,7540805,10,0,"[0, 1]"
66161,7540805,14,0,"[0, 1]"
66161,7540805,13,0,"[0, 1]"
66161,7540805,12,0,"[0, 1]"
66161,7540805,7,0,"[0, 1]"
66161,7540805,30,0,"[0, 1]"
66161,7540805,19,0,"[0, 1]"
66161,7540805,28,0,"[0, 1]"
66161,7540805,20,0,"[0, 1]"
66161,7540805,23,0,"[0, 1]"
66161,7540805,29,0,"[0, 1]"
66161,7540805,26,0,"[0, 1]"
66161,7540805,18,0,"[0, 1]"
66161,7540805,40,0,"[0, 1]"
66161,7540805,35,0,"[0, 1]"
66161,7540805,44,0,"[0, 1]"
66161,7540805,46,0,"[0, 1]"
66161,7540805,56,0,"[0, 1]"
66161,7540805,58,0,"[0, 1]"
66161,7540805,48,0,"[0, 1]"
66161,7540805,51,0,"[0, 1]"
66161,7540805,59,0,"[0, 1]"
66161,7540805,36,0,"[0, 1]"
66161,7540805,87,0,"[0, 1]"
66161,7540805,126,0,"[0, 1]"
66161,7540805,79,0,"[0, 1]"
66161,7540805,104,0,"[0, 1]"
66161,7540805,114,0,"[0, 1]"
66161,7540805,110,0,"[0, 1]"
66161,7540805,95,0,"[0, 1]"
66161,7540805,69,0,"[0, 1]"
66161,7540805,85,0,"[0, 1]"
66161,7540805,124,0,"[0, 1]"
66161,7540805,123,0,"[0, 1]"
66161,7540805,93,0,"[0, 1]"
66161,7540805,218,0,"[0, 1]"
66161,7540805,128,0,"[0, 1]"
66161,7540805,135,0,"[0, 1]"
66161,7540805,194,0,"[0, 1]"
66161,7540805,204,0,"[0, 1]"
66161,7540805,203,0,"[0, 1]"
66161,7540805,165,0,"[0, 1]"
66161,7540805,210,0,"[0, 1]"
66161,7540805,147,0,"[0, 1]"
66161,7540805,252,0,"[0, 1]"
66161,7540805,156,0,"[0, 1]"
66161,7540805,214,0,"[0, 1]"
66161,7540805,199,0,"[0, 1]"
66161,7540805,152,0,"[0, 1]"
66161,7540805,314,0,"[0, 1]"
66161,7540805,325,0,"[0, 1]"
66161,7540805,273,0,"[0, 1]"
66161,7540805,333,0,"[0, 1]"
66161,7540805,345,0,"[0, 1]"
66161,7540805,373,0,"[0, 1]"
66161,7540805,353,0,"[0, 1]"
66161,7540805,310,0,"[0, 1]"
66161,7540805,393,0,"[0, 1]"
66161,7540805,315,0,"[0, 1]"
66161,7540805,450,0,"[0, 1]"
66161,7540805,414,0,"[0, 1]"
66161,7540805,327,0,"[0, 1]"
66161,7540805,362,0,"[0, 1]"
66161,7540805,356,0,"[0, 1]"
66161,7540805,415,0,"[0, 1]"
66161,7540805,943,0,"[0, 1]"
66161,7540805,513,0,"[0, 1]"
66161,7540805,582,0,"[0, 1]"
66161,7540805,894,0,"[0, 1]"
66161,7540805,690,0,"[0, 1]"
66161,7540805,765,0,"[0, 1]"
66161,7540805,764,0,"[0, 1]"
66161,7540805,623,0,"[0, 1]"
66161,7540805,602,0,"[0, 1]"
66161,7540805,801,0,"[0, 1]"
66161,7540805,519,0,"[0, 1]"
66161,7540805,603,0,"[0, 1]"
66161,7540805,543,0,"[0, 1]"
66161,7540805,902,0,"[0, 1]"
66161,7540805,997,0,"[0, 1]"
66161,7540805,553,0,"[0, 1]"
66161,7540805,835,0,"[0, 1]"
66161,7540805,996,0,"[0, 1]"
66161,7540805,1763,0,"[0, 1]"
66161,7540805,1290,0,"[0, 1]"
66161,7540805,1972,0,"[0, 1]"
66161,7540805,1045,0,"[0, 1]"
66161,7540805,1610,0,"[0, 1]"
66161,7540805,1120,0,"[0, 1]"
66161,7540805,1687,0,"[0, 1]"
66161,7540805,1932,0,"[0, 1]"
66161,7540805,1891,0,"[0, 1]"
66161,7540805,1559,0,"[0, 1]"
66161,7540805,1793,0,"[0, 1]"
66161,7540805,1492,0,"[0, 1]"
66161,7540805,1265,0,"[0, 1]"
66161,7540805,1789,0,"[0, 1]"
66161,7540805,1352,0,"[0, 1]"
66161,7540805,1613,0,"[0, 1]"
66161,7540805,1848,0,"[0, 1]"
66161,7540805,1705,0,"[0, 1]"
66161,7540805,2037,0,"[0, 1]"
66161,7540805,1531,0,"[0, 1]"
66161,7540805,2140,0,"[0, 1]"
66161,7540805,3732,0,"[0, 1]"
66161,7540805,2527,0,"[0, 1]"
66161,7540805,2503,0,"[0, 1]"
66161,7540805,3037,0,"[0, 1]"
66161,7540805,3414,0,"[0, 1]"
66161,7540805,3092,0,"[0, 1]"
66161,7540805,3730,0,"[0, 1]"
66161,7540805,3566,0,"[0, 1]"
66161,7540805,2231,0,"[0, 1]"
66161,7540805,2121,0,"[0, 1]"
66161,7540805,3914,0,"[0, 1]"
66161,7540805,2256,0,"[0, 1]"
66161,7540805,3861,0,"[0, 1]"
66161,7540805,3955,0,"[0, 1]"
66161,7540805,2976,0,"[0, 1]"
66161,7540805,2956,0,"[0, 1]"
66161,7540805,3261,0,"[0, 1]"
66161,7540805,3170,0,"[0, 1]"
66161,7540805,3433,0,"[0, 1]"
66161,7540805,3787,0,"[0, 1]"
66161,7540805,2959,0,"[0, 1]"
66161,7540805,7608098,1,"[0, 1]"
66161,7540805,7229846,1,"[0, 1]"
66161,7540805,7662607,1,"[0, 1]"
66161,7540805,7489283,1,"[0, 1]"
66161,7540805,7285745,1,"[0, 1]"
66161,7540805,7155348,1,"[0, 1]"
66161,7540805,7298521,1,"[0, 1]"
66161,7540805,4143,0,"[0, 1]"
66161,7540805,7565966,1,"[0, 1]"
66161,7540805,7550499,1,"[0, 1]"
66161,7540805,7263747,1,"[0, 1]"
66161,7540805,7257315,1,"[0, 1]"
66161,7540805,2378522,1,"[0, 1]"
66161,7540805,7354370,1,"[0, 1]"
66161,7540805,4296,0,"[0, 1]"
66161,7540805,7533400,1,"[0, 1]"
66161,7540805,4610,0,"[0, 1]"
66161,7540805,7581592,1,"[0, 1]"
66161,7540805,4757,0,"[0, 1]"
66161,7540805,4182,0,"[0, 1]"
66161,7540805,7515975,1,"[0, 1]"
66161,7540805,1399463,1,"[0, 1]"
66161,7540805,1365657,1,"[0, 1]"
66161,7540805,7197033,1,"[0, 1]"
66161,7540805,2094900,1,"[0, 1]"
66161,7540805,7661632,1,"[0, 1]"
66161,7540805,7405208,1,"[0, 1]"
66161,7540805,876066,1,"[0, 1]"
66161,7540805,7189195,1,"[0, 1]"
66161,7540805,7451184,1,"[0, 1]"
66161,7540805,2629412,1,"[0, 1]"
66161,7540805,7349096,1,"[0, 1]"
66161,7540805,7659857,1,"[0, 1]"
66161,7540805,7249642,1,"[0, 1]"
66161,7540805,7503570,1,"[0, 1]"
66161,7540805,7102509,1,"[0, 1]"
66161,7540805,7265664,1,"[0, 1]"
66161,7540805,7129704,1,"[0, 1]"
66161,7540805,7490616,1,"[0, 1]"
66161,7540805,7215701,1,"[0, 1]"
66161,7540805,7621161,1,"[0, 1]"
66161,7540805,7610005,1,"[0, 1]"
66161,7540805,822108,1,"[0, 1]"
66161,7540805,7214586,1,"[0, 1]"
66161,7540805,7624604,1,"[0, 1]"
66161,7540805,7377272,1,"[0, 1]"
66161,7540805,7262575,1,"[0, 1]"
66161,7540805,7534196,1,"[0, 1]"
66161,7540805,7559170,1,"[0, 1]"
66161,7540805,7156466,1,"[0, 1]"
116517,7541154,7541154,1,"[1, 0]"
116517,7541154,2218,0,"[1, 0]"
116517,7541154,1108,0,"[1, 0]"
116517,7541154,553,0,"[1, 0]"
116517,7541154,276,0,"[1, 0]"
116517,7541154,137,0,"[1, 0]"
116517,7541154,68,0,"[1, 0]"
116517,7541154,33,0,"[1, 0]"
116517,7541154,16,0,"[1, 0]"
116517,7541154,7,0,"[1, 0]"
116517,7541154,3,0,"[1, 0]"
116517,7541154,1,0,"[1, 0]"
116517,7541154,0,0,"[1, 0]"
116517,7541154,1,0,"[0, 1]"
116517,7541154,2,0,"[0, 1]"
116517,7541154,5,0,"[0, 1]"
116517,7541154,4,0,"[0, 1]"
116517,7541154,6,0,"[0, 1]"
116517,7541154,3,0,"[0, 1]"
116517,7541154,9,0,"[0, 1]"
116517,7541154,13,0,"[0, 1]"
116517,7541154,7,0,"[0, 1]"
116517,7541154,14,0,"[0, 1]"
116517,7541154,11,0,"[0, 1]"
116517,7541154,8,0,"[0, 1]"
116517,7541154,21,0,"[0, 1]"
116517,7541154,30,0,"[0, 1]"
116517,7541154,15,0,"[0, 1]"
116517,7541154,27,0,"[0, 1]"
116517,7541154,19,0,"[0, 1]"
116517,7541154,26,0,"[0, 1]"
116517,7541154,24,0,"[0, 1]"
116517,7541154,16,0,"[0, 1]"
116517,7541154,47,0,"[0, 1]"
116517,7541154,44,0,"[0, 1]"
116517,7541154,52,0,"[0, 1]"
116517,7541154,60,0,"[0, 1]"
116517,7541154,38,0,"[0, 1]"
116517,7541154,37,0,"[0, 1]"
116517,7541154,34,0,"[0, 1]"
116517,7541154,39,0,"[0, 1]"
116517,7541154,48,0,"[0, 1]"
116517,7541154,50,0,"[0, 1]"
116517,7541154,89,0,"[0, 1]"
116517,7541154,111,0,"[0, 1]"
116517,7541154,65,0,"[0, 1]"
116517,7541154,87,0,"[0, 1]"
116517,7541154,71,0,"[0, 1]"
116517,7541154,88,0,"[0, 1]"
116517,7541154,104,0,"[0, 1]"
116517,7541154,114,0,"[0, 1]"
116517,7541154,121,0,"[0, 1]"
116517,7541154,106,0,"[0, 1]"
116517,7541154,93,0,"[0, 1]"
116517,7541154,73,0,"[0, 1]"
116517,7541154,155,0,"[0, 1]"
116517,7541154,213,0,"[0, 1]"
116517,7541154,245,0,"[0, 1]"
116517,7541154,144,0,"[0, 1]"
116517,7541154,134,0,"[0, 1]"
116517,7541154,211,0,"[0, 1]"
116517,7541154,128,0,"[0, 1]"
116517,7541154,174,0,"[0, 1]"
116517,7541154,243,0,"[0, 1]"
116517,7541154,215,0,"[0, 1]"
116517,7541154,247,0,"[0, 1]"
116517,7541154,127,0,"[0, 1]"
116517,7541154,181,0,"[0, 1]"
116517,7541154,147,0,"[0, 1]"
116517,7541154,283,0,"[0, 1]"
116517,7541154,417,0,"[0, 1]"
116517,7541154,509,0,"[0, 1]"
116517,7541154,401,0,"[0, 1]"
116517,7541154,328,0,"[0, 1]"
116517,7541154,427,0,"[0, 1]"
116517,7541154,294,0,"[0, 1]"
116517,7541154,323,0,"[0, 1]"
116517,7541154,472,0,"[0, 1]"
116517,7541154,363,0,"[0, 1]"
116517,7541154,335,0,"[0, 1]"
116517,7541154,256,0,"[0, 1]"
116517,7541154,349,0,"[0, 1]"
116517,7541154,362,0,"[0, 1]"
116517,7541154,486,0,"[0, 1]"
116517,7541154,346,0,"[0, 1]"
116517,7541154,855,0,"[0, 1]"
116517,7541154,980,0,"[0, 1]"
116517,7541154,568,0,"[0, 1]"
116517,7541154,951,0,"[0, 1]"
116517,7541154,794,0,"[0, 1]"
116517,7541154,754,0,"[0, 1]"
116517,7541154,945,0,"[0, 1]"
116517,7541154,843,0,"[0, 1]"
116517,7541154,672,0,"[0, 1]"
116517,7541154,948,0,"[0, 1]"
116517,7541154,664,0,"[0, 1]"
116517,7541154,770,0,"[0, 1]"
116517,7541154,1001,0,"[0, 1]"
116517,7541154,678,0,"[0, 1]"
116517,7541154,590,0,"[0, 1]"
116517,7541154,716,0,"[0, 1]"
116517,7541154,737,0,"[0, 1]"
116517,7541154,961,0,"[0, 1]"
116517,7541154,1270,0,"[0, 1]"
116517,7541154,1458,0,"[0, 1]"
116517,7541154,1747,0,"[0, 1]"
116517,7541154,2042,0,"[0, 1]"
116517,7541154,1707,0,"[0, 1]"
116517,7541154,1162,0,"[0, 1]"
116517,7541154,1723,0,"[0, 1]"
116517,7541154,1105,0,"[0, 1]"
116517,7541154,1387,0,"[0, 1]"
116517,7541154,1581,0,"[0, 1]"
116517,7541154,1906,0,"[0, 1]"
116517,7541154,1774,0,"[0, 1]"
116517,7541154,1585,0,"[0, 1]"
116517,7541154,1759,0,"[0, 1]"
116517,7541154,1630,0,"[0, 1]"
116517,7541154,1683,0,"[0, 1]"
116517,7541154,1197,0,"[0, 1]"
116517,7541154,1202,0,"[0, 1]"
116517,7541154,1691,0,"[0, 1]"
116517,7541154,1056,0,"[0, 1]"
116517,7541154,3299,0,"[0, 1]"
116517,7541154,3495,0,"[0, 1]"
116517,7541154,3333,0,"[0, 1]"
116517,7541154,2100,0,"[0, 1]"
116517,7541154,2861,0,"[0, 1]"
116517,7541154,3150,0,"[0, 1]"
116517,7541154,2202,0,"[0, 1]"
116517,7541154,2977,0,"[0, 1]"
116517,7541154,3622,0,"[0, 1]"
116517,7541154,3519,0,"[0, 1]"
116517,7541154,3526,0,"[0, 1]"
116517,7541154,3724,0,"[0, 1]"
116517,7541154,3711,0,"[0, 1]"
116517,7541154,4021,0,"[0, 1]"
116517,7541154,2091,0,"[0, 1]"
116517,7541154,3729,0,"[0, 1]"
116517,7541154,2079,0,"[0, 1]"
116517,7541154,3188,0,"[0, 1]"
116517,7541154,3454,0,"[0, 1]"
116517,7541154,2733,0,"[0, 1]"
116517,7541154,3636,0,"[0, 1]"
116517,7541154,2615,0,"[0, 1]"
116517,7541154,4586,0,"[0, 1]"
116517,7541154,7105192,1,"[0, 1]"
116517,7541154,670741,1,"[0, 1]"
116517,7541154,7474705,1,"[0, 1]"
116517,7541154,7085194,1,"[0, 1]"
116517,7541154,7577350,1,"[0, 1]"
116517,7541154,7339275,1,"[0, 1]"
116517,7541154,3624309,1,"[0, 1]"
116517,7541154,4741,0,"[0, 1]"
116517,7541154,4499,0,"[0, 1]"
116517,7541154,493988,1,"[0, 1]"
116517,7541154,4392,0,"[0, 1]"
116517,7541154,4201,0,"[0, 1]"
116517,7541154,7509051,1,"[0, 1]"
116517,7541154,103776,1,"[0, 1]"
116517,7541154,4621,0,"[0, 1]"
116517,7541154,7301549,1,"[0, 1]"
116517,7541154,7173901,1,"[0, 1]"
116517,7541154,7201034,1,"[0, 1]"
116517,7541154,7236861,1,"[0, 1]"
116517,7541154,4788847,1,"[0, 1]"
116517,7541154,7246634,1,"[0, 1]"
116517,7541154,7525624,1,"[0, 1]"
116517,7541154,7621202,1,"[0, 1]"
663950,7541223,7541223,1,"[1, 0]"
663950,7541223,4850,0,"[1, 0]"
663950,7541223,3760,0,"[1, 0]"
663950,7541223,1879,0,"[1, 0]"
663950,7541223,939,0,"[1, 0]"
663950,7541223,469,0,"[1, 0]"
663950,7541223,234,0,"[1, 0]"
663950,7541223,116,0,"[1, 0]"
663950,7541223,57,0,"[1, 0]"
663950,7541223,28,0,"[1, 0]"
663950,7541223,13,0,"[1, 0]"
663950,7541223,6,0,"[1, 0]"
663950,7541223,2,0,"[1, 0]"
663950,7541223,0,0,"[1, 0]"
663950,7541223,1,0,"[0, 1]"
663950,7541223,2,0,"[0, 1]"
663950,7541223,5,0,"[0, 1]"
663950,7541223,6,0,"[0, 1]"
663950,7541223,4,0,"[0, 1]"
663950,7541223,3,0,"[0, 1]"
663950,7541223,9,0,"[0, 1]"
663950,7541223,13,0,"[0, 1]"
663950,7541223,14,0,"[0, 1]"
663950,7541223,12,0,"[0, 1]"
663950,7541223,8,0,"[0, 1]"
663950,7541223,10,0,"[0, 1]"
663950,7541223,17,0,"[0, 1]"
663950,7541223,18,0,"[0, 1]"
663950,7541223,28,0,"[0, 1]"
663950,7541223,25,0,"[0, 1]"
663950,7541223,23,0,"[0, 1]"
663950,7541223,16,0,"[0, 1]"
663950,7541223,22,0,"[0, 1]"
663950,7541223,19,0,"[0, 1]"
663950,7541223,43,0,"[0, 1]"
663950,7541223,59,0,"[0, 1]"
663950,7541223,48,0,"[0, 1]"
663950,7541223,55,0,"[0, 1]"
663950,7541223,56,0,"[0, 1]"
663950,7541223,36,0,"[0, 1]"
663950,7541223,54,0,"[0, 1]"
663950,7541223,61,0,"[0, 1]"
663950,7541223,45,0,"[0, 1]"
663950,7541223,42,0,"[0, 1]"
663950,7541223,70,0,"[0, 1]"
663950,7541223,88,0,"[0, 1]"
663950,7541223,77,0,"[0, 1]"
663950,7541223,117,0,"[0, 1]"
663950,7541223,68,0,"[0, 1]"
663950,7541223,123,0,"[0, 1]"
663950,7541223,69,0,"[0, 1]"
663950,7541223,121,0,"[0, 1]"
663950,7541223,85,0,"[0, 1]"
663950,7541223,112,0,"[0, 1]"
663950,7541223,94,0,"[0, 1]"
663950,7541223,64,0,"[0, 1]"
663950,7541223,241,0,"[0, 1]"
663950,7541223,183,0,"[0, 1]"
663950,7541223,128,0,"[0, 1]"
663950,7541223,185,0,"[0, 1]"
663950,7541223,229,0,"[0, 1]"
663950,7541223,248,0,"[0, 1]"
663950,7541223,186,0,"[0, 1]"
663950,7541223,233,0,"[0, 1]"
663950,7541223,172,0,"[0, 1]"
663950,7541223,238,0,"[0, 1]"
663950,7541223,251,0,"[0, 1]"
663950,7541223,179,0,"[0, 1]"
663950,7541223,175,0,"[0, 1]"
663950,7541223,173,0,"[0, 1]"
663950,7541223,257,0,"[0, 1]"
663950,7541223,494,0,"[0, 1]"
663950,7541223,453,0,"[0, 1]"
663950,7541223,324,0,"[0, 1]"
663950,7541223,335,0,"[0, 1]"
663950,7541223,400,0,"[0, 1]"
663950,7541223,488,0,"[0, 1]"
663950,7541223,451,0,"[0, 1]"
663950,7541223,417,0,"[0, 1]"
663950,7541223,308,0,"[0, 1]"
663950,7541223,377,0,"[0, 1]"
663950,7541223,316,0,"[0, 1]"
663950,7541223,460,0,"[0, 1]"
663950,7541223,291,0,"[0, 1]"
663950,7541223,385,0,"[0, 1]"
663950,7541223,508,0,"[0, 1]"
663950,7541223,815,0,"[0, 1]"
663950,7541223,558,0,"[0, 1]"
663950,7541223,979,0,"[0, 1]"
663950,7541223,744,0,"[0, 1]"
663950,7541223,865,0,"[0, 1]"
663950,7541223,619,0,"[0, 1]"
663950,7541223,791,0,"[0, 1]"
663950,7541223,578,0,"[0, 1]"
663950,7541223,594,0,"[0, 1]"
663950,7541223,813,0,"[0, 1]"
663950,7541223,923,0,"[0, 1]"
663950,7541223,907,0,"[0, 1]"
663950,7541223,660,0,"[0, 1]"
663950,7541223,924,0,"[0, 1]"
663950,7541223,802,0,"[0, 1]"
663950,7541223,581,0,"[0, 1]"
663950,7541223,773,0,"[0, 1]"
663950,7541223,868,0,"[0, 1]"
663950,7541223,1468,0,"[0, 1]"
663950,7541223,1332,0,"[0, 1]"
663950,7541223,1672,0,"[0, 1]"
663950,7541223,1804,0,"[0, 1]"
663950,7541223,1274,0,"[0, 1]"
663950,7541223,1367,0,"[0, 1]"
663950,7541223,1786,0,"[0, 1]"
663950,7541223,1719,0,"[0, 1]"
663950,7541223,1420,0,"[0, 1]"
663950,7541223,1585,0,"[0, 1]"
663950,7541223,1490,0,"[0, 1]"
663950,7541223,1674,0,"[0, 1]"
663950,7541223,1296,0,"[0, 1]"
663950,7541223,1319,0,"[0, 1]"
663950,7541223,1961,0,"[0, 1]"
663950,7541223,1046,0,"[0, 1]"
663950,7541223,1419,0,"[0, 1]"
663950,7541223,1656,0,"[0, 1]"
663950,7541223,1139,0,"[0, 1]"
663950,7541223,1269,0,"[0, 1]"
663950,7541223,3875,0,"[0, 1]"
663950,7541223,2330,0,"[0, 1]"
663950,7541223,3615,0,"[0, 1]"
663950,7541223,3729,0,"[0, 1]"
663950,7541223,2522,0,"[0, 1]"
663950,7541223,3414,0,"[0, 1]"
663950,7541223,2063,0,"[0, 1]"
663950,7541223,3020,0,"[0, 1]"
663950,7541223,2701,0,"[0, 1]"
663950,7541223,2429,0,"[0, 1]"
663950,7541223,2262,0,"[0, 1]"
663950,7541223,3360,0,"[0, 1]"
663950,7541223,3458,0,"[0, 1]"
663950,7541223,3796,0,"[0, 1]"
663950,7541223,3514,0,"[0, 1]"
663950,7541223,2466,0,"[0, 1]"
663950,7541223,3385,0,"[0, 1]"
663950,7541223,3731,0,"[0, 1]"
663950,7541223,2624,0,"[0, 1]"
663950,7541223,3748,0,"[0, 1]"
663950,7541223,3654,0,"[0, 1]"
663950,7541223,3690,0,"[0, 1]"
663950,7541223,4376,0,"[0, 1]"
663950,7541223,4119,0,"[0, 1]"
663950,7541223,7206269,1,"[0, 1]"
663950,7541223,4938,0,"[0, 1]"
663950,7541223,7078754,1,"[0, 1]"
663950,7541223,4749,0,"[0, 1]"
663950,7541223,7461042,1,"[0, 1]"
663950,7541223,3470752,1,"[0, 1]"
663950,7541223,7655302,1,"[0, 1]"
663950,7541223,1696361,1,"[0, 1]"
663950,7541223,7075870,1,"[0, 1]"
663950,7541223,7156376,1,"[0, 1]"
663950,7541223,4429,0,"[0, 1]"
663950,7541223,7239183,1,"[0, 1]"
663950,7541223,4292,0,"[0, 1]"
663950,7541223,3358283,1,"[0, 1]"
663950,7541223,7308294,1,"[0, 1]"
663950,7541223,7164470,1,"[0, 1]"
663950,7541223,4604,0,"[0, 1]"
663950,7541223,4775,0,"[0, 1]"
663950,7541223,7474484,1,"[0, 1]"
663950,7541223,7636207,1,"[0, 1]"
663950,7541223,4406,0,"[0, 1]"
663950,7541223,4130,0,"[0, 1]"
663950,7541223,7459902,1,"[0, 1]"
663950,7541223,7402761,1,"[0, 1]"
663950,7541223,7681283,1,"[0, 1]"
663950,7541223,7249337,1,"[0, 1]"
663950,7541223,7354202,1,"[0, 1]"
663950,7541223,7133800,1,"[0, 1]"
663950,7541223,7646090,1,"[0, 1]"
663950,7541223,7227653,1,"[0, 1]"
663950,7541223,7261053,1,"[0, 1]"
663950,7541223,7260612,1,"[0, 1]"
663950,7541223,542028,1,"[0, 1]"
663950,7541223,7586302,1,"[0, 1]"
663950,7541223,7132766,1,"[0, 1]"
663950,7541223,7605167,1,"[0, 1]"
663950,7541223,7628696,1,"[0, 1]"
663950,7541223,7084213,1,"[0, 1]"
663950,7541223,7284446,1,"[0, 1]"
663950,7541223,7357514,1,"[0, 1]"
663950,7541223,7395566,1,"[0, 1]"
663950,7541223,1567056,1,"[0, 1]"
663950,7541223,7383919,1,"[0, 1]"
663950,7541223,2570970,1,"[0, 1]"
663950,7541223,7533828,1,"[0, 1]"
663950,7541223,7406933,1,"[0, 1]"
663950,7541223,1285360,1,"[0, 1]"
663950,7541223,7237410,1,"[0, 1]"
384985,7541256,7541256,1,"[1, 0]"
384985,7541256,3356,0,"[1, 0]"
384985,7541256,1677,0,"[1, 0]"
384985,7541256,838,0,"[1, 0]"
384985,7541256,418,0,"[1, 0]"
384985,7541256,208,0,"[1, 0]"
384985,7541256,103,0,"[1, 0]"
384985,7541256,51,0,"[1, 0]"
384985,7541256,25,0,"[1, 0]"
384985,7541256,12,0,"[1, 0]"
384985,7541256,5,0,"[1, 0]"
384985,7541256,2,0,"[1, 0]"
384985,7541256,0,0,"[1, 0]"
384985,7541256,2,0,"[0, 1]"
384985,7541256,1,0,"[0, 1]"
384985,7541256,3,0,"[0, 1]"
384985,7541256,5,0,"[0, 1]"
384985,7541256,4,0,"[0, 1]"
384985,7541256,6,0,"[0, 1]"
384985,7541256,13,0,"[0, 1]"
384985,7541256,12,0,"[0, 1]"
384985,7541256,14,0,"[0, 1]"
384985,7541256,8,0,"[0, 1]"
384985,7541256,9,0,"[0, 1]"
384985,7541256,7,0,"[0, 1]"
384985,7541256,30,0,"[0, 1]"
384985,7541256,20,0,"[0, 1]"
384985,7541256,23,0,"[0, 1]"
384985,7541256,22,0,"[0, 1]"
384985,7541256,29,0,"[0, 1]"
384985,7541256,27,0,"[0, 1]"
384985,7541256,15,0,"[0, 1]"
384985,7541256,17,0,"[0, 1]"
384985,7541256,54,0,"[0, 1]"
384985,7541256,57,0,"[0, 1]"
384985,7541256,34,0,"[0, 1]"
384985,7541256,41,0,"[0, 1]"
384985,7541256,62,0,"[0, 1]"
384985,7541256,52,0,"[0, 1]"
384985,7541256,61,0,"[0, 1]"
384985,7541256,35,0,"[0, 1]"
384985,7541256,51,0,"[0, 1]"
384985,7541256,55,0,"[0, 1]"
384985,7541256,113,0,"[0, 1]"
384985,7541256,91,0,"[0, 1]"
384985,7541256,102,0,"[0, 1]"
384985,7541256,90,0,"[0, 1]"
384985,7541256,75,0,"[0, 1]"
384985,7541256,101,0,"[0, 1]"
384985,7541256,67,0,"[0, 1]"
384985,7541256,116,0,"[0, 1]"
384985,7541256,96,0,"[0, 1]"
384985,7541256,63,0,"[0, 1]"
384985,7541256,81,0,"[0, 1]"
384985,7541256,123,0,"[0, 1]"
384985,7541256,153,0,"[0, 1]"
384985,7541256,169,0,"[0, 1]"
384985,7541256,139,0,"[0, 1]"
384985,7541256,235,0,"[0, 1]"
384985,7541256,162,0,"[0, 1]"
384985,7541256,127,0,"[0, 1]"
384985,7541256,176,0,"[0, 1]"
384985,7541256,221,0,"[0, 1]"
384985,7541256,146,0,"[0, 1]"
384985,7541256,217,0,"[0, 1]"
384985,7541256,175,0,"[0, 1]"
384985,7541256,215,0,"[0, 1]"
384985,7541256,181,0,"[0, 1]"
384985,7541256,232,0,"[0, 1]"
384985,7541256,430,0,"[0, 1]"
384985,7541256,400,0,"[0, 1]"
384985,7541256,261,0,"[0, 1]"
384985,7541256,315,0,"[0, 1]"
384985,7541256,371,0,"[0, 1]"
384985,7541256,275,0,"[0, 1]"
384985,7541256,290,0,"[0, 1]"
384985,7541256,373,0,"[0, 1]"
384985,7541256,300,0,"[0, 1]"
384985,7541256,397,0,"[0, 1]"
384985,7541256,377,0,"[0, 1]"
384985,7541256,458,0,"[0, 1]"
384985,7541256,448,0,"[0, 1]"
384985,7541256,345,0,"[0, 1]"
384985,7541256,489,0,"[0, 1]"
384985,7541256,425,0,"[0, 1]"
384985,7541256,858,0,"[0, 1]"
384985,7541256,825,0,"[0, 1]"
384985,7541256,925,0,"[0, 1]"
384985,7541256,706,0,"[0, 1]"
384985,7541256,753,0,"[0, 1]"
384985,7541256,584,0,"[0, 1]"
384985,7541256,792,0,"[0, 1]"
384985,7541256,723,0,"[0, 1]"
384985,7541256,647,0,"[0, 1]"
384985,7541256,688,0,"[0, 1]"
384985,7541256,995,0,"[0, 1]"
384985,7541256,682,0,"[0, 1]"
384985,7541256,774,0,"[0, 1]"
384985,7541256,671,0,"[0, 1]"
384985,7541256,1014,0,"[0, 1]"
384985,7541256,910,0,"[0, 1]"
384985,7541256,704,0,"[0, 1]"
384985,7541256,812,0,"[0, 1]"
384985,7541256,1680,0,"[0, 1]"
384985,7541256,1587,0,"[0, 1]"
384985,7541256,1494,0,"[0, 1]"
384985,7541256,1808,0,"[0, 1]"
384985,7541256,1308,0,"[0, 1]"
384985,7541256,1378,0,"[0, 1]"
384985,7541256,1091,0,"[0, 1]"
384985,7541256,1150,0,"[0, 1]"
384985,7541256,1327,0,"[0, 1]"
384985,7541256,1828,0,"[0, 1]"
384985,7541256,1287,0,"[0, 1]"
384985,7541256,1425,0,"[0, 1]"
384985,7541256,1862,0,"[0, 1]"
384985,7541256,1683,0,"[0, 1]"
384985,7541256,1721,0,"[0, 1]"
384985,7541256,1952,0,"[0, 1]"
384985,7541256,1755,0,"[0, 1]"
384985,7541256,1495,0,"[0, 1]"
384985,7541256,1583,0,"[0, 1]"
384985,7541256,1836,0,"[0, 1]"
384985,7541256,3716,0,"[0, 1]"
384985,7541256,3221,0,"[0, 1]"
384985,7541256,2176,0,"[0, 1]"
384985,7541256,2948,0,"[0, 1]"
384985,7541256,2219,0,"[0, 1]"
384985,7541256,3274,0,"[0, 1]"
384985,7541256,2903,0,"[0, 1]"
384985,7541256,3971,0,"[0, 1]"
384985,7541256,2973,0,"[0, 1]"
384985,7541256,3158,0,"[0, 1]"
384985,7541256,3399,0,"[0, 1]"
384985,7541256,3043,0,"[0, 1]"
384985,7541256,3602,0,"[0, 1]"
384985,7541256,3124,0,"[0, 1]"
384985,7541256,2420,0,"[0, 1]"
384985,7541256,2259,0,"[0, 1]"
384985,7541256,3369,0,"[0, 1]"
384985,7541256,2051,0,"[0, 1]"
384985,7541256,2671,0,"[0, 1]"
384985,7541256,3284,0,"[0, 1]"
384985,7541256,2402,0,"[0, 1]"
384985,7541256,2965,0,"[0, 1]"
384985,7541256,4607,0,"[0, 1]"
384985,7541256,4846315,1,"[0, 1]"
384985,7541256,4897,0,"[0, 1]"
384985,7541256,7493194,1,"[0, 1]"
384985,7541256,7394410,1,"[0, 1]"
384985,7541256,4920,0,"[0, 1]"
384985,7541256,7523255,1,"[0, 1]"
384985,7541256,7130584,1,"[0, 1]"
384985,7541256,4851,0,"[0, 1]"
384985,7541256,7119787,1,"[0, 1]"
384985,7541256,4969080,1,"[0, 1]"
384985,7541256,7070950,1,"[0, 1]"
384985,7541256,7451198,1,"[0, 1]"
384985,7541256,4174,0,"[0, 1]"
384985,7541256,7424207,1,"[0, 1]"
384985,7541256,4550,0,"[0, 1]"
384985,7541256,7108115,1,"[0, 1]"
384985,7541256,7365925,1,"[0, 1]"
384985,7541256,7475238,1,"[0, 1]"
384985,7541256,7654094,1,"[0, 1]"
384985,7541256,3935093,1,"[0, 1]"
384985,7541256,7268866,1,"[0, 1]"
384985,7541256,4860,0,"[0, 1]"
384985,7541256,7195770,1,"[0, 1]"
658498,7541334,7541334,1,"[1, 0]"
658498,7541334,2480,0,"[1, 0]"
658498,7541334,1239,0,"[1, 0]"
658498,7541334,619,0,"[1, 0]"
658498,7541334,309,0,"[1, 0]"
658498,7541334,154,0,"[1, 0]"
658498,7541334,76,0,"[1, 0]"
658498,7541334,37,0,"[1, 0]"
658498,7541334,18,0,"[1, 0]"
658498,7541334,8,0,"[1, 0]"
658498,7541334,3,0,"[1, 0]"
658498,7541334,1,0,"[1, 0]"
658498,7541334,0,0,"[1, 0]"
658498,7541334,2,0,"[0, 1]"
658498,7541334,1,0,"[0, 1]"
658498,7541334,6,0,"[0, 1]"
658498,7541334,5,0,"[0, 1]"
658498,7541334,3,0,"[0, 1]"
658498,7541334,4,0,"[0, 1]"
658498,7541334,12,0,"[0, 1]"
658498,7541334,7,0,"[0, 1]"
658498,7541334,8,0,"[0, 1]"
658498,7541334,11,0,"[0, 1]"
658498,7541334,14,0,"[0, 1]"
658498,7541334,13,0,"[0, 1]"
658498,7541334,23,0,"[0, 1]"
658498,7541334,28,0,"[0, 1]"
658498,7541334,25,0,"[0, 1]"
658498,7541334,16,0,"[0, 1]"
658498,7541334,27,0,"[0, 1]"
658498,7541334,17,0,"[0, 1]"
658498,7541334,29,0,"[0, 1]"
658498,7541334,18,0,"[0, 1]"
658498,7541334,33,0,"[0, 1]"
658498,7541334,34,0,"[0, 1]"
658498,7541334,62,0,"[0, 1]"
658498,7541334,35,0,"[0, 1]"
658498,7541334,36,0,"[0, 1]"
658498,7541334,38,0,"[0, 1]"
658498,7541334,32,0,"[0, 1]"
658498,7541334,59,0,"[0, 1]"
658498,7541334,40,0,"[0, 1]"
658498,7541334,43,0,"[0, 1]"
658498,7541334,125,0,"[0, 1]"
658498,7541334,76,0,"[0, 1]"
658498,7541334,72,0,"[0, 1]"
658498,7541334,114,0,"[0, 1]"
658498,7541334,75,0,"[0, 1]"
658498,7541334,113,0,"[0, 1]"
658498,7541334,106,0,"[0, 1]"
658498,7541334,92,0,"[0, 1]"
658498,7541334,63,0,"[0, 1]"
658498,7541334,122,0,"[0, 1]"
658498,7541334,111,0,"[0, 1]"
658498,7541334,118,0,"[0, 1]"
658498,7541334,250,0,"[0, 1]"
658498,7541334,129,0,"[0, 1]"
658498,7541334,142,0,"[0, 1]"
658498,7541334,225,0,"[0, 1]"
658498,7541334,133,0,"[0, 1]"
658498,7541334,208,0,"[0, 1]"
658498,7541334,148,0,"[0, 1]"
658498,7541334,181,0,"[0, 1]"
658498,7541334,167,0,"[0, 1]"
658498,7541334,194,0,"[0, 1]"
658498,7541334,141,0,"[0, 1]"
658498,7541334,132,0,"[0, 1]"
658498,7541334,209,0,"[0, 1]"
658498,7541334,180,0,"[0, 1]"
658498,7541334,282,0,"[0, 1]"
658498,7541334,324,0,"[0, 1]"
658498,7541334,270,0,"[0, 1]"
658498,7541334,328,0,"[0, 1]"
658498,7541334,388,0,"[0, 1]"
658498,7541334,284,0,"[0, 1]"
658498,7541334,340,0,"[0, 1]"
658498,7541334,347,0,"[0, 1]"
658498,7541334,306,0,"[0, 1]"
658498,7541334,452,0,"[0, 1]"
658498,7541334,310,0,"[0, 1]"
658498,7541334,353,0,"[0, 1]"
658498,7541334,339,0,"[0, 1]"
658498,7541334,412,0,"[0, 1]"
658498,7541334,281,0,"[0, 1]"
658498,7541334,392,0,"[0, 1]"
658498,7541334,1008,0,"[0, 1]"
658498,7541334,897,0,"[0, 1]"
658498,7541334,693,0,"[0, 1]"
658498,7541334,765,0,"[0, 1]"
658498,7541334,669,0,"[0, 1]"
658498,7541334,577,0,"[0, 1]"
658498,7541334,1004,0,"[0, 1]"
658498,7541334,838,0,"[0, 1]"
658498,7541334,857,0,"[0, 1]"
658498,7541334,546,0,"[0, 1]"
658498,7541334,900,0,"[0, 1]"
658498,7541334,653,0,"[0, 1]"
658498,7541334,985,0,"[0, 1]"
658498,7541334,540,0,"[0, 1]"
658498,7541334,627,0,"[0, 1]"
658498,7541334,749,0,"[0, 1]"
658498,7541334,631,0,"[0, 1]"
658498,7541334,939,0,"[0, 1]"
658498,7541334,1176,0,"[0, 1]"
658498,7541334,1565,0,"[0, 1]"
658498,7541334,1382,0,"[0, 1]"
658498,7541334,2034,0,"[0, 1]"
658498,7541334,1048,0,"[0, 1]"
658498,7541334,2019,0,"[0, 1]"
658498,7541334,1208,0,"[0, 1]"
658498,7541334,2030,0,"[0, 1]"
658498,7541334,1253,0,"[0, 1]"
658498,7541334,1246,0,"[0, 1]"
658498,7541334,1940,0,"[0, 1]"
658498,7541334,1398,0,"[0, 1]"
658498,7541334,1149,0,"[0, 1]"
658498,7541334,1876,0,"[0, 1]"
658498,7541334,1968,0,"[0, 1]"
658498,7541334,1606,0,"[0, 1]"
658498,7541334,1596,0,"[0, 1]"
658498,7541334,1648,0,"[0, 1]"
658498,7541334,1679,0,"[0, 1]"
658498,7541334,1810,0,"[0, 1]"
658498,7541334,2592,0,"[0, 1]"
658498,7541334,3368,0,"[0, 1]"
658498,7541334,3028,0,"[0, 1]"
658498,7541334,2533,0,"[0, 1]"
658498,7541334,3930,0,"[0, 1]"
658498,7541334,2631,0,"[0, 1]"
658498,7541334,3031,0,"[0, 1]"
658498,7541334,2816,0,"[0, 1]"
658498,7541334,3690,0,"[0, 1]"
658498,7541334,2662,0,"[0, 1]"
658498,7541334,4034,0,"[0, 1]"
658498,7541334,2804,0,"[0, 1]"
658498,7541334,3868,0,"[0, 1]"
658498,7541334,2628,0,"[0, 1]"
658498,7541334,2381,0,"[0, 1]"
658498,7541334,2717,0,"[0, 1]"
658498,7541334,2132,0,"[0, 1]"
658498,7541334,3415,0,"[0, 1]"
658498,7541334,4038,0,"[0, 1]"
658498,7541334,3194,0,"[0, 1]"
658498,7541334,2677,0,"[0, 1]"
658498,7541334,3528,0,"[0, 1]"
658498,7541334,7468203,1,"[0, 1]"
658498,7541334,7142190,1,"[0, 1]"
658498,7541334,7094591,1,"[0, 1]"
658498,7541334,7212031,1,"[0, 1]"
658498,7541334,7572381,1,"[0, 1]"
658498,7541334,7256223,1,"[0, 1]"
658498,7541334,7067891,1,"[0, 1]"
658498,7541334,7169951,1,"[0, 1]"
658498,7541334,7424207,1,"[0, 1]"
658498,7541334,7084844,1,"[0, 1]"
658498,7541334,7271508,1,"[0, 1]"
658498,7541334,4128,0,"[0, 1]"
658498,7541334,7112559,1,"[0, 1]"
658498,7541334,4763,0,"[0, 1]"
658498,7541334,4783,0,"[0, 1]"
658498,7541334,7246430,1,"[0, 1]"
658498,7541334,4388,0,"[0, 1]"
658498,7541334,5501299,1,"[0, 1]"
658498,7541334,7507377,1,"[0, 1]"
658498,7541334,7230416,1,"[0, 1]"
658498,7541334,4560,0,"[0, 1]"
658498,7541334,7086847,1,"[0, 1]"
658498,7541334,4387,0,"[0, 1]"
658498,7541334,4672,0,"[0, 1]"
511837,24284,24284,1,"[1, 0]"
511837,24284,3001,0,"[1, 0]"
511837,24284,1500,0,"[1, 0]"
511837,24284,749,0,"[1, 0]"
511837,24284,374,0,"[1, 0]"
511837,24284,186,0,"[1, 0]"
511837,24284,92,0,"[1, 0]"
511837,24284,45,0,"[1, 0]"
511837,24284,22,0,"[1, 0]"
511837,24284,10,0,"[1, 0]"
511837,24284,4,0,"[1, 0]"
511837,24284,1,0,"[1, 0]"
511837,24284,0,0,"[1, 0]"
511837,24284,2,0,"[0, 1]"
511837,24284,1,0,"[0, 1]"
511837,24284,4,0,"[0, 1]"
511837,24284,3,0,"[0, 1]"
511837,24284,5,0,"[0, 1]"
511837,24284,6,0,"[0, 1]"
511837,24284,7,0,"[0, 1]"
511837,24284,12,0,"[0, 1]"
511837,24284,10,0,"[0, 1]"
511837,24284,9,0,"[0, 1]"
511837,24284,11,0,"[0, 1]"
511837,24284,13,0,"[0, 1]"
511837,24284,17,0,"[0, 1]"
511837,24284,24,0,"[0, 1]"
511837,24284,22,0,"[0, 1]"
511837,24284,23,0,"[0, 1]"
511837,24284,15,0,"[0, 1]"
511837,24284,25,0,"[0, 1]"
511837,24284,29,0,"[0, 1]"
511837,24284,18,0,"[0, 1]"
511837,24284,36,0,"[0, 1]"
511837,24284,58,0,"[0, 1]"
511837,24284,33,0,"[0, 1]"
511837,24284,54,0,"[0, 1]"
511837,24284,37,0,"[0, 1]"
511837,24284,61,0,"[0, 1]"
511837,24284,48,0,"[0, 1]"
511837,24284,55,0,"[0, 1]"
511837,24284,52,0,"[0, 1]"
511837,24284,59,0,"[0, 1]"
511837,24284,123,0,"[0, 1]"
511837,24284,120,0,"[0, 1]"
511837,24284,125,0,"[0, 1]"
511837,24284,101,0,"[0, 1]"
511837,24284,106,0,"[0, 1]"
511837,24284,75,0,"[0, 1]"
511837,24284,111,0,"[0, 1]"
511837,24284,99,0,"[0, 1]"
511837,24284,97,0,"[0, 1]"
511837,24284,79,0,"[0, 1]"
511837,24284,78,0,"[0, 1]"
511837,24284,114,0,"[0, 1]"
511837,24284,186,0,"[0, 1]"
511837,24284,169,0,"[0, 1]"
511837,24284,221,0,"[0, 1]"
511837,24284,250,0,"[0, 1]"
511837,24284,156,0,"[0, 1]"
511837,24284,184,0,"[0, 1]"
511837,24284,230,0,"[0, 1]"
511837,24284,209,0,"[0, 1]"
511837,24284,140,0,"[0, 1]"
511837,24284,166,0,"[0, 1]"
511837,24284,182,0,"[0, 1]"
511837,24284,170,0,"[0, 1]"
511837,24284,141,0,"[0, 1]"
511837,24284,223,0,"[0, 1]"
511837,24284,498,0,"[0, 1]"
511837,24284,300,0,"[0, 1]"
511837,24284,484,0,"[0, 1]"
511837,24284,378,0,"[0, 1]"
511837,24284,411,0,"[0, 1]"
511837,24284,477,0,"[0, 1]"
511837,24284,321,0,"[0, 1]"
511837,24284,400,0,"[0, 1]"
511837,24284,357,0,"[0, 1]"
511837,24284,366,0,"[0, 1]"
511837,24284,416,0,"[0, 1]"
511837,24284,365,0,"[0, 1]"
511837,24284,353,0,"[0, 1]"
511837,24284,337,0,"[0, 1]"
511837,24284,438,0,"[0, 1]"
511837,24284,446,0,"[0, 1]"
511837,24284,969,0,"[0, 1]"
511837,24284,519,0,"[0, 1]"
511837,24284,559,0,"[0, 1]"
511837,24284,877,0,"[0, 1]"
511837,24284,893,0,"[0, 1]"
511837,24284,957,0,"[0, 1]"
511837,24284,770,0,"[0, 1]"
511837,24284,874,0,"[0, 1]"
511837,24284,813,0,"[0, 1]"
511837,24284,942,0,"[0, 1]"
511837,24284,733,0,"[0, 1]"
511837,24284,861,0,"[0, 1]"
511837,24284,1014,0,"[0, 1]"
511837,24284,860,0,"[0, 1]"
511837,24284,787,0,"[0, 1]"
511837,24284,988,0,"[0, 1]"
511837,24284,759,0,"[0, 1]"
511837,24284,814,0,"[0, 1]"
511837,24284,1055,0,"[0, 1]"
511837,24284,1210,0,"[0, 1]"
511837,24284,1493,0,"[0, 1]"
511837,24284,1242,0,"[0, 1]"
511837,24284,1558,0,"[0, 1]"
511837,24284,1611,0,"[0, 1]"
511837,24284,1103,0,"[0, 1]"
511837,24284,1521,0,"[0, 1]"
511837,24284,1199,0,"[0, 1]"
511837,24284,1893,0,"[0, 1]"
511837,24284,1519,0,"[0, 1]"
511837,24284,1437,0,"[0, 1]"
511837,24284,1388,0,"[0, 1]"
511837,24284,1494,0,"[0, 1]"
511837,24284,1100,0,"[0, 1]"
511837,24284,1800,0,"[0, 1]"
511837,24284,1647,0,"[0, 1]"
511837,24284,1612,0,"[0, 1]"
511837,24284,1712,0,"[0, 1]"
511837,24284,1066,0,"[0, 1]"
511837,24284,2596,0,"[0, 1]"
511837,24284,2167,0,"[0, 1]"
511837,24284,4091,0,"[0, 1]"
511837,24284,4082,0,"[0, 1]"
511837,24284,2479,0,"[0, 1]"
511837,24284,3118,0,"[0, 1]"
511837,24284,2232,0,"[0, 1]"
511837,24284,3546,0,"[0, 1]"
511837,24284,2306,0,"[0, 1]"
511837,24284,3375,0,"[0, 1]"
511837,24284,3161,0,"[0, 1]"
511837,24284,3013,0,"[0, 1]"
511837,24284,2462,0,"[0, 1]"
511837,24284,3365,0,"[0, 1]"
511837,24284,3537,0,"[0, 1]"
511837,24284,3744,0,"[0, 1]"
511837,24284,3680,0,"[0, 1]"
511837,24284,3340,0,"[0, 1]"
511837,24284,3945,0,"[0, 1]"
511837,24284,3936,0,"[0, 1]"
511837,24284,3046,0,"[0, 1]"
511837,24284,4047,0,"[0, 1]"
511837,24284,4728,0,"[0, 1]"
511837,24284,7092272,1,"[0, 1]"
511837,24284,4157,0,"[0, 1]"
511837,24284,7268362,1,"[0, 1]"
511837,24284,7141552,1,"[0, 1]"
511837,24284,4748,0,"[0, 1]"
511837,24284,7233145,1,"[0, 1]"
511837,24284,7438278,1,"[0, 1]"
511837,24284,7681941,1,"[0, 1]"
511837,24284,7460130,1,"[0, 1]"
511837,24284,4328,0,"[0, 1]"
511837,24284,7400587,1,"[0, 1]"
511837,24284,7646087,1,"[0, 1]"
511837,24284,7142526,1,"[0, 1]"
511837,24284,7657954,1,"[0, 1]"
511837,24284,7460033,1,"[0, 1]"
511837,24284,7170234,1,"[0, 1]"
511837,24284,7624329,1,"[0, 1]"
511837,24284,4393,0,"[0, 1]"
511837,24284,7638566,1,"[0, 1]"
511837,24284,4227,0,"[0, 1]"
511837,24284,7635516,1,"[0, 1]"
511837,24284,7578238,1,"[0, 1]"
511837,24284,6877477,1,"[0, 1]"
14947,7541530,7541530,1,"[1, 0]"
14947,7541530,4350,0,"[1, 0]"
14947,7541530,2628,0,"[1, 0]"
14947,7541530,1313,0,"[1, 0]"
14947,7541530,656,0,"[1, 0]"
14947,7541530,327,0,"[1, 0]"
14947,7541530,163,0,"[1, 0]"
14947,7541530,81,0,"[1, 0]"
14947,7541530,40,0,"[1, 0]"
14947,7541530,19,0,"[1, 0]"
14947,7541530,9,0,"[1, 0]"
14947,7541530,4,0,"[1, 0]"
14947,7541530,1,0,"[1, 0]"
14947,7541530,0,0,"[1, 0]"
14947,7541530,2,0,"[0, 1]"
14947,7541530,1,0,"[0, 1]"
14947,7541530,6,0,"[0, 1]"
14947,7541530,3,0,"[0, 1]"
14947,7541530,4,0,"[0, 1]"
14947,7541530,5,0,"[0, 1]"
14947,7541530,8,0,"[0, 1]"
14947,7541530,11,0,"[0, 1]"
14947,7541530,9,0,"[0, 1]"
14947,7541530,7,0,"[0, 1]"
14947,7541530,14,0,"[0, 1]"
14947,7541530,10,0,"[0, 1]"
14947,7541530,26,0,"[0, 1]"
14947,7541530,29,0,"[0, 1]"
14947,7541530,18,0,"[0, 1]"
14947,7541530,20,0,"[0, 1]"
14947,7541530,17,0,"[0, 1]"
14947,7541530,24,0,"[0, 1]"
14947,7541530,30,0,"[0, 1]"
14947,7541530,23,0,"[0, 1]"
14947,7541530,39,0,"[0, 1]"
14947,7541530,52,0,"[0, 1]"
14947,7541530,33,0,"[0, 1]"
14947,7541530,36,0,"[0, 1]"
14947,7541530,38,0,"[0, 1]"
14947,7541530,49,0,"[0, 1]"
14947,7541530,58,0,"[0, 1]"
14947,7541530,51,0,"[0, 1]"
14947,7541530,41,0,"[0, 1]"
14947,7541530,60,0,"[0, 1]"
14947,7541530,96,0,"[0, 1]"
14947,7541530,110,0,"[0, 1]"
14947,7541530,86,0,"[0, 1]"
14947,7541530,87,0,"[0, 1]"
14947,7541530,102,0,"[0, 1]"
14947,7541530,81,0,"[0, 1]"
14947,7541530,71,0,"[0, 1]"
14947,7541530,126,0,"[0, 1]"
14947,7541530,117,0,"[0, 1]"
14947,7541530,98,0,"[0, 1]"
14947,7541530,122,0,"[0, 1]"
14947,7541530,64,0,"[0, 1]"
14947,7541530,238,0,"[0, 1]"
14947,7541530,197,0,"[0, 1]"
14947,7541530,220,0,"[0, 1]"
14947,7541530,159,0,"[0, 1]"
14947,7541530,218,0,"[0, 1]"
14947,7541530,194,0,"[0, 1]"
14947,7541530,133,0,"[0, 1]"
14947,7541530,170,0,"[0, 1]"
14947,7541530,247,0,"[0, 1]"
14947,7541530,140,0,"[0, 1]"
14947,7541530,214,0,"[0, 1]"
14947,7541530,134,0,"[0, 1]"
14947,7541530,184,0,"[0, 1]"
14947,7541530,164,0,"[0, 1]"
14947,7541530,339,0,"[0, 1]"
14947,7541530,433,0,"[0, 1]"
14947,7541530,265,0,"[0, 1]"
14947,7541530,505,0,"[0, 1]"
14947,7541530,435,0,"[0, 1]"
14947,7541530,330,0,"[0, 1]"
14947,7541530,391,0,"[0, 1]"
14947,7541530,458,0,"[0, 1]"
14947,7541530,447,0,"[0, 1]"
14947,7541530,451,0,"[0, 1]"
14947,7541530,431,0,"[0, 1]"
14947,7541530,415,0,"[0, 1]"
14947,7541530,319,0,"[0, 1]"
14947,7541530,443,0,"[0, 1]"
14947,7541530,425,0,"[0, 1]"
14947,7541530,403,0,"[0, 1]"
14947,7541530,827,0,"[0, 1]"
14947,7541530,803,0,"[0, 1]"
14947,7541530,866,0,"[0, 1]"
14947,7541530,690,0,"[0, 1]"
14947,7541530,924,0,"[0, 1]"
14947,7541530,1001,0,"[0, 1]"
14947,7541530,780,0,"[0, 1]"
14947,7541530,701,0,"[0, 1]"
14947,7541530,605,0,"[0, 1]"
14947,7541530,576,0,"[0, 1]"
14947,7541530,649,0,"[0, 1]"
14947,7541530,621,0,"[0, 1]"
14947,7541530,539,0,"[0, 1]"
14947,7541530,947,0,"[0, 1]"
14947,7541530,904,0,"[0, 1]"
14947,7541530,653,0,"[0, 1]"
14947,7541530,629,0,"[0, 1]"
14947,7541530,998,0,"[0, 1]"
14947,7541530,1703,0,"[0, 1]"
14947,7541530,1579,0,"[0, 1]"
14947,7541530,1656,0,"[0, 1]"
14947,7541530,1358,0,"[0, 1]"
14947,7541530,1381,0,"[0, 1]"
14947,7541530,1860,0,"[0, 1]"
14947,7541530,1376,0,"[0, 1]"
14947,7541530,1295,0,"[0, 1]"
14947,7541530,1427,0,"[0, 1]"
14947,7541530,1762,0,"[0, 1]"
14947,7541530,1822,0,"[0, 1]"
14947,7541530,1300,0,"[0, 1]"
14947,7541530,1077,0,"[0, 1]"
14947,7541530,1840,0,"[0, 1]"
14947,7541530,1962,0,"[0, 1]"
14947,7541530,1497,0,"[0, 1]"
14947,7541530,1507,0,"[0, 1]"
14947,7541530,1278,0,"[0, 1]"
14947,7541530,2030,0,"[0, 1]"
14947,7541530,1454,0,"[0, 1]"
14947,7541530,3782,0,"[0, 1]"
14947,7541530,2421,0,"[0, 1]"
14947,7541530,2251,0,"[0, 1]"
14947,7541530,2699,0,"[0, 1]"
14947,7541530,3513,0,"[0, 1]"
14947,7541530,3034,0,"[0, 1]"
14947,7541530,3527,0,"[0, 1]"
14947,7541530,2073,0,"[0, 1]"
14947,7541530,2454,0,"[0, 1]"
14947,7541530,4063,0,"[0, 1]"
14947,7541530,4052,0,"[0, 1]"
14947,7541530,3548,0,"[0, 1]"
14947,7541530,3130,0,"[0, 1]"
14947,7541530,2762,0,"[0, 1]"
14947,7541530,3843,0,"[0, 1]"
14947,7541530,3752,0,"[0, 1]"
14947,7541530,3211,0,"[0, 1]"
14947,7541530,3692,0,"[0, 1]"
14947,7541530,2944,0,"[0, 1]"
14947,7541530,2204,0,"[0, 1]"
14947,7541530,2641,0,"[0, 1]"
14947,7541530,2487,0,"[0, 1]"
14947,7541530,7097165,1,"[0, 1]"
14947,7541530,7579502,1,"[0, 1]"
14947,7541530,7135798,1,"[0, 1]"
14947,7541530,7243405,1,"[0, 1]"
14947,7541530,4711,0,"[0, 1]"
14947,7541530,7331024,1,"[0, 1]"
14947,7541530,7257719,1,"[0, 1]"
14947,7541530,7664187,1,"[0, 1]"
14947,7541530,7368756,1,"[0, 1]"
14947,7541530,4653,0,"[0, 1]"
14947,7541530,7600706,1,"[0, 1]"
14947,7541530,7459432,1,"[0, 1]"
14947,7541530,7520483,1,"[0, 1]"
14947,7541530,7513338,1,"[0, 1]"
14947,7541530,7403311,1,"[0, 1]"
14947,7541530,7129543,1,"[0, 1]"
14947,7541530,7541256,1,"[0, 1]"
14947,7541530,4950,0,"[0, 1]"
14947,7541530,7144010,1,"[0, 1]"
14947,7541530,7268747,1,"[0, 1]"
14947,7541530,7212031,1,"[0, 1]"
14947,7541530,4888,0,"[0, 1]"
14947,7541530,4407,0,"[0, 1]"
14947,7541530,7202357,1,"[0, 1]"
14947,7541530,7093554,1,"[0, 1]"
14947,7541530,7615909,1,"[0, 1]"
14947,7541530,7117569,1,"[0, 1]"
14947,7541530,73242,1,"[0, 1]"
14947,7541530,7685963,1,"[0, 1]"
14947,7541530,7272114,1,"[0, 1]"
14947,7541530,7405127,1,"[0, 1]"
14947,7541530,1614590,1,"[0, 1]"
14947,7541530,7667208,1,"[0, 1]"
14947,7541530,7113886,1,"[0, 1]"
14947,7541530,7595431,1,"[0, 1]"
14947,7541530,428985,1,"[0, 1]"
14947,7541530,7403506,1,"[0, 1]"
14947,7541530,5832346,1,"[0, 1]"
14947,7541530,991589,1,"[0, 1]"
14947,7541530,2089563,1,"[0, 1]"
14947,7541530,7326596,1,"[0, 1]"
14947,7541530,7134776,1,"[0, 1]"
14947,7541530,7484421,1,"[0, 1]"
14947,7541530,7685719,1,"[0, 1]"
14947,7541530,7461259,1,"[0, 1]"
14947,7541530,7556541,1,"[0, 1]"
14947,7541530,7078336,1,"[0, 1]"
14947,7541530,2754742,1,"[0, 1]"
14947,7541530,7368447,1,"[0, 1]"
14947,7541530,4920146,1,"[0, 1]"
618979,7541560,7541560,1,"[1, 0]"
618979,7541560,4729,0,"[1, 0]"
618979,7541560,3485,0,"[1, 0]"
618979,7541560,1742,0,"[1, 0]"
618979,7541560,870,0,"[1, 0]"
618979,7541560,434,0,"[1, 0]"
618979,7541560,216,0,"[1, 0]"
618979,7541560,107,0,"[1, 0]"
618979,7541560,53,0,"[1, 0]"
618979,7541560,26,0,"[1, 0]"
618979,7541560,12,0,"[1, 0]"
618979,7541560,5,0,"[1, 0]"
618979,7541560,2,0,"[1, 0]"
618979,7541560,0,0,"[1, 0]"
618979,7541560,2,0,"[0, 1]"
618979,7541560,1,0,"[0, 1]"
618979,7541560,5,0,"[0, 1]"
618979,7541560,4,0,"[0, 1]"
618979,7541560,3,0,"[0, 1]"
618979,7541560,6,0,"[0, 1]"
618979,7541560,13,0,"[0, 1]"
618979,7541560,10,0,"[0, 1]"
618979,7541560,12,0,"[0, 1]"
618979,7541560,7,0,"[0, 1]"
618979,7541560,11,0,"[0, 1]"
618979,7541560,9,0,"[0, 1]"
618979,7541560,24,0,"[0, 1]"
618979,7541560,22,0,"[0, 1]"
618979,7541560,26,0,"[0, 1]"
618979,7541560,25,0,"[0, 1]"
618979,7541560,16,0,"[0, 1]"
618979,7541560,18,0,"[0, 1]"
618979,7541560,17,0,"[0, 1]"
618979,7541560,27,0,"[0, 1]"
618979,7541560,34,0,"[0, 1]"
618979,7541560,47,0,"[0, 1]"
618979,7541560,32,0,"[0, 1]"
618979,7541560,49,0,"[0, 1]"
618979,7541560,52,0,"[0, 1]"
618979,7541560,31,0,"[0, 1]"
618979,7541560,58,0,"[0, 1]"
618979,7541560,53,0,"[0, 1]"
618979,7541560,40,0,"[0, 1]"
618979,7541560,60,0,"[0, 1]"
618979,7541560,97,0,"[0, 1]"
618979,7541560,83,0,"[0, 1]"
618979,7541560,89,0,"[0, 1]"
618979,7541560,98,0,"[0, 1]"
618979,7541560,63,0,"[0, 1]"
618979,7541560,79,0,"[0, 1]"
618979,7541560,75,0,"[0, 1]"
618979,7541560,126,0,"[0, 1]"
618979,7541560,73,0,"[0, 1]"
618979,7541560,110,0,"[0, 1]"
618979,7541560,107,0,"[0, 1]"
618979,7541560,114,0,"[0, 1]"
618979,7541560,246,0,"[0, 1]"
618979,7541560,195,0,"[0, 1]"
618979,7541560,229,0,"[0, 1]"
618979,7541560,215,0,"[0, 1]"
618979,7541560,151,0,"[0, 1]"
618979,7541560,240,0,"[0, 1]"
618979,7541560,221,0,"[0, 1]"
618979,7541560,205,0,"[0, 1]"
618979,7541560,194,0,"[0, 1]"
618979,7541560,213,0,"[0, 1]"
618979,7541560,209,0,"[0, 1]"
618979,7541560,196,0,"[0, 1]"
618979,7541560,241,0,"[0, 1]"
618979,7541560,206,0,"[0, 1]"
618979,7541560,432,0,"[0, 1]"
618979,7541560,313,0,"[0, 1]"
618979,7541560,358,0,"[0, 1]"
618979,7541560,273,0,"[0, 1]"
618979,7541560,259,0,"[0, 1]"
618979,7541560,480,0,"[0, 1]"
618979,7541560,505,0,"[0, 1]"
618979,7541560,504,0,"[0, 1]"
618979,7541560,321,0,"[0, 1]"
618979,7541560,385,0,"[0, 1]"
618979,7541560,466,0,"[0, 1]"
618979,7541560,262,0,"[0, 1]"
618979,7541560,275,0,"[0, 1]"
618979,7541560,289,0,"[0, 1]"
618979,7541560,461,0,"[0, 1]"
618979,7541560,485,0,"[0, 1]"
618979,7541560,775,0,"[0, 1]"
618979,7541560,984,0,"[0, 1]"
618979,7541560,548,0,"[0, 1]"
618979,7541560,704,0,"[0, 1]"
618979,7541560,654,0,"[0, 1]"
618979,7541560,768,0,"[0, 1]"
618979,7541560,828,0,"[0, 1]"
618979,7541560,920,0,"[0, 1]"
618979,7541560,965,0,"[0, 1]"
618979,7541560,937,0,"[0, 1]"
618979,7541560,584,0,"[0, 1]"
618979,7541560,740,0,"[0, 1]"
618979,7541560,550,0,"[0, 1]"
618979,7541560,623,0,"[0, 1]"
618979,7541560,575,0,"[0, 1]"
618979,7541560,841,0,"[0, 1]"
618979,7541560,942,0,"[0, 1]"
618979,7541560,729,0,"[0, 1]"
618979,7541560,1753,0,"[0, 1]"
618979,7541560,1907,0,"[0, 1]"
618979,7541560,1639,0,"[0, 1]"
618979,7541560,2036,0,"[0, 1]"
618979,7541560,1664,0,"[0, 1]"
618979,7541560,1360,0,"[0, 1]"
618979,7541560,1549,0,"[0, 1]"
618979,7541560,1310,0,"[0, 1]"
618979,7541560,1152,0,"[0, 1]"
618979,7541560,2013,0,"[0, 1]"
618979,7541560,1973,0,"[0, 1]"
618979,7541560,1691,0,"[0, 1]"
618979,7541560,1981,0,"[0, 1]"
618979,7541560,1631,0,"[0, 1]"
618979,7541560,1074,0,"[0, 1]"
618979,7541560,1855,0,"[0, 1]"
618979,7541560,1615,0,"[0, 1]"
618979,7541560,2026,0,"[0, 1]"
618979,7541560,1886,0,"[0, 1]"
618979,7541560,1951,0,"[0, 1]"
618979,7541560,3750,0,"[0, 1]"
618979,7541560,3948,0,"[0, 1]"
618979,7541560,2337,0,"[0, 1]"
618979,7541560,3179,0,"[0, 1]"
618979,7541560,3191,0,"[0, 1]"
618979,7541560,3555,0,"[0, 1]"
618979,7541560,3311,0,"[0, 1]"
618979,7541560,3692,0,"[0, 1]"
618979,7541560,2718,0,"[0, 1]"
618979,7541560,2615,0,"[0, 1]"
618979,7541560,3452,0,"[0, 1]"
618979,7541560,3245,0,"[0, 1]"
618979,7541560,3668,0,"[0, 1]"
618979,7541560,3571,0,"[0, 1]"
618979,7541560,3598,0,"[0, 1]"
618979,7541560,2783,0,"[0, 1]"
618979,7541560,3205,0,"[0, 1]"
618979,7541560,2885,0,"[0, 1]"
618979,7541560,2385,0,"[0, 1]"
618979,7541560,2463,0,"[0, 1]"
618979,7541560,3687,0,"[0, 1]"
618979,7541560,3883,0,"[0, 1]"
618979,7541560,4622,0,"[0, 1]"
618979,7541560,4688,0,"[0, 1]"
618979,7541560,7144521,1,"[0, 1]"
618979,7541560,7304727,1,"[0, 1]"
618979,7541560,7071642,1,"[0, 1]"
618979,7541560,7381585,1,"[0, 1]"
618979,7541560,7653899,1,"[0, 1]"
618979,7541560,4767,0,"[0, 1]"
618979,7541560,7634139,1,"[0, 1]"
618979,7541560,7353377,1,"[0, 1]"
618979,7541560,7287899,1,"[0, 1]"
618979,7541560,7534941,1,"[0, 1]"
618979,7541560,4654,0,"[0, 1]"
618979,7541560,4546,0,"[0, 1]"
618979,7541560,7431817,1,"[0, 1]"
618979,7541560,7156804,1,"[0, 1]"
618979,7541560,4689,0,"[0, 1]"
618979,7541560,2009392,1,"[0, 1]"
618979,7541560,7544784,1,"[0, 1]"
618979,7541560,7417821,1,"[0, 1]"
618979,7541560,7684635,1,"[0, 1]"
618979,7541560,7165319,1,"[0, 1]"
618979,7541560,7682793,1,"[0, 1]"
618979,7541560,7276680,1,"[0, 1]"
618979,7541560,7624295,1,"[0, 1]"
618979,7541560,7115523,1,"[0, 1]"
618979,7541560,7522849,1,"[0, 1]"
618979,7541560,7636375,1,"[0, 1]"
618979,7541560,7424979,1,"[0, 1]"
618979,7541560,7233354,1,"[0, 1]"
618979,7541560,7411066,1,"[0, 1]"
618979,7541560,7353502,1,"[0, 1]"
618979,7541560,7633166,1,"[0, 1]"
618979,7541560,7406317,1,"[0, 1]"
618979,7541560,7088918,1,"[0, 1]"
618979,7541560,7138601,1,"[0, 1]"
618979,7541560,7329844,1,"[0, 1]"
618979,7541560,7369774,1,"[0, 1]"
618979,7541560,7141624,1,"[0, 1]"
618979,7541560,7491456,1,"[0, 1]"
618979,7541560,7214586,1,"[0, 1]"
618979,7541560,6010807,1,"[0, 1]"
618979,7541560,7659857,1,"[0, 1]"
618979,7541560,7561410,1,"[0, 1]"
618979,7541560,7380693,1,"[0, 1]"
618979,7541560,7629696,1,"[0, 1]"
618979,7541560,7392795,1,"[0, 1]"
618979,7541560,7369917,1,"[0, 1]"
618979,7541560,7128207,1,"[0, 1]"
618979,7541560,7198517,1,"[0, 1]"
1096025,7541711,7541711,1,"[1, 0]"
1096025,7541711,2848,0,"[1, 0]"
1096025,7541711,1423,0,"[1, 0]"
1096025,7541711,711,0,"[1, 0]"
1096025,7541711,355,0,"[1, 0]"
1096025,7541711,177,0,"[1, 0]"
1096025,7541711,88,0,"[1, 0]"
1096025,7541711,43,0,"[1, 0]"
1096025,7541711,21,0,"[1, 0]"
1096025,7541711,10,0,"[1, 0]"
1096025,7541711,4,0,"[1, 0]"
1096025,7541711,1,0,"[1, 0]"
1096025,7541711,0,0,"[1, 0]"
1096025,7541711,2,0,"[0, 1]"
1096025,7541711,1,0,"[0, 1]"
1096025,7541711,4,0,"[0, 1]"
1096025,7541711,3,0,"[0, 1]"
1096025,7541711,6,0,"[0, 1]"
1096025,7541711,5,0,"[0, 1]"
1096025,7541711,7,0,"[0, 1]"
1096025,7541711,10,0,"[0, 1]"
1096025,7541711,11,0,"[0, 1]"
1096025,7541711,12,0,"[0, 1]"
1096025,7541711,9,0,"[0, 1]"
1096025,7541711,8,0,"[0, 1]"
1096025,7541711,29,0,"[0, 1]"
1096025,7541711,25,0,"[0, 1]"
1096025,7541711,26,0,"[0, 1]"
1096025,7541711,23,0,"[0, 1]"
1096025,7541711,22,0,"[0, 1]"
1096025,7541711,18,0,"[0, 1]"
1096025,7541711,20,0,"[0, 1]"
1096025,7541711,28,0,"[0, 1]"
1096025,7541711,31,0,"[0, 1]"
1096025,7541711,46,0,"[0, 1]"
1096025,7541711,55,0,"[0, 1]"
1096025,7541711,33,0,"[0, 1]"
1096025,7541711,61,0,"[0, 1]"
1096025,7541711,54,0,"[0, 1]"
1096025,7541711,52,0,"[0, 1]"
1096025,7541711,45,0,"[0, 1]"
1096025,7541711,50,0,"[0, 1]"
1096025,7541711,39,0,"[0, 1]"
1096025,7541711,108,0,"[0, 1]"
1096025,7541711,119,0,"[0, 1]"
1096025,7541711,66,0,"[0, 1]"
1096025,7541711,64,0,"[0, 1]"
1096025,7541711,121,0,"[0, 1]"
1096025,7541711,115,0,"[0, 1]"
1096025,7541711,105,0,"[0, 1]"
1096025,7541711,85,0,"[0, 1]"
1096025,7541711,122,0,"[0, 1]"
1096025,7541711,92,0,"[0, 1]"
1096025,7541711,100,0,"[0, 1]"
1096025,7541711,69,0,"[0, 1]"
1096025,7541711,214,0,"[0, 1]"
1096025,7541711,232,0,"[0, 1]"
1096025,7541711,201,0,"[0, 1]"
1096025,7541711,191,0,"[0, 1]"
1096025,7541711,212,0,"[0, 1]"
1096025,7541711,217,0,"[0, 1]"
1096025,7541711,218,0,"[0, 1]"
1096025,7541711,166,0,"[0, 1]"
1096025,7541711,178,0,"[0, 1]"
1096025,7541711,130,0,"[0, 1]"
1096025,7541711,246,0,"[0, 1]"
1096025,7541711,144,0,"[0, 1]"
1096025,7541711,162,0,"[0, 1]"
1096025,7541711,219,0,"[0, 1]"
1096025,7541711,464,0,"[0, 1]"
1096025,7541711,482,0,"[0, 1]"
1096025,7541711,492,0,"[0, 1]"
1096025,7541711,387,0,"[0, 1]"
1096025,7541711,302,0,"[0, 1]"
1096025,7541711,370,0,"[0, 1]"
1096025,7541711,423,0,"[0, 1]"
1096025,7541711,260,0,"[0, 1]"
1096025,7541711,371,0,"[0, 1]"
1096025,7541711,277,0,"[0, 1]"
1096025,7541711,427,0,"[0, 1]"
1096025,7541711,487,0,"[0, 1]"
1096025,7541711,498,0,"[0, 1]"
1096025,7541711,335,0,"[0, 1]"
1096025,7541711,500,0,"[0, 1]"
1096025,7541711,380,0,"[0, 1]"
1096025,7541711,551,0,"[0, 1]"
1096025,7541711,590,0,"[0, 1]"
1096025,7541711,919,0,"[0, 1]"
1096025,7541711,674,0,"[0, 1]"
1096025,7541711,648,0,"[0, 1]"
1096025,7541711,693,0,"[0, 1]"
1096025,7541711,859,0,"[0, 1]"
1096025,7541711,632,0,"[0, 1]"
1096025,7541711,595,0,"[0, 1]"
1096025,7541711,990,0,"[0, 1]"
1096025,7541711,785,0,"[0, 1]"
1096025,7541711,637,0,"[0, 1]"
1096025,7541711,725,0,"[0, 1]"
1096025,7541711,918,0,"[0, 1]"
1096025,7541711,1006,0,"[0, 1]"
1096025,7541711,760,0,"[0, 1]"
1096025,7541711,748,0,"[0, 1]"
1096025,7541711,805,0,"[0, 1]"
1096025,7541711,1074,0,"[0, 1]"
1096025,7541711,1162,0,"[0, 1]"
1096025,7541711,1953,0,"[0, 1]"
1096025,7541711,2028,0,"[0, 1]"
1096025,7541711,1636,0,"[0, 1]"
1096025,7541711,1608,0,"[0, 1]"
1096025,7541711,1464,0,"[0, 1]"
1096025,7541711,1039,0,"[0, 1]"
1096025,7541711,1804,0,"[0, 1]"
1096025,7541711,1335,0,"[0, 1]"
1096025,7541711,1334,0,"[0, 1]"
1096025,7541711,1098,0,"[0, 1]"
1096025,7541711,1868,0,"[0, 1]"
1096025,7541711,1856,0,"[0, 1]"
1096025,7541711,1500,0,"[0, 1]"
1096025,7541711,1440,0,"[0, 1]"
1096025,7541711,1256,0,"[0, 1]"
1096025,7541711,1191,0,"[0, 1]"
1096025,7541711,1340,0,"[0, 1]"
1096025,7541711,1170,0,"[0, 1]"
1096025,7541711,3598,0,"[0, 1]"
1096025,7541711,3247,0,"[0, 1]"
1096025,7541711,3224,0,"[0, 1]"
1096025,7541711,3425,0,"[0, 1]"
1096025,7541711,2145,0,"[0, 1]"
1096025,7541711,3614,0,"[0, 1]"
1096025,7541711,2678,0,"[0, 1]"
1096025,7541711,3038,0,"[0, 1]"
1096025,7541711,4028,0,"[0, 1]"
1096025,7541711,2732,0,"[0, 1]"
1096025,7541711,2426,0,"[0, 1]"
1096025,7541711,3014,0,"[0, 1]"
1096025,7541711,3373,0,"[0, 1]"
1096025,7541711,2642,0,"[0, 1]"
1096025,7541711,3866,0,"[0, 1]"
1096025,7541711,3039,0,"[0, 1]"
1096025,7541711,2687,0,"[0, 1]"
1096025,7541711,2541,0,"[0, 1]"
1096025,7541711,2836,0,"[0, 1]"
1096025,7541711,4034,0,"[0, 1]"
1096025,7541711,3796,0,"[0, 1]"
1096025,7541711,3452,0,"[0, 1]"
1096025,7541711,7324451,1,"[0, 1]"
1096025,7541711,7112788,1,"[0, 1]"
1096025,7541711,369457,1,"[0, 1]"
1096025,7541711,7493684,1,"[0, 1]"
1096025,7541711,7499378,1,"[0, 1]"
1096025,7541711,7655418,1,"[0, 1]"
1096025,7541711,7089124,1,"[0, 1]"
1096025,7541711,7212499,1,"[0, 1]"
1096025,7541711,7403564,1,"[0, 1]"
1096025,7541711,7487828,1,"[0, 1]"
1096025,7541711,4336,0,"[0, 1]"
1096025,7541711,7430645,1,"[0, 1]"
1096025,7541711,7547737,1,"[0, 1]"
1096025,7541711,7112303,1,"[0, 1]"
1096025,7541711,7083329,1,"[0, 1]"
1096025,7541711,298259,1,"[0, 1]"
1096025,7541711,7124884,1,"[0, 1]"
1096025,7541711,7080091,1,"[0, 1]"
1096025,7541711,7405528,1,"[0, 1]"
1096025,7541711,7073381,1,"[0, 1]"
1096025,7541711,7348274,1,"[0, 1]"
1096025,7541711,4134,0,"[0, 1]"
1096025,7541711,4099,0,"[0, 1]"
1096025,7541711,7153209,1,"[0, 1]"
596716,7541804,7541804,1,"[1, 0]"
596716,7541804,3585,0,"[1, 0]"
596716,7541804,1792,0,"[1, 0]"
596716,7541804,895,0,"[1, 0]"
596716,7541804,447,0,"[1, 0]"
596716,7541804,223,0,"[1, 0]"
596716,7541804,111,0,"[1, 0]"
596716,7541804,55,0,"[1, 0]"
596716,7541804,27,0,"[1, 0]"
596716,7541804,13,0,"[1, 0]"
596716,7541804,6,0,"[1, 0]"
596716,7541804,2,0,"[1, 0]"
596716,7541804,0,0,"[1, 0]"
596716,7541804,2,0,"[0, 1]"
596716,7541804,1,0,"[0, 1]"
596716,7541804,3,0,"[0, 1]"
596716,7541804,6,0,"[0, 1]"
596716,7541804,4,0,"[0, 1]"
596716,7541804,5,0,"[0, 1]"
596716,7541804,9,0,"[0, 1]"
596716,7541804,12,0,"[0, 1]"
596716,7541804,11,0,"[0, 1]"
596716,7541804,7,0,"[0, 1]"
596716,7541804,14,0,"[0, 1]"
596716,7541804,13,0,"[0, 1]"
596716,7541804,29,0,"[0, 1]"
596716,7541804,21,0,"[0, 1]"
596716,7541804,19,0,"[0, 1]"
596716,7541804,15,0,"[0, 1]"
596716,7541804,30,0,"[0, 1]"
596716,7541804,24,0,"[0, 1]"
596716,7541804,22,0,"[0, 1]"
596716,7541804,17,0,"[0, 1]"
596716,7541804,41,0,"[0, 1]"
596716,7541804,49,0,"[0, 1]"
596716,7541804,33,0,"[0, 1]"
596716,7541804,56,0,"[0, 1]"
596716,7541804,58,0,"[0, 1]"
596716,7541804,40,0,"[0, 1]"
596716,7541804,37,0,"[0, 1]"
596716,7541804,44,0,"[0, 1]"
596716,7541804,31,0,"[0, 1]"
596716,7541804,57,0,"[0, 1]"
596716,7541804,82,0,"[0, 1]"
596716,7541804,109,0,"[0, 1]"
596716,7541804,121,0,"[0, 1]"
596716,7541804,93,0,"[0, 1]"
596716,7541804,96,0,"[0, 1]"
596716,7541804,126,0,"[0, 1]"
596716,7541804,95,0,"[0, 1]"
596716,7541804,110,0,"[0, 1]"
596716,7541804,117,0,"[0, 1]"
596716,7541804,108,0,"[0, 1]"
596716,7541804,120,0,"[0, 1]"
596716,7541804,77,0,"[0, 1]"
596716,7541804,230,0,"[0, 1]"
596716,7541804,220,0,"[0, 1]"
596716,7541804,163,0,"[0, 1]"
596716,7541804,254,0,"[0, 1]"
596716,7541804,141,0,"[0, 1]"
596716,7541804,206,0,"[0, 1]"
596716,7541804,169,0,"[0, 1]"
596716,7541804,137,0,"[0, 1]"
596716,7541804,135,0,"[0, 1]"
596716,7541804,153,0,"[0, 1]"
596716,7541804,158,0,"[0, 1]"
596716,7541804,248,0,"[0, 1]"
596716,7541804,252,0,"[0, 1]"
596716,7541804,227,0,"[0, 1]"
596716,7541804,436,0,"[0, 1]"
596716,7541804,380,0,"[0, 1]"
596716,7541804,350,0,"[0, 1]"
596716,7541804,481,0,"[0, 1]"
596716,7541804,510,0,"[0, 1]"
596716,7541804,390,0,"[0, 1]"
596716,7541804,308,0,"[0, 1]"
596716,7541804,464,0,"[0, 1]"
596716,7541804,374,0,"[0, 1]"
596716,7541804,489,0,"[0, 1]"
596716,7541804,470,0,"[0, 1]"
596716,7541804,282,0,"[0, 1]"
596716,7541804,351,0,"[0, 1]"
596716,7541804,357,0,"[0, 1]"
596716,7541804,421,0,"[0, 1]"
596716,7541804,286,0,"[0, 1]"
596716,7541804,761,0,"[0, 1]"
596716,7541804,936,0,"[0, 1]"
596716,7541804,636,0,"[0, 1]"
596716,7541804,681,0,"[0, 1]"
596716,7541804,976,0,"[0, 1]"
596716,7541804,891,0,"[0, 1]"
596716,7541804,626,0,"[0, 1]"
596716,7541804,1003,0,"[0, 1]"
596716,7541804,646,0,"[0, 1]"
596716,7541804,934,0,"[0, 1]"
596716,7541804,752,0,"[0, 1]"
596716,7541804,684,0,"[0, 1]"
596716,7541804,848,0,"[0, 1]"
596716,7541804,754,0,"[0, 1]"
596716,7541804,637,0,"[0, 1]"
596716,7541804,713,0,"[0, 1]"
596716,7541804,578,0,"[0, 1]"
596716,7541804,787,0,"[0, 1]"
596716,7541804,1871,0,"[0, 1]"
596716,7541804,2020,0,"[0, 1]"
596716,7541804,1998,0,"[0, 1]"
596716,7541804,1983,0,"[0, 1]"
596716,7541804,1124,0,"[0, 1]"
596716,7541804,1809,0,"[0, 1]"
596716,7541804,1212,0,"[0, 1]"
596716,7541804,1045,0,"[0, 1]"
596716,7541804,1929,0,"[0, 1]"
596716,7541804,1771,0,"[0, 1]"
596716,7541804,1721,0,"[0, 1]"
596716,7541804,1041,0,"[0, 1]"
596716,7541804,1296,0,"[0, 1]"
596716,7541804,1258,0,"[0, 1]"
596716,7541804,1260,0,"[0, 1]"
596716,7541804,1229,0,"[0, 1]"
596716,7541804,1050,0,"[0, 1]"
596716,7541804,1733,0,"[0, 1]"
596716,7541804,1268,0,"[0, 1]"
596716,7541804,1459,0,"[0, 1]"
596716,7541804,2304,0,"[0, 1]"
596716,7541804,3402,0,"[0, 1]"
596716,7541804,3137,0,"[0, 1]"
596716,7541804,3446,0,"[0, 1]"
596716,7541804,3717,0,"[0, 1]"
596716,7541804,2417,0,"[0, 1]"
596716,7541804,2408,0,"[0, 1]"
596716,7541804,3257,0,"[0, 1]"
596716,7541804,2149,0,"[0, 1]"
596716,7541804,2863,0,"[0, 1]"
596716,7541804,3592,0,"[0, 1]"
596716,7541804,2490,0,"[0, 1]"
596716,7541804,3763,0,"[0, 1]"
596716,7541804,2173,0,"[0, 1]"
596716,7541804,3587,0,"[0, 1]"
596716,7541804,3051,0,"[0, 1]"
596716,7541804,3104,0,"[0, 1]"
596716,7541804,2800,0,"[0, 1]"
596716,7541804,2591,0,"[0, 1]"
596716,7541804,2081,0,"[0, 1]"
596716,7541804,2431,0,"[0, 1]"
596716,7541804,4039,0,"[0, 1]"
596716,7541804,4823,0,"[0, 1]"
596716,7541804,7203676,1,"[0, 1]"
596716,7541804,7134803,1,"[0, 1]"
596716,7541804,7237632,1,"[0, 1]"
596716,7541804,4452,0,"[0, 1]"
596716,7541804,7401332,1,"[0, 1]"
596716,7541804,4703,0,"[0, 1]"
596716,7541804,7184656,1,"[0, 1]"
596716,7541804,3357223,1,"[0, 1]"
596716,7541804,7596886,1,"[0, 1]"
596716,7541804,7197777,1,"[0, 1]"
596716,7541804,7634509,1,"[0, 1]"
596716,7541804,7155493,1,"[0, 1]"
596716,7541804,4116,0,"[0, 1]"
596716,7541804,7546569,1,"[0, 1]"
596716,7541804,7131592,1,"[0, 1]"
596716,7541804,7597457,1,"[0, 1]"
596716,7541804,7217875,1,"[0, 1]"
596716,7541804,4246,0,"[0, 1]"
596716,7541804,7178110,1,"[0, 1]"
596716,7541804,7425808,1,"[0, 1]"
596716,7541804,7086188,1,"[0, 1]"
596716,7541804,7631639,1,"[0, 1]"
596716,7541804,4405,0,"[0, 1]"
596716,7541807,7541807,1,"[1, 0]"
596716,7541807,2976,0,"[1, 0]"
596716,7541807,1487,0,"[1, 0]"
596716,7541807,743,0,"[1, 0]"
596716,7541807,371,0,"[1, 0]"
596716,7541807,185,0,"[1, 0]"
596716,7541807,92,0,"[1, 0]"
596716,7541807,45,0,"[1, 0]"
596716,7541807,22,0,"[1, 0]"
596716,7541807,10,0,"[1, 0]"
596716,7541807,4,0,"[1, 0]"
596716,7541807,1,0,"[1, 0]"
596716,7541807,0,0,"[1, 0]"
596716,7541807,1,0,"[0, 1]"
596716,7541807,2,0,"[0, 1]"
596716,7541807,4,0,"[0, 1]"
596716,7541807,6,0,"[0, 1]"
596716,7541807,5,0,"[0, 1]"
596716,7541807,3,0,"[0, 1]"
596716,7541807,13,0,"[0, 1]"
596716,7541807,12,0,"[0, 1]"
596716,7541807,10,0,"[0, 1]"
596716,7541807,14,0,"[0, 1]"
596716,7541807,11,0,"[0, 1]"
596716,7541807,8,0,"[0, 1]"
596716,7541807,17,0,"[0, 1]"
596716,7541807,27,0,"[0, 1]"
596716,7541807,19,0,"[0, 1]"
596716,7541807,24,0,"[0, 1]"
596716,7541807,25,0,"[0, 1]"
596716,7541807,30,0,"[0, 1]"
596716,7541807,16,0,"[0, 1]"
596716,7541807,21,0,"[0, 1]"
596716,7541807,36,0,"[0, 1]"
596716,7541807,39,0,"[0, 1]"
596716,7541807,61,0,"[0, 1]"
596716,7541807,33,0,"[0, 1]"
596716,7541807,42,0,"[0, 1]"
596716,7541807,45,0,"[0, 1]"
596716,7541807,41,0,"[0, 1]"
596716,7541807,54,0,"[0, 1]"
596716,7541807,48,0,"[0, 1]"
596716,7541807,37,0,"[0, 1]"
596716,7541807,65,0,"[0, 1]"
596716,7541807,85,0,"[0, 1]"
596716,7541807,117,0,"[0, 1]"
596716,7541807,122,0,"[0, 1]"
596716,7541807,96,0,"[0, 1]"
596716,7541807,112,0,"[0, 1]"
596716,7541807,108,0,"[0, 1]"
596716,7541807,79,0,"[0, 1]"
596716,7541807,98,0,"[0, 1]"
596716,7541807,120,0,"[0, 1]"
596716,7541807,74,0,"[0, 1]"
596716,7541807,64,0,"[0, 1]"
596716,7541807,182,0,"[0, 1]"
596716,7541807,131,0,"[0, 1]"
596716,7541807,189,0,"[0, 1]"
596716,7541807,225,0,"[0, 1]"
596716,7541807,195,0,"[0, 1]"
596716,7541807,236,0,"[0, 1]"
596716,7541807,247,0,"[0, 1]"
596716,7541807,254,0,"[0, 1]"
596716,7541807,227,0,"[0, 1]"
596716,7541807,154,0,"[0, 1]"
596716,7541807,203,0,"[0, 1]"
596716,7541807,166,0,"[0, 1]"
596716,7541807,249,0,"[0, 1]"
596716,7541807,139,0,"[0, 1]"
596716,7541807,263,0,"[0, 1]"
596716,7541807,371,0,"[0, 1]"
596716,7541807,437,0,"[0, 1]"
596716,7541807,362,0,"[0, 1]"
596716,7541807,292,0,"[0, 1]"
596716,7541807,274,0,"[0, 1]"
596716,7541807,419,0,"[0, 1]"
596716,7541807,433,0,"[0, 1]"
596716,7541807,373,0,"[0, 1]"
596716,7541807,315,0,"[0, 1]"
596716,7541807,426,0,"[0, 1]"
596716,7541807,324,0,"[0, 1]"
596716,7541807,326,0,"[0, 1]"
596716,7541807,351,0,"[0, 1]"
596716,7541807,509,0,"[0, 1]"
596716,7541807,356,0,"[0, 1]"
596716,7541807,784,0,"[0, 1]"
596716,7541807,856,0,"[0, 1]"
596716,7541807,982,0,"[0, 1]"
596716,7541807,816,0,"[0, 1]"
596716,7541807,710,0,"[0, 1]"
596716,7541807,859,0,"[0, 1]"
596716,7541807,699,0,"[0, 1]"
596716,7541807,752,0,"[0, 1]"
596716,7541807,972,0,"[0, 1]"
596716,7541807,662,0,"[0, 1]"
596716,7541807,949,0,"[0, 1]"
596716,7541807,976,0,"[0, 1]"
596716,7541807,592,0,"[0, 1]"
596716,7541807,995,0,"[0, 1]"
596716,7541807,765,0,"[0, 1]"
596716,7541807,1015,0,"[0, 1]"
596716,7541807,654,0,"[0, 1]"
596716,7541807,540,0,"[0, 1]"
596716,7541807,1743,0,"[0, 1]"
596716,7541807,1180,0,"[0, 1]"
596716,7541807,1454,0,"[0, 1]"
596716,7541807,1056,0,"[0, 1]"
596716,7541807,1988,0,"[0, 1]"
596716,7541807,2005,0,"[0, 1]"
596716,7541807,1525,0,"[0, 1]"
596716,7541807,2009,0,"[0, 1]"
596716,7541807,1462,0,"[0, 1]"
596716,7541807,1188,0,"[0, 1]"
596716,7541807,1823,0,"[0, 1]"
596716,7541807,1400,0,"[0, 1]"
596716,7541807,1223,0,"[0, 1]"
596716,7541807,1369,0,"[0, 1]"
596716,7541807,1987,0,"[0, 1]"
596716,7541807,1238,0,"[0, 1]"
596716,7541807,1402,0,"[0, 1]"
596716,7541807,2026,0,"[0, 1]"
596716,7541807,1745,0,"[0, 1]"
596716,7541807,1030,0,"[0, 1]"
596716,7541807,3054,0,"[0, 1]"
596716,7541807,2613,0,"[0, 1]"
596716,7541807,3507,0,"[0, 1]"
596716,7541807,3711,0,"[0, 1]"
596716,7541807,3529,0,"[0, 1]"
596716,7541807,3735,0,"[0, 1]"
596716,7541807,3703,0,"[0, 1]"
596716,7541807,2602,0,"[0, 1]"
596716,7541807,2895,0,"[0, 1]"
596716,7541807,2754,0,"[0, 1]"
596716,7541807,2975,0,"[0, 1]"
596716,7541807,2954,0,"[0, 1]"
596716,7541807,2442,0,"[0, 1]"
596716,7541807,3666,0,"[0, 1]"
596716,7541807,2458,0,"[0, 1]"
596716,7541807,3114,0,"[0, 1]"
596716,7541807,3437,0,"[0, 1]"
596716,7541807,3975,0,"[0, 1]"
596716,7541807,2721,0,"[0, 1]"
596716,7541807,2245,0,"[0, 1]"
596716,7541807,3110,0,"[0, 1]"
596716,7541807,2629,0,"[0, 1]"
596716,7541807,7407380,1,"[0, 1]"
596716,7541807,7478866,1,"[0, 1]"
596716,7541807,7263224,1,"[0, 1]"
596716,7541807,7544224,1,"[0, 1]"
596716,7541807,7581740,1,"[0, 1]"
596716,7541807,7681665,1,"[0, 1]"
596716,7541807,7210453,1,"[0, 1]"
596716,7541807,4646,0,"[0, 1]"
596716,7541807,4260,0,"[0, 1]"
596716,7541807,7473085,1,"[0, 1]"
596716,7541807,1118015,1,"[0, 1]"
596716,7541807,7240637,1,"[0, 1]"
596716,7541807,7469699,1,"[0, 1]"
596716,7541807,7149449,1,"[0, 1]"
596716,7541807,7179316,1,"[0, 1]"
596716,7541807,7384740,1,"[0, 1]"
596716,7541807,7533374,1,"[0, 1]"
596716,7541807,4321,0,"[0, 1]"
596716,7541807,7612563,1,"[0, 1]"
596716,7541807,4671299,1,"[0, 1]"
596716,7541807,7101703,1,"[0, 1]"
596716,7541807,7413000,1,"[0, 1]"
596716,7541807,7237598,1,"[0, 1]"
596716,7541807,7564578,1,"[0, 1]"
165116,7542072,7542072,1,"[1, 0]"
165116,7542072,4510,0,"[1, 0]"
165116,7542072,2987,0,"[1, 0]"
165116,7542072,1493,0,"[1, 0]"
165116,7542072,746,0,"[1, 0]"
165116,7542072,372,0,"[1, 0]"
165116,7542072,185,0,"[1, 0]"
165116,7542072,92,0,"[1, 0]"
165116,7542072,45,0,"[1, 0]"
165116,7542072,22,0,"[1, 0]"
165116,7542072,10,0,"[1, 0]"
165116,7542072,4,0,"[1, 0]"
165116,7542072,1,0,"[1, 0]"
165116,7542072,0,0,"[1, 0]"
165116,7542072,2,0,"[0, 1]"
165116,7542072,1,0,"[0, 1]"
165116,7542072,3,0,"[0, 1]"
165116,7542072,6,0,"[0, 1]"
165116,7542072,5,0,"[0, 1]"
165116,7542072,4,0,"[0, 1]"
165116,7542072,11,0,"[0, 1]"
165116,7542072,7,0,"[0, 1]"
165116,7542072,10,0,"[0, 1]"
165116,7542072,9,0,"[0, 1]"
165116,7542072,13,0,"[0, 1]"
165116,7542072,8,0,"[0, 1]"
165116,7542072,18,0,"[0, 1]"
165116,7542072,19,0,"[0, 1]"
165116,7542072,29,0,"[0, 1]"
165116,7542072,25,0,"[0, 1]"
165116,7542072,28,0,"[0, 1]"
165116,7542072,16,0,"[0, 1]"
165116,7542072,24,0,"[0, 1]"
165116,7542072,26,0,"[0, 1]"
165116,7542072,53,0,"[0, 1]"
165116,7542072,35,0,"[0, 1]"
165116,7542072,54,0,"[0, 1]"
165116,7542072,41,0,"[0, 1]"
165116,7542072,33,0,"[0, 1]"
165116,7542072,61,0,"[0, 1]"
165116,7542072,39,0,"[0, 1]"
165116,7542072,62,0,"[0, 1]"
165116,7542072,44,0,"[0, 1]"
165116,7542072,60,0,"[0, 1]"
165116,7542072,98,0,"[0, 1]"
165116,7542072,66,0,"[0, 1]"
165116,7542072,72,0,"[0, 1]"
165116,7542072,85,0,"[0, 1]"
165116,7542072,68,0,"[0, 1]"
165116,7542072,75,0,"[0, 1]"
165116,7542072,121,0,"[0, 1]"
165116,7542072,78,0,"[0, 1]"
165116,7542072,108,0,"[0, 1]"
165116,7542072,86,0,"[0, 1]"
165116,7542072,122,0,"[0, 1]"
165116,7542072,124,0,"[0, 1]"
165116,7542072,140,0,"[0, 1]"
165116,7542072,221,0,"[0, 1]"
165116,7542072,143,0,"[0, 1]"
165116,7542072,253,0,"[0, 1]"
165116,7542072,218,0,"[0, 1]"
165116,7542072,188,0,"[0, 1]"
165116,7542072,192,0,"[0, 1]"
165116,7542072,242,0,"[0, 1]"
165116,7542072,196,0,"[0, 1]"
165116,7542072,193,0,"[0, 1]"
165116,7542072,148,0,"[0, 1]"
165116,7542072,178,0,"[0, 1]"
165116,7542072,182,0,"[0, 1]"
165116,7542072,224,0,"[0, 1]"
165116,7542072,492,0,"[0, 1]"
165116,7542072,268,0,"[0, 1]"
165116,7542072,386,0,"[0, 1]"
165116,7542072,394,0,"[0, 1]"
165116,7542072,413,0,"[0, 1]"
165116,7542072,402,0,"[0, 1]"
165116,7542072,442,0,"[0, 1]"
165116,7542072,305,0,"[0, 1]"
165116,7542072,310,0,"[0, 1]"
165116,7542072,434,0,"[0, 1]"
165116,7542072,436,0,"[0, 1]"
165116,7542072,312,0,"[0, 1]"
165116,7542072,462,0,"[0, 1]"
165116,7542072,289,0,"[0, 1]"
165116,7542072,451,0,"[0, 1]"
165116,7542072,441,0,"[0, 1]"
165116,7542072,789,0,"[0, 1]"
165116,7542072,664,0,"[0, 1]"
165116,7542072,712,0,"[0, 1]"
165116,7542072,870,0,"[0, 1]"
165116,7542072,977,0,"[0, 1]"
165116,7542072,844,0,"[0, 1]"
165116,7542072,687,0,"[0, 1]"
165116,7542072,891,0,"[0, 1]"
165116,7542072,983,0,"[0, 1]"
165116,7542072,578,0,"[0, 1]"
165116,7542072,634,0,"[0, 1]"
165116,7542072,1004,0,"[0, 1]"
165116,7542072,916,0,"[0, 1]"
165116,7542072,970,0,"[0, 1]"
165116,7542072,541,0,"[0, 1]"
165116,7542072,693,0,"[0, 1]"
165116,7542072,553,0,"[0, 1]"
165116,7542072,967,0,"[0, 1]"
165116,7542072,1724,0,"[0, 1]"
165116,7542072,1381,0,"[0, 1]"
165116,7542072,1827,0,"[0, 1]"
165116,7542072,1914,0,"[0, 1]"
165116,7542072,1830,0,"[0, 1]"
165116,7542072,1635,0,"[0, 1]"
165116,7542072,1315,0,"[0, 1]"
165116,7542072,1881,0,"[0, 1]"
165116,7542072,1580,0,"[0, 1]"
165116,7542072,1442,0,"[0, 1]"
165116,7542072,1174,0,"[0, 1]"
165116,7542072,1423,0,"[0, 1]"
165116,7542072,1535,0,"[0, 1]"
165116,7542072,1262,0,"[0, 1]"
165116,7542072,1532,0,"[0, 1]"
165116,7542072,1531,0,"[0, 1]"
165116,7542072,1237,0,"[0, 1]"
165116,7542072,1256,0,"[0, 1]"
165116,7542072,1454,0,"[0, 1]"
165116,7542072,1710,0,"[0, 1]"
165116,7542072,3541,0,"[0, 1]"
165116,7542072,2306,0,"[0, 1]"
165116,7542072,3460,0,"[0, 1]"
165116,7542072,3784,0,"[0, 1]"
165116,7542072,2981,0,"[0, 1]"
165116,7542072,3595,0,"[0, 1]"
165116,7542072,3279,0,"[0, 1]"
165116,7542072,3424,0,"[0, 1]"
165116,7542072,2626,0,"[0, 1]"
165116,7542072,2971,0,"[0, 1]"
165116,7542072,2292,0,"[0, 1]"
165116,7542072,2488,0,"[0, 1]"
165116,7542072,2633,0,"[0, 1]"
165116,7542072,3895,0,"[0, 1]"
165116,7542072,2181,0,"[0, 1]"
165116,7542072,3515,0,"[0, 1]"
165116,7542072,3458,0,"[0, 1]"
165116,7542072,2564,0,"[0, 1]"
165116,7542072,4031,0,"[0, 1]"
165116,7542072,2117,0,"[0, 1]"
165116,7542072,2529,0,"[0, 1]"
165116,7542072,2583,0,"[0, 1]"
165116,7542072,4526,0,"[0, 1]"
165116,7542072,5289525,1,"[0, 1]"
165116,7542072,7339966,1,"[0, 1]"
165116,7542072,7384636,1,"[0, 1]"
165116,7542072,7481663,1,"[0, 1]"
165116,7542072,7119885,1,"[0, 1]"
165116,7542072,4944453,1,"[0, 1]"
165116,7542072,7083329,1,"[0, 1]"
165116,7542072,1696361,1,"[0, 1]"
165116,7542072,7121801,1,"[0, 1]"
165116,7542072,7349555,1,"[0, 1]"
165116,7542072,7562245,1,"[0, 1]"
165116,7542072,7484648,1,"[0, 1]"
165116,7542072,5049881,1,"[0, 1]"
165116,7542072,7169984,1,"[0, 1]"
165116,7542072,7623799,1,"[0, 1]"
165116,7542072,7499378,1,"[0, 1]"
165116,7542072,4259,0,"[0, 1]"
165116,7542072,4645993,1,"[0, 1]"
165116,7542072,7183442,1,"[0, 1]"
165116,7542072,7154444,1,"[0, 1]"
165116,7542072,7527607,1,"[0, 1]"
165116,7542072,2953793,1,"[0, 1]"
165116,7542072,6450955,1,"[0, 1]"
165116,7542072,7627224,1,"[0, 1]"
165116,7542072,7192436,1,"[0, 1]"
165116,7542072,7318668,1,"[0, 1]"
165116,7542072,7082454,1,"[0, 1]"
165116,7542072,7438804,1,"[0, 1]"
165116,7542072,1491391,1,"[0, 1]"
165116,7542072,7349096,1,"[0, 1]"
165116,7542072,7582354,1,"[0, 1]"
165116,7542072,7495369,1,"[0, 1]"
165116,7542072,7654349,1,"[0, 1]"
165116,7542072,73242,1,"[0, 1]"
165116,7542072,7371621,1,"[0, 1]"
165116,7542072,7208597,1,"[0, 1]"
165116,7542072,7329844,1,"[0, 1]"
165116,7542072,7521587,1,"[0, 1]"
165116,7542072,7130174,1,"[0, 1]"
165116,7542072,7607075,1,"[0, 1]"
165116,7542072,7614909,1,"[0, 1]"
165116,7542072,7092053,1,"[0, 1]"
165116,7542072,7201930,1,"[0, 1]"
165116,7542072,7099892,1,"[0, 1]"
165116,7542072,4422025,1,"[0, 1]"
165116,7542072,7459670,1,"[0, 1]"
165116,7542072,7087671,1,"[0, 1]"
165116,7542072,7539979,1,"[0, 1]"
165116,7542072,7397316,1,"[0, 1]"
1096021,7542108,7542108,1,"[1, 0]"
1096021,7542108,4453,0,"[1, 0]"
1096021,7542108,2859,0,"[1, 0]"
1096021,7542108,1429,0,"[1, 0]"
1096021,7542108,714,0,"[1, 0]"
1096021,7542108,356,0,"[1, 0]"
1096021,7542108,177,0,"[1, 0]"
1096021,7542108,88,0,"[1, 0]"
1096021,7542108,43,0,"[1, 0]"
1096021,7542108,21,0,"[1, 0]"
1096021,7542108,10,0,"[1, 0]"
1096021,7542108,4,0,"[1, 0]"
1096021,7542108,1,0,"[1, 0]"
1096021,7542108,0,0,"[1, 0]"
1096021,7542108,1,0,"[0, 1]"
1096021,7542108,2,0,"[0, 1]"
1096021,7542108,5,0,"[0, 1]"
1096021,7542108,3,0,"[0, 1]"
1096021,7542108,6,0,"[0, 1]"
1096021,7542108,4,0,"[0, 1]"
1096021,7542108,9,0,"[0, 1]"
1096021,7542108,10,0,"[0, 1]"
1096021,7542108,14,0,"[0, 1]"
1096021,7542108,12,0,"[0, 1]"
1096021,7542108,13,0,"[0, 1]"
1096021,7542108,11,0,"[0, 1]"
1096021,7542108,17,0,"[0, 1]"
1096021,7542108,16,0,"[0, 1]"
1096021,7542108,23,0,"[0, 1]"
1096021,7542108,25,0,"[0, 1]"
1096021,7542108,21,0,"[0, 1]"
1096021,7542108,27,0,"[0, 1]"
1096021,7542108,22,0,"[0, 1]"
1096021,7542108,15,0,"[0, 1]"
1096021,7542108,33,0,"[0, 1]"
1096021,7542108,31,0,"[0, 1]"
1096021,7542108,47,0,"[0, 1]"
1096021,7542108,46,0,"[0, 1]"
1096021,7542108,54,0,"[0, 1]"
1096021,7542108,59,0,"[0, 1]"
1096021,7542108,41,0,"[0, 1]"
1096021,7542108,60,0,"[0, 1]"
1096021,7542108,57,0,"[0, 1]"
1096021,7542108,39,0,"[0, 1]"
1096021,7542108,123,0,"[0, 1]"
1096021,7542108,119,0,"[0, 1]"
1096021,7542108,99,0,"[0, 1]"
1096021,7542108,97,0,"[0, 1]"
1096021,7542108,87,0,"[0, 1]"
1096021,7542108,82,0,"[0, 1]"
1096021,7542108,77,0,"[0, 1]"
1096021,7542108,98,0,"[0, 1]"
1096021,7542108,117,0,"[0, 1]"
1096021,7542108,114,0,"[0, 1]"
1096021,7542108,107,0,"[0, 1]"
1096021,7542108,63,0,"[0, 1]"
1096021,7542108,249,0,"[0, 1]"
1096021,7542108,127,0,"[0, 1]"
1096021,7542108,165,0,"[0, 1]"
1096021,7542108,240,0,"[0, 1]"
1096021,7542108,245,0,"[0, 1]"
1096021,7542108,214,0,"[0, 1]"
1096021,7542108,166,0,"[0, 1]"
1096021,7542108,220,0,"[0, 1]"
1096021,7542108,216,0,"[0, 1]"
1096021,7542108,252,0,"[0, 1]"
1096021,7542108,254,0,"[0, 1]"
1096021,7542108,206,0,"[0, 1]"
1096021,7542108,157,0,"[0, 1]"
1096021,7542108,188,0,"[0, 1]"
1096021,7542108,425,0,"[0, 1]"
1096021,7542108,370,0,"[0, 1]"
1096021,7542108,489,0,"[0, 1]"
1096021,7542108,481,0,"[0, 1]"
1096021,7542108,264,0,"[0, 1]"
1096021,7542108,302,0,"[0, 1]"
1096021,7542108,379,0,"[0, 1]"
1096021,7542108,289,0,"[0, 1]"
1096021,7542108,420,0,"[0, 1]"
1096021,7542108,404,0,"[0, 1]"
1096021,7542108,462,0,"[0, 1]"
1096021,7542108,290,0,"[0, 1]"
1096021,7542108,339,0,"[0, 1]"
1096021,7542108,365,0,"[0, 1]"
1096021,7542108,443,0,"[0, 1]"
1096021,7542108,387,0,"[0, 1]"
1096021,7542108,566,0,"[0, 1]"
1096021,7542108,986,0,"[0, 1]"
1096021,7542108,914,0,"[0, 1]"
1096021,7542108,756,0,"[0, 1]"
1096021,7542108,607,0,"[0, 1]"
1096021,7542108,744,0,"[0, 1]"
1096021,7542108,843,0,"[0, 1]"
1096021,7542108,544,0,"[0, 1]"
1096021,7542108,960,0,"[0, 1]"
1096021,7542108,886,0,"[0, 1]"
1096021,7542108,1019,0,"[0, 1]"
1096021,7542108,906,0,"[0, 1]"
1096021,7542108,669,0,"[0, 1]"
1096021,7542108,915,0,"[0, 1]"
1096021,7542108,673,0,"[0, 1]"
1096021,7542108,924,0,"[0, 1]"
1096021,7542108,700,0,"[0, 1]"
1096021,7542108,777,0,"[0, 1]"
1096021,7542108,1535,0,"[0, 1]"
1096021,7542108,1168,0,"[0, 1]"
1096021,7542108,1731,0,"[0, 1]"
1096021,7542108,1767,0,"[0, 1]"
1096021,7542108,1193,0,"[0, 1]"
1096021,7542108,1587,0,"[0, 1]"
1096021,7542108,1163,0,"[0, 1]"
1096021,7542108,1642,0,"[0, 1]"
1096021,7542108,1195,0,"[0, 1]"
1096021,7542108,1296,0,"[0, 1]"
1096021,7542108,1847,0,"[0, 1]"
1096021,7542108,1056,0,"[0, 1]"
1096021,7542108,1639,0,"[0, 1]"
1096021,7542108,1773,0,"[0, 1]"
1096021,7542108,1488,0,"[0, 1]"
1096021,7542108,1700,0,"[0, 1]"
1096021,7542108,1940,0,"[0, 1]"
1096021,7542108,1647,0,"[0, 1]"
1096021,7542108,1336,0,"[0, 1]"
1096021,7542108,1600,0,"[0, 1]"
1096021,7542108,4000,0,"[0, 1]"
1096021,7542108,3094,0,"[0, 1]"
1096021,7542108,2249,0,"[0, 1]"
1096021,7542108,2492,0,"[0, 1]"
1096021,7542108,3684,0,"[0, 1]"
1096021,7542108,2141,0,"[0, 1]"
1096021,7542108,2550,0,"[0, 1]"
1096021,7542108,2117,0,"[0, 1]"
1096021,7542108,3208,0,"[0, 1]"
1096021,7542108,3835,0,"[0, 1]"
1096021,7542108,2320,0,"[0, 1]"
1096021,7542108,2634,0,"[0, 1]"
1096021,7542108,2232,0,"[0, 1]"
1096021,7542108,3288,0,"[0, 1]"
1096021,7542108,3919,0,"[0, 1]"
1096021,7542108,3253,0,"[0, 1]"
1096021,7542108,3769,0,"[0, 1]"
1096021,7542108,3454,0,"[0, 1]"
1096021,7542108,3820,0,"[0, 1]"
1096021,7542108,3796,0,"[0, 1]"
1096021,7542108,3103,0,"[0, 1]"
1096021,7542108,2053,0,"[0, 1]"
1096021,7542108,7559250,1,"[0, 1]"
1096021,7542108,4883,0,"[0, 1]"
1096021,7542108,7551972,1,"[0, 1]"
1096021,7542108,4164,0,"[0, 1]"
1096021,7542108,7137810,1,"[0, 1]"
1096021,7542108,7225879,1,"[0, 1]"
1096021,7542108,7068519,1,"[0, 1]"
1096021,7542108,4350,0,"[0, 1]"
1096021,7542108,4974,0,"[0, 1]"
1096021,7542108,7344388,1,"[0, 1]"
1096021,7542108,7435832,1,"[0, 1]"
1096021,7542108,7153281,1,"[0, 1]"
1096021,7542108,7171168,1,"[0, 1]"
1096021,7542108,7294084,1,"[0, 1]"
1096021,7542108,614329,1,"[0, 1]"
1096021,7542108,7082472,1,"[0, 1]"
1096021,7542108,7482158,1,"[0, 1]"
1096021,7542108,7396173,1,"[0, 1]"
1096021,7542108,4512,0,"[0, 1]"
1096021,7542108,7268978,1,"[0, 1]"
1096021,7542108,7268747,1,"[0, 1]"
1096021,7542108,7576782,1,"[0, 1]"
1096021,7542108,7455864,1,"[0, 1]"
1096021,7542108,7109916,1,"[0, 1]"
1096021,7542108,7637756,1,"[0, 1]"
1096021,7542108,7330707,1,"[0, 1]"
1096021,7542108,7403343,1,"[0, 1]"
1096021,7542108,7239542,1,"[0, 1]"
1096021,7542108,7303270,1,"[0, 1]"
1096021,7542108,7257909,1,"[0, 1]"
1096021,7542108,7499157,1,"[0, 1]"
1096021,7542108,7288044,1,"[0, 1]"
1096021,7542108,7179791,1,"[0, 1]"
1096021,7542108,7156243,1,"[0, 1]"
1096021,7542108,5448202,1,"[0, 1]"
1096021,7542108,7278927,1,"[0, 1]"
1096021,7542108,7480931,1,"[0, 1]"
1096021,7542108,7588872,1,"[0, 1]"
1096021,7542108,7673341,1,"[0, 1]"
1096021,7542108,7649010,1,"[0, 1]"
1096021,7542108,7134010,1,"[0, 1]"
1096021,7542108,7680302,1,"[0, 1]"
1096021,7542108,7577019,1,"[0, 1]"
1096021,7542108,3771070,1,"[0, 1]"
1096021,7542108,1381291,1,"[0, 1]"
1096021,7542108,7355250,1,"[0, 1]"
1096021,7542108,2269086,1,"[0, 1]"
1096021,7542108,7095217,1,"[0, 1]"
1096021,7542108,7632239,1,"[0, 1]"
1096021,7542108,7328877,1,"[0, 1]"
231109,7542305,7542305,1,"[1, 0]"
231109,7542305,2048,0,"[1, 0]"
231109,7542305,1023,0,"[1, 0]"
231109,7542305,511,0,"[1, 0]"
231109,7542305,255,0,"[1, 0]"
231109,7542305,127,0,"[1, 0]"
231109,7542305,63,0,"[1, 0]"
231109,7542305,31,0,"[1, 0]"
231109,7542305,15,0,"[1, 0]"
231109,7542305,7,0,"[1, 0]"
231109,7542305,3,0,"[1, 0]"
231109,7542305,1,0,"[1, 0]"
231109,7542305,0,0,"[1, 0]"
231109,7542305,1,0,"[0, 1]"
231109,7542305,2,0,"[0, 1]"
231109,7542305,6,0,"[0, 1]"
231109,7542305,4,0,"[0, 1]"
231109,7542305,5,0,"[0, 1]"
231109,7542305,3,0,"[0, 1]"
231109,7542305,10,0,"[0, 1]"
231109,7542305,7,0,"[0, 1]"
231109,7542305,9,0,"[0, 1]"
231109,7542305,13,0,"[0, 1]"
231109,7542305,12,0,"[0, 1]"
231109,7542305,14,0,"[0, 1]"
231109,7542305,26,0,"[0, 1]"
231109,7542305,15,0,"[0, 1]"
231109,7542305,21,0,"[0, 1]"
231109,7542305,19,0,"[0, 1]"
231109,7542305,23,0,"[0, 1]"
231109,7542305,16,0,"[0, 1]"
231109,7542305,28,0,"[0, 1]"
231109,7542305,18,0,"[0, 1]"
231109,7542305,62,0,"[0, 1]"
231109,7542305,58,0,"[0, 1]"
231109,7542305,36,0,"[0, 1]"
231109,7542305,35,0,"[0, 1]"
231109,7542305,45,0,"[0, 1]"
231109,7542305,44,0,"[0, 1]"
231109,7542305,42,0,"[0, 1]"
231109,7542305,53,0,"[0, 1]"
231109,7542305,57,0,"[0, 1]"
231109,7542305,32,0,"[0, 1]"
231109,7542305,95,0,"[0, 1]"
231109,7542305,116,0,"[0, 1]"
231109,7542305,75,0,"[0, 1]"
231109,7542305,64,0,"[0, 1]"
231109,7542305,66,0,"[0, 1]"
231109,7542305,88,0,"[0, 1]"
231109,7542305,90,0,"[0, 1]"
231109,7542305,78,0,"[0, 1]"
231109,7542305,69,0,"[0, 1]"
231109,7542305,118,0,"[0, 1]"
231109,7542305,119,0,"[0, 1]"
231109,7542305,98,0,"[0, 1]"
231109,7542305,171,0,"[0, 1]"
231109,7542305,127,0,"[0, 1]"
231109,7542305,170,0,"[0, 1]"
231109,7542305,130,0,"[0, 1]"
231109,7542305,228,0,"[0, 1]"
231109,7542305,222,0,"[0, 1]"
231109,7542305,152,0,"[0, 1]"
231109,7542305,193,0,"[0, 1]"
231109,7542305,239,0,"[0, 1]"
231109,7542305,151,0,"[0, 1]"
231109,7542305,150,0,"[0, 1]"
231109,7542305,147,0,"[0, 1]"
231109,7542305,131,0,"[0, 1]"
231109,7542305,207,0,"[0, 1]"
231109,7542305,333,0,"[0, 1]"
231109,7542305,480,0,"[0, 1]"
231109,7542305,266,0,"[0, 1]"
231109,7542305,390,0,"[0, 1]"
231109,7542305,331,0,"[0, 1]"
231109,7542305,372,0,"[0, 1]"
231109,7542305,293,0,"[0, 1]"
231109,7542305,452,0,"[0, 1]"
231109,7542305,311,0,"[0, 1]"
231109,7542305,275,0,"[0, 1]"
231109,7542305,430,0,"[0, 1]"
231109,7542305,460,0,"[0, 1]"
231109,7542305,340,0,"[0, 1]"
231109,7542305,377,0,"[0, 1]"
231109,7542305,324,0,"[0, 1]"
231109,7542305,407,0,"[0, 1]"
231109,7542305,705,0,"[0, 1]"
231109,7542305,742,0,"[0, 1]"
231109,7542305,728,0,"[0, 1]"
231109,7542305,799,0,"[0, 1]"
231109,7542305,1018,0,"[0, 1]"
231109,7542305,635,0,"[0, 1]"
231109,7542305,595,0,"[0, 1]"
231109,7542305,686,0,"[0, 1]"
231109,7542305,581,0,"[0, 1]"
231109,7542305,835,0,"[0, 1]"
231109,7542305,763,0,"[0, 1]"
231109,7542305,1006,0,"[0, 1]"
231109,7542305,607,0,"[0, 1]"
231109,7542305,963,0,"[0, 1]"
231109,7542305,677,0,"[0, 1]"
231109,7542305,938,0,"[0, 1]"
231109,7542305,800,0,"[0, 1]"
231109,7542305,550,0,"[0, 1]"
231109,7542305,1854,0,"[0, 1]"
231109,7542305,1746,0,"[0, 1]"
231109,7542305,1610,0,"[0, 1]"
231109,7542305,1689,0,"[0, 1]"
231109,7542305,1671,0,"[0, 1]"
231109,7542305,1263,0,"[0, 1]"
231109,7542305,1386,0,"[0, 1]"
231109,7542305,1657,0,"[0, 1]"
231109,7542305,1155,0,"[0, 1]"
231109,7542305,1176,0,"[0, 1]"
231109,7542305,1845,0,"[0, 1]"
231109,7542305,1537,0,"[0, 1]"
231109,7542305,1295,0,"[0, 1]"
231109,7542305,1248,0,"[0, 1]"
231109,7542305,2040,0,"[0, 1]"
231109,7542305,1202,0,"[0, 1]"
231109,7542305,2032,0,"[0, 1]"
231109,7542305,1965,0,"[0, 1]"
231109,7542305,1195,0,"[0, 1]"
231109,7542305,1319,0,"[0, 1]"
231109,7542305,2330,0,"[0, 1]"
231109,7542305,2182,0,"[0, 1]"
231109,7542305,3328,0,"[0, 1]"
231109,7542305,3996,0,"[0, 1]"
231109,7542305,2441,0,"[0, 1]"
231109,7542305,2150,0,"[0, 1]"
231109,7542305,2913,0,"[0, 1]"
231109,7542305,3608,0,"[0, 1]"
231109,7542305,3749,0,"[0, 1]"
231109,7542305,3271,0,"[0, 1]"
231109,7542305,2368,0,"[0, 1]"
231109,7542305,2490,0,"[0, 1]"
231109,7542305,2467,0,"[0, 1]"
231109,7542305,2876,0,"[0, 1]"
231109,7542305,2206,0,"[0, 1]"
231109,7542305,2689,0,"[0, 1]"
231109,7542305,2582,0,"[0, 1]"
231109,7542305,2833,0,"[0, 1]"
231109,7542305,2060,0,"[0, 1]"
231109,7542305,2050,0,"[0, 1]"
231109,7542305,2064,0,"[0, 1]"
231109,7542305,3031,0,"[0, 1]"
231109,7542305,7234958,1,"[0, 1]"
231109,7542305,7395888,1,"[0, 1]"
231109,7542305,7116260,1,"[0, 1]"
231109,7542305,7233356,1,"[0, 1]"
231109,7542305,7173996,1,"[0, 1]"
231109,7542305,4842,0,"[0, 1]"
231109,7542305,7563950,1,"[0, 1]"
231109,7542305,7428337,1,"[0, 1]"
231109,7542305,3408903,1,"[0, 1]"
231109,7542305,4519,0,"[0, 1]"
231109,7542305,7239766,1,"[0, 1]"
231109,7542305,4587,0,"[0, 1]"
231109,7542305,7164845,1,"[0, 1]"
231109,7542305,4788406,1,"[0, 1]"
231109,7542305,7305235,1,"[0, 1]"
231109,7542305,4329,0,"[0, 1]"
231109,7542305,7144584,1,"[0, 1]"
231109,7542305,3808979,1,"[0, 1]"
231109,7542305,7147901,1,"[0, 1]"
231109,7542305,7311518,1,"[0, 1]"
231109,7542305,7653899,1,"[0, 1]"
231109,7542305,7379443,1,"[0, 1]"
231109,7542305,4653,0,"[0, 1]"
231109,7542305,7348638,1,"[0, 1]"
561448,7542507,7542507,1,"[1, 0]"
561448,7542507,4298,0,"[1, 0]"
561448,7542507,2508,0,"[1, 0]"
561448,7542507,1253,0,"[1, 0]"
561448,7542507,626,0,"[1, 0]"
561448,7542507,312,0,"[1, 0]"
561448,7542507,155,0,"[1, 0]"
561448,7542507,77,0,"[1, 0]"
561448,7542507,38,0,"[1, 0]"
561448,7542507,18,0,"[1, 0]"
561448,7542507,8,0,"[1, 0]"
561448,7542507,3,0,"[1, 0]"
561448,7542507,1,0,"[1, 0]"
561448,7542507,0,0,"[1, 0]"
561448,7542507,2,0,"[0, 1]"
561448,7542507,1,0,"[0, 1]"
561448,7542507,5,0,"[0, 1]"
561448,7542507,6,0,"[0, 1]"
561448,7542507,3,0,"[0, 1]"
561448,7542507,4,0,"[0, 1]"
561448,7542507,12,0,"[0, 1]"
561448,7542507,8,0,"[0, 1]"
561448,7542507,14,0,"[0, 1]"
561448,7542507,11,0,"[0, 1]"
561448,7542507,10,0,"[0, 1]"
561448,7542507,13,0,"[0, 1]"
561448,7542507,15,0,"[0, 1]"
561448,7542507,17,0,"[0, 1]"
561448,7542507,27,0,"[0, 1]"
561448,7542507,26,0,"[0, 1]"
561448,7542507,16,0,"[0, 1]"
561448,7542507,22,0,"[0, 1]"
561448,7542507,24,0,"[0, 1]"
561448,7542507,23,0,"[0, 1]"
561448,7542507,57,0,"[0, 1]"
561448,7542507,51,0,"[0, 1]"
561448,7542507,48,0,"[0, 1]"
561448,7542507,37,0,"[0, 1]"
561448,7542507,39,0,"[0, 1]"
561448,7542507,55,0,"[0, 1]"
561448,7542507,52,0,"[0, 1]"
561448,7542507,40,0,"[0, 1]"
561448,7542507,31,0,"[0, 1]"
561448,7542507,49,0,"[0, 1]"
561448,7542507,122,0,"[0, 1]"
561448,7542507,110,0,"[0, 1]"
561448,7542507,117,0,"[0, 1]"
561448,7542507,106,0,"[0, 1]"
561448,7542507,83,0,"[0, 1]"
561448,7542507,78,0,"[0, 1]"
561448,7542507,75,0,"[0, 1]"
561448,7542507,102,0,"[0, 1]"
561448,7542507,90,0,"[0, 1]"
561448,7542507,93,0,"[0, 1]"
561448,7542507,91,0,"[0, 1]"
561448,7542507,77,0,"[0, 1]"
561448,7542507,157,0,"[0, 1]"
561448,7542507,141,0,"[0, 1]"
561448,7542507,200,0,"[0, 1]"
561448,7542507,234,0,"[0, 1]"
561448,7542507,222,0,"[0, 1]"
561448,7542507,166,0,"[0, 1]"
561448,7542507,147,0,"[0, 1]"
561448,7542507,135,0,"[0, 1]"
561448,7542507,173,0,"[0, 1]"
561448,7542507,128,0,"[0, 1]"
561448,7542507,179,0,"[0, 1]"
561448,7542507,221,0,"[0, 1]"
561448,7542507,227,0,"[0, 1]"
561448,7542507,230,0,"[0, 1]"
561448,7542507,454,0,"[0, 1]"
561448,7542507,347,0,"[0, 1]"
561448,7542507,280,0,"[0, 1]"
561448,7542507,309,0,"[0, 1]"
561448,7542507,289,0,"[0, 1]"
561448,7542507,267,0,"[0, 1]"
561448,7542507,342,0,"[0, 1]"
561448,7542507,364,0,"[0, 1]"
561448,7542507,380,0,"[0, 1]"
561448,7542507,373,0,"[0, 1]"
561448,7542507,496,0,"[0, 1]"
561448,7542507,438,0,"[0, 1]"
561448,7542507,328,0,"[0, 1]"
561448,7542507,430,0,"[0, 1]"
561448,7542507,457,0,"[0, 1]"
561448,7542507,504,0,"[0, 1]"
561448,7542507,852,0,"[0, 1]"
561448,7542507,934,0,"[0, 1]"
561448,7542507,714,0,"[0, 1]"
561448,7542507,758,0,"[0, 1]"
561448,7542507,739,0,"[0, 1]"
561448,7542507,529,0,"[0, 1]"
561448,7542507,954,0,"[0, 1]"
561448,7542507,544,0,"[0, 1]"
561448,7542507,811,0,"[0, 1]"
561448,7542507,696,0,"[0, 1]"
561448,7542507,699,0,"[0, 1]"
561448,7542507,988,0,"[0, 1]"
561448,7542507,598,0,"[0, 1]"
561448,7542507,718,0,"[0, 1]"
561448,7542507,641,0,"[0, 1]"
561448,7542507,981,0,"[0, 1]"
561448,7542507,879,0,"[0, 1]"
561448,7542507,887,0,"[0, 1]"
561448,7542507,1198,0,"[0, 1]"
561448,7542507,1997,0,"[0, 1]"
561448,7542507,1568,0,"[0, 1]"
561448,7542507,1731,0,"[0, 1]"
561448,7542507,1172,0,"[0, 1]"
561448,7542507,1384,0,"[0, 1]"
561448,7542507,1188,0,"[0, 1]"
561448,7542507,1216,0,"[0, 1]"
561448,7542507,1252,0,"[0, 1]"
561448,7542507,1195,0,"[0, 1]"
561448,7542507,1169,0,"[0, 1]"
561448,7542507,1933,0,"[0, 1]"
561448,7542507,1551,0,"[0, 1]"
561448,7542507,1456,0,"[0, 1]"
561448,7542507,1796,0,"[0, 1]"
561448,7542507,1663,0,"[0, 1]"
561448,7542507,1542,0,"[0, 1]"
561448,7542507,1175,0,"[0, 1]"
561448,7542507,1930,0,"[0, 1]"
561448,7542507,1608,0,"[0, 1]"
561448,7542507,3624,0,"[0, 1]"
561448,7542507,3060,0,"[0, 1]"
561448,7542507,2693,0,"[0, 1]"
561448,7542507,3093,0,"[0, 1]"
561448,7542507,2247,0,"[0, 1]"
561448,7542507,3383,0,"[0, 1]"
561448,7542507,3910,0,"[0, 1]"
561448,7542507,3153,0,"[0, 1]"
561448,7542507,3932,0,"[0, 1]"
561448,7542507,3700,0,"[0, 1]"
561448,7542507,3587,0,"[0, 1]"
561448,7542507,2674,0,"[0, 1]"
561448,7542507,2285,0,"[0, 1]"
561448,7542507,3918,0,"[0, 1]"
561448,7542507,2864,0,"[0, 1]"
561448,7542507,3858,0,"[0, 1]"
561448,7542507,3573,0,"[0, 1]"
561448,7542507,2621,0,"[0, 1]"
561448,7542507,3470,0,"[0, 1]"
561448,7542507,3805,0,"[0, 1]"
561448,7542507,2602,0,"[0, 1]"
561448,7542507,2386,0,"[0, 1]"
561448,7542507,7371270,1,"[0, 1]"
561448,7542507,4589,0,"[0, 1]"
561448,7542507,7104520,1,"[0, 1]"
561448,7542507,4840,0,"[0, 1]"
561448,7542507,4115,0,"[0, 1]"
561448,7542507,7461100,1,"[0, 1]"
561448,7542507,7572321,1,"[0, 1]"
561448,7542507,4435,0,"[0, 1]"
561448,7542507,7682904,1,"[0, 1]"
561448,7542507,1439346,1,"[0, 1]"
561448,7542507,7386485,1,"[0, 1]"
561448,7542507,7255058,1,"[0, 1]"
561448,7542507,7457256,1,"[0, 1]"
561448,7542507,4907,0,"[0, 1]"
561448,7542507,4330,0,"[0, 1]"
561448,7542507,7091855,1,"[0, 1]"
561448,7542507,7512854,1,"[0, 1]"
561448,7542507,7669136,1,"[0, 1]"
561448,7542507,4297,0,"[0, 1]"
561448,7542507,7428337,1,"[0, 1]"
561448,7542507,7657954,1,"[0, 1]"
561448,7542507,7489495,1,"[0, 1]"
561448,7542507,1365657,1,"[0, 1]"
561448,7542507,7256738,1,"[0, 1]"
561448,7542507,7088720,1,"[0, 1]"
561448,7542507,7093554,1,"[0, 1]"
561448,7542507,7453550,1,"[0, 1]"
561448,7542507,7613438,1,"[0, 1]"
561448,7542507,7171673,1,"[0, 1]"
561448,7542507,7497679,1,"[0, 1]"
561448,7542507,7582932,1,"[0, 1]"
561448,7542507,7137904,1,"[0, 1]"
561448,7542507,7247940,1,"[0, 1]"
561448,7542507,7163548,1,"[0, 1]"
561448,7542507,7539951,1,"[0, 1]"
561448,7542507,7355086,1,"[0, 1]"
561448,7542507,7597940,1,"[0, 1]"
561448,7542507,1567596,1,"[0, 1]"
561448,7542507,7570852,1,"[0, 1]"
561448,7542507,7344079,1,"[0, 1]"
561448,7542507,7133800,1,"[0, 1]"
561448,7542507,7227531,1,"[0, 1]"
561448,7542507,7561416,1,"[0, 1]"
561448,7542507,7267839,1,"[0, 1]"
561448,7542507,7329657,1,"[0, 1]"
561448,7542507,7153226,1,"[0, 1]"
561448,7542507,7311926,1,"[0, 1]"
561448,7542507,7506197,1,"[0, 1]"
561448,7542507,7632219,1,"[0, 1]"
561448,7542507,7538554,1,"[0, 1]"
649110,7542609,7542609,1,"[1, 0]"
649110,7542609,4575,0,"[1, 0]"
649110,7542609,3134,0,"[1, 0]"
649110,7542609,1566,0,"[1, 0]"
649110,7542609,782,0,"[1, 0]"
649110,7542609,390,0,"[1, 0]"
649110,7542609,194,0,"[1, 0]"
649110,7542609,96,0,"[1, 0]"
649110,7542609,47,0,"[1, 0]"
649110,7542609,23,0,"[1, 0]"
649110,7542609,11,0,"[1, 0]"
649110,7542609,5,0,"[1, 0]"
649110,7542609,2,0,"[1, 0]"
649110,7542609,0,0,"[1, 0]"
649110,7542609,1,0,"[0, 1]"
649110,7542609,2,0,"[0, 1]"
649110,7542609,5,0,"[0, 1]"
649110,7542609,6,0,"[0, 1]"
649110,7542609,3,0,"[0, 1]"
649110,7542609,4,0,"[0, 1]"
649110,7542609,11,0,"[0, 1]"
649110,7542609,10,0,"[0, 1]"
649110,7542609,7,0,"[0, 1]"
649110,7542609,14,0,"[0, 1]"
649110,7542609,12,0,"[0, 1]"
649110,7542609,8,0,"[0, 1]"
649110,7542609,23,0,"[0, 1]"
649110,7542609,29,0,"[0, 1]"
649110,7542609,21,0,"[0, 1]"
649110,7542609,26,0,"[0, 1]"
649110,7542609,20,0,"[0, 1]"
649110,7542609,16,0,"[0, 1]"
649110,7542609,19,0,"[0, 1]"
649110,7542609,30,0,"[0, 1]"
649110,7542609,33,0,"[0, 1]"
649110,7542609,46,0,"[0, 1]"
649110,7542609,44,0,"[0, 1]"
649110,7542609,47,0,"[0, 1]"
649110,7542609,60,0,"[0, 1]"
649110,7542609,39,0,"[0, 1]"
649110,7542609,52,0,"[0, 1]"
649110,7542609,58,0,"[0, 1]"
649110,7542609,54,0,"[0, 1]"
649110,7542609,41,0,"[0, 1]"
649110,7542609,90,0,"[0, 1]"
649110,7542609,125,0,"[0, 1]"
649110,7542609,110,0,"[0, 1]"
649110,7542609,76,0,"[0, 1]"
649110,7542609,80,0,"[0, 1]"
649110,7542609,88,0,"[0, 1]"
649110,7542609,67,0,"[0, 1]"
649110,7542609,93,0,"[0, 1]"
649110,7542609,115,0,"[0, 1]"
649110,7542609,103,0,"[0, 1]"
649110,7542609,100,0,"[0, 1]"
649110,7542609,98,0,"[0, 1]"
649110,7542609,228,0,"[0, 1]"
649110,7542609,170,0,"[0, 1]"
649110,7542609,172,0,"[0, 1]"
649110,7542609,249,0,"[0, 1]"
649110,7542609,164,0,"[0, 1]"
649110,7542609,242,0,"[0, 1]"
649110,7542609,248,0,"[0, 1]"
649110,7542609,165,0,"[0, 1]"
649110,7542609,232,0,"[0, 1]"
649110,7542609,211,0,"[0, 1]"
649110,7542609,236,0,"[0, 1]"
649110,7542609,192,0,"[0, 1]"
649110,7542609,221,0,"[0, 1]"
649110,7542609,178,0,"[0, 1]"
649110,7542609,509,0,"[0, 1]"
649110,7542609,476,0,"[0, 1]"
649110,7542609,451,0,"[0, 1]"
649110,7542609,407,0,"[0, 1]"
649110,7542609,273,0,"[0, 1]"
649110,7542609,281,0,"[0, 1]"
649110,7542609,373,0,"[0, 1]"
649110,7542609,336,0,"[0, 1]"
649110,7542609,443,0,"[0, 1]"
649110,7542609,417,0,"[0, 1]"
649110,7542609,478,0,"[0, 1]"
649110,7542609,334,0,"[0, 1]"
649110,7542609,485,0,"[0, 1]"
649110,7542609,294,0,"[0, 1]"
649110,7542609,477,0,"[0, 1]"
649110,7542609,268,0,"[0, 1]"
649110,7542609,1014,0,"[0, 1]"
649110,7542609,591,0,"[0, 1]"
649110,7542609,950,0,"[0, 1]"
649110,7542609,542,0,"[0, 1]"
649110,7542609,869,0,"[0, 1]"
649110,7542609,876,0,"[0, 1]"
649110,7542609,626,0,"[0, 1]"
649110,7542609,826,0,"[0, 1]"
649110,7542609,824,0,"[0, 1]"
649110,7542609,601,0,"[0, 1]"
649110,7542609,699,0,"[0, 1]"
649110,7542609,932,0,"[0, 1]"
649110,7542609,792,0,"[0, 1]"
649110,7542609,748,0,"[0, 1]"
649110,7542609,958,0,"[0, 1]"
649110,7542609,884,0,"[0, 1]"
649110,7542609,625,0,"[0, 1]"
649110,7542609,599,0,"[0, 1]"
649110,7542609,1227,0,"[0, 1]"
649110,7542609,1045,0,"[0, 1]"
649110,7542609,1358,0,"[0, 1]"
649110,7542609,1891,0,"[0, 1]"
649110,7542609,1077,0,"[0, 1]"
649110,7542609,1938,0,"[0, 1]"
649110,7542609,1962,0,"[0, 1]"
649110,7542609,1454,0,"[0, 1]"
649110,7542609,1094,0,"[0, 1]"
649110,7542609,1721,0,"[0, 1]"
649110,7542609,2037,0,"[0, 1]"
649110,7542609,2001,0,"[0, 1]"
649110,7542609,1998,0,"[0, 1]"
649110,7542609,1604,0,"[0, 1]"
649110,7542609,2017,0,"[0, 1]"
649110,7542609,1981,0,"[0, 1]"
649110,7542609,1886,0,"[0, 1]"
649110,7542609,1538,0,"[0, 1]"
649110,7542609,1513,0,"[0, 1]"
649110,7542609,1086,0,"[0, 1]"
649110,7542609,2066,0,"[0, 1]"
649110,7542609,2905,0,"[0, 1]"
649110,7542609,2988,0,"[0, 1]"
649110,7542609,2938,0,"[0, 1]"
649110,7542609,4042,0,"[0, 1]"
649110,7542609,4038,0,"[0, 1]"
649110,7542609,3650,0,"[0, 1]"
649110,7542609,3641,0,"[0, 1]"
649110,7542609,2405,0,"[0, 1]"
649110,7542609,3610,0,"[0, 1]"
649110,7542609,3421,0,"[0, 1]"
649110,7542609,3616,0,"[0, 1]"
649110,7542609,2394,0,"[0, 1]"
649110,7542609,2865,0,"[0, 1]"
649110,7542609,3921,0,"[0, 1]"
649110,7542609,2727,0,"[0, 1]"
649110,7542609,3164,0,"[0, 1]"
649110,7542609,3991,0,"[0, 1]"
649110,7542609,2083,0,"[0, 1]"
649110,7542609,2225,0,"[0, 1]"
649110,7542609,3354,0,"[0, 1]"
649110,7542609,3974,0,"[0, 1]"
649110,7542609,7357777,1,"[0, 1]"
649110,7542609,4584,0,"[0, 1]"
649110,7542609,7135660,1,"[0, 1]"
649110,7542609,7075870,1,"[0, 1]"
649110,7542609,7235794,1,"[0, 1]"
649110,7542609,7247196,1,"[0, 1]"
649110,7542609,4852,0,"[0, 1]"
649110,7542609,7114596,1,"[0, 1]"
649110,7542609,4698,0,"[0, 1]"
649110,7542609,2646831,1,"[0, 1]"
649110,7542609,7549947,1,"[0, 1]"
649110,7542609,7291603,1,"[0, 1]"
649110,7542609,7662586,1,"[0, 1]"
649110,7542609,7539156,1,"[0, 1]"
649110,7542609,7417933,1,"[0, 1]"
649110,7542609,7140503,1,"[0, 1]"
649110,7542609,7406467,1,"[0, 1]"
649110,7542609,7118975,1,"[0, 1]"
649110,7542609,4294,0,"[0, 1]"
649110,7542609,7656262,1,"[0, 1]"
649110,7542609,4383,0,"[0, 1]"
649110,7542609,4414,0,"[0, 1]"
649110,7542609,7337302,1,"[0, 1]"
649110,7542609,7200218,1,"[0, 1]"
649110,7542609,7410675,1,"[0, 1]"
649110,7542609,7151820,1,"[0, 1]"
649110,7542609,7365361,1,"[0, 1]"
649110,7542609,7171673,1,"[0, 1]"
649110,7542609,369396,1,"[0, 1]"
649110,7542609,7107910,1,"[0, 1]"
649110,7542609,7686735,1,"[0, 1]"
649110,7542609,2629412,1,"[0, 1]"
649110,7542609,7249337,1,"[0, 1]"
649110,7542609,7108413,1,"[0, 1]"
649110,7542609,7405704,1,"[0, 1]"
649110,7542609,7427000,1,"[0, 1]"
649110,7542609,7292903,1,"[0, 1]"
649110,7542609,7687460,1,"[0, 1]"
649110,7542609,7101182,1,"[0, 1]"
649110,7542609,7578466,1,"[0, 1]"
649110,7542609,6388976,1,"[0, 1]"
649110,7542609,7132606,1,"[0, 1]"
649110,7542609,6571087,1,"[0, 1]"
649110,7542609,2548558,1,"[0, 1]"
649110,7542609,7480664,1,"[0, 1]"
649110,7542609,7143620,1,"[0, 1]"
649110,7542609,3771070,1,"[0, 1]"
649110,7542609,7486427,1,"[0, 1]"
649110,7542609,7208259,1,"[0, 1]"
649110,7542609,7082706,1,"[0, 1]"
745402,7542623,7542623,1,"[1, 0]"
745402,7542623,3747,0,"[1, 0]"
745402,7542623,1873,0,"[1, 0]"
745402,7542623,936,0,"[1, 0]"
745402,7542623,467,0,"[1, 0]"
745402,7542623,233,0,"[1, 0]"
745402,7542623,116,0,"[1, 0]"
745402,7542623,57,0,"[1, 0]"
745402,7542623,28,0,"[1, 0]"
745402,7542623,13,0,"[1, 0]"
745402,7542623,6,0,"[1, 0]"
745402,7542623,2,0,"[1, 0]"
745402,7542623,0,0,"[1, 0]"
745402,7542623,2,0,"[0, 1]"
745402,7542623,1,0,"[0, 1]"
745402,7542623,3,0,"[0, 1]"
745402,7542623,6,0,"[0, 1]"
745402,7542623,5,0,"[0, 1]"
745402,7542623,4,0,"[0, 1]"
745402,7542623,14,0,"[0, 1]"
745402,7542623,9,0,"[0, 1]"
745402,7542623,7,0,"[0, 1]"
745402,7542623,8,0,"[0, 1]"
745402,7542623,11,0,"[0, 1]"
745402,7542623,12,0,"[0, 1]"
745402,7542623,16,0,"[0, 1]"
745402,7542623,25,0,"[0, 1]"
745402,7542623,18,0,"[0, 1]"
745402,7542623,20,0,"[0, 1]"
745402,7542623,22,0,"[0, 1]"
745402,7542623,29,0,"[0, 1]"
745402,7542623,15,0,"[0, 1]"
745402,7542623,21,0,"[0, 1]"
745402,7542623,41,0,"[0, 1]"
745402,7542623,38,0,"[0, 1]"
745402,7542623,37,0,"[0, 1]"
745402,7542623,52,0,"[0, 1]"
745402,7542623,49,0,"[0, 1]"
745402,7542623,43,0,"[0, 1]"
745402,7542623,48,0,"[0, 1]"
745402,7542623,53,0,"[0, 1]"
745402,7542623,46,0,"[0, 1]"
745402,7542623,51,0,"[0, 1]"
745402,7542623,83,0,"[0, 1]"
745402,7542623,84,0,"[0, 1]"
745402,7542623,93,0,"[0, 1]"
745402,7542623,108,0,"[0, 1]"
745402,7542623,100,0,"[0, 1]"
745402,7542623,123,0,"[0, 1]"
745402,7542623,106,0,"[0, 1]"
745402,7542623,68,0,"[0, 1]"
745402,7542623,87,0,"[0, 1]"
745402,7542623,125,0,"[0, 1]"
745402,7542623,115,0,"[0, 1]"
745402,7542623,94,0,"[0, 1]"
745402,7542623,223,0,"[0, 1]"
745402,7542623,158,0,"[0, 1]"
745402,7542623,227,0,"[0, 1]"
745402,7542623,162,0,"[0, 1]"
745402,7542623,150,0,"[0, 1]"
745402,7542623,228,0,"[0, 1]"
745402,7542623,200,0,"[0, 1]"
745402,7542623,185,0,"[0, 1]"
745402,7542623,218,0,"[0, 1]"
745402,7542623,202,0,"[0, 1]"
745402,7542623,229,0,"[0, 1]"
745402,7542623,165,0,"[0, 1]"
745402,7542623,236,0,"[0, 1]"
745402,7542623,169,0,"[0, 1]"
745402,7542623,438,0,"[0, 1]"
745402,7542623,323,0,"[0, 1]"
745402,7542623,364,0,"[0, 1]"
745402,7542623,421,0,"[0, 1]"
745402,7542623,267,0,"[0, 1]"
745402,7542623,423,0,"[0, 1]"
745402,7542623,359,0,"[0, 1]"
745402,7542623,268,0,"[0, 1]"
745402,7542623,473,0,"[0, 1]"
745402,7542623,427,0,"[0, 1]"
745402,7542623,464,0,"[0, 1]"
745402,7542623,424,0,"[0, 1]"
745402,7542623,504,0,"[0, 1]"
745402,7542623,262,0,"[0, 1]"
745402,7542623,480,0,"[0, 1]"
745402,7542623,402,0,"[0, 1]"
745402,7542623,627,0,"[0, 1]"
745402,7542623,828,0,"[0, 1]"
745402,7542623,545,0,"[0, 1]"
745402,7542623,1018,0,"[0, 1]"
745402,7542623,603,0,"[0, 1]"
745402,7542623,528,0,"[0, 1]"
745402,7542623,1002,0,"[0, 1]"
745402,7542623,737,0,"[0, 1]"
745402,7542623,945,0,"[0, 1]"
745402,7542623,624,0,"[0, 1]"
745402,7542623,958,0,"[0, 1]"
745402,7542623,591,0,"[0, 1]"
745402,7542623,778,0,"[0, 1]"
745402,7542623,571,0,"[0, 1]"
745402,7542623,758,0,"[0, 1]"
745402,7542623,639,0,"[0, 1]"
745402,7542623,637,0,"[0, 1]"
745402,7542623,535,0,"[0, 1]"
745402,7542623,2039,0,"[0, 1]"
745402,7542623,1137,0,"[0, 1]"
745402,7542623,1284,0,"[0, 1]"
745402,7542623,1158,0,"[0, 1]"
745402,7542623,1696,0,"[0, 1]"
745402,7542623,1783,0,"[0, 1]"
745402,7542623,1498,0,"[0, 1]"
745402,7542623,1377,0,"[0, 1]"
745402,7542623,1270,0,"[0, 1]"
745402,7542623,1313,0,"[0, 1]"
745402,7542623,1443,0,"[0, 1]"
745402,7542623,1776,0,"[0, 1]"
745402,7542623,1173,0,"[0, 1]"
745402,7542623,1925,0,"[0, 1]"
745402,7542623,1285,0,"[0, 1]"
745402,7542623,1155,0,"[0, 1]"
745402,7542623,1931,0,"[0, 1]"
745402,7542623,1869,0,"[0, 1]"
745402,7542623,1427,0,"[0, 1]"
745402,7542623,1207,0,"[0, 1]"
745402,7542623,4045,0,"[0, 1]"
745402,7542623,3071,0,"[0, 1]"
745402,7542623,3250,0,"[0, 1]"
745402,7542623,2054,0,"[0, 1]"
745402,7542623,2421,0,"[0, 1]"
745402,7542623,3950,0,"[0, 1]"
745402,7542623,3447,0,"[0, 1]"
745402,7542623,2200,0,"[0, 1]"
745402,7542623,2851,0,"[0, 1]"
745402,7542623,2911,0,"[0, 1]"
745402,7542623,3982,0,"[0, 1]"
745402,7542623,2342,0,"[0, 1]"
745402,7542623,3958,0,"[0, 1]"
745402,7542623,3797,0,"[0, 1]"
745402,7542623,3611,0,"[0, 1]"
745402,7542623,3919,0,"[0, 1]"
745402,7542623,3593,0,"[0, 1]"
745402,7542623,3372,0,"[0, 1]"
745402,7542623,2219,0,"[0, 1]"
745402,7542623,4067,0,"[0, 1]"
745402,7542623,3608,0,"[0, 1]"
745402,7542623,2821,0,"[0, 1]"
745402,7542623,7231200,1,"[0, 1]"
745402,7542623,4486,0,"[0, 1]"
745402,7542623,1218301,1,"[0, 1]"
745402,7542623,7543353,1,"[0, 1]"
745402,7542623,7277771,1,"[0, 1]"
745402,7542623,7424964,1,"[0, 1]"
745402,7542623,7089128,1,"[0, 1]"
745402,7542623,7110606,1,"[0, 1]"
745402,7542623,7530546,1,"[0, 1]"
745402,7542623,6607020,1,"[0, 1]"
745402,7542623,7654456,1,"[0, 1]"
745402,7542623,1248180,1,"[0, 1]"
745402,7542623,7265273,1,"[0, 1]"
745402,7542623,4567,0,"[0, 1]"
745402,7542623,7113274,1,"[0, 1]"
745402,7542623,7581991,1,"[0, 1]"
745402,7542623,7403482,1,"[0, 1]"
745402,7542623,4579,0,"[0, 1]"
745402,7542623,7162884,1,"[0, 1]"
745402,7542623,7506064,1,"[0, 1]"
745402,7542623,5770375,1,"[0, 1]"
745402,7542623,7423657,1,"[0, 1]"
745402,7542623,7544209,1,"[0, 1]"
745402,7542623,4154,0,"[0, 1]"
743696,7542697,7542697,1,"[1, 0]"
743696,7542697,3482,0,"[1, 0]"
743696,7542697,1740,0,"[1, 0]"
743696,7542697,869,0,"[1, 0]"
743696,7542697,434,0,"[1, 0]"
743696,7542697,216,0,"[1, 0]"
743696,7542697,107,0,"[1, 0]"
743696,7542697,53,0,"[1, 0]"
743696,7542697,26,0,"[1, 0]"
743696,7542697,12,0,"[1, 0]"
743696,7542697,5,0,"[1, 0]"
743696,7542697,2,0,"[1, 0]"
743696,7542697,0,0,"[1, 0]"
743696,7542697,1,0,"[0, 1]"
743696,7542697,2,0,"[0, 1]"
743696,7542697,4,0,"[0, 1]"
743696,7542697,6,0,"[0, 1]"
743696,7542697,3,0,"[0, 1]"
743696,7542697,5,0,"[0, 1]"
743696,7542697,11,0,"[0, 1]"
743696,7542697,9,0,"[0, 1]"
743696,7542697,10,0,"[0, 1]"
743696,7542697,7,0,"[0, 1]"
743696,7542697,14,0,"[0, 1]"
743696,7542697,8,0,"[0, 1]"
743696,7542697,30,0,"[0, 1]"
743696,7542697,15,0,"[0, 1]"
743696,7542697,27,0,"[0, 1]"
743696,7542697,18,0,"[0, 1]"
743696,7542697,21,0,"[0, 1]"
743696,7542697,28,0,"[0, 1]"
743696,7542697,24,0,"[0, 1]"
743696,7542697,17,0,"[0, 1]"
743696,7542697,52,0,"[0, 1]"
743696,7542697,38,0,"[0, 1]"
743696,7542697,51,0,"[0, 1]"
743696,7542697,55,0,"[0, 1]"
743696,7542697,60,0,"[0, 1]"
743696,7542697,42,0,"[0, 1]"
743696,7542697,32,0,"[0, 1]"
743696,7542697,57,0,"[0, 1]"
743696,7542697,33,0,"[0, 1]"
743696,7542697,45,0,"[0, 1]"
743696,7542697,124,0,"[0, 1]"
743696,7542697,70,0,"[0, 1]"
743696,7542697,117,0,"[0, 1]"
743696,7542697,103,0,"[0, 1]"
743696,7542697,97,0,"[0, 1]"
743696,7542697,94,0,"[0, 1]"
743696,7542697,100,0,"[0, 1]"
743696,7542697,90,0,"[0, 1]"
743696,7542697,91,0,"[0, 1]"
743696,7542697,122,0,"[0, 1]"
743696,7542697,126,0,"[0, 1]"
743696,7542697,102,0,"[0, 1]"
743696,7542697,175,0,"[0, 1]"
743696,7542697,232,0,"[0, 1]"
743696,7542697,151,0,"[0, 1]"
743696,7542697,229,0,"[0, 1]"
743696,7542697,155,0,"[0, 1]"
743696,7542697,220,0,"[0, 1]"
743696,7542697,154,0,"[0, 1]"
743696,7542697,165,0,"[0, 1]"
743696,7542697,144,0,"[0, 1]"
743696,7542697,157,0,"[0, 1]"
743696,7542697,200,0,"[0, 1]"
743696,7542697,242,0,"[0, 1]"
743696,7542697,251,0,"[0, 1]"
743696,7542697,207,0,"[0, 1]"
743696,7542697,400,0,"[0, 1]"
743696,7542697,390,0,"[0, 1]"
743696,7542697,454,0,"[0, 1]"
743696,7542697,364,0,"[0, 1]"
743696,7542697,271,0,"[0, 1]"
743696,7542697,293,0,"[0, 1]"
743696,7542697,345,0,"[0, 1]"
743696,7542697,486,0,"[0, 1]"
743696,7542697,428,0,"[0, 1]"
743696,7542697,414,0,"[0, 1]"
743696,7542697,371,0,"[0, 1]"
743696,7542697,412,0,"[0, 1]"
743696,7542697,436,0,"[0, 1]"
743696,7542697,348,0,"[0, 1]"
743696,7542697,426,0,"[0, 1]"
743696,7542697,296,0,"[0, 1]"
743696,7542697,612,0,"[0, 1]"
743696,7542697,943,0,"[0, 1]"
743696,7542697,972,0,"[0, 1]"
743696,7542697,864,0,"[0, 1]"
743696,7542697,855,0,"[0, 1]"
743696,7542697,582,0,"[0, 1]"
743696,7542697,858,0,"[0, 1]"
743696,7542697,512,0,"[0, 1]"
743696,7542697,535,0,"[0, 1]"
743696,7542697,772,0,"[0, 1]"
743696,7542697,808,0,"[0, 1]"
743696,7542697,642,0,"[0, 1]"
743696,7542697,843,0,"[0, 1]"
743696,7542697,656,0,"[0, 1]"
743696,7542697,825,0,"[0, 1]"
743696,7542697,741,0,"[0, 1]"
743696,7542697,828,0,"[0, 1]"
743696,7542697,616,0,"[0, 1]"
743696,7542697,1175,0,"[0, 1]"
743696,7542697,1561,0,"[0, 1]"
743696,7542697,1467,0,"[0, 1]"
743696,7542697,1925,0,"[0, 1]"
743696,7542697,1624,0,"[0, 1]"
743696,7542697,1246,0,"[0, 1]"
743696,7542697,1948,0,"[0, 1]"
743696,7542697,1250,0,"[0, 1]"
743696,7542697,1143,0,"[0, 1]"
743696,7542697,1401,0,"[0, 1]"
743696,7542697,1155,0,"[0, 1]"
743696,7542697,1709,0,"[0, 1]"
743696,7542697,1584,0,"[0, 1]"
743696,7542697,1853,0,"[0, 1]"
743696,7542697,1197,0,"[0, 1]"
743696,7542697,1389,0,"[0, 1]"
743696,7542697,1696,0,"[0, 1]"
743696,7542697,1176,0,"[0, 1]"
743696,7542697,1252,0,"[0, 1]"
743696,7542697,1766,0,"[0, 1]"
743696,7542697,2123,0,"[0, 1]"
743696,7542697,3841,0,"[0, 1]"
743696,7542697,4006,0,"[0, 1]"
743696,7542697,3124,0,"[0, 1]"
743696,7542697,2487,0,"[0, 1]"
743696,7542697,2163,0,"[0, 1]"
743696,7542697,4022,0,"[0, 1]"
743696,7542697,3510,0,"[0, 1]"
743696,7542697,3958,0,"[0, 1]"
743696,7542697,3889,0,"[0, 1]"
743696,7542697,2326,0,"[0, 1]"
743696,7542697,3984,0,"[0, 1]"
743696,7542697,2868,0,"[0, 1]"
743696,7542697,2703,0,"[0, 1]"
743696,7542697,2218,0,"[0, 1]"
743696,7542697,2539,0,"[0, 1]"
743696,7542697,2344,0,"[0, 1]"
743696,7542697,3429,0,"[0, 1]"
743696,7542697,3513,0,"[0, 1]"
743696,7542697,2926,0,"[0, 1]"
743696,7542697,2975,0,"[0, 1]"
743696,7542697,2506,0,"[0, 1]"
743696,7542697,7198180,1,"[0, 1]"
743696,7542697,4823,0,"[0, 1]"
743696,7542697,7363701,1,"[0, 1]"
743696,7542697,7320812,1,"[0, 1]"
743696,7542697,7305235,1,"[0, 1]"
743696,7542697,7193888,1,"[0, 1]"
743696,7542697,7378227,1,"[0, 1]"
743696,7542697,4429,0,"[0, 1]"
743696,7542697,7108969,1,"[0, 1]"
743696,7542697,7550362,1,"[0, 1]"
743696,7542697,3152590,1,"[0, 1]"
743696,7542697,7162062,1,"[0, 1]"
743696,7542697,4833,0,"[0, 1]"
743696,7542697,3314229,1,"[0, 1]"
743696,7542697,4689,0,"[0, 1]"
743696,7542697,7233137,1,"[0, 1]"
743696,7542697,7092485,1,"[0, 1]"
743696,7542697,7557542,1,"[0, 1]"
743696,7542697,7371014,1,"[0, 1]"
743696,7542697,7610158,1,"[0, 1]"
743696,7542697,7586017,1,"[0, 1]"
743696,7542697,7440274,1,"[0, 1]"
743696,7542697,7147504,1,"[0, 1]"
743696,7542697,7202337,1,"[0, 1]"
76283,7542942,7542942,1,"[1, 0]"
76283,7542942,3972,0,"[1, 0]"
76283,7542942,1985,0,"[1, 0]"
76283,7542942,992,0,"[1, 0]"
76283,7542942,495,0,"[1, 0]"
76283,7542942,247,0,"[1, 0]"
76283,7542942,123,0,"[1, 0]"
76283,7542942,61,0,"[1, 0]"
76283,7542942,30,0,"[1, 0]"
76283,7542942,14,0,"[1, 0]"
76283,7542942,6,0,"[1, 0]"
76283,7542942,2,0,"[1, 0]"
76283,7542942,0,0,"[1, 0]"
76283,7542942,1,0,"[0, 1]"
76283,7542942,2,0,"[0, 1]"
76283,7542942,6,0,"[0, 1]"
76283,7542942,5,0,"[0, 1]"
76283,7542942,4,0,"[0, 1]"
76283,7542942,3,0,"[0, 1]"
76283,7542942,10,0,"[0, 1]"
76283,7542942,7,0,"[0, 1]"
76283,7542942,8,0,"[0, 1]"
76283,7542942,13,0,"[0, 1]"
76283,7542942,12,0,"[0, 1]"
76283,7542942,14,0,"[0, 1]"
76283,7542942,30,0,"[0, 1]"
76283,7542942,16,0,"[0, 1]"
76283,7542942,27,0,"[0, 1]"
76283,7542942,20,0,"[0, 1]"
76283,7542942,18,0,"[0, 1]"
76283,7542942,22,0,"[0, 1]"
76283,7542942,15,0,"[0, 1]"
76283,7542942,26,0,"[0, 1]"
76283,7542942,46,0,"[0, 1]"
76283,7542942,35,0,"[0, 1]"
76283,7542942,49,0,"[0, 1]"
76283,7542942,45,0,"[0, 1]"
76283,7542942,58,0,"[0, 1]"
76283,7542942,55,0,"[0, 1]"
76283,7542942,48,0,"[0, 1]"
76283,7542942,37,0,"[0, 1]"
76283,7542942,52,0,"[0, 1]"
76283,7542942,51,0,"[0, 1]"
76283,7542942,98,0,"[0, 1]"
76283,7542942,124,0,"[0, 1]"
76283,7542942,126,0,"[0, 1]"
76283,7542942,123,0,"[0, 1]"
76283,7542942,105,0,"[0, 1]"
76283,7542942,119,0,"[0, 1]"
76283,7542942,91,0,"[0, 1]"
76283,7542942,68,0,"[0, 1]"
76283,7542942,118,0,"[0, 1]"
76283,7542942,81,0,"[0, 1]"
76283,7542942,113,0,"[0, 1]"
76283,7542942,83,0,"[0, 1]"
76283,7542942,202,0,"[0, 1]"
76283,7542942,170,0,"[0, 1]"
76283,7542942,205,0,"[0, 1]"
76283,7542942,218,0,"[0, 1]"
76283,7542942,201,0,"[0, 1]"
76283,7542942,153,0,"[0, 1]"
76283,7542942,236,0,"[0, 1]"
76283,7542942,253,0,"[0, 1]"
76283,7542942,233,0,"[0, 1]"
76283,7542942,231,0,"[0, 1]"
76283,7542942,210,0,"[0, 1]"
76283,7542942,184,0,"[0, 1]"
76283,7542942,143,0,"[0, 1]"
76283,7542942,215,0,"[0, 1]"
76283,7542942,336,0,"[0, 1]"
76283,7542942,423,0,"[0, 1]"
76283,7542942,477,0,"[0, 1]"
76283,7542942,435,0,"[0, 1]"
76283,7542942,320,0,"[0, 1]"
76283,7542942,338,0,"[0, 1]"
76283,7542942,495,0,"[0, 1]"
76283,7542942,307,0,"[0, 1]"
76283,7542942,481,0,"[0, 1]"
76283,7542942,280,0,"[0, 1]"
76283,7542942,295,0,"[0, 1]"
76283,7542942,464,0,"[0, 1]"
76283,7542942,503,0,"[0, 1]"
76283,7542942,263,0,"[0, 1]"
76283,7542942,277,0,"[0, 1]"
76283,7542942,436,0,"[0, 1]"
76283,7542942,628,0,"[0, 1]"
76283,7542942,906,0,"[0, 1]"
76283,7542942,570,0,"[0, 1]"
76283,7542942,541,0,"[0, 1]"
76283,7542942,1014,0,"[0, 1]"
76283,7542942,732,0,"[0, 1]"
76283,7542942,755,0,"[0, 1]"
76283,7542942,932,0,"[0, 1]"
76283,7542942,966,0,"[0, 1]"
76283,7542942,866,0,"[0, 1]"
76283,7542942,905,0,"[0, 1]"
76283,7542942,841,0,"[0, 1]"
76283,7542942,530,0,"[0, 1]"
76283,7542942,1021,0,"[0, 1]"
76283,7542942,803,0,"[0, 1]"
76283,7542942,928,0,"[0, 1]"
76283,7542942,691,0,"[0, 1]"
76283,7542942,854,0,"[0, 1]"
76283,7542942,1468,0,"[0, 1]"
76283,7542942,1079,0,"[0, 1]"
76283,7542942,1154,0,"[0, 1]"
76283,7542942,1412,0,"[0, 1]"
76283,7542942,1397,0,"[0, 1]"
76283,7542942,2017,0,"[0, 1]"
76283,7542942,1654,0,"[0, 1]"
76283,7542942,1106,0,"[0, 1]"
76283,7542942,1263,0,"[0, 1]"
76283,7542942,1470,0,"[0, 1]"
76283,7542942,1770,0,"[0, 1]"
76283,7542942,1328,0,"[0, 1]"
76283,7542942,1233,0,"[0, 1]"
76283,7542942,1453,0,"[0, 1]"
76283,7542942,1039,0,"[0, 1]"
76283,7542942,1444,0,"[0, 1]"
76283,7542942,1123,0,"[0, 1]"
76283,7542942,1194,0,"[0, 1]"
76283,7542942,1722,0,"[0, 1]"
76283,7542942,1065,0,"[0, 1]"
76283,7542942,4023,0,"[0, 1]"
76283,7542942,3463,0,"[0, 1]"
76283,7542942,2938,0,"[0, 1]"
76283,7542942,2309,0,"[0, 1]"
76283,7542942,3415,0,"[0, 1]"
76283,7542942,2492,0,"[0, 1]"
76283,7542942,2228,0,"[0, 1]"
76283,7542942,3980,0,"[0, 1]"
76283,7542942,3958,0,"[0, 1]"
76283,7542942,2256,0,"[0, 1]"
76283,7542942,3558,0,"[0, 1]"
76283,7542942,2420,0,"[0, 1]"
76283,7542942,4004,0,"[0, 1]"
76283,7542942,2246,0,"[0, 1]"
76283,7542942,3267,0,"[0, 1]"
76283,7542942,3739,0,"[0, 1]"
76283,7542942,3513,0,"[0, 1]"
76283,7542942,3116,0,"[0, 1]"
76283,7542942,3474,0,"[0, 1]"
76283,7542942,3758,0,"[0, 1]"
76283,7542942,3069,0,"[0, 1]"
76283,7542942,4050,0,"[0, 1]"
76283,7542942,7470460,1,"[0, 1]"
76283,7542942,4589509,1,"[0, 1]"
76283,7542942,7662607,1,"[0, 1]"
76283,7542942,4589,0,"[0, 1]"
76283,7542942,7661636,1,"[0, 1]"
76283,7542942,7557969,1,"[0, 1]"
76283,7542942,7640621,1,"[0, 1]"
76283,7542942,7582989,1,"[0, 1]"
76283,7542942,7327861,1,"[0, 1]"
76283,7542942,7247338,1,"[0, 1]"
76283,7542942,4783,0,"[0, 1]"
76283,7542942,4234,0,"[0, 1]"
76283,7542942,4131,0,"[0, 1]"
76283,7542942,7153085,1,"[0, 1]"
76283,7542942,7650090,1,"[0, 1]"
76283,7542942,7279379,1,"[0, 1]"
76283,7542942,4272,0,"[0, 1]"
76283,7542942,7094280,1,"[0, 1]"
76283,7542942,4561,0,"[0, 1]"
76283,7542942,7466196,1,"[0, 1]"
76283,7542942,4694,0,"[0, 1]"
76283,7542942,7488358,1,"[0, 1]"
76283,7542942,7272003,1,"[0, 1]"
76283,7542942,4150,0,"[0, 1]"
570979,7543210,7543210,1,"[1, 0]"
570979,7543210,4304,0,"[1, 0]"
570979,7543210,2522,0,"[1, 0]"
570979,7543210,1260,0,"[1, 0]"
570979,7543210,629,0,"[1, 0]"
570979,7543210,314,0,"[1, 0]"
570979,7543210,156,0,"[1, 0]"
570979,7543210,77,0,"[1, 0]"
570979,7543210,38,0,"[1, 0]"
570979,7543210,18,0,"[1, 0]"
570979,7543210,8,0,"[1, 0]"
570979,7543210,3,0,"[1, 0]"
570979,7543210,1,0,"[1, 0]"
570979,7543210,0,0,"[1, 0]"
570979,7543210,1,0,"[0, 1]"
570979,7543210,2,0,"[0, 1]"
570979,7543210,4,0,"[0, 1]"
570979,7543210,6,0,"[0, 1]"
570979,7543210,3,0,"[0, 1]"
570979,7543210,5,0,"[0, 1]"
570979,7543210,11,0,"[0, 1]"
570979,7543210,13,0,"[0, 1]"
570979,7543210,14,0,"[0, 1]"
570979,7543210,7,0,"[0, 1]"
570979,7543210,9,0,"[0, 1]"
570979,7543210,10,0,"[0, 1]"
570979,7543210,29,0,"[0, 1]"
570979,7543210,28,0,"[0, 1]"
570979,7543210,27,0,"[0, 1]"
570979,7543210,16,0,"[0, 1]"
570979,7543210,25,0,"[0, 1]"
570979,7543210,24,0,"[0, 1]"
570979,7543210,23,0,"[0, 1]"
570979,7543210,22,0,"[0, 1]"
570979,7543210,37,0,"[0, 1]"
570979,7543210,39,0,"[0, 1]"
570979,7543210,36,0,"[0, 1]"
570979,7543210,33,0,"[0, 1]"
570979,7543210,55,0,"[0, 1]"
570979,7543210,31,0,"[0, 1]"
570979,7543210,51,0,"[0, 1]"
570979,7543210,57,0,"[0, 1]"
570979,7543210,52,0,"[0, 1]"
570979,7543210,35,0,"[0, 1]"
570979,7543210,100,0,"[0, 1]"
570979,7543210,83,0,"[0, 1]"
570979,7543210,81,0,"[0, 1]"
570979,7543210,111,0,"[0, 1]"
570979,7543210,114,0,"[0, 1]"
570979,7543210,99,0,"[0, 1]"
570979,7543210,92,0,"[0, 1]"
570979,7543210,90,0,"[0, 1]"
570979,7543210,64,0,"[0, 1]"
570979,7543210,78,0,"[0, 1]"
570979,7543210,74,0,"[0, 1]"
570979,7543210,98,0,"[0, 1]"
570979,7543210,218,0,"[0, 1]"
570979,7543210,127,0,"[0, 1]"
570979,7543210,223,0,"[0, 1]"
570979,7543210,128,0,"[0, 1]"
570979,7543210,200,0,"[0, 1]"
570979,7543210,143,0,"[0, 1]"
570979,7543210,244,0,"[0, 1]"
570979,7543210,242,0,"[0, 1]"
570979,7543210,183,0,"[0, 1]"
570979,7543210,152,0,"[0, 1]"
570979,7543210,168,0,"[0, 1]"
570979,7543210,139,0,"[0, 1]"
570979,7543210,238,0,"[0, 1]"
570979,7543210,206,0,"[0, 1]"
570979,7543210,271,0,"[0, 1]"
570979,7543210,465,0,"[0, 1]"
570979,7543210,330,0,"[0, 1]"
570979,7543210,360,0,"[0, 1]"
570979,7543210,392,0,"[0, 1]"
570979,7543210,355,0,"[0, 1]"
570979,7543210,304,0,"[0, 1]"
570979,7543210,258,0,"[0, 1]"
570979,7543210,498,0,"[0, 1]"
570979,7543210,472,0,"[0, 1]"
570979,7543210,414,0,"[0, 1]"
570979,7543210,277,0,"[0, 1]"
570979,7543210,389,0,"[0, 1]"
570979,7543210,372,0,"[0, 1]"
570979,7543210,453,0,"[0, 1]"
570979,7543210,278,0,"[0, 1]"
570979,7543210,944,0,"[0, 1]"
570979,7543210,599,0,"[0, 1]"
570979,7543210,570,0,"[0, 1]"
570979,7543210,932,0,"[0, 1]"
570979,7543210,986,0,"[0, 1]"
570979,7543210,750,0,"[0, 1]"
570979,7543210,949,0,"[0, 1]"
570979,7543210,833,0,"[0, 1]"
570979,7543210,790,0,"[0, 1]"
570979,7543210,557,0,"[0, 1]"
570979,7543210,695,0,"[0, 1]"
570979,7543210,854,0,"[0, 1]"
570979,7543210,574,0,"[0, 1]"
570979,7543210,967,0,"[0, 1]"
570979,7543210,533,0,"[0, 1]"
570979,7543210,848,0,"[0, 1]"
570979,7543210,994,0,"[0, 1]"
570979,7543210,846,0,"[0, 1]"
570979,7543210,1204,0,"[0, 1]"
570979,7543210,1869,0,"[0, 1]"
570979,7543210,1933,0,"[0, 1]"
570979,7543210,1176,0,"[0, 1]"
570979,7543210,1938,0,"[0, 1]"
570979,7543210,1860,0,"[0, 1]"
570979,7543210,1057,0,"[0, 1]"
570979,7543210,1099,0,"[0, 1]"
570979,7543210,1735,0,"[0, 1]"
570979,7543210,1100,0,"[0, 1]"
570979,7543210,2025,0,"[0, 1]"
570979,7543210,1056,0,"[0, 1]"
570979,7543210,1389,0,"[0, 1]"
570979,7543210,1306,0,"[0, 1]"
570979,7543210,2020,0,"[0, 1]"
570979,7543210,1397,0,"[0, 1]"
570979,7543210,1947,0,"[0, 1]"
570979,7543210,1507,0,"[0, 1]"
570979,7543210,1361,0,"[0, 1]"
570979,7543210,1294,0,"[0, 1]"
570979,7543210,3505,0,"[0, 1]"
570979,7543210,2953,0,"[0, 1]"
570979,7543210,3549,0,"[0, 1]"
570979,7543210,3317,0,"[0, 1]"
570979,7543210,2099,0,"[0, 1]"
570979,7543210,4062,0,"[0, 1]"
570979,7543210,2928,0,"[0, 1]"
570979,7543210,2748,0,"[0, 1]"
570979,7543210,2771,0,"[0, 1]"
570979,7543210,3100,0,"[0, 1]"
570979,7543210,2936,0,"[0, 1]"
570979,7543210,2367,0,"[0, 1]"
570979,7543210,2522,0,"[0, 1]"
570979,7543210,3010,0,"[0, 1]"
570979,7543210,3105,0,"[0, 1]"
570979,7543210,3569,0,"[0, 1]"
570979,7543210,2104,0,"[0, 1]"
570979,7543210,2564,0,"[0, 1]"
570979,7543210,2512,0,"[0, 1]"
570979,7543210,2759,0,"[0, 1]"
570979,7543210,2622,0,"[0, 1]"
570979,7543210,3130,0,"[0, 1]"
570979,7543210,7575848,1,"[0, 1]"
570979,7543210,7645681,1,"[0, 1]"
570979,7543210,7319931,1,"[0, 1]"
570979,7543210,7495322,1,"[0, 1]"
570979,7543210,4901,0,"[0, 1]"
570979,7543210,4288,0,"[0, 1]"
570979,7543210,1399463,1,"[0, 1]"
570979,7543210,4179,0,"[0, 1]"
570979,7543210,7472169,1,"[0, 1]"
570979,7543210,7162750,1,"[0, 1]"
570979,7543210,5735433,1,"[0, 1]"
570979,7543210,4140,0,"[0, 1]"
570979,7543210,4693,0,"[0, 1]"
570979,7543210,346971,1,"[0, 1]"
570979,7543210,7425697,1,"[0, 1]"
570979,7543210,4984,0,"[0, 1]"
570979,7543210,3403837,1,"[0, 1]"
570979,7543210,7166808,1,"[0, 1]"
570979,7543210,4283,0,"[0, 1]"
570979,7543210,7196401,1,"[0, 1]"
570979,7543210,7480056,1,"[0, 1]"
570979,7543210,7573403,1,"[0, 1]"
570979,7543210,7090228,1,"[0, 1]"
570979,7543210,4119,0,"[0, 1]"
570979,7543210,7686662,1,"[0, 1]"
570979,7543210,7115076,1,"[0, 1]"
570979,7543210,3450674,1,"[0, 1]"
570979,7543210,7544458,1,"[0, 1]"
570979,7543210,7315319,1,"[0, 1]"
570979,7543210,7147522,1,"[0, 1]"
570979,7543210,7089538,1,"[0, 1]"
570979,7543210,7088720,1,"[0, 1]"
570979,7543210,7189068,1,"[0, 1]"
570979,7543210,7601492,1,"[0, 1]"
570979,7543210,7586203,1,"[0, 1]"
570979,7543210,7675199,1,"[0, 1]"
570979,7543210,7106893,1,"[0, 1]"
570979,7543210,7532380,1,"[0, 1]"
570979,7543210,7216577,1,"[0, 1]"
570979,7543210,7290527,1,"[0, 1]"
570979,7543210,7403875,1,"[0, 1]"
570979,7543210,7249642,1,"[0, 1]"
570979,7543210,7548464,1,"[0, 1]"
570979,7543210,383715,1,"[0, 1]"
570979,7543210,7632935,1,"[0, 1]"
570979,7543210,3399995,1,"[0, 1]"
570979,7543210,7595623,1,"[0, 1]"
570979,7543210,7155798,1,"[0, 1]"
570979,7543210,7543769,1,"[0, 1]"
570979,7543210,7437009,1,"[0, 1]"
544123,7543289,7543289,1,"[1, 0]"
544123,7543289,2294,0,"[1, 0]"
544123,7543289,1146,0,"[1, 0]"
544123,7543289,572,0,"[1, 0]"
544123,7543289,285,0,"[1, 0]"
544123,7543289,142,0,"[1, 0]"
544123,7543289,70,0,"[1, 0]"
544123,7543289,34,0,"[1, 0]"
544123,7543289,16,0,"[1, 0]"
544123,7543289,7,0,"[1, 0]"
544123,7543289,3,0,"[1, 0]"
544123,7543289,1,0,"[1, 0]"
544123,7543289,0,0,"[1, 0]"
544123,7543289,2,0,"[0, 1]"
544123,7543289,1,0,"[0, 1]"
544123,7543289,4,0,"[0, 1]"
544123,7543289,6,0,"[0, 1]"
544123,7543289,5,0,"[0, 1]"
544123,7543289,3,0,"[0, 1]"
544123,7543289,14,0,"[0, 1]"
544123,7543289,9,0,"[0, 1]"
544123,7543289,11,0,"[0, 1]"
544123,7543289,7,0,"[0, 1]"
544123,7543289,10,0,"[0, 1]"
544123,7543289,12,0,"[0, 1]"
544123,7543289,21,0,"[0, 1]"
544123,7543289,16,0,"[0, 1]"
544123,7543289,18,0,"[0, 1]"
544123,7543289,29,0,"[0, 1]"
544123,7543289,15,0,"[0, 1]"
544123,7543289,30,0,"[0, 1]"
544123,7543289,22,0,"[0, 1]"
544123,7543289,23,0,"[0, 1]"
544123,7543289,47,0,"[0, 1]"
544123,7543289,48,0,"[0, 1]"
544123,7543289,49,0,"[0, 1]"
544123,7543289,42,0,"[0, 1]"
544123,7543289,57,0,"[0, 1]"
544123,7543289,40,0,"[0, 1]"
544123,7543289,44,0,"[0, 1]"
544123,7543289,31,0,"[0, 1]"
544123,7543289,51,0,"[0, 1]"
544123,7543289,36,0,"[0, 1]"
544123,7543289,115,0,"[0, 1]"
544123,7543289,76,0,"[0, 1]"
544123,7543289,83,0,"[0, 1]"
544123,7543289,107,0,"[0, 1]"
544123,7543289,77,0,"[0, 1]"
544123,7543289,66,0,"[0, 1]"
544123,7543289,121,0,"[0, 1]"
544123,7543289,95,0,"[0, 1]"
544123,7543289,73,0,"[0, 1]"
544123,7543289,119,0,"[0, 1]"
544123,7543289,81,0,"[0, 1]"
544123,7543289,90,0,"[0, 1]"
544123,7543289,142,0,"[0, 1]"
544123,7543289,225,0,"[0, 1]"
544123,7543289,127,0,"[0, 1]"
544123,7543289,143,0,"[0, 1]"
544123,7543289,144,0,"[0, 1]"
544123,7543289,200,0,"[0, 1]"
544123,7543289,165,0,"[0, 1]"
544123,7543289,177,0,"[0, 1]"
544123,7543289,252,0,"[0, 1]"
544123,7543289,158,0,"[0, 1]"
544123,7543289,156,0,"[0, 1]"
544123,7543289,146,0,"[0, 1]"
544123,7543289,184,0,"[0, 1]"
544123,7543289,153,0,"[0, 1]"
544123,7543289,389,0,"[0, 1]"
544123,7543289,326,0,"[0, 1]"
544123,7543289,286,0,"[0, 1]"
544123,7543289,358,0,"[0, 1]"
544123,7543289,452,0,"[0, 1]"
544123,7543289,357,0,"[0, 1]"
544123,7543289,488,0,"[0, 1]"
544123,7543289,411,0,"[0, 1]"
544123,7543289,268,0,"[0, 1]"
544123,7543289,383,0,"[0, 1]"
544123,7543289,307,0,"[0, 1]"
544123,7543289,354,0,"[0, 1]"
544123,7543289,379,0,"[0, 1]"
544123,7543289,390,0,"[0, 1]"
544123,7543289,337,0,"[0, 1]"
544123,7543289,428,0,"[0, 1]"
544123,7543289,730,0,"[0, 1]"
544123,7543289,660,0,"[0, 1]"
544123,7543289,566,0,"[0, 1]"
544123,7543289,907,0,"[0, 1]"
544123,7543289,527,0,"[0, 1]"
544123,7543289,515,0,"[0, 1]"
544123,7543289,637,0,"[0, 1]"
544123,7543289,959,0,"[0, 1]"
544123,7543289,600,0,"[0, 1]"
544123,7543289,532,0,"[0, 1]"
544123,7543289,1022,0,"[0, 1]"
544123,7543289,866,0,"[0, 1]"
544123,7543289,540,0,"[0, 1]"
544123,7543289,945,0,"[0, 1]"
544123,7543289,663,0,"[0, 1]"
544123,7543289,677,0,"[0, 1]"
544123,7543289,658,0,"[0, 1]"
544123,7543289,755,0,"[0, 1]"
544123,7543289,1160,0,"[0, 1]"
544123,7543289,1090,0,"[0, 1]"
544123,7543289,1324,0,"[0, 1]"
544123,7543289,1450,0,"[0, 1]"
544123,7543289,1285,0,"[0, 1]"
544123,7543289,2046,0,"[0, 1]"
544123,7543289,1146,0,"[0, 1]"
544123,7543289,1313,0,"[0, 1]"
544123,7543289,1070,0,"[0, 1]"
544123,7543289,1082,0,"[0, 1]"
544123,7543289,1689,0,"[0, 1]"
544123,7543289,1770,0,"[0, 1]"
544123,7543289,1776,0,"[0, 1]"
544123,7543289,1337,0,"[0, 1]"
544123,7543289,1840,0,"[0, 1]"
544123,7543289,1947,0,"[0, 1]"
544123,7543289,1446,0,"[0, 1]"
544123,7543289,1737,0,"[0, 1]"
544123,7543289,1257,0,"[0, 1]"
544123,7543289,1940,0,"[0, 1]"
544123,7543289,3858,0,"[0, 1]"
544123,7543289,3932,0,"[0, 1]"
544123,7543289,2390,0,"[0, 1]"
544123,7543289,3247,0,"[0, 1]"
544123,7543289,4075,0,"[0, 1]"
544123,7543289,2569,0,"[0, 1]"
544123,7543289,2829,0,"[0, 1]"
544123,7543289,4082,0,"[0, 1]"
544123,7543289,3721,0,"[0, 1]"
544123,7543289,3582,0,"[0, 1]"
544123,7543289,3197,0,"[0, 1]"
544123,7543289,2370,0,"[0, 1]"
544123,7543289,3789,0,"[0, 1]"
544123,7543289,2658,0,"[0, 1]"
544123,7543289,2482,0,"[0, 1]"
544123,7543289,3425,0,"[0, 1]"
544123,7543289,3802,0,"[0, 1]"
544123,7543289,2392,0,"[0, 1]"
544123,7543289,2666,0,"[0, 1]"
544123,7543289,4003,0,"[0, 1]"
544123,7543289,2455,0,"[0, 1]"
544123,7543289,2763,0,"[0, 1]"
544123,7543289,7202357,1,"[0, 1]"
544123,7543289,7200213,1,"[0, 1]"
544123,7543289,4671,0,"[0, 1]"
544123,7543289,5167800,1,"[0, 1]"
544123,7543289,4516,0,"[0, 1]"
544123,7543289,7101990,1,"[0, 1]"
544123,7543289,5786828,1,"[0, 1]"
544123,7543289,7240603,1,"[0, 1]"
544123,7543289,7623736,1,"[0, 1]"
544123,7543289,7318277,1,"[0, 1]"
544123,7543289,7585274,1,"[0, 1]"
544123,7543289,3239670,1,"[0, 1]"
544123,7543289,7638465,1,"[0, 1]"
544123,7543289,4146,0,"[0, 1]"
544123,7543289,4226,0,"[0, 1]"
544123,7543289,7204654,1,"[0, 1]"
544123,7543289,7650075,1,"[0, 1]"
544123,7543289,7570414,1,"[0, 1]"
544123,7543289,7287675,1,"[0, 1]"
544123,7543289,7363684,1,"[0, 1]"
544123,7543289,7416200,1,"[0, 1]"
544123,7543289,7273302,1,"[0, 1]"
544123,7543289,7682771,1,"[0, 1]"
544123,7543289,7410274,1,"[0, 1]"
646179,7543313,7543313,1,"[1, 0]"
646179,7543313,3102,0,"[1, 0]"
646179,7543313,1550,0,"[1, 0]"
646179,7543313,774,0,"[1, 0]"
646179,7543313,386,0,"[1, 0]"
646179,7543313,192,0,"[1, 0]"
646179,7543313,95,0,"[1, 0]"
646179,7543313,47,0,"[1, 0]"
646179,7543313,23,0,"[1, 0]"
646179,7543313,11,0,"[1, 0]"
646179,7543313,5,0,"[1, 0]"
646179,7543313,2,0,"[1, 0]"
646179,7543313,0,0,"[1, 0]"
646179,7543313,2,0,"[0, 1]"
646179,7543313,1,0,"[0, 1]"
646179,7543313,5,0,"[0, 1]"
646179,7543313,3,0,"[0, 1]"
646179,7543313,4,0,"[0, 1]"
646179,7543313,6,0,"[0, 1]"
646179,7543313,10,0,"[0, 1]"
646179,7543313,14,0,"[0, 1]"
646179,7543313,13,0,"[0, 1]"
646179,7543313,12,0,"[0, 1]"
646179,7543313,7,0,"[0, 1]"
646179,7543313,8,0,"[0, 1]"
646179,7543313,28,0,"[0, 1]"
646179,7543313,27,0,"[0, 1]"
646179,7543313,24,0,"[0, 1]"
646179,7543313,29,0,"[0, 1]"
646179,7543313,30,0,"[0, 1]"
646179,7543313,17,0,"[0, 1]"
646179,7543313,25,0,"[0, 1]"
646179,7543313,19,0,"[0, 1]"
646179,7543313,39,0,"[0, 1]"
646179,7543313,54,0,"[0, 1]"
646179,7543313,36,0,"[0, 1]"
646179,7543313,42,0,"[0, 1]"
646179,7543313,50,0,"[0, 1]"
646179,7543313,44,0,"[0, 1]"
646179,7543313,34,0,"[0, 1]"
646179,7543313,41,0,"[0, 1]"
646179,7543313,45,0,"[0, 1]"
646179,7543313,46,0,"[0, 1]"
646179,7543313,122,0,"[0, 1]"
646179,7543313,99,0,"[0, 1]"
646179,7543313,82,0,"[0, 1]"
646179,7543313,123,0,"[0, 1]"
646179,7543313,63,0,"[0, 1]"
646179,7543313,119,0,"[0, 1]"
646179,7543313,64,0,"[0, 1]"
646179,7543313,89,0,"[0, 1]"
646179,7543313,113,0,"[0, 1]"
646179,7543313,124,0,"[0, 1]"
646179,7543313,73,0,"[0, 1]"
646179,7543313,112,0,"[0, 1]"
646179,7543313,135,0,"[0, 1]"
646179,7543313,235,0,"[0, 1]"
646179,7543313,231,0,"[0, 1]"
646179,7543313,147,0,"[0, 1]"
646179,7543313,249,0,"[0, 1]"
646179,7543313,252,0,"[0, 1]"
646179,7543313,172,0,"[0, 1]"
646179,7543313,246,0,"[0, 1]"
646179,7543313,233,0,"[0, 1]"
646179,7543313,149,0,"[0, 1]"
646179,7543313,160,0,"[0, 1]"
646179,7543313,208,0,"[0, 1]"
646179,7543313,215,0,"[0, 1]"
646179,7543313,253,0,"[0, 1]"
646179,7543313,385,0,"[0, 1]"
646179,7543313,266,0,"[0, 1]"
646179,7543313,301,0,"[0, 1]"
646179,7543313,495,0,"[0, 1]"
646179,7543313,498,0,"[0, 1]"
646179,7543313,378,0,"[0, 1]"
646179,7543313,395,0,"[0, 1]"
646179,7543313,430,0,"[0, 1]"
646179,7543313,308,0,"[0, 1]"
646179,7543313,375,0,"[0, 1]"
646179,7543313,274,0,"[0, 1]"
646179,7543313,384,0,"[0, 1]"
646179,7543313,450,0,"[0, 1]"
646179,7543313,320,0,"[0, 1]"
646179,7543313,323,0,"[0, 1]"
646179,7543313,338,0,"[0, 1]"
646179,7543313,539,0,"[0, 1]"
646179,7543313,825,0,"[0, 1]"
646179,7543313,939,0,"[0, 1]"
646179,7543313,824,0,"[0, 1]"
646179,7543313,549,0,"[0, 1]"
646179,7543313,556,0,"[0, 1]"
646179,7543313,615,0,"[0, 1]"
646179,7543313,666,0,"[0, 1]"
646179,7543313,673,0,"[0, 1]"
646179,7543313,610,0,"[0, 1]"
646179,7543313,1021,0,"[0, 1]"
646179,7543313,842,0,"[0, 1]"
646179,7543313,609,0,"[0, 1]"
646179,7543313,584,0,"[0, 1]"
646179,7543313,534,0,"[0, 1]"
646179,7543313,993,0,"[0, 1]"
646179,7543313,819,0,"[0, 1]"
646179,7543313,626,0,"[0, 1]"
646179,7543313,1655,0,"[0, 1]"
646179,7543313,1618,0,"[0, 1]"
646179,7543313,1705,0,"[0, 1]"
646179,7543313,1992,0,"[0, 1]"
646179,7543313,1862,0,"[0, 1]"
646179,7543313,1062,0,"[0, 1]"
646179,7543313,1189,0,"[0, 1]"
646179,7543313,1181,0,"[0, 1]"
646179,7543313,1486,0,"[0, 1]"
646179,7543313,1392,0,"[0, 1]"
646179,7543313,1780,0,"[0, 1]"
646179,7543313,1800,0,"[0, 1]"
646179,7543313,1043,0,"[0, 1]"
646179,7543313,1703,0,"[0, 1]"
646179,7543313,1758,0,"[0, 1]"
646179,7543313,1538,0,"[0, 1]"
646179,7543313,1166,0,"[0, 1]"
646179,7543313,1325,0,"[0, 1]"
646179,7543313,1674,0,"[0, 1]"
646179,7543313,1536,0,"[0, 1]"
646179,7543313,2940,0,"[0, 1]"
646179,7543313,3065,0,"[0, 1]"
646179,7543313,3473,0,"[0, 1]"
646179,7543313,3551,0,"[0, 1]"
646179,7543313,3088,0,"[0, 1]"
646179,7543313,3830,0,"[0, 1]"
646179,7543313,3218,0,"[0, 1]"
646179,7543313,2438,0,"[0, 1]"
646179,7543313,3043,0,"[0, 1]"
646179,7543313,2919,0,"[0, 1]"
646179,7543313,4014,0,"[0, 1]"
646179,7543313,3503,0,"[0, 1]"
646179,7543313,3322,0,"[0, 1]"
646179,7543313,2086,0,"[0, 1]"
646179,7543313,2693,0,"[0, 1]"
646179,7543313,2800,0,"[0, 1]"
646179,7543313,2707,0,"[0, 1]"
646179,7543313,2349,0,"[0, 1]"
646179,7543313,3636,0,"[0, 1]"
646179,7543313,2505,0,"[0, 1]"
646179,7543313,3812,0,"[0, 1]"
646179,7543313,3822,0,"[0, 1]"
646179,7543313,7105513,1,"[0, 1]"
646179,7543313,7596795,1,"[0, 1]"
646179,7543313,7510407,1,"[0, 1]"
646179,7543313,7092278,1,"[0, 1]"
646179,7543313,7098058,1,"[0, 1]"
646179,7543313,4711,0,"[0, 1]"
646179,7543313,7249620,1,"[0, 1]"
646179,7543313,7319314,1,"[0, 1]"
646179,7543313,7500245,1,"[0, 1]"
646179,7543313,7301814,1,"[0, 1]"
646179,7543313,7542305,1,"[0, 1]"
646179,7543313,4988,0,"[0, 1]"
646179,7543313,7251891,1,"[0, 1]"
646179,7543313,4505,0,"[0, 1]"
646179,7543313,7443887,1,"[0, 1]"
646179,7543313,7597426,1,"[0, 1]"
646179,7543313,533017,1,"[0, 1]"
646179,7543313,7608823,1,"[0, 1]"
646179,7543313,7437021,1,"[0, 1]"
646179,7543313,7551337,1,"[0, 1]"
646179,7543313,7401332,1,"[0, 1]"
646179,7543313,7230403,1,"[0, 1]"
646179,7543313,7499806,1,"[0, 1]"
646179,7543313,7563026,1,"[0, 1]"
434462,7543324,7543324,1,"[1, 0]"
434462,7543324,2682,0,"[1, 0]"
434462,7543324,1340,0,"[1, 0]"
434462,7543324,669,0,"[1, 0]"
434462,7543324,334,0,"[1, 0]"
434462,7543324,166,0,"[1, 0]"
434462,7543324,82,0,"[1, 0]"
434462,7543324,40,0,"[1, 0]"
434462,7543324,19,0,"[1, 0]"
434462,7543324,9,0,"[1, 0]"
434462,7543324,4,0,"[1, 0]"
434462,7543324,1,0,"[1, 0]"
434462,7543324,0,0,"[1, 0]"
434462,7543324,1,0,"[0, 1]"
434462,7543324,2,0,"[0, 1]"
434462,7543324,5,0,"[0, 1]"
434462,7543324,4,0,"[0, 1]"
434462,7543324,6,0,"[0, 1]"
434462,7543324,3,0,"[0, 1]"
434462,7543324,14,0,"[0, 1]"
434462,7543324,7,0,"[0, 1]"
434462,7543324,11,0,"[0, 1]"
434462,7543324,8,0,"[0, 1]"
434462,7543324,10,0,"[0, 1]"
434462,7543324,13,0,"[0, 1]"
434462,7543324,19,0,"[0, 1]"
434462,7543324,20,0,"[0, 1]"
434462,7543324,18,0,"[0, 1]"
434462,7543324,27,0,"[0, 1]"
434462,7543324,26,0,"[0, 1]"
434462,7543324,22,0,"[0, 1]"
434462,7543324,23,0,"[0, 1]"
434462,7543324,24,0,"[0, 1]"
434462,7543324,39,0,"[0, 1]"
434462,7543324,52,0,"[0, 1]"
434462,7543324,59,0,"[0, 1]"
434462,7543324,48,0,"[0, 1]"
434462,7543324,62,0,"[0, 1]"
434462,7543324,40,0,"[0, 1]"
434462,7543324,58,0,"[0, 1]"
434462,7543324,45,0,"[0, 1]"
434462,7543324,38,0,"[0, 1]"
434462,7543324,61,0,"[0, 1]"
434462,7543324,90,0,"[0, 1]"
434462,7543324,79,0,"[0, 1]"
434462,7543324,71,0,"[0, 1]"
434462,7543324,81,0,"[0, 1]"
434462,7543324,95,0,"[0, 1]"
434462,7543324,118,0,"[0, 1]"
434462,7543324,91,0,"[0, 1]"
434462,7543324,112,0,"[0, 1]"
434462,7543324,122,0,"[0, 1]"
434462,7543324,78,0,"[0, 1]"
434462,7543324,65,0,"[0, 1]"
434462,7543324,105,0,"[0, 1]"
434462,7543324,129,0,"[0, 1]"
434462,7543324,138,0,"[0, 1]"
434462,7543324,215,0,"[0, 1]"
434462,7543324,231,0,"[0, 1]"
434462,7543324,175,0,"[0, 1]"
434462,7543324,209,0,"[0, 1]"
434462,7543324,159,0,"[0, 1]"
434462,7543324,141,0,"[0, 1]"
434462,7543324,254,0,"[0, 1]"
434462,7543324,234,0,"[0, 1]"
434462,7543324,221,0,"[0, 1]"
434462,7543324,166,0,"[0, 1]"
434462,7543324,238,0,"[0, 1]"
434462,7543324,174,0,"[0, 1]"
434462,7543324,472,0,"[0, 1]"
434462,7543324,466,0,"[0, 1]"
434462,7543324,494,0,"[0, 1]"
434462,7543324,266,0,"[0, 1]"
434462,7543324,369,0,"[0, 1]"
434462,7543324,384,0,"[0, 1]"
434462,7543324,482,0,"[0, 1]"
434462,7543324,289,0,"[0, 1]"
434462,7543324,374,0,"[0, 1]"
434462,7543324,470,0,"[0, 1]"
434462,7543324,305,0,"[0, 1]"
434462,7543324,437,0,"[0, 1]"
434462,7543324,354,0,"[0, 1]"
434462,7543324,256,0,"[0, 1]"
434462,7543324,497,0,"[0, 1]"
434462,7543324,264,0,"[0, 1]"
434462,7543324,612,0,"[0, 1]"
434462,7543324,519,0,"[0, 1]"
434462,7543324,557,0,"[0, 1]"
434462,7543324,973,0,"[0, 1]"
434462,7543324,613,0,"[0, 1]"
434462,7543324,687,0,"[0, 1]"
434462,7543324,696,0,"[0, 1]"
434462,7543324,579,0,"[0, 1]"
434462,7543324,646,0,"[0, 1]"
434462,7543324,677,0,"[0, 1]"
434462,7543324,966,0,"[0, 1]"
434462,7543324,724,0,"[0, 1]"
434462,7543324,680,0,"[0, 1]"
434462,7543324,925,0,"[0, 1]"
434462,7543324,955,0,"[0, 1]"
434462,7543324,1000,0,"[0, 1]"
434462,7543324,577,0,"[0, 1]"
434462,7543324,936,0,"[0, 1]"
434462,7543324,1503,0,"[0, 1]"
434462,7543324,1451,0,"[0, 1]"
434462,7543324,1184,0,"[0, 1]"
434462,7543324,1956,0,"[0, 1]"
434462,7543324,1233,0,"[0, 1]"
434462,7543324,1675,0,"[0, 1]"
434462,7543324,1889,0,"[0, 1]"
434462,7543324,1892,0,"[0, 1]"
434462,7543324,1145,0,"[0, 1]"
434462,7543324,1743,0,"[0, 1]"
434462,7543324,1915,0,"[0, 1]"
434462,7543324,1165,0,"[0, 1]"
434462,7543324,1860,0,"[0, 1]"
434462,7543324,1644,0,"[0, 1]"
434462,7543324,1552,0,"[0, 1]"
434462,7543324,1914,0,"[0, 1]"
434462,7543324,1765,0,"[0, 1]"
434462,7543324,2014,0,"[0, 1]"
434462,7543324,1794,0,"[0, 1]"
434462,7543324,1232,0,"[0, 1]"
434462,7543324,2755,0,"[0, 1]"
434462,7543324,2852,0,"[0, 1]"
434462,7543324,3812,0,"[0, 1]"
434462,7543324,2401,0,"[0, 1]"
434462,7543324,3965,0,"[0, 1]"
434462,7543324,3246,0,"[0, 1]"
434462,7543324,3125,0,"[0, 1]"
434462,7543324,2065,0,"[0, 1]"
434462,7543324,3326,0,"[0, 1]"
434462,7543324,3276,0,"[0, 1]"
434462,7543324,3521,0,"[0, 1]"
434462,7543324,3501,0,"[0, 1]"
434462,7543324,2693,0,"[0, 1]"
434462,7543324,2413,0,"[0, 1]"
434462,7543324,3017,0,"[0, 1]"
434462,7543324,2916,0,"[0, 1]"
434462,7543324,3448,0,"[0, 1]"
434462,7543324,2516,0,"[0, 1]"
434462,7543324,2124,0,"[0, 1]"
434462,7543324,3577,0,"[0, 1]"
434462,7543324,2854,0,"[0, 1]"
434462,7543324,2569,0,"[0, 1]"
434462,7543324,4291,0,"[0, 1]"
434462,7543324,7272003,1,"[0, 1]"
434462,7543324,1535460,1,"[0, 1]"
434462,7543324,7147356,1,"[0, 1]"
434462,7543324,7304635,1,"[0, 1]"
434462,7543324,7377517,1,"[0, 1]"
434462,7543324,7323779,1,"[0, 1]"
434462,7543324,7436289,1,"[0, 1]"
434462,7543324,7492187,1,"[0, 1]"
434462,7543324,7271508,1,"[0, 1]"
434462,7543324,7183615,1,"[0, 1]"
434462,7543324,7230876,1,"[0, 1]"
434462,7543324,7222518,1,"[0, 1]"
434462,7543324,7243485,1,"[0, 1]"
434462,7543324,5382338,1,"[0, 1]"
434462,7543324,4224737,1,"[0, 1]"
434462,7543324,7124884,1,"[0, 1]"
434462,7543324,7659125,1,"[0, 1]"
434462,7543324,7082281,1,"[0, 1]"
434462,7543324,7080091,1,"[0, 1]"
434462,7543324,7654456,1,"[0, 1]"
434462,7543324,7338526,1,"[0, 1]"
434462,7543324,7353185,1,"[0, 1]"
434462,7543324,7268978,1,"[0, 1]"
160735,7543353,7543353,1,"[1, 0]"
160735,7543353,2801,0,"[1, 0]"
160735,7543353,1400,0,"[1, 0]"
160735,7543353,699,0,"[1, 0]"
160735,7543353,349,0,"[1, 0]"
160735,7543353,174,0,"[1, 0]"
160735,7543353,86,0,"[1, 0]"
160735,7543353,42,0,"[1, 0]"
160735,7543353,20,0,"[1, 0]"
160735,7543353,9,0,"[1, 0]"
160735,7543353,4,0,"[1, 0]"
160735,7543353,1,0,"[1, 0]"
160735,7543353,0,0,"[1, 0]"
160735,7543353,2,0,"[0, 1]"
160735,7543353,1,0,"[0, 1]"
160735,7543353,4,0,"[0, 1]"
160735,7543353,5,0,"[0, 1]"
160735,7543353,6,0,"[0, 1]"
160735,7543353,3,0,"[0, 1]"
160735,7543353,11,0,"[0, 1]"
160735,7543353,7,0,"[0, 1]"
160735,7543353,14,0,"[0, 1]"
160735,7543353,12,0,"[0, 1]"
160735,7543353,13,0,"[0, 1]"
160735,7543353,9,0,"[0, 1]"
160735,7543353,18,0,"[0, 1]"
160735,7543353,27,0,"[0, 1]"
160735,7543353,15,0,"[0, 1]"
160735,7543353,16,0,"[0, 1]"
160735,7543353,23,0,"[0, 1]"
160735,7543353,28,0,"[0, 1]"
160735,7543353,30,0,"[0, 1]"
160735,7543353,19,0,"[0, 1]"
160735,7543353,60,0,"[0, 1]"
160735,7543353,40,0,"[0, 1]"
160735,7543353,52,0,"[0, 1]"
160735,7543353,59,0,"[0, 1]"
160735,7543353,43,0,"[0, 1]"
160735,7543353,42,0,"[0, 1]"
160735,7543353,51,0,"[0, 1]"
160735,7543353,45,0,"[0, 1]"
160735,7543353,47,0,"[0, 1]"
160735,7543353,57,0,"[0, 1]"
160735,7543353,104,0,"[0, 1]"
160735,7543353,123,0,"[0, 1]"
160735,7543353,98,0,"[0, 1]"
160735,7543353,106,0,"[0, 1]"
160735,7543353,103,0,"[0, 1]"
160735,7543353,66,0,"[0, 1]"
160735,7543353,65,0,"[0, 1]"
160735,7543353,126,0,"[0, 1]"
160735,7543353,105,0,"[0, 1]"
160735,7543353,107,0,"[0, 1]"
160735,7543353,63,0,"[0, 1]"
160735,7543353,109,0,"[0, 1]"
160735,7543353,219,0,"[0, 1]"
160735,7543353,249,0,"[0, 1]"
160735,7543353,139,0,"[0, 1]"
160735,7543353,187,0,"[0, 1]"
160735,7543353,254,0,"[0, 1]"
160735,7543353,231,0,"[0, 1]"
160735,7543353,192,0,"[0, 1]"
160735,7543353,133,0,"[0, 1]"
160735,7543353,252,0,"[0, 1]"
160735,7543353,224,0,"[0, 1]"
160735,7543353,183,0,"[0, 1]"
160735,7543353,180,0,"[0, 1]"
160735,7543353,210,0,"[0, 1]"
160735,7543353,202,0,"[0, 1]"
160735,7543353,285,0,"[0, 1]"
160735,7543353,354,0,"[0, 1]"
160735,7543353,304,0,"[0, 1]"
160735,7543353,415,0,"[0, 1]"
160735,7543353,475,0,"[0, 1]"
160735,7543353,277,0,"[0, 1]"
160735,7543353,481,0,"[0, 1]"
160735,7543353,260,0,"[0, 1]"
160735,7543353,491,0,"[0, 1]"
160735,7543353,305,0,"[0, 1]"
160735,7543353,308,0,"[0, 1]"
160735,7543353,447,0,"[0, 1]"
160735,7543353,469,0,"[0, 1]"
160735,7543353,395,0,"[0, 1]"
160735,7543353,416,0,"[0, 1]"
160735,7543353,382,0,"[0, 1]"
160735,7543353,620,0,"[0, 1]"
160735,7543353,851,0,"[0, 1]"
160735,7543353,885,0,"[0, 1]"
160735,7543353,972,0,"[0, 1]"
160735,7543353,693,0,"[0, 1]"
160735,7543353,628,0,"[0, 1]"
160735,7543353,944,0,"[0, 1]"
160735,7543353,646,0,"[0, 1]"
160735,7543353,615,0,"[0, 1]"
160735,7543353,946,0,"[0, 1]"
160735,7543353,962,0,"[0, 1]"
160735,7543353,654,0,"[0, 1]"
160735,7543353,728,0,"[0, 1]"
160735,7543353,753,0,"[0, 1]"
160735,7543353,577,0,"[0, 1]"
160735,7543353,860,0,"[0, 1]"
160735,7543353,995,0,"[0, 1]"
160735,7543353,665,0,"[0, 1]"
160735,7543353,1915,0,"[0, 1]"
160735,7543353,1589,0,"[0, 1]"
160735,7543353,1627,0,"[0, 1]"
160735,7543353,1164,0,"[0, 1]"
160735,7543353,1961,0,"[0, 1]"
160735,7543353,1482,0,"[0, 1]"
160735,7543353,1781,0,"[0, 1]"
160735,7543353,2029,0,"[0, 1]"
160735,7543353,1214,0,"[0, 1]"
160735,7543353,1662,0,"[0, 1]"
160735,7543353,1859,0,"[0, 1]"
160735,7543353,1830,0,"[0, 1]"
160735,7543353,1804,0,"[0, 1]"
160735,7543353,1628,0,"[0, 1]"
160735,7543353,1033,0,"[0, 1]"
160735,7543353,1365,0,"[0, 1]"
160735,7543353,1956,0,"[0, 1]"
160735,7543353,1878,0,"[0, 1]"
160735,7543353,1540,0,"[0, 1]"
160735,7543353,1919,0,"[0, 1]"
160735,7543353,2768,0,"[0, 1]"
160735,7543353,2997,0,"[0, 1]"
160735,7543353,3020,0,"[0, 1]"
160735,7543353,3420,0,"[0, 1]"
160735,7543353,3014,0,"[0, 1]"
160735,7543353,2758,0,"[0, 1]"
160735,7543353,3280,0,"[0, 1]"
160735,7543353,3986,0,"[0, 1]"
160735,7543353,3385,0,"[0, 1]"
160735,7543353,2068,0,"[0, 1]"
160735,7543353,3046,0,"[0, 1]"
160735,7543353,3096,0,"[0, 1]"
160735,7543353,2628,0,"[0, 1]"
160735,7543353,3545,0,"[0, 1]"
160735,7543353,3738,0,"[0, 1]"
160735,7543353,3432,0,"[0, 1]"
160735,7543353,2297,0,"[0, 1]"
160735,7543353,3156,0,"[0, 1]"
160735,7543353,2864,0,"[0, 1]"
160735,7543353,2734,0,"[0, 1]"
160735,7543353,2327,0,"[0, 1]"
160735,7543353,3131,0,"[0, 1]"
160735,7543353,7438278,1,"[0, 1]"
160735,7543353,7342150,1,"[0, 1]"
160735,7543353,4726,0,"[0, 1]"
160735,7543353,7603256,1,"[0, 1]"
160735,7543353,7212843,1,"[0, 1]"
160735,7543353,7674432,1,"[0, 1]"
160735,7543353,7086430,1,"[0, 1]"
160735,7543353,4811,0,"[0, 1]"
160735,7543353,7179316,1,"[0, 1]"
160735,7543353,7508397,1,"[0, 1]"
160735,7543353,4932,0,"[0, 1]"
160735,7543353,7482851,1,"[0, 1]"
160735,7543353,4423,0,"[0, 1]"
160735,7543353,4992,0,"[0, 1]"
160735,7543353,7433767,1,"[0, 1]"
160735,7543353,7607852,1,"[0, 1]"
160735,7543353,7286890,1,"[0, 1]"
160735,7543353,4289,0,"[0, 1]"
160735,7543353,2177965,1,"[0, 1]"
160735,7543353,7541334,1,"[0, 1]"
160735,7543353,7453701,1,"[0, 1]"
160735,7543353,7149452,1,"[0, 1]"
160735,7543353,7247851,1,"[0, 1]"
160735,7543353,7174969,1,"[0, 1]"
735384,2882157,2882157,1,"[1, 0]"
735384,2882157,2642,0,"[1, 0]"
735384,2882157,1320,0,"[1, 0]"
735384,2882157,659,0,"[1, 0]"
735384,2882157,329,0,"[1, 0]"
735384,2882157,164,0,"[1, 0]"
735384,2882157,81,0,"[1, 0]"
735384,2882157,40,0,"[1, 0]"
735384,2882157,19,0,"[1, 0]"
735384,2882157,9,0,"[1, 0]"
735384,2882157,4,0,"[1, 0]"
735384,2882157,1,0,"[1, 0]"
735384,2882157,0,0,"[1, 0]"
735384,2882157,2,0,"[0, 1]"
735384,2882157,1,0,"[0, 1]"
735384,2882157,6,0,"[0, 1]"
735384,2882157,5,0,"[0, 1]"
735384,2882157,3,0,"[0, 1]"
735384,2882157,4,0,"[0, 1]"
735384,2882157,13,0,"[0, 1]"
735384,2882157,10,0,"[0, 1]"
735384,2882157,12,0,"[0, 1]"
735384,2882157,7,0,"[0, 1]"
735384,2882157,14,0,"[0, 1]"
735384,2882157,11,0,"[0, 1]"
735384,2882157,22,0,"[0, 1]"
735384,2882157,16,0,"[0, 1]"
735384,2882157,27,0,"[0, 1]"
735384,2882157,29,0,"[0, 1]"
735384,2882157,25,0,"[0, 1]"
735384,2882157,26,0,"[0, 1]"
735384,2882157,28,0,"[0, 1]"
735384,2882157,15,0,"[0, 1]"
735384,2882157,41,0,"[0, 1]"
735384,2882157,35,0,"[0, 1]"
735384,2882157,51,0,"[0, 1]"
735384,2882157,34,0,"[0, 1]"
735384,2882157,54,0,"[0, 1]"
735384,2882157,37,0,"[0, 1]"
735384,2882157,46,0,"[0, 1]"
735384,2882157,47,0,"[0, 1]"
735384,2882157,56,0,"[0, 1]"
735384,2882157,32,0,"[0, 1]"
735384,2882157,105,0,"[0, 1]"
735384,2882157,77,0,"[0, 1]"
735384,2882157,86,0,"[0, 1]"
735384,2882157,82,0,"[0, 1]"
735384,2882157,117,0,"[0, 1]"
735384,2882157,93,0,"[0, 1]"
735384,2882157,125,0,"[0, 1]"
735384,2882157,72,0,"[0, 1]"
735384,2882157,114,0,"[0, 1]"
735384,2882157,81,0,"[0, 1]"
735384,2882157,71,0,"[0, 1]"
735384,2882157,89,0,"[0, 1]"
735384,2882157,129,0,"[0, 1]"
735384,2882157,143,0,"[0, 1]"
735384,2882157,131,0,"[0, 1]"
735384,2882157,233,0,"[0, 1]"
735384,2882157,175,0,"[0, 1]"
735384,2882157,212,0,"[0, 1]"
735384,2882157,149,0,"[0, 1]"
735384,2882157,250,0,"[0, 1]"
735384,2882157,171,0,"[0, 1]"
735384,2882157,226,0,"[0, 1]"
735384,2882157,128,0,"[0, 1]"
735384,2882157,153,0,"[0, 1]"
735384,2882157,164,0,"[0, 1]"
735384,2882157,157,0,"[0, 1]"
735384,2882157,266,0,"[0, 1]"
735384,2882157,311,0,"[0, 1]"
735384,2882157,270,0,"[0, 1]"
735384,2882157,411,0,"[0, 1]"
735384,2882157,318,0,"[0, 1]"
735384,2882157,471,0,"[0, 1]"
735384,2882157,323,0,"[0, 1]"
735384,2882157,321,0,"[0, 1]"
735384,2882157,399,0,"[0, 1]"
735384,2882157,456,0,"[0, 1]"
735384,2882157,385,0,"[0, 1]"
735384,2882157,438,0,"[0, 1]"
735384,2882157,341,0,"[0, 1]"
735384,2882157,339,0,"[0, 1]"
735384,2882157,452,0,"[0, 1]"
735384,2882157,435,0,"[0, 1]"
735384,2882157,861,0,"[0, 1]"
735384,2882157,667,0,"[0, 1]"
735384,2882157,848,0,"[0, 1]"
735384,2882157,922,0,"[0, 1]"
735384,2882157,568,0,"[0, 1]"
735384,2882157,722,0,"[0, 1]"
735384,2882157,739,0,"[0, 1]"
735384,2882157,889,0,"[0, 1]"
735384,2882157,549,0,"[0, 1]"
735384,2882157,824,0,"[0, 1]"
735384,2882157,954,0,"[0, 1]"
735384,2882157,978,0,"[0, 1]"
735384,2882157,810,0,"[0, 1]"
735384,2882157,1017,0,"[0, 1]"
735384,2882157,552,0,"[0, 1]"
735384,2882157,634,0,"[0, 1]"
735384,2882157,557,0,"[0, 1]"
735384,2882157,682,0,"[0, 1]"
735384,2882157,1765,0,"[0, 1]"
735384,2882157,1889,0,"[0, 1]"
735384,2882157,2003,0,"[0, 1]"
735384,2882157,1689,0,"[0, 1]"
735384,2882157,1037,0,"[0, 1]"
735384,2882157,1118,0,"[0, 1]"
735384,2882157,1938,0,"[0, 1]"
735384,2882157,1380,0,"[0, 1]"
735384,2882157,1600,0,"[0, 1]"
735384,2882157,1159,0,"[0, 1]"
735384,2882157,1809,0,"[0, 1]"
735384,2882157,1327,0,"[0, 1]"
735384,2882157,1147,0,"[0, 1]"
735384,2882157,1428,0,"[0, 1]"
735384,2882157,1591,0,"[0, 1]"
735384,2882157,1775,0,"[0, 1]"
735384,2882157,1654,0,"[0, 1]"
735384,2882157,1894,0,"[0, 1]"
735384,2882157,1529,0,"[0, 1]"
735384,2882157,1599,0,"[0, 1]"
735384,2882157,3569,0,"[0, 1]"
735384,2882157,2770,0,"[0, 1]"
735384,2882157,2873,0,"[0, 1]"
735384,2882157,2535,0,"[0, 1]"
735384,2882157,2809,0,"[0, 1]"
735384,2882157,3505,0,"[0, 1]"
735384,2882157,3664,0,"[0, 1]"
735384,2882157,2660,0,"[0, 1]"
735384,2882157,3738,0,"[0, 1]"
735384,2882157,2393,0,"[0, 1]"
735384,2882157,3780,0,"[0, 1]"
735384,2882157,3718,0,"[0, 1]"
735384,2882157,3920,0,"[0, 1]"
735384,2882157,3300,0,"[0, 1]"
735384,2882157,2484,0,"[0, 1]"
735384,2882157,2686,0,"[0, 1]"
735384,2882157,2372,0,"[0, 1]"
735384,2882157,3748,0,"[0, 1]"
735384,2882157,4057,0,"[0, 1]"
735384,2882157,2235,0,"[0, 1]"
735384,2882157,2273,0,"[0, 1]"
735384,2882157,2887,0,"[0, 1]"
735384,2882157,4109,0,"[0, 1]"
735384,2882157,7667595,1,"[0, 1]"
735384,2882157,7258070,1,"[0, 1]"
735384,2882157,7450366,1,"[0, 1]"
735384,2882157,7521584,1,"[0, 1]"
735384,2882157,7645183,1,"[0, 1]"
735384,2882157,1845958,1,"[0, 1]"
735384,2882157,7174419,1,"[0, 1]"
735384,2882157,3072082,1,"[0, 1]"
735384,2882157,6876770,1,"[0, 1]"
735384,2882157,7259296,1,"[0, 1]"
735384,2882157,4444,0,"[0, 1]"
735384,2882157,4220,0,"[0, 1]"
735384,2882157,7264308,1,"[0, 1]"
735384,2882157,4199,0,"[0, 1]"
735384,2882157,7395960,1,"[0, 1]"
735384,2882157,7179859,1,"[0, 1]"
735384,2882157,4989,0,"[0, 1]"
735384,2882157,7689281,1,"[0, 1]"
735384,2882157,7495831,1,"[0, 1]"
735384,2882157,4397,0,"[0, 1]"
735384,2882157,4842,0,"[0, 1]"
735384,2882157,4473,0,"[0, 1]"
735384,2882157,7523816,1,"[0, 1]"
442593,7543541,7543541,1,"[1, 0]"
442593,7543541,2253,0,"[1, 0]"
442593,7543541,1126,0,"[1, 0]"
442593,7543541,562,0,"[1, 0]"
442593,7543541,280,0,"[1, 0]"
442593,7543541,139,0,"[1, 0]"
442593,7543541,69,0,"[1, 0]"
442593,7543541,34,0,"[1, 0]"
442593,7543541,16,0,"[1, 0]"
442593,7543541,7,0,"[1, 0]"
442593,7543541,3,0,"[1, 0]"
442593,7543541,1,0,"[1, 0]"
442593,7543541,0,0,"[1, 0]"
442593,7543541,2,0,"[0, 1]"
442593,7543541,1,0,"[0, 1]"
442593,7543541,6,0,"[0, 1]"
442593,7543541,3,0,"[0, 1]"
442593,7543541,5,0,"[0, 1]"
442593,7543541,4,0,"[0, 1]"
442593,7543541,12,0,"[0, 1]"
442593,7543541,9,0,"[0, 1]"
442593,7543541,8,0,"[0, 1]"
442593,7543541,14,0,"[0, 1]"
442593,7543541,7,0,"[0, 1]"
442593,7543541,13,0,"[0, 1]"
442593,7543541,25,0,"[0, 1]"
442593,7543541,27,0,"[0, 1]"
442593,7543541,18,0,"[0, 1]"
442593,7543541,23,0,"[0, 1]"
442593,7543541,30,0,"[0, 1]"
442593,7543541,26,0,"[0, 1]"
442593,7543541,16,0,"[0, 1]"
442593,7543541,24,0,"[0, 1]"
442593,7543541,57,0,"[0, 1]"
442593,7543541,48,0,"[0, 1]"
442593,7543541,56,0,"[0, 1]"
442593,7543541,53,0,"[0, 1]"
442593,7543541,31,0,"[0, 1]"
442593,7543541,39,0,"[0, 1]"
442593,7543541,58,0,"[0, 1]"
442593,7543541,43,0,"[0, 1]"
442593,7543541,49,0,"[0, 1]"
442593,7543541,34,0,"[0, 1]"
442593,7543541,90,0,"[0, 1]"
442593,7543541,75,0,"[0, 1]"
442593,7543541,94,0,"[0, 1]"
442593,7543541,89,0,"[0, 1]"
442593,7543541,79,0,"[0, 1]"
442593,7543541,87,0,"[0, 1]"
442593,7543541,102,0,"[0, 1]"
442593,7543541,115,0,"[0, 1]"
442593,7543541,77,0,"[0, 1]"
442593,7543541,72,0,"[0, 1]"
442593,7543541,116,0,"[0, 1]"
442593,7543541,91,0,"[0, 1]"
442593,7543541,247,0,"[0, 1]"
442593,7543541,222,0,"[0, 1]"
442593,7543541,248,0,"[0, 1]"
442593,7543541,192,0,"[0, 1]"
442593,7543541,210,0,"[0, 1]"
442593,7543541,183,0,"[0, 1]"
442593,7543541,231,0,"[0, 1]"
442593,7543541,143,0,"[0, 1]"
442593,7543541,168,0,"[0, 1]"
442593,7543541,211,0,"[0, 1]"
442593,7543541,226,0,"[0, 1]"
442593,7543541,200,0,"[0, 1]"
442593,7543541,195,0,"[0, 1]"
442593,7543541,254,0,"[0, 1]"
442593,7543541,369,0,"[0, 1]"
442593,7543541,462,0,"[0, 1]"
442593,7543541,347,0,"[0, 1]"
442593,7543541,271,0,"[0, 1]"
442593,7543541,362,0,"[0, 1]"
442593,7543541,510,0,"[0, 1]"
442593,7543541,418,0,"[0, 1]"
442593,7543541,365,0,"[0, 1]"
442593,7543541,304,0,"[0, 1]"
442593,7543541,343,0,"[0, 1]"
442593,7543541,298,0,"[0, 1]"
442593,7543541,258,0,"[0, 1]"
442593,7543541,374,0,"[0, 1]"
442593,7543541,398,0,"[0, 1]"
442593,7543541,275,0,"[0, 1]"
442593,7543541,433,0,"[0, 1]"
442593,7543541,989,0,"[0, 1]"
442593,7543541,729,0,"[0, 1]"
442593,7543541,548,0,"[0, 1]"
442593,7543541,676,0,"[0, 1]"
442593,7543541,953,0,"[0, 1]"
442593,7543541,711,0,"[0, 1]"
442593,7543541,545,0,"[0, 1]"
442593,7543541,576,0,"[0, 1]"
442593,7543541,593,0,"[0, 1]"
442593,7543541,564,0,"[0, 1]"
442593,7543541,600,0,"[0, 1]"
442593,7543541,761,0,"[0, 1]"
442593,7543541,536,0,"[0, 1]"
442593,7543541,922,0,"[0, 1]"
442593,7543541,526,0,"[0, 1]"
442593,7543541,931,0,"[0, 1]"
442593,7543541,973,0,"[0, 1]"
442593,7543541,790,0,"[0, 1]"
442593,7543541,1529,0,"[0, 1]"
442593,7543541,1100,0,"[0, 1]"
442593,7543541,1406,0,"[0, 1]"
442593,7543541,1171,0,"[0, 1]"
442593,7543541,1175,0,"[0, 1]"
442593,7543541,1653,0,"[0, 1]"
442593,7543541,1973,0,"[0, 1]"
442593,7543541,1654,0,"[0, 1]"
442593,7543541,1935,0,"[0, 1]"
442593,7543541,1433,0,"[0, 1]"
442593,7543541,1900,0,"[0, 1]"
442593,7543541,1448,0,"[0, 1]"
442593,7543541,1579,0,"[0, 1]"
442593,7543541,1606,0,"[0, 1]"
442593,7543541,1243,0,"[0, 1]"
442593,7543541,2031,0,"[0, 1]"
442593,7543541,1439,0,"[0, 1]"
442593,7543541,1312,0,"[0, 1]"
442593,7543541,2035,0,"[0, 1]"
442593,7543541,2024,0,"[0, 1]"
442593,7543541,3636,0,"[0, 1]"
442593,7543541,2264,0,"[0, 1]"
442593,7543541,2545,0,"[0, 1]"
442593,7543541,3538,0,"[0, 1]"
442593,7543541,3246,0,"[0, 1]"
442593,7543541,3686,0,"[0, 1]"
442593,7543541,4069,0,"[0, 1]"
442593,7543541,3705,0,"[0, 1]"
442593,7543541,2910,0,"[0, 1]"
442593,7543541,2605,0,"[0, 1]"
442593,7543541,2926,0,"[0, 1]"
442593,7543541,3112,0,"[0, 1]"
442593,7543541,2961,0,"[0, 1]"
442593,7543541,2796,0,"[0, 1]"
442593,7543541,3431,0,"[0, 1]"
442593,7543541,2728,0,"[0, 1]"
442593,7543541,2335,0,"[0, 1]"
442593,7543541,3417,0,"[0, 1]"
442593,7543541,2677,0,"[0, 1]"
442593,7543541,3472,0,"[0, 1]"
442593,7543541,3623,0,"[0, 1]"
442593,7543541,2958,0,"[0, 1]"
442593,7543541,7581592,1,"[0, 1]"
442593,7543541,7276263,1,"[0, 1]"
442593,7543541,7160909,1,"[0, 1]"
442593,7543541,7435833,1,"[0, 1]"
442593,7543541,4760,0,"[0, 1]"
442593,7543541,7442673,1,"[0, 1]"
442593,7543541,7663734,1,"[0, 1]"
442593,7543541,4936,0,"[0, 1]"
442593,7543541,7390162,1,"[0, 1]"
442593,7543541,7499378,1,"[0, 1]"
442593,7543541,4778,0,"[0, 1]"
442593,7543541,7230408,1,"[0, 1]"
442593,7543541,7436153,1,"[0, 1]"
442593,7543541,7330431,1,"[0, 1]"
442593,7543541,1212500,1,"[0, 1]"
442593,7543541,7466196,1,"[0, 1]"
442593,7543541,7261579,1,"[0, 1]"
442593,7543541,4480,0,"[0, 1]"
442593,7543541,4133,0,"[0, 1]"
442593,7543541,7114288,1,"[0, 1]"
442593,7543541,7604698,1,"[0, 1]"
442593,7543541,7353185,1,"[0, 1]"
442593,7543541,7683626,1,"[0, 1]"
442593,7543541,7689281,1,"[0, 1]"
1096006,7543662,7543662,1,"[1, 0]"
1096006,7543662,4436,0,"[1, 0]"
1096006,7543662,2820,0,"[1, 0]"
1096006,7543662,1409,0,"[1, 0]"
1096006,7543662,704,0,"[1, 0]"
1096006,7543662,351,0,"[1, 0]"
1096006,7543662,175,0,"[1, 0]"
1096006,7543662,87,0,"[1, 0]"
1096006,7543662,43,0,"[1, 0]"
1096006,7543662,21,0,"[1, 0]"
1096006,7543662,10,0,"[1, 0]"
1096006,7543662,4,0,"[1, 0]"
1096006,7543662,1,0,"[1, 0]"
1096006,7543662,0,0,"[1, 0]"
1096006,7543662,1,0,"[0, 1]"
1096006,7543662,2,0,"[0, 1]"
1096006,7543662,3,0,"[0, 1]"
1096006,7543662,6,0,"[0, 1]"
1096006,7543662,5,0,"[0, 1]"
1096006,7543662,4,0,"[0, 1]"
1096006,7543662,10,0,"[0, 1]"
1096006,7543662,7,0,"[0, 1]"
1096006,7543662,13,0,"[0, 1]"
1096006,7543662,8,0,"[0, 1]"
1096006,7543662,11,0,"[0, 1]"
1096006,7543662,12,0,"[0, 1]"
1096006,7543662,25,0,"[0, 1]"
1096006,7543662,23,0,"[0, 1]"
1096006,7543662,22,0,"[0, 1]"
1096006,7543662,19,0,"[0, 1]"
1096006,7543662,29,0,"[0, 1]"
1096006,7543662,28,0,"[0, 1]"
1096006,7543662,26,0,"[0, 1]"
1096006,7543662,18,0,"[0, 1]"
1096006,7543662,58,0,"[0, 1]"
1096006,7543662,42,0,"[0, 1]"
1096006,7543662,60,0,"[0, 1]"
1096006,7543662,33,0,"[0, 1]"
1096006,7543662,45,0,"[0, 1]"
1096006,7543662,48,0,"[0, 1]"
1096006,7543662,47,0,"[0, 1]"
1096006,7543662,35,0,"[0, 1]"
1096006,7543662,52,0,"[0, 1]"
1096006,7543662,43,0,"[0, 1]"
1096006,7543662,78,0,"[0, 1]"
1096006,7543662,125,0,"[0, 1]"
1096006,7543662,96,0,"[0, 1]"
1096006,7543662,83,0,"[0, 1]"
1096006,7543662,115,0,"[0, 1]"
1096006,7543662,113,0,"[0, 1]"
1096006,7543662,111,0,"[0, 1]"
1096006,7543662,91,0,"[0, 1]"
1096006,7543662,87,0,"[0, 1]"
1096006,7543662,76,0,"[0, 1]"
1096006,7543662,119,0,"[0, 1]"
1096006,7543662,118,0,"[0, 1]"
1096006,7543662,153,0,"[0, 1]"
1096006,7543662,149,0,"[0, 1]"
1096006,7543662,189,0,"[0, 1]"
1096006,7543662,245,0,"[0, 1]"
1096006,7543662,170,0,"[0, 1]"
1096006,7543662,154,0,"[0, 1]"
1096006,7543662,132,0,"[0, 1]"
1096006,7543662,196,0,"[0, 1]"
1096006,7543662,250,0,"[0, 1]"
1096006,7543662,143,0,"[0, 1]"
1096006,7543662,206,0,"[0, 1]"
1096006,7543662,134,0,"[0, 1]"
1096006,7543662,174,0,"[0, 1]"
1096006,7543662,236,0,"[0, 1]"
1096006,7543662,389,0,"[0, 1]"
1096006,7543662,344,0,"[0, 1]"
1096006,7543662,293,0,"[0, 1]"
1096006,7543662,302,0,"[0, 1]"
1096006,7543662,329,0,"[0, 1]"
1096006,7543662,402,0,"[0, 1]"
1096006,7543662,366,0,"[0, 1]"
1096006,7543662,424,0,"[0, 1]"
1096006,7543662,464,0,"[0, 1]"
1096006,7543662,499,0,"[0, 1]"
1096006,7543662,272,0,"[0, 1]"
1096006,7543662,382,0,"[0, 1]"
1096006,7543662,347,0,"[0, 1]"
1096006,7543662,280,0,"[0, 1]"
1096006,7543662,495,0,"[0, 1]"
1096006,7543662,265,0,"[0, 1]"
1096006,7543662,649,0,"[0, 1]"
1096006,7543662,601,0,"[0, 1]"
1096006,7543662,899,0,"[0, 1]"
1096006,7543662,795,0,"[0, 1]"
1096006,7543662,522,0,"[0, 1]"
1096006,7543662,580,0,"[0, 1]"
1096006,7543662,624,0,"[0, 1]"
1096006,7543662,571,0,"[0, 1]"
1096006,7543662,864,0,"[0, 1]"
1096006,7543662,768,0,"[0, 1]"
1096006,7543662,842,0,"[0, 1]"
1096006,7543662,802,0,"[0, 1]"
1096006,7543662,702,0,"[0, 1]"
1096006,7543662,1012,0,"[0, 1]"
1096006,7543662,1010,0,"[0, 1]"
1096006,7543662,562,0,"[0, 1]"
1096006,7543662,524,0,"[0, 1]"
1096006,7543662,538,0,"[0, 1]"
1096006,7543662,1259,0,"[0, 1]"
1096006,7543662,1518,0,"[0, 1]"
1096006,7543662,1596,0,"[0, 1]"
1096006,7543662,1619,0,"[0, 1]"
1096006,7543662,1689,0,"[0, 1]"
1096006,7543662,2019,0,"[0, 1]"
1096006,7543662,1407,0,"[0, 1]"
1096006,7543662,1860,0,"[0, 1]"
1096006,7543662,1484,0,"[0, 1]"
1096006,7543662,1413,0,"[0, 1]"
1096006,7543662,1429,0,"[0, 1]"
1096006,7543662,1942,0,"[0, 1]"
1096006,7543662,1514,0,"[0, 1]"
1096006,7543662,2029,0,"[0, 1]"
1096006,7543662,1348,0,"[0, 1]"
1096006,7543662,1354,0,"[0, 1]"
1096006,7543662,1379,0,"[0, 1]"
1096006,7543662,1718,0,"[0, 1]"
1096006,7543662,1673,0,"[0, 1]"
1096006,7543662,1466,0,"[0, 1]"
1096006,7543662,4049,0,"[0, 1]"
1096006,7543662,3529,0,"[0, 1]"
1096006,7543662,3098,0,"[0, 1]"
1096006,7543662,3107,0,"[0, 1]"
1096006,7543662,2262,0,"[0, 1]"
1096006,7543662,3495,0,"[0, 1]"
1096006,7543662,4038,0,"[0, 1]"
1096006,7543662,2569,0,"[0, 1]"
1096006,7543662,3253,0,"[0, 1]"
1096006,7543662,2614,0,"[0, 1]"
1096006,7543662,4029,0,"[0, 1]"
1096006,7543662,2158,0,"[0, 1]"
1096006,7543662,3925,0,"[0, 1]"
1096006,7543662,2648,0,"[0, 1]"
1096006,7543662,2357,0,"[0, 1]"
1096006,7543662,2121,0,"[0, 1]"
1096006,7543662,2056,0,"[0, 1]"
1096006,7543662,3387,0,"[0, 1]"
1096006,7543662,3416,0,"[0, 1]"
1096006,7543662,2561,0,"[0, 1]"
1096006,7543662,3946,0,"[0, 1]"
1096006,7543662,2128,0,"[0, 1]"
1096006,7543662,7514459,1,"[0, 1]"
1096006,7543662,7592945,1,"[0, 1]"
1096006,7543662,4168,0,"[0, 1]"
1096006,7543662,7634509,1,"[0, 1]"
1096006,7543662,4173,0,"[0, 1]"
1096006,7543662,7600706,1,"[0, 1]"
1096006,7543662,4708,0,"[0, 1]"
1096006,7543662,7396548,1,"[0, 1]"
1096006,7543662,4684,0,"[0, 1]"
1096006,7543662,7279379,1,"[0, 1]"
1096006,7543662,7078250,1,"[0, 1]"
1096006,7543662,4612,0,"[0, 1]"
1096006,7543662,4146,0,"[0, 1]"
1096006,7543662,7155192,1,"[0, 1]"
1096006,7543662,7146139,1,"[0, 1]"
1096006,7543662,7230049,1,"[0, 1]"
1096006,7543662,4644,0,"[0, 1]"
1096006,7543662,7689281,1,"[0, 1]"
1096006,7543662,7421528,1,"[0, 1]"
1096006,7543662,4225045,1,"[0, 1]"
1096006,7543662,7683442,1,"[0, 1]"
1096006,7543662,7675809,1,"[0, 1]"
1096006,7543662,4797,0,"[0, 1]"
1096006,7543662,7563535,1,"[0, 1]"
1096006,7543662,7592293,1,"[0, 1]"
1096006,7543662,5475009,1,"[0, 1]"
1096006,7543662,7422558,1,"[0, 1]"
1096006,7543662,7178272,1,"[0, 1]"
1096006,7543662,7671340,1,"[0, 1]"
1096006,7543662,7480664,1,"[0, 1]"
1096006,7543662,7354202,1,"[0, 1]"
1096006,7543662,7357213,1,"[0, 1]"
1096006,7543662,7566269,1,"[0, 1]"
1096006,7543662,7317981,1,"[0, 1]"
1096006,7543662,7316587,1,"[0, 1]"
1096006,7543662,7663813,1,"[0, 1]"
1096006,7543662,7119147,1,"[0, 1]"
1096006,7543662,7351963,1,"[0, 1]"
1096006,7543662,7637010,1,"[0, 1]"
1096006,7543662,7107910,1,"[0, 1]"
1096006,7543662,7256943,1,"[0, 1]"
1096006,7543662,7582675,1,"[0, 1]"
1096006,7543662,7511179,1,"[0, 1]"
1096006,7543662,7355625,1,"[0, 1]"
1096006,7543662,7110600,1,"[0, 1]"
1096006,7543662,7184191,1,"[0, 1]"
1096006,7543662,7590320,1,"[0, 1]"
1096006,7543662,7165391,1,"[0, 1]"
1096006,7543662,7424106,1,"[0, 1]"
1096006,7543662,7407452,1,"[0, 1]"
225499,7543689,7543689,1,"[1, 0]"
225499,7543689,3355,0,"[1, 0]"
225499,7543689,1677,0,"[1, 0]"
225499,7543689,838,0,"[1, 0]"
225499,7543689,418,0,"[1, 0]"
225499,7543689,208,0,"[1, 0]"
225499,7543689,103,0,"[1, 0]"
225499,7543689,51,0,"[1, 0]"
225499,7543689,25,0,"[1, 0]"
225499,7543689,12,0,"[1, 0]"
225499,7543689,5,0,"[1, 0]"
225499,7543689,2,0,"[1, 0]"
225499,7543689,0,0,"[1, 0]"
225499,7543689,2,0,"[0, 1]"
225499,7543689,1,0,"[0, 1]"
225499,7543689,5,0,"[0, 1]"
225499,7543689,3,0,"[0, 1]"
225499,7543689,4,0,"[0, 1]"
225499,7543689,6,0,"[0, 1]"
225499,7543689,7,0,"[0, 1]"
225499,7543689,13,0,"[0, 1]"
225499,7543689,10,0,"[0, 1]"
225499,7543689,14,0,"[0, 1]"
225499,7543689,11,0,"[0, 1]"
225499,7543689,9,0,"[0, 1]"
225499,7543689,26,0,"[0, 1]"
225499,7543689,20,0,"[0, 1]"
225499,7543689,30,0,"[0, 1]"
225499,7543689,22,0,"[0, 1]"
225499,7543689,19,0,"[0, 1]"
225499,7543689,25,0,"[0, 1]"
225499,7543689,28,0,"[0, 1]"
225499,7543689,24,0,"[0, 1]"
225499,7543689,43,0,"[0, 1]"
225499,7543689,41,0,"[0, 1]"
225499,7543689,48,0,"[0, 1]"
225499,7543689,38,0,"[0, 1]"
225499,7543689,54,0,"[0, 1]"
225499,7543689,32,0,"[0, 1]"
225499,7543689,50,0,"[0, 1]"
225499,7543689,40,0,"[0, 1]"
225499,7543689,62,0,"[0, 1]"
225499,7543689,60,0,"[0, 1]"
225499,7543689,100,0,"[0, 1]"
225499,7543689,90,0,"[0, 1]"
225499,7543689,121,0,"[0, 1]"
225499,7543689,68,0,"[0, 1]"
225499,7543689,112,0,"[0, 1]"
225499,7543689,69,0,"[0, 1]"
225499,7543689,76,0,"[0, 1]"
225499,7543689,74,0,"[0, 1]"
225499,7543689,75,0,"[0, 1]"
225499,7543689,85,0,"[0, 1]"
225499,7543689,111,0,"[0, 1]"
225499,7543689,107,0,"[0, 1]"
225499,7543689,201,0,"[0, 1]"
225499,7543689,228,0,"[0, 1]"
225499,7543689,205,0,"[0, 1]"
225499,7543689,193,0,"[0, 1]"
225499,7543689,131,0,"[0, 1]"
225499,7543689,197,0,"[0, 1]"
225499,7543689,159,0,"[0, 1]"
225499,7543689,254,0,"[0, 1]"
225499,7543689,236,0,"[0, 1]"
225499,7543689,185,0,"[0, 1]"
225499,7543689,245,0,"[0, 1]"
225499,7543689,231,0,"[0, 1]"
225499,7543689,179,0,"[0, 1]"
225499,7543689,235,0,"[0, 1]"
225499,7543689,273,0,"[0, 1]"
225499,7543689,284,0,"[0, 1]"
225499,7543689,325,0,"[0, 1]"
225499,7543689,444,0,"[0, 1]"
225499,7543689,337,0,"[0, 1]"
225499,7543689,439,0,"[0, 1]"
225499,7543689,450,0,"[0, 1]"
225499,7543689,499,0,"[0, 1]"
225499,7543689,493,0,"[0, 1]"
225499,7543689,489,0,"[0, 1]"
225499,7543689,281,0,"[0, 1]"
225499,7543689,467,0,"[0, 1]"
225499,7543689,435,0,"[0, 1]"
225499,7543689,396,0,"[0, 1]"
225499,7543689,316,0,"[0, 1]"
225499,7543689,469,0,"[0, 1]"
225499,7543689,874,0,"[0, 1]"
225499,7543689,529,0,"[0, 1]"
225499,7543689,628,0,"[0, 1]"
225499,7543689,829,0,"[0, 1]"
225499,7543689,650,0,"[0, 1]"
225499,7543689,888,0,"[0, 1]"
225499,7543689,991,0,"[0, 1]"
225499,7543689,713,0,"[0, 1]"
225499,7543689,583,0,"[0, 1]"
225499,7543689,597,0,"[0, 1]"
225499,7543689,551,0,"[0, 1]"
225499,7543689,788,0,"[0, 1]"
225499,7543689,1002,0,"[0, 1]"
225499,7543689,668,0,"[0, 1]"
225499,7543689,630,0,"[0, 1]"
225499,7543689,772,0,"[0, 1]"
225499,7543689,942,0,"[0, 1]"
225499,7543689,705,0,"[0, 1]"
225499,7543689,1597,0,"[0, 1]"
225499,7543689,1247,0,"[0, 1]"
225499,7543689,1788,0,"[0, 1]"
225499,7543689,1220,0,"[0, 1]"
225499,7543689,1837,0,"[0, 1]"
225499,7543689,1467,0,"[0, 1]"
225499,7543689,1234,0,"[0, 1]"
225499,7543689,1799,0,"[0, 1]"
225499,7543689,1382,0,"[0, 1]"
225499,7543689,1804,0,"[0, 1]"
225499,7543689,1124,0,"[0, 1]"
225499,7543689,1952,0,"[0, 1]"
225499,7543689,1464,0,"[0, 1]"
225499,7543689,1331,0,"[0, 1]"
225499,7543689,1471,0,"[0, 1]"
225499,7543689,1715,0,"[0, 1]"
225499,7543689,1258,0,"[0, 1]"
225499,7543689,1876,0,"[0, 1]"
225499,7543689,1930,0,"[0, 1]"
225499,7543689,1356,0,"[0, 1]"
225499,7543689,2309,0,"[0, 1]"
225499,7543689,3007,0,"[0, 1]"
225499,7543689,2163,0,"[0, 1]"
225499,7543689,3741,0,"[0, 1]"
225499,7543689,2054,0,"[0, 1]"
225499,7543689,2565,0,"[0, 1]"
225499,7543689,2708,0,"[0, 1]"
225499,7543689,2272,0,"[0, 1]"
225499,7543689,2644,0,"[0, 1]"
225499,7543689,3863,0,"[0, 1]"
225499,7543689,3787,0,"[0, 1]"
225499,7543689,3518,0,"[0, 1]"
225499,7543689,2166,0,"[0, 1]"
225499,7543689,2332,0,"[0, 1]"
225499,7543689,2112,0,"[0, 1]"
225499,7543689,2277,0,"[0, 1]"
225499,7543689,3405,0,"[0, 1]"
225499,7543689,3015,0,"[0, 1]"
225499,7543689,2529,0,"[0, 1]"
225499,7543689,3186,0,"[0, 1]"
225499,7543689,3217,0,"[0, 1]"
225499,7543689,2263,0,"[0, 1]"
225499,7543689,4710,0,"[0, 1]"
225499,7543689,7576671,1,"[0, 1]"
225499,7543689,7132812,1,"[0, 1]"
225499,7543689,4143,0,"[0, 1]"
225499,7543689,7368223,1,"[0, 1]"
225499,7543689,7662530,1,"[0, 1]"
225499,7543689,7555625,1,"[0, 1]"
225499,7543689,7463236,1,"[0, 1]"
225499,7543689,4996,0,"[0, 1]"
225499,7543689,7640131,1,"[0, 1]"
225499,7543689,4843,0,"[0, 1]"
225499,7543689,4444,0,"[0, 1]"
225499,7543689,4742,0,"[0, 1]"
225499,7543689,7500864,1,"[0, 1]"
225499,7543689,7201739,1,"[0, 1]"
225499,7543689,4823,0,"[0, 1]"
225499,7543689,4427,0,"[0, 1]"
225499,7543689,4786,0,"[0, 1]"
225499,7543689,7519784,1,"[0, 1]"
225499,7543689,4813,0,"[0, 1]"
225499,7543689,7463460,1,"[0, 1]"
225499,7543689,7277673,1,"[0, 1]"
225499,7543689,7292174,1,"[0, 1]"
225499,7543689,4846,0,"[0, 1]"
722515,7543769,7543769,1,"[1, 0]"
722515,7543769,4906,0,"[1, 0]"
722515,7543769,3886,0,"[1, 0]"
722515,7543769,1942,0,"[1, 0]"
722515,7543769,970,0,"[1, 0]"
722515,7543769,484,0,"[1, 0]"
722515,7543769,241,0,"[1, 0]"
722515,7543769,120,0,"[1, 0]"
722515,7543769,59,0,"[1, 0]"
722515,7543769,29,0,"[1, 0]"
722515,7543769,14,0,"[1, 0]"
722515,7543769,6,0,"[1, 0]"
722515,7543769,2,0,"[1, 0]"
722515,7543769,0,0,"[1, 0]"
722515,7543769,1,0,"[0, 1]"
722515,7543769,2,0,"[0, 1]"
722515,7543769,5,0,"[0, 1]"
722515,7543769,3,0,"[0, 1]"
722515,7543769,6,0,"[0, 1]"
722515,7543769,4,0,"[0, 1]"
722515,7543769,8,0,"[0, 1]"
722515,7543769,10,0,"[0, 1]"
722515,7543769,9,0,"[0, 1]"
722515,7543769,11,0,"[0, 1]"
722515,7543769,13,0,"[0, 1]"
722515,7543769,14,0,"[0, 1]"
722515,7543769,15,0,"[0, 1]"
722515,7543769,29,0,"[0, 1]"
722515,7543769,28,0,"[0, 1]"
722515,7543769,27,0,"[0, 1]"
722515,7543769,23,0,"[0, 1]"
722515,7543769,21,0,"[0, 1]"
722515,7543769,30,0,"[0, 1]"
722515,7543769,25,0,"[0, 1]"
722515,7543769,49,0,"[0, 1]"
722515,7543769,34,0,"[0, 1]"
722515,7543769,60,0,"[0, 1]"
722515,7543769,43,0,"[0, 1]"
722515,7543769,50,0,"[0, 1]"
722515,7543769,45,0,"[0, 1]"
722515,7543769,62,0,"[0, 1]"
722515,7543769,42,0,"[0, 1]"
722515,7543769,52,0,"[0, 1]"
722515,7543769,31,0,"[0, 1]"
722515,7543769,91,0,"[0, 1]"
722515,7543769,89,0,"[0, 1]"
722515,7543769,103,0,"[0, 1]"
722515,7543769,63,0,"[0, 1]"
722515,7543769,75,0,"[0, 1]"
722515,7543769,88,0,"[0, 1]"
722515,7543769,98,0,"[0, 1]"
722515,7543769,83,0,"[0, 1]"
722515,7543769,121,0,"[0, 1]"
722515,7543769,69,0,"[0, 1]"
722515,7543769,94,0,"[0, 1]"
722515,7543769,113,0,"[0, 1]"
722515,7543769,253,0,"[0, 1]"
722515,7543769,213,0,"[0, 1]"
722515,7543769,230,0,"[0, 1]"
722515,7543769,243,0,"[0, 1]"
722515,7543769,137,0,"[0, 1]"
722515,7543769,166,0,"[0, 1]"
722515,7543769,216,0,"[0, 1]"
722515,7543769,152,0,"[0, 1]"
722515,7543769,240,0,"[0, 1]"
722515,7543769,170,0,"[0, 1]"
722515,7543769,161,0,"[0, 1]"
722515,7543769,162,0,"[0, 1]"
722515,7543769,158,0,"[0, 1]"
722515,7543769,236,0,"[0, 1]"
722515,7543769,423,0,"[0, 1]"
722515,7543769,286,0,"[0, 1]"
722515,7543769,486,0,"[0, 1]"
722515,7543769,323,0,"[0, 1]"
722515,7543769,285,0,"[0, 1]"
722515,7543769,258,0,"[0, 1]"
722515,7543769,311,0,"[0, 1]"
722515,7543769,467,0,"[0, 1]"
722515,7543769,328,0,"[0, 1]"
722515,7543769,496,0,"[0, 1]"
722515,7543769,458,0,"[0, 1]"
722515,7543769,437,0,"[0, 1]"
722515,7543769,290,0,"[0, 1]"
722515,7543769,361,0,"[0, 1]"
722515,7543769,372,0,"[0, 1]"
722515,7543769,435,0,"[0, 1]"
722515,7543769,675,0,"[0, 1]"
722515,7543769,687,0,"[0, 1]"
722515,7543769,601,0,"[0, 1]"
722515,7543769,538,0,"[0, 1]"
722515,7543769,580,0,"[0, 1]"
722515,7543769,543,0,"[0, 1]"
722515,7543769,673,0,"[0, 1]"
722515,7543769,840,0,"[0, 1]"
722515,7543769,925,0,"[0, 1]"
722515,7543769,667,0,"[0, 1]"
722515,7543769,714,0,"[0, 1]"
722515,7543769,671,0,"[0, 1]"
722515,7543769,583,0,"[0, 1]"
722515,7543769,870,0,"[0, 1]"
722515,7543769,950,0,"[0, 1]"
722515,7543769,535,0,"[0, 1]"
722515,7543769,513,0,"[0, 1]"
722515,7543769,911,0,"[0, 1]"
722515,7543769,1198,0,"[0, 1]"
722515,7543769,1270,0,"[0, 1]"
722515,7543769,1721,0,"[0, 1]"
722515,7543769,1874,0,"[0, 1]"
722515,7543769,1642,0,"[0, 1]"
722515,7543769,1188,0,"[0, 1]"
722515,7543769,2021,0,"[0, 1]"
722515,7543769,2010,0,"[0, 1]"
722515,7543769,1907,0,"[0, 1]"
722515,7543769,1419,0,"[0, 1]"
722515,7543769,1873,0,"[0, 1]"
722515,7543769,1739,0,"[0, 1]"
722515,7543769,1158,0,"[0, 1]"
722515,7543769,1174,0,"[0, 1]"
722515,7543769,1528,0,"[0, 1]"
722515,7543769,1310,0,"[0, 1]"
722515,7543769,1194,0,"[0, 1]"
722515,7543769,1900,0,"[0, 1]"
722515,7543769,1155,0,"[0, 1]"
722515,7543769,1235,0,"[0, 1]"
722515,7543769,2519,0,"[0, 1]"
722515,7543769,3475,0,"[0, 1]"
722515,7543769,3596,0,"[0, 1]"
722515,7543769,2547,0,"[0, 1]"
722515,7543769,3100,0,"[0, 1]"
722515,7543769,3481,0,"[0, 1]"
722515,7543769,3027,0,"[0, 1]"
722515,7543769,2890,0,"[0, 1]"
722515,7543769,3850,0,"[0, 1]"
722515,7543769,2987,0,"[0, 1]"
722515,7543769,2257,0,"[0, 1]"
722515,7543769,2342,0,"[0, 1]"
722515,7543769,2332,0,"[0, 1]"
722515,7543769,4011,0,"[0, 1]"
722515,7543769,3676,0,"[0, 1]"
722515,7543769,3417,0,"[0, 1]"
722515,7543769,3241,0,"[0, 1]"
722515,7543769,3871,0,"[0, 1]"
722515,7543769,2879,0,"[0, 1]"
722515,7543769,3841,0,"[0, 1]"
722515,7543769,2897,0,"[0, 1]"
722515,7543769,3181,0,"[0, 1]"
722515,7543769,7533400,1,"[0, 1]"
722515,7543769,4658,0,"[0, 1]"
722515,7543769,7429973,1,"[0, 1]"
722515,7543769,114752,1,"[0, 1]"
722515,7543769,7650075,1,"[0, 1]"
722515,7543769,4392,0,"[0, 1]"
722515,7543769,1837320,1,"[0, 1]"
722515,7543769,7343233,1,"[0, 1]"
722515,7543769,7542697,1,"[0, 1]"
722515,7543769,7108247,1,"[0, 1]"
722515,7543769,4129,0,"[0, 1]"
722515,7543769,7671964,1,"[0, 1]"
722515,7543769,7067796,1,"[0, 1]"
722515,7543769,7189902,1,"[0, 1]"
722515,7543769,7498688,1,"[0, 1]"
722515,7543769,4303,0,"[0, 1]"
722515,7543769,7253732,1,"[0, 1]"
722515,7543769,7307777,1,"[0, 1]"
722515,7543769,7391225,1,"[0, 1]"
722515,7543769,7685957,1,"[0, 1]"
722515,7543769,7493194,1,"[0, 1]"
722515,7543769,7264444,1,"[0, 1]"
722515,7543769,7230876,1,"[0, 1]"
722515,7543769,4965,0,"[0, 1]"
722515,7543769,7144926,1,"[0, 1]"
722515,7543769,7075218,1,"[0, 1]"
722515,7543769,7590811,1,"[0, 1]"
722515,7543769,7150840,1,"[0, 1]"
722515,7543769,7254682,1,"[0, 1]"
722515,7543769,7262345,1,"[0, 1]"
722515,7543769,7288649,1,"[0, 1]"
722515,7543769,7586302,1,"[0, 1]"
722515,7543769,7424055,1,"[0, 1]"
722515,7543769,7620494,1,"[0, 1]"
722515,7543769,7234243,1,"[0, 1]"
722515,7543769,7094182,1,"[0, 1]"
722515,7543769,7326955,1,"[0, 1]"
722515,7543769,7384687,1,"[0, 1]"
722515,7543769,7675787,1,"[0, 1]"
722515,7543769,7330660,1,"[0, 1]"
722515,7543769,7578411,1,"[0, 1]"
722515,7543769,7626468,1,"[0, 1]"
722515,7543769,7082804,1,"[0, 1]"
722515,7543769,6743770,1,"[0, 1]"
722515,7543769,7413603,1,"[0, 1]"
722515,7543769,7468946,1,"[0, 1]"
722515,7543769,7213486,1,"[0, 1]"
722515,7543769,7685719,1,"[0, 1]"
722515,7543769,7132606,1,"[0, 1]"
722515,7543769,7624295,1,"[0, 1]"
670437,7543852,7543852,1,"[1, 0]"
670437,7543852,2357,0,"[1, 0]"
670437,7543852,1178,0,"[1, 0]"
670437,7543852,588,0,"[1, 0]"
670437,7543852,293,0,"[1, 0]"
670437,7543852,146,0,"[1, 0]"
670437,7543852,72,0,"[1, 0]"
670437,7543852,35,0,"[1, 0]"
670437,7543852,17,0,"[1, 0]"
670437,7543852,8,0,"[1, 0]"
670437,7543852,3,0,"[1, 0]"
670437,7543852,1,0,"[1, 0]"
670437,7543852,0,0,"[1, 0]"
670437,7543852,2,0,"[0, 1]"
670437,7543852,1,0,"[0, 1]"
670437,7543852,3,0,"[0, 1]"
670437,7543852,6,0,"[0, 1]"
670437,7543852,5,0,"[0, 1]"
670437,7543852,4,0,"[0, 1]"
670437,7543852,9,0,"[0, 1]"
670437,7543852,11,0,"[0, 1]"
670437,7543852,7,0,"[0, 1]"
670437,7543852,10,0,"[0, 1]"
670437,7543852,12,0,"[0, 1]"
670437,7543852,8,0,"[0, 1]"
670437,7543852,30,0,"[0, 1]"
670437,7543852,15,0,"[0, 1]"
670437,7543852,29,0,"[0, 1]"
670437,7543852,16,0,"[0, 1]"
670437,7543852,25,0,"[0, 1]"
670437,7543852,17,0,"[0, 1]"
670437,7543852,22,0,"[0, 1]"
670437,7543852,26,0,"[0, 1]"
670437,7543852,31,0,"[0, 1]"
670437,7543852,39,0,"[0, 1]"
670437,7543852,58,0,"[0, 1]"
670437,7543852,57,0,"[0, 1]"
670437,7543852,59,0,"[0, 1]"
670437,7543852,53,0,"[0, 1]"
670437,7543852,50,0,"[0, 1]"
670437,7543852,51,0,"[0, 1]"
670437,7543852,36,0,"[0, 1]"
670437,7543852,35,0,"[0, 1]"
670437,7543852,102,0,"[0, 1]"
670437,7543852,66,0,"[0, 1]"
670437,7543852,125,0,"[0, 1]"
670437,7543852,63,0,"[0, 1]"
670437,7543852,74,0,"[0, 1]"
670437,7543852,85,0,"[0, 1]"
670437,7543852,100,0,"[0, 1]"
670437,7543852,79,0,"[0, 1]"
670437,7543852,105,0,"[0, 1]"
670437,7543852,97,0,"[0, 1]"
670437,7543852,106,0,"[0, 1]"
670437,7543852,114,0,"[0, 1]"
670437,7543852,154,0,"[0, 1]"
670437,7543852,223,0,"[0, 1]"
670437,7543852,174,0,"[0, 1]"
670437,7543852,191,0,"[0, 1]"
670437,7543852,142,0,"[0, 1]"
670437,7543852,254,0,"[0, 1]"
670437,7543852,242,0,"[0, 1]"
670437,7543852,212,0,"[0, 1]"
670437,7543852,244,0,"[0, 1]"
670437,7543852,147,0,"[0, 1]"
670437,7543852,185,0,"[0, 1]"
670437,7543852,227,0,"[0, 1]"
670437,7543852,197,0,"[0, 1]"
670437,7543852,163,0,"[0, 1]"
670437,7543852,491,0,"[0, 1]"
670437,7543852,259,0,"[0, 1]"
670437,7543852,311,0,"[0, 1]"
670437,7543852,263,0,"[0, 1]"
670437,7543852,428,0,"[0, 1]"
670437,7543852,488,0,"[0, 1]"
670437,7543852,343,0,"[0, 1]"
670437,7543852,461,0,"[0, 1]"
670437,7543852,492,0,"[0, 1]"
670437,7543852,423,0,"[0, 1]"
670437,7543852,286,0,"[0, 1]"
670437,7543852,317,0,"[0, 1]"
670437,7543852,502,0,"[0, 1]"
670437,7543852,268,0,"[0, 1]"
670437,7543852,378,0,"[0, 1]"
670437,7543852,321,0,"[0, 1]"
670437,7543852,808,0,"[0, 1]"
670437,7543852,626,0,"[0, 1]"
670437,7543852,914,0,"[0, 1]"
670437,7543852,729,0,"[0, 1]"
670437,7543852,591,0,"[0, 1]"
670437,7543852,1006,0,"[0, 1]"
670437,7543852,1011,0,"[0, 1]"
670437,7543852,947,0,"[0, 1]"
670437,7543852,932,0,"[0, 1]"
670437,7543852,701,0,"[0, 1]"
670437,7543852,639,0,"[0, 1]"
670437,7543852,601,0,"[0, 1]"
670437,7543852,830,0,"[0, 1]"
670437,7543852,646,0,"[0, 1]"
670437,7543852,1004,0,"[0, 1]"
670437,7543852,993,0,"[0, 1]"
670437,7543852,970,0,"[0, 1]"
670437,7543852,769,0,"[0, 1]"
670437,7543852,1056,0,"[0, 1]"
670437,7543852,1540,0,"[0, 1]"
670437,7543852,1075,0,"[0, 1]"
670437,7543852,1444,0,"[0, 1]"
670437,7543852,1789,0,"[0, 1]"
670437,7543852,1289,0,"[0, 1]"
670437,7543852,1655,0,"[0, 1]"
670437,7543852,1780,0,"[0, 1]"
670437,7543852,1635,0,"[0, 1]"
670437,7543852,1269,0,"[0, 1]"
670437,7543852,1741,0,"[0, 1]"
670437,7543852,1687,0,"[0, 1]"
670437,7543852,1785,0,"[0, 1]"
670437,7543852,1980,0,"[0, 1]"
670437,7543852,1515,0,"[0, 1]"
670437,7543852,1865,0,"[0, 1]"
670437,7543852,1098,0,"[0, 1]"
670437,7543852,1393,0,"[0, 1]"
670437,7543852,1591,0,"[0, 1]"
670437,7543852,2026,0,"[0, 1]"
670437,7543852,2731,0,"[0, 1]"
670437,7543852,3349,0,"[0, 1]"
670437,7543852,3111,0,"[0, 1]"
670437,7543852,2187,0,"[0, 1]"
670437,7543852,3684,0,"[0, 1]"
670437,7543852,2522,0,"[0, 1]"
670437,7543852,3377,0,"[0, 1]"
670437,7543852,3215,0,"[0, 1]"
670437,7543852,3691,0,"[0, 1]"
670437,7543852,3715,0,"[0, 1]"
670437,7543852,2311,0,"[0, 1]"
670437,7543852,3778,0,"[0, 1]"
670437,7543852,3895,0,"[0, 1]"
670437,7543852,3243,0,"[0, 1]"
670437,7543852,2086,0,"[0, 1]"
670437,7543852,3186,0,"[0, 1]"
670437,7543852,3965,0,"[0, 1]"
670437,7543852,2427,0,"[0, 1]"
670437,7543852,3394,0,"[0, 1]"
670437,7543852,3668,0,"[0, 1]"
670437,7543852,3800,0,"[0, 1]"
670437,7543852,3807,0,"[0, 1]"
670437,7543852,4769,0,"[0, 1]"
670437,7543852,7632334,1,"[0, 1]"
670437,7543852,7577350,1,"[0, 1]"
670437,7543852,7270257,1,"[0, 1]"
670437,7543852,7655302,1,"[0, 1]"
670437,7543852,7682903,1,"[0, 1]"
670437,7543852,7576526,1,"[0, 1]"
670437,7543852,7197436,1,"[0, 1]"
670437,7543852,7436659,1,"[0, 1]"
670437,7543852,7627391,1,"[0, 1]"
670437,7543852,7674753,1,"[0, 1]"
670437,7543852,4200,0,"[0, 1]"
670437,7543852,7257997,1,"[0, 1]"
670437,7543852,7353730,1,"[0, 1]"
670437,7543852,7685266,1,"[0, 1]"
670437,7543852,7436847,1,"[0, 1]"
670437,7543852,4791,0,"[0, 1]"
670437,7543852,7688092,1,"[0, 1]"
670437,7543852,4280,0,"[0, 1]"
670437,7543852,4729,0,"[0, 1]"
670437,7543852,4268,0,"[0, 1]"
670437,7543852,7390692,1,"[0, 1]"
670437,7543852,7212433,1,"[0, 1]"
670437,7543852,7465491,1,"[0, 1]"
656859,7543899,7543899,1,"[1, 0]"
656859,7543899,3801,0,"[1, 0]"
656859,7543899,1900,0,"[1, 0]"
656859,7543899,949,0,"[1, 0]"
656859,7543899,474,0,"[1, 0]"
656859,7543899,236,0,"[1, 0]"
656859,7543899,117,0,"[1, 0]"
656859,7543899,58,0,"[1, 0]"
656859,7543899,28,0,"[1, 0]"
656859,7543899,13,0,"[1, 0]"
656859,7543899,6,0,"[1, 0]"
656859,7543899,2,0,"[1, 0]"
656859,7543899,0,0,"[1, 0]"
656859,7543899,1,0,"[0, 1]"
656859,7543899,2,0,"[0, 1]"
656859,7543899,3,0,"[0, 1]"
656859,7543899,4,0,"[0, 1]"
656859,7543899,5,0,"[0, 1]"
656859,7543899,6,0,"[0, 1]"
656859,7543899,13,0,"[0, 1]"
656859,7543899,11,0,"[0, 1]"
656859,7543899,9,0,"[0, 1]"
656859,7543899,12,0,"[0, 1]"
656859,7543899,10,0,"[0, 1]"
656859,7543899,7,0,"[0, 1]"
656859,7543899,22,0,"[0, 1]"
656859,7543899,27,0,"[0, 1]"
656859,7543899,16,0,"[0, 1]"
656859,7543899,21,0,"[0, 1]"
656859,7543899,20,0,"[0, 1]"
656859,7543899,28,0,"[0, 1]"
656859,7543899,24,0,"[0, 1]"
656859,7543899,23,0,"[0, 1]"
656859,7543899,40,0,"[0, 1]"
656859,7543899,45,0,"[0, 1]"
656859,7543899,53,0,"[0, 1]"
656859,7543899,35,0,"[0, 1]"
656859,7543899,56,0,"[0, 1]"
656859,7543899,55,0,"[0, 1]"
656859,7543899,50,0,"[0, 1]"
656859,7543899,62,0,"[0, 1]"
656859,7543899,43,0,"[0, 1]"
656859,7543899,48,0,"[0, 1]"
656859,7543899,124,0,"[0, 1]"
656859,7543899,86,0,"[0, 1]"
656859,7543899,84,0,"[0, 1]"
656859,7543899,87,0,"[0, 1]"
656859,7543899,67,0,"[0, 1]"
656859,7543899,100,0,"[0, 1]"
656859,7543899,78,0,"[0, 1]"
656859,7543899,89,0,"[0, 1]"
656859,7543899,99,0,"[0, 1]"
656859,7543899,105,0,"[0, 1]"
656859,7543899,96,0,"[0, 1]"
656859,7543899,121,0,"[0, 1]"
656859,7543899,202,0,"[0, 1]"
656859,7543899,160,0,"[0, 1]"
656859,7543899,131,0,"[0, 1]"
656859,7543899,143,0,"[0, 1]"
656859,7543899,250,0,"[0, 1]"
656859,7543899,219,0,"[0, 1]"
656859,7543899,247,0,"[0, 1]"
656859,7543899,230,0,"[0, 1]"
656859,7543899,215,0,"[0, 1]"
656859,7543899,240,0,"[0, 1]"
656859,7543899,211,0,"[0, 1]"
656859,7543899,132,0,"[0, 1]"
656859,7543899,216,0,"[0, 1]"
656859,7543899,196,0,"[0, 1]"
656859,7543899,326,0,"[0, 1]"
656859,7543899,470,0,"[0, 1]"
656859,7543899,342,0,"[0, 1]"
656859,7543899,331,0,"[0, 1]"
656859,7543899,384,0,"[0, 1]"
656859,7543899,398,0,"[0, 1]"
656859,7543899,297,0,"[0, 1]"
656859,7543899,321,0,"[0, 1]"
656859,7543899,302,0,"[0, 1]"
656859,7543899,507,0,"[0, 1]"
656859,7543899,503,0,"[0, 1]"
656859,7543899,352,0,"[0, 1]"
656859,7543899,286,0,"[0, 1]"
656859,7543899,271,0,"[0, 1]"
656859,7543899,497,0,"[0, 1]"
656859,7543899,379,0,"[0, 1]"
656859,7543899,697,0,"[0, 1]"
656859,7543899,526,0,"[0, 1]"
656859,7543899,739,0,"[0, 1]"
656859,7543899,605,0,"[0, 1]"
656859,7543899,632,0,"[0, 1]"
656859,7543899,972,0,"[0, 1]"
656859,7543899,534,0,"[0, 1]"
656859,7543899,522,0,"[0, 1]"
656859,7543899,1005,0,"[0, 1]"
656859,7543899,835,0,"[0, 1]"
656859,7543899,606,0,"[0, 1]"
656859,7543899,968,0,"[0, 1]"
656859,7543899,582,0,"[0, 1]"
656859,7543899,957,0,"[0, 1]"
656859,7543899,953,0,"[0, 1]"
656859,7543899,1020,0,"[0, 1]"
656859,7543899,842,0,"[0, 1]"
656859,7543899,829,0,"[0, 1]"
656859,7543899,1182,0,"[0, 1]"
656859,7543899,2030,0,"[0, 1]"
656859,7543899,1772,0,"[0, 1]"
656859,7543899,1023,0,"[0, 1]"
656859,7543899,1403,0,"[0, 1]"
656859,7543899,1263,0,"[0, 1]"
656859,7543899,1262,0,"[0, 1]"
656859,7543899,1871,0,"[0, 1]"
656859,7543899,1916,0,"[0, 1]"
656859,7543899,1999,0,"[0, 1]"
656859,7543899,1358,0,"[0, 1]"
656859,7543899,1727,0,"[0, 1]"
656859,7543899,1848,0,"[0, 1]"
656859,7543899,1892,0,"[0, 1]"
656859,7543899,1481,0,"[0, 1]"
656859,7543899,1683,0,"[0, 1]"
656859,7543899,1704,0,"[0, 1]"
656859,7543899,2028,0,"[0, 1]"
656859,7543899,1526,0,"[0, 1]"
656859,7543899,1876,0,"[0, 1]"
656859,7543899,2138,0,"[0, 1]"
656859,7543899,3120,0,"[0, 1]"
656859,7543899,2123,0,"[0, 1]"
656859,7543899,3256,0,"[0, 1]"
656859,7543899,3622,0,"[0, 1]"
656859,7543899,2721,0,"[0, 1]"
656859,7543899,3131,0,"[0, 1]"
656859,7543899,2295,0,"[0, 1]"
656859,7543899,2729,0,"[0, 1]"
656859,7543899,2481,0,"[0, 1]"
656859,7543899,3334,0,"[0, 1]"
656859,7543899,2654,0,"[0, 1]"
656859,7543899,3410,0,"[0, 1]"
656859,7543899,2778,0,"[0, 1]"
656859,7543899,3189,0,"[0, 1]"
656859,7543899,2340,0,"[0, 1]"
656859,7543899,2551,0,"[0, 1]"
656859,7543899,2334,0,"[0, 1]"
656859,7543899,3135,0,"[0, 1]"
656859,7543899,3065,0,"[0, 1]"
656859,7543899,2766,0,"[0, 1]"
656859,7543899,2049,0,"[0, 1]"
656859,7543899,7436659,1,"[0, 1]"
656859,7543899,7084908,1,"[0, 1]"
656859,7543899,7592553,1,"[0, 1]"
656859,7543899,7179316,1,"[0, 1]"
656859,7543899,7543689,1,"[0, 1]"
656859,7543899,7372511,1,"[0, 1]"
656859,7543899,7294736,1,"[0, 1]"
656859,7543899,7462170,1,"[0, 1]"
656859,7543899,7457376,1,"[0, 1]"
656859,7543899,7166234,1,"[0, 1]"
656859,7543899,316035,1,"[0, 1]"
656859,7543899,4915,0,"[0, 1]"
656859,7543899,3072082,1,"[0, 1]"
656859,7543899,1270948,1,"[0, 1]"
656859,7543899,4376,0,"[0, 1]"
656859,7543899,7563950,1,"[0, 1]"
656859,7543899,4676,0,"[0, 1]"
656859,7543899,7400409,1,"[0, 1]"
656859,7543899,7178616,1,"[0, 1]"
656859,7543899,1837320,1,"[0, 1]"
656859,7543899,4132,0,"[0, 1]"
656859,7543899,2056386,1,"[0, 1]"
656859,7543899,7443692,1,"[0, 1]"
656859,7543899,4362,0,"[0, 1]"
566946,599391,599391,1,"[1, 0]"
566946,599391,3916,0,"[1, 0]"
566946,599391,1957,0,"[1, 0]"
566946,599391,978,0,"[1, 0]"
566946,599391,488,0,"[1, 0]"
566946,599391,243,0,"[1, 0]"
566946,599391,121,0,"[1, 0]"
566946,599391,60,0,"[1, 0]"
566946,599391,29,0,"[1, 0]"
566946,599391,14,0,"[1, 0]"
566946,599391,6,0,"[1, 0]"
566946,599391,2,0,"[1, 0]"
566946,599391,0,0,"[1, 0]"
566946,599391,1,0,"[0, 1]"
566946,599391,2,0,"[0, 1]"
566946,599391,5,0,"[0, 1]"
566946,599391,4,0,"[0, 1]"
566946,599391,3,0,"[0, 1]"
566946,599391,6,0,"[0, 1]"
566946,599391,12,0,"[0, 1]"
566946,599391,11,0,"[0, 1]"
566946,599391,7,0,"[0, 1]"
566946,599391,10,0,"[0, 1]"
566946,599391,13,0,"[0, 1]"
566946,599391,8,0,"[0, 1]"
566946,599391,19,0,"[0, 1]"
566946,599391,29,0,"[0, 1]"
566946,599391,27,0,"[0, 1]"
566946,599391,16,0,"[0, 1]"
566946,599391,18,0,"[0, 1]"
566946,599391,15,0,"[0, 1]"
566946,599391,25,0,"[0, 1]"
566946,599391,23,0,"[0, 1]"
566946,599391,35,0,"[0, 1]"
566946,599391,47,0,"[0, 1]"
566946,599391,60,0,"[0, 1]"
566946,599391,62,0,"[0, 1]"
566946,599391,40,0,"[0, 1]"
566946,599391,57,0,"[0, 1]"
566946,599391,42,0,"[0, 1]"
566946,599391,45,0,"[0, 1]"
566946,599391,44,0,"[0, 1]"
566946,599391,53,0,"[0, 1]"
566946,599391,126,0,"[0, 1]"
566946,599391,120,0,"[0, 1]"
566946,599391,90,0,"[0, 1]"
566946,599391,68,0,"[0, 1]"
566946,599391,88,0,"[0, 1]"
566946,599391,94,0,"[0, 1]"
566946,599391,91,0,"[0, 1]"
566946,599391,66,0,"[0, 1]"
566946,599391,115,0,"[0, 1]"
566946,599391,63,0,"[0, 1]"
566946,599391,89,0,"[0, 1]"
566946,599391,122,0,"[0, 1]"
566946,599391,222,0,"[0, 1]"
566946,599391,171,0,"[0, 1]"
566946,599391,128,0,"[0, 1]"
566946,599391,221,0,"[0, 1]"
566946,599391,237,0,"[0, 1]"
566946,599391,150,0,"[0, 1]"
566946,599391,131,0,"[0, 1]"
566946,599391,248,0,"[0, 1]"
566946,599391,159,0,"[0, 1]"
566946,599391,160,0,"[0, 1]"
566946,599391,213,0,"[0, 1]"
566946,599391,220,0,"[0, 1]"
566946,599391,178,0,"[0, 1]"
566946,599391,223,0,"[0, 1]"
566946,599391,405,0,"[0, 1]"
566946,599391,483,0,"[0, 1]"
566946,599391,493,0,"[0, 1]"
566946,599391,286,0,"[0, 1]"
566946,599391,494,0,"[0, 1]"
566946,599391,382,0,"[0, 1]"
566946,599391,339,0,"[0, 1]"
566946,599391,498,0,"[0, 1]"
566946,599391,360,0,"[0, 1]"
566946,599391,353,0,"[0, 1]"
566946,599391,451,0,"[0, 1]"
566946,599391,388,0,"[0, 1]"
566946,599391,318,0,"[0, 1]"
566946,599391,421,0,"[0, 1]"
566946,599391,354,0,"[0, 1]"
566946,599391,320,0,"[0, 1]"
566946,599391,908,0,"[0, 1]"
566946,599391,944,0,"[0, 1]"
566946,599391,972,0,"[0, 1]"
566946,599391,642,0,"[0, 1]"
566946,599391,851,0,"[0, 1]"
566946,599391,574,0,"[0, 1]"
566946,599391,668,0,"[0, 1]"
566946,599391,926,0,"[0, 1]"
566946,599391,685,0,"[0, 1]"
566946,599391,786,0,"[0, 1]"
566946,599391,946,0,"[0, 1]"
566946,599391,1008,0,"[0, 1]"
566946,599391,815,0,"[0, 1]"
566946,599391,716,0,"[0, 1]"
566946,599391,519,0,"[0, 1]"
566946,599391,516,0,"[0, 1]"
566946,599391,513,0,"[0, 1]"
566946,599391,803,0,"[0, 1]"
566946,599391,1796,0,"[0, 1]"
566946,599391,1620,0,"[0, 1]"
566946,599391,1251,0,"[0, 1]"
566946,599391,1452,0,"[0, 1]"
566946,599391,1542,0,"[0, 1]"
566946,599391,1868,0,"[0, 1]"
566946,599391,1094,0,"[0, 1]"
566946,599391,1339,0,"[0, 1]"
566946,599391,1445,0,"[0, 1]"
566946,599391,1524,0,"[0, 1]"
566946,599391,1275,0,"[0, 1]"
566946,599391,1757,0,"[0, 1]"
566946,599391,1125,0,"[0, 1]"
566946,599391,2005,0,"[0, 1]"
566946,599391,1303,0,"[0, 1]"
566946,599391,1687,0,"[0, 1]"
566946,599391,1053,0,"[0, 1]"
566946,599391,1029,0,"[0, 1]"
566946,599391,1937,0,"[0, 1]"
566946,599391,1456,0,"[0, 1]"
566946,599391,3974,0,"[0, 1]"
566946,599391,2489,0,"[0, 1]"
566946,599391,3474,0,"[0, 1]"
566946,599391,3537,0,"[0, 1]"
566946,599391,3735,0,"[0, 1]"
566946,599391,2748,0,"[0, 1]"
566946,599391,2322,0,"[0, 1]"
566946,599391,3038,0,"[0, 1]"
566946,599391,3507,0,"[0, 1]"
566946,599391,2344,0,"[0, 1]"
566946,599391,3978,0,"[0, 1]"
566946,599391,2463,0,"[0, 1]"
566946,599391,3126,0,"[0, 1]"
566946,599391,3958,0,"[0, 1]"
566946,599391,3626,0,"[0, 1]"
566946,599391,3850,0,"[0, 1]"
566946,599391,2744,0,"[0, 1]"
566946,599391,2698,0,"[0, 1]"
566946,599391,3785,0,"[0, 1]"
566946,599391,3984,0,"[0, 1]"
566946,599391,2670,0,"[0, 1]"
566946,599391,2751,0,"[0, 1]"
566946,599391,7098058,1,"[0, 1]"
566946,599391,4444,0,"[0, 1]"
566946,599391,7684278,1,"[0, 1]"
566946,599391,7259552,1,"[0, 1]"
566946,599391,7153433,1,"[0, 1]"
566946,599391,4698,0,"[0, 1]"
566946,599391,4123,0,"[0, 1]"
566946,599391,4641,0,"[0, 1]"
566946,599391,4135,0,"[0, 1]"
566946,599391,4688552,1,"[0, 1]"
566946,599391,7090002,1,"[0, 1]"
566946,599391,4460,0,"[0, 1]"
566946,599391,4198,0,"[0, 1]"
566946,599391,4262,0,"[0, 1]"
566946,599391,7072003,1,"[0, 1]"
566946,599391,4167,0,"[0, 1]"
566946,599391,7573647,1,"[0, 1]"
566946,599391,7600671,1,"[0, 1]"
566946,599391,7305799,1,"[0, 1]"
566946,599391,4535,0,"[0, 1]"
566946,599391,7353377,1,"[0, 1]"
566946,599391,7437141,1,"[0, 1]"
566946,599391,670741,1,"[0, 1]"
566946,599391,4631,0,"[0, 1]"
413905,7544118,7544118,1,"[1, 0]"
413905,7544118,4293,0,"[1, 0]"
413905,7544118,2498,0,"[1, 0]"
413905,7544118,1248,0,"[1, 0]"
413905,7544118,623,0,"[1, 0]"
413905,7544118,311,0,"[1, 0]"
413905,7544118,155,0,"[1, 0]"
413905,7544118,77,0,"[1, 0]"
413905,7544118,38,0,"[1, 0]"
413905,7544118,18,0,"[1, 0]"
413905,7544118,8,0,"[1, 0]"
413905,7544118,3,0,"[1, 0]"
413905,7544118,1,0,"[1, 0]"
413905,7544118,0,0,"[1, 0]"
413905,7544118,1,0,"[0, 1]"
413905,7544118,2,0,"[0, 1]"
413905,7544118,3,0,"[0, 1]"
413905,7544118,6,0,"[0, 1]"
413905,7544118,5,0,"[0, 1]"
413905,7544118,4,0,"[0, 1]"
413905,7544118,13,0,"[0, 1]"
413905,7544118,9,0,"[0, 1]"
413905,7544118,10,0,"[0, 1]"
413905,7544118,12,0,"[0, 1]"
413905,7544118,14,0,"[0, 1]"
413905,7544118,11,0,"[0, 1]"
413905,7544118,17,0,"[0, 1]"
413905,7544118,25,0,"[0, 1]"
413905,7544118,20,0,"[0, 1]"
413905,7544118,22,0,"[0, 1]"
413905,7544118,28,0,"[0, 1]"
413905,7544118,18,0,"[0, 1]"
413905,7544118,15,0,"[0, 1]"
413905,7544118,19,0,"[0, 1]"
413905,7544118,55,0,"[0, 1]"
413905,7544118,58,0,"[0, 1]"
413905,7544118,62,0,"[0, 1]"
413905,7544118,48,0,"[0, 1]"
413905,7544118,32,0,"[0, 1]"
413905,7544118,36,0,"[0, 1]"
413905,7544118,50,0,"[0, 1]"
413905,7544118,39,0,"[0, 1]"
413905,7544118,51,0,"[0, 1]"
413905,7544118,60,0,"[0, 1]"
413905,7544118,100,0,"[0, 1]"
413905,7544118,101,0,"[0, 1]"
413905,7544118,124,0,"[0, 1]"
413905,7544118,78,0,"[0, 1]"
413905,7544118,88,0,"[0, 1]"
413905,7544118,86,0,"[0, 1]"
413905,7544118,82,0,"[0, 1]"
413905,7544118,69,0,"[0, 1]"
413905,7544118,107,0,"[0, 1]"
413905,7544118,125,0,"[0, 1]"
413905,7544118,106,0,"[0, 1]"
413905,7544118,63,0,"[0, 1]"
413905,7544118,211,0,"[0, 1]"
413905,7544118,239,0,"[0, 1]"
413905,7544118,229,0,"[0, 1]"
413905,7544118,221,0,"[0, 1]"
413905,7544118,146,0,"[0, 1]"
413905,7544118,235,0,"[0, 1]"
413905,7544118,156,0,"[0, 1]"
413905,7544118,164,0,"[0, 1]"
413905,7544118,141,0,"[0, 1]"
413905,7544118,177,0,"[0, 1]"
413905,7544118,201,0,"[0, 1]"
413905,7544118,174,0,"[0, 1]"
413905,7544118,209,0,"[0, 1]"
413905,7544118,134,0,"[0, 1]"
413905,7544118,296,0,"[0, 1]"
413905,7544118,508,0,"[0, 1]"
413905,7544118,283,0,"[0, 1]"
413905,7544118,491,0,"[0, 1]"
413905,7544118,281,0,"[0, 1]"
413905,7544118,441,0,"[0, 1]"
413905,7544118,459,0,"[0, 1]"
413905,7544118,465,0,"[0, 1]"
413905,7544118,405,0,"[0, 1]"
413905,7544118,382,0,"[0, 1]"
413905,7544118,444,0,"[0, 1]"
413905,7544118,399,0,"[0, 1]"
413905,7544118,326,0,"[0, 1]"
413905,7544118,264,0,"[0, 1]"
413905,7544118,374,0,"[0, 1]"
413905,7544118,350,0,"[0, 1]"
413905,7544118,918,0,"[0, 1]"
413905,7544118,657,0,"[0, 1]"
413905,7544118,738,0,"[0, 1]"
413905,7544118,883,0,"[0, 1]"
413905,7544118,672,0,"[0, 1]"
413905,7544118,988,0,"[0, 1]"
413905,7544118,625,0,"[0, 1]"
413905,7544118,608,0,"[0, 1]"
413905,7544118,862,0,"[0, 1]"
413905,7544118,851,0,"[0, 1]"
413905,7544118,736,0,"[0, 1]"
413905,7544118,567,0,"[0, 1]"
413905,7544118,810,0,"[0, 1]"
413905,7544118,981,0,"[0, 1]"
413905,7544118,521,0,"[0, 1]"
413905,7544118,804,0,"[0, 1]"
413905,7544118,915,0,"[0, 1]"
413905,7544118,652,0,"[0, 1]"
413905,7544118,1497,0,"[0, 1]"
413905,7544118,1664,0,"[0, 1]"
413905,7544118,1690,0,"[0, 1]"
413905,7544118,1240,0,"[0, 1]"
413905,7544118,1762,0,"[0, 1]"
413905,7544118,1843,0,"[0, 1]"
413905,7544118,1371,0,"[0, 1]"
413905,7544118,1715,0,"[0, 1]"
413905,7544118,1154,0,"[0, 1]"
413905,7544118,1414,0,"[0, 1]"
413905,7544118,1784,0,"[0, 1]"
413905,7544118,1176,0,"[0, 1]"
413905,7544118,1311,0,"[0, 1]"
413905,7544118,1614,0,"[0, 1]"
413905,7544118,1365,0,"[0, 1]"
413905,7544118,1462,0,"[0, 1]"
413905,7544118,1254,0,"[0, 1]"
413905,7544118,1639,0,"[0, 1]"
413905,7544118,1653,0,"[0, 1]"
413905,7544118,1347,0,"[0, 1]"
413905,7544118,2864,0,"[0, 1]"
413905,7544118,3868,0,"[0, 1]"
413905,7544118,2680,0,"[0, 1]"
413905,7544118,2094,0,"[0, 1]"
413905,7544118,3758,0,"[0, 1]"
413905,7544118,3677,0,"[0, 1]"
413905,7544118,2130,0,"[0, 1]"
413905,7544118,3988,0,"[0, 1]"
413905,7544118,3010,0,"[0, 1]"
413905,7544118,3114,0,"[0, 1]"
413905,7544118,3290,0,"[0, 1]"
413905,7544118,2431,0,"[0, 1]"
413905,7544118,2423,0,"[0, 1]"
413905,7544118,2751,0,"[0, 1]"
413905,7544118,3924,0,"[0, 1]"
413905,7544118,3023,0,"[0, 1]"
413905,7544118,2383,0,"[0, 1]"
413905,7544118,2121,0,"[0, 1]"
413905,7544118,3590,0,"[0, 1]"
413905,7544118,2702,0,"[0, 1]"
413905,7544118,2191,0,"[0, 1]"
413905,7544118,3894,0,"[0, 1]"
413905,7544118,7081948,1,"[0, 1]"
413905,7544118,7434272,1,"[0, 1]"
413905,7544118,7505469,1,"[0, 1]"
413905,7544118,7118318,1,"[0, 1]"
413905,7544118,7452528,1,"[0, 1]"
413905,7544118,7524398,1,"[0, 1]"
413905,7544118,7220206,1,"[0, 1]"
413905,7544118,7220975,1,"[0, 1]"
413905,7544118,7405491,1,"[0, 1]"
413905,7544118,7682904,1,"[0, 1]"
413905,7544118,7166774,1,"[0, 1]"
413905,7544118,7528645,1,"[0, 1]"
413905,7544118,7628598,1,"[0, 1]"
413905,7544118,7247196,1,"[0, 1]"
413905,7544118,7348461,1,"[0, 1]"
413905,7544118,7153842,1,"[0, 1]"
413905,7544118,7271076,1,"[0, 1]"
413905,7544118,7160750,1,"[0, 1]"
413905,7544118,4333,0,"[0, 1]"
413905,7544118,7355643,1,"[0, 1]"
413905,7544118,562230,1,"[0, 1]"
413905,7544118,4278,0,"[0, 1]"
413905,7544118,7607736,1,"[0, 1]"
413905,7544118,7212843,1,"[0, 1]"
413905,7544118,787613,1,"[0, 1]"
413905,7544118,7507566,1,"[0, 1]"
413905,7544118,6743770,1,"[0, 1]"
413905,7544118,3948109,1,"[0, 1]"
413905,7544118,7102627,1,"[0, 1]"
413905,7544118,7376967,1,"[0, 1]"
413905,7544118,7139070,1,"[0, 1]"
413905,7544118,7632390,1,"[0, 1]"
413905,7544118,7206078,1,"[0, 1]"
413905,7544118,7575257,1,"[0, 1]"
413905,7544118,7193118,1,"[0, 1]"
413905,7544118,7592293,1,"[0, 1]"
413905,7544118,7155089,1,"[0, 1]"
413905,7544118,284425,1,"[0, 1]"
413905,7544118,7318105,1,"[0, 1]"
413905,7544118,7247137,1,"[0, 1]"
413905,7544118,7228575,1,"[0, 1]"
413905,7544118,7477714,1,"[0, 1]"
413905,7544118,7424055,1,"[0, 1]"
413905,7544118,7264931,1,"[0, 1]"
413905,7544118,7534867,1,"[0, 1]"
413905,7544118,7577019,1,"[0, 1]"
413905,7544118,7626797,1,"[0, 1]"
413905,7544118,7346601,1,"[0, 1]"
413905,7544118,7456369,1,"[0, 1]"
413905,7544118,7288722,1,"[0, 1]"
724121,7544209,7544209,1,"[1, 0]"
724121,7544209,3670,0,"[1, 0]"
724121,7544209,1834,0,"[1, 0]"
724121,7544209,916,0,"[1, 0]"
724121,7544209,457,0,"[1, 0]"
724121,7544209,228,0,"[1, 0]"
724121,7544209,113,0,"[1, 0]"
724121,7544209,56,0,"[1, 0]"
724121,7544209,27,0,"[1, 0]"
724121,7544209,13,0,"[1, 0]"
724121,7544209,6,0,"[1, 0]"
724121,7544209,2,0,"[1, 0]"
724121,7544209,0,0,"[1, 0]"
724121,7544209,2,0,"[0, 1]"
724121,7544209,1,0,"[0, 1]"
724121,7544209,6,0,"[0, 1]"
724121,7544209,4,0,"[0, 1]"
724121,7544209,3,0,"[0, 1]"
724121,7544209,5,0,"[0, 1]"
724121,7544209,9,0,"[0, 1]"
724121,7544209,14,0,"[0, 1]"
724121,7544209,10,0,"[0, 1]"
724121,7544209,13,0,"[0, 1]"
724121,7544209,11,0,"[0, 1]"
724121,7544209,8,0,"[0, 1]"
724121,7544209,18,0,"[0, 1]"
724121,7544209,24,0,"[0, 1]"
724121,7544209,27,0,"[0, 1]"
724121,7544209,29,0,"[0, 1]"
724121,7544209,30,0,"[0, 1]"
724121,7544209,21,0,"[0, 1]"
724121,7544209,17,0,"[0, 1]"
724121,7544209,15,0,"[0, 1]"
724121,7544209,33,0,"[0, 1]"
724121,7544209,58,0,"[0, 1]"
724121,7544209,37,0,"[0, 1]"
724121,7544209,44,0,"[0, 1]"
724121,7544209,35,0,"[0, 1]"
724121,7544209,54,0,"[0, 1]"
724121,7544209,49,0,"[0, 1]"
724121,7544209,50,0,"[0, 1]"
724121,7544209,48,0,"[0, 1]"
724121,7544209,40,0,"[0, 1]"
724121,7544209,72,0,"[0, 1]"
724121,7544209,88,0,"[0, 1]"
724121,7544209,66,0,"[0, 1]"
724121,7544209,92,0,"[0, 1]"
724121,7544209,110,0,"[0, 1]"
724121,7544209,91,0,"[0, 1]"
724121,7544209,105,0,"[0, 1]"
724121,7544209,115,0,"[0, 1]"
724121,7544209,122,0,"[0, 1]"
724121,7544209,112,0,"[0, 1]"
724121,7544209,108,0,"[0, 1]"
724121,7544209,87,0,"[0, 1]"
724121,7544209,188,0,"[0, 1]"
724121,7544209,128,0,"[0, 1]"
724121,7544209,235,0,"[0, 1]"
724121,7544209,231,0,"[0, 1]"
724121,7544209,192,0,"[0, 1]"
724121,7544209,127,0,"[0, 1]"
724121,7544209,138,0,"[0, 1]"
724121,7544209,172,0,"[0, 1]"
724121,7544209,163,0,"[0, 1]"
724121,7544209,213,0,"[0, 1]"
724121,7544209,144,0,"[0, 1]"
724121,7544209,177,0,"[0, 1]"
724121,7544209,252,0,"[0, 1]"
724121,7544209,180,0,"[0, 1]"
724121,7544209,383,0,"[0, 1]"
724121,7544209,265,0,"[0, 1]"
724121,7544209,368,0,"[0, 1]"
724121,7544209,487,0,"[0, 1]"
724121,7544209,391,0,"[0, 1]"
724121,7544209,488,0,"[0, 1]"
724121,7544209,406,0,"[0, 1]"
724121,7544209,295,0,"[0, 1]"
724121,7544209,402,0,"[0, 1]"
724121,7544209,444,0,"[0, 1]"
724121,7544209,338,0,"[0, 1]"
724121,7544209,341,0,"[0, 1]"
724121,7544209,331,0,"[0, 1]"
724121,7544209,505,0,"[0, 1]"
724121,7544209,304,0,"[0, 1]"
724121,7544209,346,0,"[0, 1]"
724121,7544209,657,0,"[0, 1]"
724121,7544209,1002,0,"[0, 1]"
724121,7544209,748,0,"[0, 1]"
724121,7544209,592,0,"[0, 1]"
724121,7544209,673,0,"[0, 1]"
724121,7544209,873,0,"[0, 1]"
724121,7544209,823,0,"[0, 1]"
724121,7544209,525,0,"[0, 1]"
724121,7544209,608,0,"[0, 1]"
724121,7544209,526,0,"[0, 1]"
724121,7544209,518,0,"[0, 1]"
724121,7544209,726,0,"[0, 1]"
724121,7544209,1022,0,"[0, 1]"
724121,7544209,915,0,"[0, 1]"
724121,7544209,966,0,"[0, 1]"
724121,7544209,934,0,"[0, 1]"
724121,7544209,692,0,"[0, 1]"
724121,7544209,921,0,"[0, 1]"
724121,7544209,1560,0,"[0, 1]"
724121,7544209,1325,0,"[0, 1]"
724121,7544209,1554,0,"[0, 1]"
724121,7544209,1735,0,"[0, 1]"
724121,7544209,1394,0,"[0, 1]"
724121,7544209,1877,0,"[0, 1]"
724121,7544209,1696,0,"[0, 1]"
724121,7544209,1204,0,"[0, 1]"
724121,7544209,1490,0,"[0, 1]"
724121,7544209,1715,0,"[0, 1]"
724121,7544209,1200,0,"[0, 1]"
724121,7544209,1730,0,"[0, 1]"
724121,7544209,1443,0,"[0, 1]"
724121,7544209,1585,0,"[0, 1]"
724121,7544209,1695,0,"[0, 1]"
724121,7544209,1882,0,"[0, 1]"
724121,7544209,1648,0,"[0, 1]"
724121,7544209,1069,0,"[0, 1]"
724121,7544209,1378,0,"[0, 1]"
724121,7544209,1525,0,"[0, 1]"
724121,7544209,3440,0,"[0, 1]"
724121,7544209,2421,0,"[0, 1]"
724121,7544209,3576,0,"[0, 1]"
724121,7544209,3116,0,"[0, 1]"
724121,7544209,2952,0,"[0, 1]"
724121,7544209,2610,0,"[0, 1]"
724121,7544209,2805,0,"[0, 1]"
724121,7544209,2342,0,"[0, 1]"
724121,7544209,2700,0,"[0, 1]"
724121,7544209,3454,0,"[0, 1]"
724121,7544209,3836,0,"[0, 1]"
724121,7544209,3310,0,"[0, 1]"
724121,7544209,2535,0,"[0, 1]"
724121,7544209,3184,0,"[0, 1]"
724121,7544209,2359,0,"[0, 1]"
724121,7544209,3222,0,"[0, 1]"
724121,7544209,3761,0,"[0, 1]"
724121,7544209,2335,0,"[0, 1]"
724121,7544209,3705,0,"[0, 1]"
724121,7544209,3026,0,"[0, 1]"
724121,7544209,2221,0,"[0, 1]"
724121,7544209,2138,0,"[0, 1]"
724121,7544209,7322359,1,"[0, 1]"
724121,7544209,7299213,1,"[0, 1]"
724121,7544209,7411246,1,"[0, 1]"
724121,7544209,7304788,1,"[0, 1]"
724121,7544209,6008284,1,"[0, 1]"
724121,7544209,4789,0,"[0, 1]"
724121,7544209,4749,0,"[0, 1]"
724121,7544209,7628155,1,"[0, 1]"
724121,7544209,7588406,1,"[0, 1]"
724121,7544209,4163,0,"[0, 1]"
724121,7544209,7162884,1,"[0, 1]"
724121,7544209,7488621,1,"[0, 1]"
724121,7544209,7494148,1,"[0, 1]"
724121,7544209,7542623,1,"[0, 1]"
724121,7544209,7433106,1,"[0, 1]"
724121,7544209,4697,0,"[0, 1]"
724121,7544209,7122600,1,"[0, 1]"
724121,7544209,7149452,1,"[0, 1]"
724121,7544209,7515977,1,"[0, 1]"
724121,7544209,4521109,1,"[0, 1]"
724121,7544209,4906,0,"[0, 1]"
724121,7544209,7617924,1,"[0, 1]"
724121,7544209,7360402,1,"[0, 1]"
724121,7544209,7518857,1,"[0, 1]"
142831,7544224,7544224,1,"[1, 0]"
142831,7544224,2836,0,"[1, 0]"
142831,7544224,1417,0,"[1, 0]"
142831,7544224,708,0,"[1, 0]"
142831,7544224,353,0,"[1, 0]"
142831,7544224,176,0,"[1, 0]"
142831,7544224,87,0,"[1, 0]"
142831,7544224,43,0,"[1, 0]"
142831,7544224,21,0,"[1, 0]"
142831,7544224,10,0,"[1, 0]"
142831,7544224,4,0,"[1, 0]"
142831,7544224,1,0,"[1, 0]"
142831,7544224,0,0,"[1, 0]"
142831,7544224,2,0,"[0, 1]"
142831,7544224,1,0,"[0, 1]"
142831,7544224,3,0,"[0, 1]"
142831,7544224,5,0,"[0, 1]"
142831,7544224,6,0,"[0, 1]"
142831,7544224,4,0,"[0, 1]"
142831,7544224,12,0,"[0, 1]"
142831,7544224,9,0,"[0, 1]"
142831,7544224,11,0,"[0, 1]"
142831,7544224,13,0,"[0, 1]"
142831,7544224,10,0,"[0, 1]"
142831,7544224,8,0,"[0, 1]"
142831,7544224,27,0,"[0, 1]"
142831,7544224,26,0,"[0, 1]"
142831,7544224,19,0,"[0, 1]"
142831,7544224,23,0,"[0, 1]"
142831,7544224,30,0,"[0, 1]"
142831,7544224,20,0,"[0, 1]"
142831,7544224,16,0,"[0, 1]"
142831,7544224,17,0,"[0, 1]"
142831,7544224,62,0,"[0, 1]"
142831,7544224,56,0,"[0, 1]"
142831,7544224,35,0,"[0, 1]"
142831,7544224,50,0,"[0, 1]"
142831,7544224,55,0,"[0, 1]"
142831,7544224,58,0,"[0, 1]"
142831,7544224,48,0,"[0, 1]"
142831,7544224,44,0,"[0, 1]"
142831,7544224,51,0,"[0, 1]"
142831,7544224,59,0,"[0, 1]"
142831,7544224,111,0,"[0, 1]"
142831,7544224,118,0,"[0, 1]"
142831,7544224,104,0,"[0, 1]"
142831,7544224,97,0,"[0, 1]"
142831,7544224,70,0,"[0, 1]"
142831,7544224,80,0,"[0, 1]"
142831,7544224,75,0,"[0, 1]"
142831,7544224,96,0,"[0, 1]"
142831,7544224,116,0,"[0, 1]"
142831,7544224,113,0,"[0, 1]"
142831,7544224,100,0,"[0, 1]"
142831,7544224,107,0,"[0, 1]"
142831,7544224,164,0,"[0, 1]"
142831,7544224,135,0,"[0, 1]"
142831,7544224,196,0,"[0, 1]"
142831,7544224,138,0,"[0, 1]"
142831,7544224,192,0,"[0, 1]"
142831,7544224,154,0,"[0, 1]"
142831,7544224,231,0,"[0, 1]"
142831,7544224,190,0,"[0, 1]"
142831,7544224,152,0,"[0, 1]"
142831,7544224,179,0,"[0, 1]"
142831,7544224,242,0,"[0, 1]"
142831,7544224,215,0,"[0, 1]"
142831,7544224,176,0,"[0, 1]"
142831,7544224,232,0,"[0, 1]"
142831,7544224,447,0,"[0, 1]"
142831,7544224,423,0,"[0, 1]"
142831,7544224,366,0,"[0, 1]"
142831,7544224,383,0,"[0, 1]"
142831,7544224,331,0,"[0, 1]"
142831,7544224,296,0,"[0, 1]"
142831,7544224,404,0,"[0, 1]"
142831,7544224,480,0,"[0, 1]"
142831,7544224,411,0,"[0, 1]"
142831,7544224,467,0,"[0, 1]"
142831,7544224,395,0,"[0, 1]"
142831,7544224,327,0,"[0, 1]"
142831,7544224,257,0,"[0, 1]"
142831,7544224,341,0,"[0, 1]"
142831,7544224,394,0,"[0, 1]"
142831,7544224,303,0,"[0, 1]"
142831,7544224,693,0,"[0, 1]"
142831,7544224,1001,0,"[0, 1]"
142831,7544224,778,0,"[0, 1]"
142831,7544224,544,0,"[0, 1]"
142831,7544224,934,0,"[0, 1]"
142831,7544224,946,0,"[0, 1]"
142831,7544224,968,0,"[0, 1]"
142831,7544224,593,0,"[0, 1]"
142831,7544224,903,0,"[0, 1]"
142831,7544224,953,0,"[0, 1]"
142831,7544224,632,0,"[0, 1]"
142831,7544224,997,0,"[0, 1]"
142831,7544224,889,0,"[0, 1]"
142831,7544224,654,0,"[0, 1]"
142831,7544224,581,0,"[0, 1]"
142831,7544224,672,0,"[0, 1]"
142831,7544224,563,0,"[0, 1]"
142831,7544224,812,0,"[0, 1]"
142831,7544224,1708,0,"[0, 1]"
142831,7544224,1079,0,"[0, 1]"
142831,7544224,1122,0,"[0, 1]"
142831,7544224,1483,0,"[0, 1]"
142831,7544224,1354,0,"[0, 1]"
142831,7544224,1099,0,"[0, 1]"
142831,7544224,1936,0,"[0, 1]"
142831,7544224,1872,0,"[0, 1]"
142831,7544224,1969,0,"[0, 1]"
142831,7544224,1349,0,"[0, 1]"
142831,7544224,1112,0,"[0, 1]"
142831,7544224,1474,0,"[0, 1]"
142831,7544224,1774,0,"[0, 1]"
142831,7544224,1181,0,"[0, 1]"
142831,7544224,1524,0,"[0, 1]"
142831,7544224,1633,0,"[0, 1]"
142831,7544224,1284,0,"[0, 1]"
142831,7544224,1803,0,"[0, 1]"
142831,7544224,1232,0,"[0, 1]"
142831,7544224,1958,0,"[0, 1]"
142831,7544224,3532,0,"[0, 1]"
142831,7544224,2623,0,"[0, 1]"
142831,7544224,2049,0,"[0, 1]"
142831,7544224,3490,0,"[0, 1]"
142831,7544224,3339,0,"[0, 1]"
142831,7544224,3685,0,"[0, 1]"
142831,7544224,2767,0,"[0, 1]"
142831,7544224,3991,0,"[0, 1]"
142831,7544224,3351,0,"[0, 1]"
142831,7544224,3572,0,"[0, 1]"
142831,7544224,2167,0,"[0, 1]"
142831,7544224,3836,0,"[0, 1]"
142831,7544224,4089,0,"[0, 1]"
142831,7544224,3099,0,"[0, 1]"
142831,7544224,2956,0,"[0, 1]"
142831,7544224,3178,0,"[0, 1]"
142831,7544224,4040,0,"[0, 1]"
142831,7544224,3342,0,"[0, 1]"
142831,7544224,3254,0,"[0, 1]"
142831,7544224,3937,0,"[0, 1]"
142831,7544224,3895,0,"[0, 1]"
142831,7544224,2173,0,"[0, 1]"
142831,7544224,7099584,1,"[0, 1]"
142831,7544224,4467,0,"[0, 1]"
142831,7544224,103776,1,"[0, 1]"
142831,7544224,4495,0,"[0, 1]"
142831,7544224,7661052,1,"[0, 1]"
142831,7544224,7093297,1,"[0, 1]"
142831,7544224,4173,0,"[0, 1]"
142831,7544224,7131592,1,"[0, 1]"
142831,7544224,7598745,1,"[0, 1]"
142831,7544224,151711,1,"[0, 1]"
142831,7544224,4755,0,"[0, 1]"
142831,7544224,7407958,1,"[0, 1]"
142831,7544224,7206269,1,"[0, 1]"
142831,7544224,7378418,1,"[0, 1]"
142831,7544224,7116125,1,"[0, 1]"
142831,7544224,7092036,1,"[0, 1]"
142831,7544224,7431106,1,"[0, 1]"
142831,7544224,7110052,1,"[0, 1]"
142831,7544224,4653,0,"[0, 1]"
142831,7544224,4695,0,"[0, 1]"
142831,7544224,7273248,1,"[0, 1]"
142831,7544224,7510125,1,"[0, 1]"
142831,7544224,7344405,1,"[0, 1]"
142831,7544224,4164,0,"[0, 1]"
1101822,7544274,7544274,1,"[1, 0]"
1101822,7544274,2399,0,"[1, 0]"
1101822,7544274,1199,0,"[1, 0]"
1101822,7544274,599,0,"[1, 0]"
1101822,7544274,299,0,"[1, 0]"
1101822,7544274,149,0,"[1, 0]"
1101822,7544274,74,0,"[1, 0]"
1101822,7544274,36,0,"[1, 0]"
1101822,7544274,17,0,"[1, 0]"
1101822,7544274,8,0,"[1, 0]"
1101822,7544274,3,0,"[1, 0]"
1101822,7544274,1,0,"[1, 0]"
1101822,7544274,0,0,"[1, 0]"
1101822,7544274,2,0,"[0, 1]"
1101822,7544274,1,0,"[0, 1]"
1101822,7544274,6,0,"[0, 1]"
1101822,7544274,5,0,"[0, 1]"
1101822,7544274,4,0,"[0, 1]"
1101822,7544274,3,0,"[0, 1]"
1101822,7544274,9,0,"[0, 1]"
1101822,7544274,7,0,"[0, 1]"
1101822,7544274,14,0,"[0, 1]"
1101822,7544274,8,0,"[0, 1]"
1101822,7544274,13,0,"[0, 1]"
1101822,7544274,10,0,"[0, 1]"
1101822,7544274,24,0,"[0, 1]"
1101822,7544274,19,0,"[0, 1]"
1101822,7544274,29,0,"[0, 1]"
1101822,7544274,21,0,"[0, 1]"
1101822,7544274,22,0,"[0, 1]"
1101822,7544274,15,0,"[0, 1]"
1101822,7544274,20,0,"[0, 1]"
1101822,7544274,25,0,"[0, 1]"
1101822,7544274,56,0,"[0, 1]"
1101822,7544274,44,0,"[0, 1]"
1101822,7544274,40,0,"[0, 1]"
1101822,7544274,48,0,"[0, 1]"
1101822,7544274,46,0,"[0, 1]"
1101822,7544274,52,0,"[0, 1]"
1101822,7544274,59,0,"[0, 1]"
1101822,7544274,50,0,"[0, 1]"
1101822,7544274,57,0,"[0, 1]"
1101822,7544274,34,0,"[0, 1]"
1101822,7544274,107,0,"[0, 1]"
1101822,7544274,87,0,"[0, 1]"
1101822,7544274,95,0,"[0, 1]"
1101822,7544274,121,0,"[0, 1]"
1101822,7544274,99,0,"[0, 1]"
1101822,7544274,112,0,"[0, 1]"
1101822,7544274,63,0,"[0, 1]"
1101822,7544274,100,0,"[0, 1]"
1101822,7544274,92,0,"[0, 1]"
1101822,7544274,69,0,"[0, 1]"
1101822,7544274,75,0,"[0, 1]"
1101822,7544274,110,0,"[0, 1]"
1101822,7544274,222,0,"[0, 1]"
1101822,7544274,226,0,"[0, 1]"
1101822,7544274,160,0,"[0, 1]"
1101822,7544274,163,0,"[0, 1]"
1101822,7544274,238,0,"[0, 1]"
1101822,7544274,224,0,"[0, 1]"
1101822,7544274,144,0,"[0, 1]"
1101822,7544274,138,0,"[0, 1]"
1101822,7544274,149,0,"[0, 1]"
1101822,7544274,176,0,"[0, 1]"
1101822,7544274,158,0,"[0, 1]"
1101822,7544274,247,0,"[0, 1]"
1101822,7544274,205,0,"[0, 1]"
1101822,7544274,188,0,"[0, 1]"
1101822,7544274,457,0,"[0, 1]"
1101822,7544274,307,0,"[0, 1]"
1101822,7544274,453,0,"[0, 1]"
1101822,7544274,393,0,"[0, 1]"
1101822,7544274,306,0,"[0, 1]"
1101822,7544274,438,0,"[0, 1]"
1101822,7544274,469,0,"[0, 1]"
1101822,7544274,337,0,"[0, 1]"
1101822,7544274,297,0,"[0, 1]"
1101822,7544274,431,0,"[0, 1]"
1101822,7544274,446,0,"[0, 1]"
1101822,7544274,316,0,"[0, 1]"
1101822,7544274,308,0,"[0, 1]"
1101822,7544274,403,0,"[0, 1]"
1101822,7544274,424,0,"[0, 1]"
1101822,7544274,402,0,"[0, 1]"
1101822,7544274,843,0,"[0, 1]"
1101822,7544274,775,0,"[0, 1]"
1101822,7544274,839,0,"[0, 1]"
1101822,7544274,997,0,"[0, 1]"
1101822,7544274,756,0,"[0, 1]"
1101822,7544274,809,0,"[0, 1]"
1101822,7544274,760,0,"[0, 1]"
1101822,7544274,906,0,"[0, 1]"
1101822,7544274,687,0,"[0, 1]"
1101822,7544274,666,0,"[0, 1]"
1101822,7544274,996,0,"[0, 1]"
1101822,7544274,607,0,"[0, 1]"
1101822,7544274,746,0,"[0, 1]"
1101822,7544274,719,0,"[0, 1]"
1101822,7544274,924,0,"[0, 1]"
1101822,7544274,933,0,"[0, 1]"
1101822,7544274,586,0,"[0, 1]"
1101822,7544274,1009,0,"[0, 1]"
1101822,7544274,1560,0,"[0, 1]"
1101822,7544274,1856,0,"[0, 1]"
1101822,7544274,1696,0,"[0, 1]"
1101822,7544274,1108,0,"[0, 1]"
1101822,7544274,1410,0,"[0, 1]"
1101822,7544274,1231,0,"[0, 1]"
1101822,7544274,1959,0,"[0, 1]"
1101822,7544274,1288,0,"[0, 1]"
1101822,7544274,2039,0,"[0, 1]"
1101822,7544274,1491,0,"[0, 1]"
1101822,7544274,1251,0,"[0, 1]"
1101822,7544274,1470,0,"[0, 1]"
1101822,7544274,1848,0,"[0, 1]"
1101822,7544274,1168,0,"[0, 1]"
1101822,7544274,1992,0,"[0, 1]"
1101822,7544274,1057,0,"[0, 1]"
1101822,7544274,1748,0,"[0, 1]"
1101822,7544274,1245,0,"[0, 1]"
1101822,7544274,2013,0,"[0, 1]"
1101822,7544274,1269,0,"[0, 1]"
1101822,7544274,2765,0,"[0, 1]"
1101822,7544274,3277,0,"[0, 1]"
1101822,7544274,3743,0,"[0, 1]"
1101822,7544274,3886,0,"[0, 1]"
1101822,7544274,2556,0,"[0, 1]"
1101822,7544274,2792,0,"[0, 1]"
1101822,7544274,3458,0,"[0, 1]"
1101822,7544274,2082,0,"[0, 1]"
1101822,7544274,2949,0,"[0, 1]"
1101822,7544274,3087,0,"[0, 1]"
1101822,7544274,3238,0,"[0, 1]"
1101822,7544274,3625,0,"[0, 1]"
1101822,7544274,2728,0,"[0, 1]"
1101822,7544274,3479,0,"[0, 1]"
1101822,7544274,4012,0,"[0, 1]"
1101822,7544274,3525,0,"[0, 1]"
1101822,7544274,3903,0,"[0, 1]"
1101822,7544274,3539,0,"[0, 1]"
1101822,7544274,3058,0,"[0, 1]"
1101822,7544274,4068,0,"[0, 1]"
1101822,7544274,2877,0,"[0, 1]"
1101822,7544274,3677,0,"[0, 1]"
1101822,7544274,7655418,1,"[0, 1]"
1101822,7544274,4459,0,"[0, 1]"
1101822,7544274,7395888,1,"[0, 1]"
1101822,7544274,4971,0,"[0, 1]"
1101822,7544274,4974,0,"[0, 1]"
1101822,7544274,7140654,1,"[0, 1]"
1101822,7544274,7360357,1,"[0, 1]"
1101822,7544274,7569773,1,"[0, 1]"
1101822,7544274,7452937,1,"[0, 1]"
1101822,7544274,7159288,1,"[0, 1]"
1101822,7544274,7390861,1,"[0, 1]"
1101822,7544274,7132843,1,"[0, 1]"
1101822,7544274,7165423,1,"[0, 1]"
1101822,7544274,4689,0,"[0, 1]"
1101822,7544274,4834,0,"[0, 1]"
1101822,7544274,7112303,1,"[0, 1]"
1101822,7544274,7444223,1,"[0, 1]"
1101822,7544274,4598,0,"[0, 1]"
1101822,7544274,7294874,1,"[0, 1]"
1101822,7544274,7486216,1,"[0, 1]"
1101822,7544274,7507883,1,"[0, 1]"
1101822,7544274,7140503,1,"[0, 1]"
1101822,7544274,4415,0,"[0, 1]"
1101822,7544274,7201739,1,"[0, 1]"
682365,7544458,7544458,1,"[1, 0]"
682365,7544458,4916,0,"[1, 0]"
682365,7544458,3910,0,"[1, 0]"
682365,7544458,1954,0,"[1, 0]"
682365,7544458,976,0,"[1, 0]"
682365,7544458,487,0,"[1, 0]"
682365,7544458,243,0,"[1, 0]"
682365,7544458,121,0,"[1, 0]"
682365,7544458,60,0,"[1, 0]"
682365,7544458,29,0,"[1, 0]"
682365,7544458,14,0,"[1, 0]"
682365,7544458,6,0,"[1, 0]"
682365,7544458,2,0,"[1, 0]"
682365,7544458,0,0,"[1, 0]"
682365,7544458,1,0,"[0, 1]"
682365,7544458,2,0,"[0, 1]"
682365,7544458,3,0,"[0, 1]"
682365,7544458,6,0,"[0, 1]"
682365,7544458,4,0,"[0, 1]"
682365,7544458,5,0,"[0, 1]"
682365,7544458,11,0,"[0, 1]"
682365,7544458,14,0,"[0, 1]"
682365,7544458,8,0,"[0, 1]"
682365,7544458,7,0,"[0, 1]"
682365,7544458,12,0,"[0, 1]"
682365,7544458,13,0,"[0, 1]"
682365,7544458,18,0,"[0, 1]"
682365,7544458,20,0,"[0, 1]"
682365,7544458,17,0,"[0, 1]"
682365,7544458,22,0,"[0, 1]"
682365,7544458,16,0,"[0, 1]"
682365,7544458,26,0,"[0, 1]"
682365,7544458,30,0,"[0, 1]"
682365,7544458,23,0,"[0, 1]"
682365,7544458,31,0,"[0, 1]"
682365,7544458,59,0,"[0, 1]"
682365,7544458,33,0,"[0, 1]"
682365,7544458,42,0,"[0, 1]"
682365,7544458,53,0,"[0, 1]"
682365,7544458,34,0,"[0, 1]"
682365,7544458,48,0,"[0, 1]"
682365,7544458,36,0,"[0, 1]"
682365,7544458,38,0,"[0, 1]"
682365,7544458,39,0,"[0, 1]"
682365,7544458,64,0,"[0, 1]"
682365,7544458,122,0,"[0, 1]"
682365,7544458,95,0,"[0, 1]"
682365,7544458,66,0,"[0, 1]"
682365,7544458,106,0,"[0, 1]"
682365,7544458,115,0,"[0, 1]"
682365,7544458,118,0,"[0, 1]"
682365,7544458,70,0,"[0, 1]"
682365,7544458,90,0,"[0, 1]"
682365,7544458,79,0,"[0, 1]"
682365,7544458,98,0,"[0, 1]"
682365,7544458,76,0,"[0, 1]"
682365,7544458,208,0,"[0, 1]"
682365,7544458,236,0,"[0, 1]"
682365,7544458,134,0,"[0, 1]"
682365,7544458,160,0,"[0, 1]"
682365,7544458,233,0,"[0, 1]"
682365,7544458,184,0,"[0, 1]"
682365,7544458,146,0,"[0, 1]"
682365,7544458,174,0,"[0, 1]"
682365,7544458,178,0,"[0, 1]"
682365,7544458,195,0,"[0, 1]"
682365,7544458,223,0,"[0, 1]"
682365,7544458,130,0,"[0, 1]"
682365,7544458,177,0,"[0, 1]"
682365,7544458,137,0,"[0, 1]"
682365,7544458,281,0,"[0, 1]"
682365,7544458,287,0,"[0, 1]"
682365,7544458,464,0,"[0, 1]"
682365,7544458,377,0,"[0, 1]"
682365,7544458,334,0,"[0, 1]"
682365,7544458,325,0,"[0, 1]"
682365,7544458,333,0,"[0, 1]"
682365,7544458,362,0,"[0, 1]"
682365,7544458,437,0,"[0, 1]"
682365,7544458,494,0,"[0, 1]"
682365,7544458,450,0,"[0, 1]"
682365,7544458,291,0,"[0, 1]"
682365,7544458,472,0,"[0, 1]"
682365,7544458,501,0,"[0, 1]"
682365,7544458,376,0,"[0, 1]"
682365,7544458,330,0,"[0, 1]"
682365,7544458,595,0,"[0, 1]"
682365,7544458,701,0,"[0, 1]"
682365,7544458,813,0,"[0, 1]"
682365,7544458,812,0,"[0, 1]"
682365,7544458,852,0,"[0, 1]"
682365,7544458,536,0,"[0, 1]"
682365,7544458,814,0,"[0, 1]"
682365,7544458,563,0,"[0, 1]"
682365,7544458,735,0,"[0, 1]"
682365,7544458,519,0,"[0, 1]"
682365,7544458,521,0,"[0, 1]"
682365,7544458,779,0,"[0, 1]"
682365,7544458,907,0,"[0, 1]"
682365,7544458,633,0,"[0, 1]"
682365,7544458,941,0,"[0, 1]"
682365,7544458,652,0,"[0, 1]"
682365,7544458,881,0,"[0, 1]"
682365,7544458,890,0,"[0, 1]"
682365,7544458,1025,0,"[0, 1]"
682365,7544458,2004,0,"[0, 1]"
682365,7544458,1317,0,"[0, 1]"
682365,7544458,1702,0,"[0, 1]"
682365,7544458,1913,0,"[0, 1]"
682365,7544458,1939,0,"[0, 1]"
682365,7544458,1233,0,"[0, 1]"
682365,7544458,1897,0,"[0, 1]"
682365,7544458,1184,0,"[0, 1]"
682365,7544458,1203,0,"[0, 1]"
682365,7544458,1575,0,"[0, 1]"
682365,7544458,1198,0,"[0, 1]"
682365,7544458,2009,0,"[0, 1]"
682365,7544458,1953,0,"[0, 1]"
682365,7544458,1876,0,"[0, 1]"
682365,7544458,1310,0,"[0, 1]"
682365,7544458,1088,0,"[0, 1]"
682365,7544458,1328,0,"[0, 1]"
682365,7544458,1543,0,"[0, 1]"
682365,7544458,1544,0,"[0, 1]"
682365,7544458,2712,0,"[0, 1]"
682365,7544458,2209,0,"[0, 1]"
682365,7544458,2054,0,"[0, 1]"
682365,7544458,2338,0,"[0, 1]"
682365,7544458,3124,0,"[0, 1]"
682365,7544458,3076,0,"[0, 1]"
682365,7544458,2966,0,"[0, 1]"
682365,7544458,3435,0,"[0, 1]"
682365,7544458,2251,0,"[0, 1]"
682365,7544458,2241,0,"[0, 1]"
682365,7544458,3331,0,"[0, 1]"
682365,7544458,3192,0,"[0, 1]"
682365,7544458,2843,0,"[0, 1]"
682365,7544458,4064,0,"[0, 1]"
682365,7544458,2443,0,"[0, 1]"
682365,7544458,3816,0,"[0, 1]"
682365,7544458,3356,0,"[0, 1]"
682365,7544458,3007,0,"[0, 1]"
682365,7544458,2603,0,"[0, 1]"
682365,7544458,3146,0,"[0, 1]"
682365,7544458,2786,0,"[0, 1]"
682365,7544458,3540,0,"[0, 1]"
682365,7544458,4389,0,"[0, 1]"
682365,7544458,7682903,1,"[0, 1]"
682365,7544458,7493520,1,"[0, 1]"
682365,7544458,7684748,1,"[0, 1]"
682365,7544458,7550362,1,"[0, 1]"
682365,7544458,7045036,1,"[0, 1]"
682365,7544458,7070643,1,"[0, 1]"
682365,7544458,7401497,1,"[0, 1]"
682365,7544458,7639898,1,"[0, 1]"
682365,7544458,7310715,1,"[0, 1]"
682365,7544458,7405491,1,"[0, 1]"
682365,7544458,4325,0,"[0, 1]"
682365,7544458,2339676,1,"[0, 1]"
682365,7544458,7108747,1,"[0, 1]"
682365,7544458,7566638,1,"[0, 1]"
682365,7544458,7171472,1,"[0, 1]"
682365,7544458,4334,0,"[0, 1]"
682365,7544458,7159235,1,"[0, 1]"
682365,7544458,7146139,1,"[0, 1]"
682365,7544458,7194533,1,"[0, 1]"
682365,7544458,4603,0,"[0, 1]"
682365,7544458,4661,0,"[0, 1]"
682365,7544458,7232021,1,"[0, 1]"
682365,7544458,4488,0,"[0, 1]"
682365,7544458,3595128,1,"[0, 1]"
682365,7544458,7578959,1,"[0, 1]"
682365,7544458,7187638,1,"[0, 1]"
682365,7544458,7540805,1,"[0, 1]"
682365,7544458,7281533,1,"[0, 1]"
682365,7544458,7672535,1,"[0, 1]"
682365,7544458,7215392,1,"[0, 1]"
682365,7544458,7438804,1,"[0, 1]"
682365,7544458,7326596,1,"[0, 1]"
682365,7544458,7619495,1,"[0, 1]"
682365,7544458,7499533,1,"[0, 1]"
682365,7544458,1727593,1,"[0, 1]"
682365,7544458,296158,1,"[0, 1]"
682365,7544458,7480492,1,"[0, 1]"
682365,7544458,6956695,1,"[0, 1]"
682365,7544458,7290503,1,"[0, 1]"
682365,7544458,7606457,1,"[0, 1]"
682365,7544458,7416571,1,"[0, 1]"
682365,7544458,7456369,1,"[0, 1]"
682365,7544458,7176630,1,"[0, 1]"
682365,7544458,7101182,1,"[0, 1]"
682365,7544458,7390629,1,"[0, 1]"
682365,7544458,7637360,1,"[0, 1]"
682365,7544458,7256142,1,"[0, 1]"
682365,7544458,7518538,1,"[0, 1]"
682365,7544458,7348014,1,"[0, 1]"
1095994,7544671,7544671,1,"[1, 0]"
1095994,7544671,4418,0,"[1, 0]"
1095994,7544671,2780,0,"[1, 0]"
1095994,7544671,1389,0,"[1, 0]"
1095994,7544671,694,0,"[1, 0]"
1095994,7544671,346,0,"[1, 0]"
1095994,7544671,172,0,"[1, 0]"
1095994,7544671,85,0,"[1, 0]"
1095994,7544671,42,0,"[1, 0]"
1095994,7544671,20,0,"[1, 0]"
1095994,7544671,9,0,"[1, 0]"
1095994,7544671,4,0,"[1, 0]"
1095994,7544671,1,0,"[1, 0]"
1095994,7544671,0,0,"[1, 0]"
1095994,7544671,2,0,"[0, 1]"
1095994,7544671,1,0,"[0, 1]"
1095994,7544671,6,0,"[0, 1]"
1095994,7544671,4,0,"[0, 1]"
1095994,7544671,5,0,"[0, 1]"
1095994,7544671,3,0,"[0, 1]"
1095994,7544671,8,0,"[0, 1]"
1095994,7544671,13,0,"[0, 1]"
1095994,7544671,7,0,"[0, 1]"
1095994,7544671,12,0,"[0, 1]"
1095994,7544671,14,0,"[0, 1]"
1095994,7544671,10,0,"[0, 1]"
1095994,7544671,28,0,"[0, 1]"
1095994,7544671,23,0,"[0, 1]"
1095994,7544671,20,0,"[0, 1]"
1095994,7544671,27,0,"[0, 1]"
1095994,7544671,25,0,"[0, 1]"
1095994,7544671,18,0,"[0, 1]"
1095994,7544671,26,0,"[0, 1]"
1095994,7544671,16,0,"[0, 1]"
1095994,7544671,50,0,"[0, 1]"
1095994,7544671,51,0,"[0, 1]"
1095994,7544671,49,0,"[0, 1]"
1095994,7544671,41,0,"[0, 1]"
1095994,7544671,54,0,"[0, 1]"
1095994,7544671,31,0,"[0, 1]"
1095994,7544671,47,0,"[0, 1]"
1095994,7544671,48,0,"[0, 1]"
1095994,7544671,57,0,"[0, 1]"
1095994,7544671,59,0,"[0, 1]"
1095994,7544671,109,0,"[0, 1]"
1095994,7544671,116,0,"[0, 1]"
1095994,7544671,115,0,"[0, 1]"
1095994,7544671,124,0,"[0, 1]"
1095994,7544671,73,0,"[0, 1]"
1095994,7544671,111,0,"[0, 1]"
1095994,7544671,114,0,"[0, 1]"
1095994,7544671,113,0,"[0, 1]"
1095994,7544671,86,0,"[0, 1]"
1095994,7544671,110,0,"[0, 1]"
1095994,7544671,117,0,"[0, 1]"
1095994,7544671,89,0,"[0, 1]"
1095994,7544671,252,0,"[0, 1]"
1095994,7544671,216,0,"[0, 1]"
1095994,7544671,196,0,"[0, 1]"
1095994,7544671,170,0,"[0, 1]"
1095994,7544671,127,0,"[0, 1]"
1095994,7544671,168,0,"[0, 1]"
1095994,7544671,187,0,"[0, 1]"
1095994,7544671,228,0,"[0, 1]"
1095994,7544671,237,0,"[0, 1]"
1095994,7544671,245,0,"[0, 1]"
1095994,7544671,192,0,"[0, 1]"
1095994,7544671,205,0,"[0, 1]"
1095994,7544671,197,0,"[0, 1]"
1095994,7544671,139,0,"[0, 1]"
1095994,7544671,284,0,"[0, 1]"
1095994,7544671,307,0,"[0, 1]"
1095994,7544671,343,0,"[0, 1]"
1095994,7544671,465,0,"[0, 1]"
1095994,7544671,278,0,"[0, 1]"
1095994,7544671,452,0,"[0, 1]"
1095994,7544671,386,0,"[0, 1]"
1095994,7544671,466,0,"[0, 1]"
1095994,7544671,270,0,"[0, 1]"
1095994,7544671,451,0,"[0, 1]"
1095994,7544671,478,0,"[0, 1]"
1095994,7544671,317,0,"[0, 1]"
1095994,7544671,461,0,"[0, 1]"
1095994,7544671,392,0,"[0, 1]"
1095994,7544671,407,0,"[0, 1]"
1095994,7544671,454,0,"[0, 1]"
1095994,7544671,1014,0,"[0, 1]"
1095994,7544671,1022,0,"[0, 1]"
1095994,7544671,963,0,"[0, 1]"
1095994,7544671,577,0,"[0, 1]"
1095994,7544671,633,0,"[0, 1]"
1095994,7544671,550,0,"[0, 1]"
1095994,7544671,967,0,"[0, 1]"
1095994,7544671,803,0,"[0, 1]"
1095994,7544671,733,0,"[0, 1]"
1095994,7544671,554,0,"[0, 1]"
1095994,7544671,746,0,"[0, 1]"
1095994,7544671,581,0,"[0, 1]"
1095994,7544671,811,0,"[0, 1]"
1095994,7544671,1002,0,"[0, 1]"
1095994,7544671,849,0,"[0, 1]"
1095994,7544671,817,0,"[0, 1]"
1095994,7544671,646,0,"[0, 1]"
1095994,7544671,517,0,"[0, 1]"
1095994,7544671,1501,0,"[0, 1]"
1095994,7544671,1246,0,"[0, 1]"
1095994,7544671,1239,0,"[0, 1]"
1095994,7544671,1073,0,"[0, 1]"
1095994,7544671,1582,0,"[0, 1]"
1095994,7544671,1979,0,"[0, 1]"
1095994,7544671,1955,0,"[0, 1]"
1095994,7544671,1836,0,"[0, 1]"
1095994,7544671,1817,0,"[0, 1]"
1095994,7544671,1225,0,"[0, 1]"
1095994,7544671,1738,0,"[0, 1]"
1095994,7544671,1630,0,"[0, 1]"
1095994,7544671,1104,0,"[0, 1]"
1095994,7544671,1182,0,"[0, 1]"
1095994,7544671,1412,0,"[0, 1]"
1095994,7544671,1559,0,"[0, 1]"
1095994,7544671,1102,0,"[0, 1]"
1095994,7544671,1710,0,"[0, 1]"
1095994,7544671,1550,0,"[0, 1]"
1095994,7544671,1842,0,"[0, 1]"
1095994,7544671,2968,0,"[0, 1]"
1095994,7544671,3604,0,"[0, 1]"
1095994,7544671,2245,0,"[0, 1]"
1095994,7544671,2381,0,"[0, 1]"
1095994,7544671,3677,0,"[0, 1]"
1095994,7544671,3985,0,"[0, 1]"
1095994,7544671,2063,0,"[0, 1]"
1095994,7544671,3406,0,"[0, 1]"
1095994,7544671,2570,0,"[0, 1]"
1095994,7544671,3478,0,"[0, 1]"
1095994,7544671,3516,0,"[0, 1]"
1095994,7544671,3105,0,"[0, 1]"
1095994,7544671,2818,0,"[0, 1]"
1095994,7544671,2242,0,"[0, 1]"
1095994,7544671,3800,0,"[0, 1]"
1095994,7544671,3528,0,"[0, 1]"
1095994,7544671,3984,0,"[0, 1]"
1095994,7544671,3002,0,"[0, 1]"
1095994,7544671,3332,0,"[0, 1]"
1095994,7544671,3650,0,"[0, 1]"
1095994,7544671,3888,0,"[0, 1]"
1095994,7544671,2101,0,"[0, 1]"
1095994,7544671,4982,0,"[0, 1]"
1095994,7544671,4253,0,"[0, 1]"
1095994,7544671,7268747,1,"[0, 1]"
1095994,7544671,4558,0,"[0, 1]"
1095994,7544671,7079658,1,"[0, 1]"
1095994,7544671,4538,0,"[0, 1]"
1095994,7544671,7659125,1,"[0, 1]"
1095994,7544671,7512908,1,"[0, 1]"
1095994,7544671,4915,0,"[0, 1]"
1095994,7544671,7135949,1,"[0, 1]"
1095994,7544671,7612563,1,"[0, 1]"
1095994,7544671,7530174,1,"[0, 1]"
1095994,7544671,7567576,1,"[0, 1]"
1095994,7544671,7500245,1,"[0, 1]"
1095994,7544671,7461100,1,"[0, 1]"
1095994,7544671,7423398,1,"[0, 1]"
1095994,7544671,7281921,1,"[0, 1]"
1095994,7544671,7575141,1,"[0, 1]"
1095994,7544671,4212045,1,"[0, 1]"
1095994,7544671,7217875,1,"[0, 1]"
1095994,7544671,7187592,1,"[0, 1]"
1095994,7544671,4204,0,"[0, 1]"
1095994,7544671,7252539,1,"[0, 1]"
1095994,7544671,6421434,1,"[0, 1]"
1095994,7544671,7227444,1,"[0, 1]"
1095994,7544671,949186,1,"[0, 1]"
1095994,7544671,7372760,1,"[0, 1]"
1095994,7544671,7490261,1,"[0, 1]"
1095994,7544671,1520189,1,"[0, 1]"
1095994,7544671,7348014,1,"[0, 1]"
1095994,7544671,7410620,1,"[0, 1]"
1095994,7544671,7331582,1,"[0, 1]"
1095994,7544671,7167687,1,"[0, 1]"
1095994,7544671,7355086,1,"[0, 1]"
1095994,7544671,7296524,1,"[0, 1]"
1095994,7544671,7509847,1,"[0, 1]"
1095994,7544671,7571063,1,"[0, 1]"
1095994,7544671,7665472,1,"[0, 1]"
1095994,7544671,7156061,1,"[0, 1]"
1095994,7544671,7076536,1,"[0, 1]"
1095994,7544671,7549977,1,"[0, 1]"
1095994,7544671,7168976,1,"[0, 1]"
1095994,7544671,7575861,1,"[0, 1]"
1095994,7544671,7238811,1,"[0, 1]"
1095994,7544671,7530907,1,"[0, 1]"
1095994,7544671,7484614,1,"[0, 1]"
1095994,7544671,7262345,1,"[0, 1]"
1095994,7544671,7522243,1,"[0, 1]"
1095994,7544671,7666026,1,"[0, 1]"
1095994,7544671,7081141,1,"[0, 1]"
77424,7544712,7544712,1,"[1, 0]"
77424,7544712,4913,0,"[1, 0]"
77424,7544712,3902,0,"[1, 0]"
77424,7544712,1950,0,"[1, 0]"
77424,7544712,974,0,"[1, 0]"
77424,7544712,486,0,"[1, 0]"
77424,7544712,242,0,"[1, 0]"
77424,7544712,120,0,"[1, 0]"
77424,7544712,59,0,"[1, 0]"
77424,7544712,29,0,"[1, 0]"
77424,7544712,14,0,"[1, 0]"
77424,7544712,6,0,"[1, 0]"
77424,7544712,2,0,"[1, 0]"
77424,7544712,0,0,"[1, 0]"
77424,7544712,1,0,"[0, 1]"
77424,7544712,2,0,"[0, 1]"
77424,7544712,4,0,"[0, 1]"
77424,7544712,5,0,"[0, 1]"
77424,7544712,6,0,"[0, 1]"
77424,7544712,3,0,"[0, 1]"
77424,7544712,9,0,"[0, 1]"
77424,7544712,7,0,"[0, 1]"
77424,7544712,13,0,"[0, 1]"
77424,7544712,10,0,"[0, 1]"
77424,7544712,12,0,"[0, 1]"
77424,7544712,11,0,"[0, 1]"
77424,7544712,27,0,"[0, 1]"
77424,7544712,23,0,"[0, 1]"
77424,7544712,19,0,"[0, 1]"
77424,7544712,28,0,"[0, 1]"
77424,7544712,15,0,"[0, 1]"
77424,7544712,20,0,"[0, 1]"
77424,7544712,29,0,"[0, 1]"
77424,7544712,26,0,"[0, 1]"
77424,7544712,61,0,"[0, 1]"
77424,7544712,62,0,"[0, 1]"
77424,7544712,50,0,"[0, 1]"
77424,7544712,31,0,"[0, 1]"
77424,7544712,41,0,"[0, 1]"
77424,7544712,37,0,"[0, 1]"
77424,7544712,47,0,"[0, 1]"
77424,7544712,52,0,"[0, 1]"
77424,7544712,36,0,"[0, 1]"
77424,7544712,45,0,"[0, 1]"
77424,7544712,121,0,"[0, 1]"
77424,7544712,75,0,"[0, 1]"
77424,7544712,78,0,"[0, 1]"
77424,7544712,85,0,"[0, 1]"
77424,7544712,126,0,"[0, 1]"
77424,7544712,90,0,"[0, 1]"
77424,7544712,70,0,"[0, 1]"
77424,7544712,120,0,"[0, 1]"
77424,7544712,116,0,"[0, 1]"
77424,7544712,114,0,"[0, 1]"
77424,7544712,124,0,"[0, 1]"
77424,7544712,101,0,"[0, 1]"
77424,7544712,216,0,"[0, 1]"
77424,7544712,138,0,"[0, 1]"
77424,7544712,197,0,"[0, 1]"
77424,7544712,196,0,"[0, 1]"
77424,7544712,144,0,"[0, 1]"
77424,7544712,235,0,"[0, 1]"
77424,7544712,181,0,"[0, 1]"
77424,7544712,161,0,"[0, 1]"
77424,7544712,167,0,"[0, 1]"
77424,7544712,194,0,"[0, 1]"
77424,7544712,127,0,"[0, 1]"
77424,7544712,249,0,"[0, 1]"
77424,7544712,193,0,"[0, 1]"
77424,7544712,209,0,"[0, 1]"
77424,7544712,255,0,"[0, 1]"
77424,7544712,476,0,"[0, 1]"
77424,7544712,495,0,"[0, 1]"
77424,7544712,327,0,"[0, 1]"
77424,7544712,383,0,"[0, 1]"
77424,7544712,313,0,"[0, 1]"
77424,7544712,361,0,"[0, 1]"
77424,7544712,263,0,"[0, 1]"
77424,7544712,277,0,"[0, 1]"
77424,7544712,457,0,"[0, 1]"
77424,7544712,360,0,"[0, 1]"
77424,7544712,420,0,"[0, 1]"
77424,7544712,359,0,"[0, 1]"
77424,7544712,267,0,"[0, 1]"
77424,7544712,399,0,"[0, 1]"
77424,7544712,376,0,"[0, 1]"
77424,7544712,946,0,"[0, 1]"
77424,7544712,751,0,"[0, 1]"
77424,7544712,754,0,"[0, 1]"
77424,7544712,672,0,"[0, 1]"
77424,7544712,772,0,"[0, 1]"
77424,7544712,536,0,"[0, 1]"
77424,7544712,515,0,"[0, 1]"
77424,7544712,1009,0,"[0, 1]"
77424,7544712,883,0,"[0, 1]"
77424,7544712,951,0,"[0, 1]"
77424,7544712,944,0,"[0, 1]"
77424,7544712,992,0,"[0, 1]"
77424,7544712,750,0,"[0, 1]"
77424,7544712,893,0,"[0, 1]"
77424,7544712,724,0,"[0, 1]"
77424,7544712,807,0,"[0, 1]"
77424,7544712,684,0,"[0, 1]"
77424,7544712,610,0,"[0, 1]"
77424,7544712,1028,0,"[0, 1]"
77424,7544712,1383,0,"[0, 1]"
77424,7544712,1546,0,"[0, 1]"
77424,7544712,1483,0,"[0, 1]"
77424,7544712,1809,0,"[0, 1]"
77424,7544712,1315,0,"[0, 1]"
77424,7544712,2008,0,"[0, 1]"
77424,7544712,1917,0,"[0, 1]"
77424,7544712,1967,0,"[0, 1]"
77424,7544712,1858,0,"[0, 1]"
77424,7544712,1991,0,"[0, 1]"
77424,7544712,1890,0,"[0, 1]"
77424,7544712,1501,0,"[0, 1]"
77424,7544712,1175,0,"[0, 1]"
77424,7544712,1100,0,"[0, 1]"
77424,7544712,1341,0,"[0, 1]"
77424,7544712,2007,0,"[0, 1]"
77424,7544712,1828,0,"[0, 1]"
77424,7544712,1525,0,"[0, 1]"
77424,7544712,1775,0,"[0, 1]"
77424,7544712,3368,0,"[0, 1]"
77424,7544712,3552,0,"[0, 1]"
77424,7544712,3952,0,"[0, 1]"
77424,7544712,3859,0,"[0, 1]"
77424,7544712,3959,0,"[0, 1]"
77424,7544712,3975,0,"[0, 1]"
77424,7544712,2585,0,"[0, 1]"
77424,7544712,3475,0,"[0, 1]"
77424,7544712,2249,0,"[0, 1]"
77424,7544712,2342,0,"[0, 1]"
77424,7544712,2067,0,"[0, 1]"
77424,7544712,3208,0,"[0, 1]"
77424,7544712,2169,0,"[0, 1]"
77424,7544712,2391,0,"[0, 1]"
77424,7544712,3521,0,"[0, 1]"
77424,7544712,2975,0,"[0, 1]"
77424,7544712,3934,0,"[0, 1]"
77424,7544712,2501,0,"[0, 1]"
77424,7544712,2457,0,"[0, 1]"
77424,7544712,2245,0,"[0, 1]"
77424,7544712,4082,0,"[0, 1]"
77424,7544712,2633,0,"[0, 1]"
77424,7544712,7590829,1,"[0, 1]"
77424,7544712,7234626,1,"[0, 1]"
77424,7544712,7270726,1,"[0, 1]"
77424,7544712,4644,0,"[0, 1]"
77424,7544712,4441,0,"[0, 1]"
77424,7544712,7194533,1,"[0, 1]"
77424,7544712,4480,0,"[0, 1]"
77424,7544712,7083057,1,"[0, 1]"
77424,7544712,4607,0,"[0, 1]"
77424,7544712,4551,0,"[0, 1]"
77424,7544712,7368223,1,"[0, 1]"
77424,7544712,7623179,1,"[0, 1]"
77424,7544712,7132843,1,"[0, 1]"
77424,7544712,110805,1,"[0, 1]"
77424,7544712,7180637,1,"[0, 1]"
77424,7544712,7105044,1,"[0, 1]"
77424,7544712,7100726,1,"[0, 1]"
77424,7544712,7154444,1,"[0, 1]"
77424,7544712,7146139,1,"[0, 1]"
77424,7544712,1193200,1,"[0, 1]"
77424,7544712,4828,0,"[0, 1]"
77424,7544712,7120427,1,"[0, 1]"
77424,7544712,7260599,1,"[0, 1]"
77424,7544712,7526095,1,"[0, 1]"
77424,7544712,7590320,1,"[0, 1]"
77424,7544712,7280084,1,"[0, 1]"
77424,7544712,7406317,1,"[0, 1]"
77424,7544712,7566843,1,"[0, 1]"
77424,7544712,7100317,1,"[0, 1]"
77424,7544712,7378993,1,"[0, 1]"
77424,7544712,4794763,1,"[0, 1]"
77424,7544712,7540508,1,"[0, 1]"
77424,7544712,7541560,1,"[0, 1]"
77424,7544712,7182094,1,"[0, 1]"
77424,7544712,5314718,1,"[0, 1]"
77424,7544712,7322502,1,"[0, 1]"
77424,7544712,7678527,1,"[0, 1]"
77424,7544712,7497558,1,"[0, 1]"
77424,7544712,7265906,1,"[0, 1]"
77424,7544712,7148363,1,"[0, 1]"
77424,7544712,7405127,1,"[0, 1]"
77424,7544712,7119816,1,"[0, 1]"
77424,7544712,7446056,1,"[0, 1]"
77424,7544712,7580864,1,"[0, 1]"
77424,7544712,7220016,1,"[0, 1]"
77424,7544712,7583330,1,"[0, 1]"
77424,7544712,7561416,1,"[0, 1]"
77424,7544712,7421094,1,"[0, 1]"
77424,7544712,7344668,1,"[0, 1]"
77424,7544712,7532230,1,"[0, 1]"
714678,7544784,7544784,1,"[1, 0]"
714678,7544784,3475,0,"[1, 0]"
714678,7544784,1737,0,"[1, 0]"
714678,7544784,868,0,"[1, 0]"
714678,7544784,433,0,"[1, 0]"
714678,7544784,216,0,"[1, 0]"
714678,7544784,107,0,"[1, 0]"
714678,7544784,53,0,"[1, 0]"
714678,7544784,26,0,"[1, 0]"
714678,7544784,12,0,"[1, 0]"
714678,7544784,5,0,"[1, 0]"
714678,7544784,2,0,"[1, 0]"
714678,7544784,0,0,"[1, 0]"
714678,7544784,1,0,"[0, 1]"
714678,7544784,2,0,"[0, 1]"
714678,7544784,6,0,"[0, 1]"
714678,7544784,5,0,"[0, 1]"
714678,7544784,3,0,"[0, 1]"
714678,7544784,4,0,"[0, 1]"
714678,7544784,10,0,"[0, 1]"
714678,7544784,13,0,"[0, 1]"
714678,7544784,7,0,"[0, 1]"
714678,7544784,12,0,"[0, 1]"
714678,7544784,9,0,"[0, 1]"
714678,7544784,14,0,"[0, 1]"
714678,7544784,27,0,"[0, 1]"
714678,7544784,15,0,"[0, 1]"
714678,7544784,29,0,"[0, 1]"
714678,7544784,18,0,"[0, 1]"
714678,7544784,22,0,"[0, 1]"
714678,7544784,25,0,"[0, 1]"
714678,7544784,24,0,"[0, 1]"
714678,7544784,26,0,"[0, 1]"
714678,7544784,44,0,"[0, 1]"
714678,7544784,32,0,"[0, 1]"
714678,7544784,43,0,"[0, 1]"
714678,7544784,31,0,"[0, 1]"
714678,7544784,60,0,"[0, 1]"
714678,7544784,45,0,"[0, 1]"
714678,7544784,51,0,"[0, 1]"
714678,7544784,41,0,"[0, 1]"
714678,7544784,50,0,"[0, 1]"
714678,7544784,53,0,"[0, 1]"
714678,7544784,81,0,"[0, 1]"
714678,7544784,126,0,"[0, 1]"
714678,7544784,92,0,"[0, 1]"
714678,7544784,82,0,"[0, 1]"
714678,7544784,87,0,"[0, 1]"
714678,7544784,85,0,"[0, 1]"
714678,7544784,116,0,"[0, 1]"
714678,7544784,110,0,"[0, 1]"
714678,7544784,95,0,"[0, 1]"
714678,7544784,119,0,"[0, 1]"
714678,7544784,125,0,"[0, 1]"
714678,7544784,76,0,"[0, 1]"
714678,7544784,167,0,"[0, 1]"
714678,7544784,207,0,"[0, 1]"
714678,7544784,188,0,"[0, 1]"
714678,7544784,210,0,"[0, 1]"
714678,7544784,232,0,"[0, 1]"
714678,7544784,215,0,"[0, 1]"
714678,7544784,130,0,"[0, 1]"
714678,7544784,197,0,"[0, 1]"
714678,7544784,254,0,"[0, 1]"
714678,7544784,139,0,"[0, 1]"
714678,7544784,234,0,"[0, 1]"
714678,7544784,246,0,"[0, 1]"
714678,7544784,237,0,"[0, 1]"
714678,7544784,162,0,"[0, 1]"
714678,7544784,503,0,"[0, 1]"
714678,7544784,416,0,"[0, 1]"
714678,7544784,451,0,"[0, 1]"
714678,7544784,424,0,"[0, 1]"
714678,7544784,348,0,"[0, 1]"
714678,7544784,324,0,"[0, 1]"
714678,7544784,411,0,"[0, 1]"
714678,7544784,310,0,"[0, 1]"
714678,7544784,371,0,"[0, 1]"
714678,7544784,409,0,"[0, 1]"
714678,7544784,370,0,"[0, 1]"
714678,7544784,456,0,"[0, 1]"
714678,7544784,467,0,"[0, 1]"
714678,7544784,498,0,"[0, 1]"
714678,7544784,311,0,"[0, 1]"
714678,7544784,367,0,"[0, 1]"
714678,7544784,552,0,"[0, 1]"
714678,7544784,847,0,"[0, 1]"
714678,7544784,574,0,"[0, 1]"
714678,7544784,981,0,"[0, 1]"
714678,7544784,1019,0,"[0, 1]"
714678,7544784,938,0,"[0, 1]"
714678,7544784,743,0,"[0, 1]"
714678,7544784,779,0,"[0, 1]"
714678,7544784,523,0,"[0, 1]"
714678,7544784,842,0,"[0, 1]"
714678,7544784,719,0,"[0, 1]"
714678,7544784,945,0,"[0, 1]"
714678,7544784,979,0,"[0, 1]"
714678,7544784,839,0,"[0, 1]"
714678,7544784,986,0,"[0, 1]"
714678,7544784,1013,0,"[0, 1]"
714678,7544784,616,0,"[0, 1]"
714678,7544784,657,0,"[0, 1]"
714678,7544784,1819,0,"[0, 1]"
714678,7544784,1211,0,"[0, 1]"
714678,7544784,1199,0,"[0, 1]"
714678,7544784,1287,0,"[0, 1]"
714678,7544784,1709,0,"[0, 1]"
714678,7544784,1846,0,"[0, 1]"
714678,7544784,1555,0,"[0, 1]"
714678,7544784,1774,0,"[0, 1]"
714678,7544784,1349,0,"[0, 1]"
714678,7544784,2010,0,"[0, 1]"
714678,7544784,1727,0,"[0, 1]"
714678,7544784,1097,0,"[0, 1]"
714678,7544784,1551,0,"[0, 1]"
714678,7544784,1659,0,"[0, 1]"
714678,7544784,1035,0,"[0, 1]"
714678,7544784,1995,0,"[0, 1]"
714678,7544784,1740,0,"[0, 1]"
714678,7544784,1452,0,"[0, 1]"
714678,7544784,1234,0,"[0, 1]"
714678,7544784,1268,0,"[0, 1]"
714678,7544784,3795,0,"[0, 1]"
714678,7544784,2800,0,"[0, 1]"
714678,7544784,3840,0,"[0, 1]"
714678,7544784,3253,0,"[0, 1]"
714678,7544784,2568,0,"[0, 1]"
714678,7544784,3152,0,"[0, 1]"
714678,7544784,2200,0,"[0, 1]"
714678,7544784,3950,0,"[0, 1]"
714678,7544784,3830,0,"[0, 1]"
714678,7544784,2307,0,"[0, 1]"
714678,7544784,3134,0,"[0, 1]"
714678,7544784,2272,0,"[0, 1]"
714678,7544784,3517,0,"[0, 1]"
714678,7544784,3979,0,"[0, 1]"
714678,7544784,2438,0,"[0, 1]"
714678,7544784,2219,0,"[0, 1]"
714678,7544784,3485,0,"[0, 1]"
714678,7544784,3656,0,"[0, 1]"
714678,7544784,3963,0,"[0, 1]"
714678,7544784,2792,0,"[0, 1]"
714678,7544784,3479,0,"[0, 1]"
714678,7544784,3688,0,"[0, 1]"
714678,7544784,7078991,1,"[0, 1]"
714678,7544784,7145657,1,"[0, 1]"
714678,7544784,20498,1,"[0, 1]"
714678,7544784,7076058,1,"[0, 1]"
714678,7544784,7320544,1,"[0, 1]"
714678,7544784,7324973,1,"[0, 1]"
714678,7544784,4839,0,"[0, 1]"
714678,7544784,7535614,1,"[0, 1]"
714678,7544784,7094591,1,"[0, 1]"
714678,7544784,7240379,1,"[0, 1]"
714678,7544784,7155564,1,"[0, 1]"
714678,7544784,7319322,1,"[0, 1]"
714678,7544784,7276633,1,"[0, 1]"
714678,7544784,7553263,1,"[0, 1]"
714678,7544784,7286487,1,"[0, 1]"
714678,7544784,4207,0,"[0, 1]"
714678,7544784,7098181,1,"[0, 1]"
714678,7544784,7319931,1,"[0, 1]"
714678,7544784,4337,0,"[0, 1]"
714678,7544784,7484895,1,"[0, 1]"
714678,7544784,7623736,1,"[0, 1]"
714678,7544784,7330427,1,"[0, 1]"
714678,7544784,7317603,1,"[0, 1]"
714678,7544784,7543289,1,"[0, 1]"
399970,7544870,7544870,1,"[1, 0]"
399970,7544870,4680,0,"[1, 0]"
399970,7544870,3374,0,"[1, 0]"
399970,7544870,1686,0,"[1, 0]"
399970,7544870,842,0,"[1, 0]"
399970,7544870,420,0,"[1, 0]"
399970,7544870,209,0,"[1, 0]"
399970,7544870,104,0,"[1, 0]"
399970,7544870,51,0,"[1, 0]"
399970,7544870,25,0,"[1, 0]"
399970,7544870,12,0,"[1, 0]"
399970,7544870,5,0,"[1, 0]"
399970,7544870,2,0,"[1, 0]"
399970,7544870,0,0,"[1, 0]"
399970,7544870,1,0,"[0, 1]"
399970,7544870,2,0,"[0, 1]"
399970,7544870,4,0,"[0, 1]"
399970,7544870,6,0,"[0, 1]"
399970,7544870,3,0,"[0, 1]"
399970,7544870,5,0,"[0, 1]"
399970,7544870,8,0,"[0, 1]"
399970,7544870,11,0,"[0, 1]"
399970,7544870,13,0,"[0, 1]"
399970,7544870,12,0,"[0, 1]"
399970,7544870,7,0,"[0, 1]"
399970,7544870,9,0,"[0, 1]"
399970,7544870,16,0,"[0, 1]"
399970,7544870,15,0,"[0, 1]"
399970,7544870,24,0,"[0, 1]"
399970,7544870,28,0,"[0, 1]"
399970,7544870,19,0,"[0, 1]"
399970,7544870,27,0,"[0, 1]"
399970,7544870,18,0,"[0, 1]"
399970,7544870,23,0,"[0, 1]"
399970,7544870,55,0,"[0, 1]"
399970,7544870,36,0,"[0, 1]"
399970,7544870,32,0,"[0, 1]"
399970,7544870,48,0,"[0, 1]"
399970,7544870,34,0,"[0, 1]"
399970,7544870,59,0,"[0, 1]"
399970,7544870,35,0,"[0, 1]"
399970,7544870,56,0,"[0, 1]"
399970,7544870,62,0,"[0, 1]"
399970,7544870,41,0,"[0, 1]"
399970,7544870,71,0,"[0, 1]"
399970,7544870,106,0,"[0, 1]"
399970,7544870,98,0,"[0, 1]"
399970,7544870,102,0,"[0, 1]"
399970,7544870,68,0,"[0, 1]"
399970,7544870,121,0,"[0, 1]"
399970,7544870,103,0,"[0, 1]"
399970,7544870,96,0,"[0, 1]"
399970,7544870,107,0,"[0, 1]"
399970,7544870,87,0,"[0, 1]"
399970,7544870,66,0,"[0, 1]"
399970,7544870,70,0,"[0, 1]"
399970,7544870,223,0,"[0, 1]"
399970,7544870,239,0,"[0, 1]"
399970,7544870,191,0,"[0, 1]"
399970,7544870,238,0,"[0, 1]"
399970,7544870,187,0,"[0, 1]"
399970,7544870,210,0,"[0, 1]"
399970,7544870,185,0,"[0, 1]"
399970,7544870,128,0,"[0, 1]"
399970,7544870,229,0,"[0, 1]"
399970,7544870,231,0,"[0, 1]"
399970,7544870,240,0,"[0, 1]"
399970,7544870,154,0,"[0, 1]"
399970,7544870,143,0,"[0, 1]"
399970,7544870,213,0,"[0, 1]"
399970,7544870,359,0,"[0, 1]"
399970,7544870,443,0,"[0, 1]"
399970,7544870,502,0,"[0, 1]"
399970,7544870,457,0,"[0, 1]"
399970,7544870,327,0,"[0, 1]"
399970,7544870,384,0,"[0, 1]"
399970,7544870,365,0,"[0, 1]"
399970,7544870,375,0,"[0, 1]"
399970,7544870,277,0,"[0, 1]"
399970,7544870,361,0,"[0, 1]"
399970,7544870,442,0,"[0, 1]"
399970,7544870,342,0,"[0, 1]"
399970,7544870,461,0,"[0, 1]"
399970,7544870,433,0,"[0, 1]"
399970,7544870,394,0,"[0, 1]"
399970,7544870,282,0,"[0, 1]"
399970,7544870,919,0,"[0, 1]"
399970,7544870,833,0,"[0, 1]"
399970,7544870,737,0,"[0, 1]"
399970,7544870,779,0,"[0, 1]"
399970,7544870,839,0,"[0, 1]"
399970,7544870,631,0,"[0, 1]"
399970,7544870,981,0,"[0, 1]"
399970,7544870,885,0,"[0, 1]"
399970,7544870,617,0,"[0, 1]"
399970,7544870,728,0,"[0, 1]"
399970,7544870,858,0,"[0, 1]"
399970,7544870,785,0,"[0, 1]"
399970,7544870,682,0,"[0, 1]"
399970,7544870,912,0,"[0, 1]"
399970,7544870,823,0,"[0, 1]"
399970,7544870,714,0,"[0, 1]"
399970,7544870,578,0,"[0, 1]"
399970,7544870,978,0,"[0, 1]"
399970,7544870,1126,0,"[0, 1]"
399970,7544870,1887,0,"[0, 1]"
399970,7544870,1774,0,"[0, 1]"
399970,7544870,1100,0,"[0, 1]"
399970,7544870,1920,0,"[0, 1]"
399970,7544870,1806,0,"[0, 1]"
399970,7544870,1647,0,"[0, 1]"
399970,7544870,1230,0,"[0, 1]"
399970,7544870,2035,0,"[0, 1]"
399970,7544870,1609,0,"[0, 1]"
399970,7544870,1175,0,"[0, 1]"
399970,7544870,1528,0,"[0, 1]"
399970,7544870,1087,0,"[0, 1]"
399970,7544870,1405,0,"[0, 1]"
399970,7544870,2034,0,"[0, 1]"
399970,7544870,1615,0,"[0, 1]"
399970,7544870,1315,0,"[0, 1]"
399970,7544870,1033,0,"[0, 1]"
399970,7544870,1363,0,"[0, 1]"
399970,7544870,1065,0,"[0, 1]"
399970,7544870,3820,0,"[0, 1]"
399970,7544870,2265,0,"[0, 1]"
399970,7544870,3674,0,"[0, 1]"
399970,7544870,3138,0,"[0, 1]"
399970,7544870,2257,0,"[0, 1]"
399970,7544870,2053,0,"[0, 1]"
399970,7544870,2287,0,"[0, 1]"
399970,7544870,3681,0,"[0, 1]"
399970,7544870,2554,0,"[0, 1]"
399970,7544870,3199,0,"[0, 1]"
399970,7544870,2613,0,"[0, 1]"
399970,7544870,2879,0,"[0, 1]"
399970,7544870,2089,0,"[0, 1]"
399970,7544870,3454,0,"[0, 1]"
399970,7544870,2711,0,"[0, 1]"
399970,7544870,2399,0,"[0, 1]"
399970,7544870,2150,0,"[0, 1]"
399970,7544870,2079,0,"[0, 1]"
399970,7544870,4003,0,"[0, 1]"
399970,7544870,4041,0,"[0, 1]"
399970,7544870,3224,0,"[0, 1]"
399970,7544870,2147,0,"[0, 1]"
399970,7544870,7676222,1,"[0, 1]"
399970,7544870,7286890,1,"[0, 1]"
399970,7544870,4669,0,"[0, 1]"
399970,7544870,7166120,1,"[0, 1]"
399970,7544870,7511450,1,"[0, 1]"
399970,7544870,7453523,1,"[0, 1]"
399970,7544870,7430665,1,"[0, 1]"
399970,7544870,7652351,1,"[0, 1]"
399970,7544870,7421115,1,"[0, 1]"
399970,7544870,4180,0,"[0, 1]"
399970,7544870,4917,0,"[0, 1]"
399970,7544870,4331,0,"[0, 1]"
399970,7544870,7478869,1,"[0, 1]"
399970,7544870,7682902,1,"[0, 1]"
399970,7544870,7606438,1,"[0, 1]"
399970,7544870,4671,0,"[0, 1]"
399970,7544870,7227323,1,"[0, 1]"
399970,7544870,7654334,1,"[0, 1]"
399970,7544870,7083093,1,"[0, 1]"
399970,7544870,551283,1,"[0, 1]"
399970,7544870,7541807,1,"[0, 1]"
399970,7544870,7222518,1,"[0, 1]"
399970,7544870,7549372,1,"[0, 1]"
399970,7544870,7671438,1,"[0, 1]"
399970,7544870,7395566,1,"[0, 1]"
399970,7544870,6166672,1,"[0, 1]"
399970,7544870,7470598,1,"[0, 1]"
399970,7544870,7296524,1,"[0, 1]"
399970,7544870,7632562,1,"[0, 1]"
399970,7544870,7133887,1,"[0, 1]"
399970,7544870,7636872,1,"[0, 1]"
399970,7544870,6227469,1,"[0, 1]"
399970,7544870,7303270,1,"[0, 1]"
399970,7544870,7499533,1,"[0, 1]"
399970,7544870,2548558,1,"[0, 1]"
399970,7544870,7681853,1,"[0, 1]"
399970,7544870,7137904,1,"[0, 1]"
399970,7544870,7318114,1,"[0, 1]"
399970,7544870,7491456,1,"[0, 1]"
399970,7544870,7326515,1,"[0, 1]"
399970,7544870,7270553,1,"[0, 1]"
399970,7544870,7266164,1,"[0, 1]"
399970,7544870,7397316,1,"[0, 1]"
399970,7544870,7422420,1,"[0, 1]"
399970,7544870,7305780,1,"[0, 1]"
399970,7544870,7599091,1,"[0, 1]"
399970,7544870,7078842,1,"[0, 1]"
399970,7544870,7336477,1,"[0, 1]"
399970,7544870,7437842,1,"[0, 1]"
399970,7544870,7270352,1,"[0, 1]"
221664,4369406,4369406,1,"[1, 0]"
221664,4369406,2993,0,"[1, 0]"
221664,4369406,1496,0,"[1, 0]"
221664,4369406,747,0,"[1, 0]"
221664,4369406,373,0,"[1, 0]"
221664,4369406,186,0,"[1, 0]"
221664,4369406,92,0,"[1, 0]"
221664,4369406,45,0,"[1, 0]"
221664,4369406,22,0,"[1, 0]"
221664,4369406,10,0,"[1, 0]"
221664,4369406,4,0,"[1, 0]"
221664,4369406,1,0,"[1, 0]"
221664,4369406,0,0,"[1, 0]"
221664,4369406,2,0,"[0, 1]"
221664,4369406,1,0,"[0, 1]"
221664,4369406,5,0,"[0, 1]"
221664,4369406,6,0,"[0, 1]"
221664,4369406,3,0,"[0, 1]"
221664,4369406,4,0,"[0, 1]"
221664,4369406,8,0,"[0, 1]"
221664,4369406,13,0,"[0, 1]"
221664,4369406,9,0,"[0, 1]"
221664,4369406,12,0,"[0, 1]"
221664,4369406,11,0,"[0, 1]"
221664,4369406,7,0,"[0, 1]"
221664,4369406,19,0,"[0, 1]"
221664,4369406,15,0,"[0, 1]"
221664,4369406,18,0,"[0, 1]"
221664,4369406,26,0,"[0, 1]"
221664,4369406,28,0,"[0, 1]"
221664,4369406,30,0,"[0, 1]"
221664,4369406,27,0,"[0, 1]"
221664,4369406,25,0,"[0, 1]"
221664,4369406,35,0,"[0, 1]"
221664,4369406,40,0,"[0, 1]"
221664,4369406,32,0,"[0, 1]"
221664,4369406,33,0,"[0, 1]"
221664,4369406,52,0,"[0, 1]"
221664,4369406,31,0,"[0, 1]"
221664,4369406,37,0,"[0, 1]"
221664,4369406,46,0,"[0, 1]"
221664,4369406,53,0,"[0, 1]"
221664,4369406,44,0,"[0, 1]"
221664,4369406,68,0,"[0, 1]"
221664,4369406,103,0,"[0, 1]"
221664,4369406,87,0,"[0, 1]"
221664,4369406,106,0,"[0, 1]"
221664,4369406,125,0,"[0, 1]"
221664,4369406,81,0,"[0, 1]"
221664,4369406,124,0,"[0, 1]"
221664,4369406,114,0,"[0, 1]"
221664,4369406,112,0,"[0, 1]"
221664,4369406,109,0,"[0, 1]"
221664,4369406,123,0,"[0, 1]"
221664,4369406,63,0,"[0, 1]"
221664,4369406,149,0,"[0, 1]"
221664,4369406,165,0,"[0, 1]"
221664,4369406,246,0,"[0, 1]"
221664,4369406,150,0,"[0, 1]"
221664,4369406,207,0,"[0, 1]"
221664,4369406,135,0,"[0, 1]"
221664,4369406,167,0,"[0, 1]"
221664,4369406,205,0,"[0, 1]"
221664,4369406,184,0,"[0, 1]"
221664,4369406,248,0,"[0, 1]"
221664,4369406,185,0,"[0, 1]"
221664,4369406,153,0,"[0, 1]"
221664,4369406,170,0,"[0, 1]"
221664,4369406,127,0,"[0, 1]"
221664,4369406,296,0,"[0, 1]"
221664,4369406,260,0,"[0, 1]"
221664,4369406,394,0,"[0, 1]"
221664,4369406,307,0,"[0, 1]"
221664,4369406,323,0,"[0, 1]"
221664,4369406,366,0,"[0, 1]"
221664,4369406,290,0,"[0, 1]"
221664,4369406,408,0,"[0, 1]"
221664,4369406,474,0,"[0, 1]"
221664,4369406,412,0,"[0, 1]"
221664,4369406,430,0,"[0, 1]"
221664,4369406,438,0,"[0, 1]"
221664,4369406,451,0,"[0, 1]"
221664,4369406,348,0,"[0, 1]"
221664,4369406,464,0,"[0, 1]"
221664,4369406,328,0,"[0, 1]"
221664,4369406,636,0,"[0, 1]"
221664,4369406,856,0,"[0, 1]"
221664,4369406,601,0,"[0, 1]"
221664,4369406,595,0,"[0, 1]"
221664,4369406,557,0,"[0, 1]"
221664,4369406,998,0,"[0, 1]"
221664,4369406,799,0,"[0, 1]"
221664,4369406,847,0,"[0, 1]"
221664,4369406,874,0,"[0, 1]"
221664,4369406,925,0,"[0, 1]"
221664,4369406,543,0,"[0, 1]"
221664,4369406,587,0,"[0, 1]"
221664,4369406,1003,0,"[0, 1]"
221664,4369406,682,0,"[0, 1]"
221664,4369406,923,0,"[0, 1]"
221664,4369406,1014,0,"[0, 1]"
221664,4369406,555,0,"[0, 1]"
221664,4369406,621,0,"[0, 1]"
221664,4369406,2034,0,"[0, 1]"
221664,4369406,1856,0,"[0, 1]"
221664,4369406,1215,0,"[0, 1]"
221664,4369406,1763,0,"[0, 1]"
221664,4369406,1100,0,"[0, 1]"
221664,4369406,1743,0,"[0, 1]"
221664,4369406,1127,0,"[0, 1]"
221664,4369406,1876,0,"[0, 1]"
221664,4369406,1830,0,"[0, 1]"
221664,4369406,1848,0,"[0, 1]"
221664,4369406,1408,0,"[0, 1]"
221664,4369406,1210,0,"[0, 1]"
221664,4369406,1232,0,"[0, 1]"
221664,4369406,1598,0,"[0, 1]"
221664,4369406,1175,0,"[0, 1]"
221664,4369406,1099,0,"[0, 1]"
221664,4369406,1705,0,"[0, 1]"
221664,4369406,1031,0,"[0, 1]"
221664,4369406,1267,0,"[0, 1]"
221664,4369406,1622,0,"[0, 1]"
221664,4369406,2244,0,"[0, 1]"
221664,4369406,3677,0,"[0, 1]"
221664,4369406,3727,0,"[0, 1]"
221664,4369406,2873,0,"[0, 1]"
221664,4369406,3484,0,"[0, 1]"
221664,4369406,3874,0,"[0, 1]"
221664,4369406,4073,0,"[0, 1]"
221664,4369406,3208,0,"[0, 1]"
221664,4369406,3135,0,"[0, 1]"
221664,4369406,2931,0,"[0, 1]"
221664,4369406,3205,0,"[0, 1]"
221664,4369406,2465,0,"[0, 1]"
221664,4369406,3697,0,"[0, 1]"
221664,4369406,2653,0,"[0, 1]"
221664,4369406,2981,0,"[0, 1]"
221664,4369406,2122,0,"[0, 1]"
221664,4369406,2107,0,"[0, 1]"
221664,4369406,2311,0,"[0, 1]"
221664,4369406,3448,0,"[0, 1]"
221664,4369406,2741,0,"[0, 1]"
221664,4369406,2368,0,"[0, 1]"
221664,4369406,3008,0,"[0, 1]"
221664,4369406,7124633,1,"[0, 1]"
221664,4369406,7581740,1,"[0, 1]"
221664,4369406,7330431,1,"[0, 1]"
221664,4369406,7349555,1,"[0, 1]"
221664,4369406,4600,0,"[0, 1]"
221664,4369406,4598,0,"[0, 1]"
221664,4369406,7163703,1,"[0, 1]"
221664,4369406,2642160,1,"[0, 1]"
221664,4369406,7169477,1,"[0, 1]"
221664,4369406,7508004,1,"[0, 1]"
221664,4369406,7481663,1,"[0, 1]"
221664,4369406,7268476,1,"[0, 1]"
221664,4369406,7104678,1,"[0, 1]"
221664,4369406,7104007,1,"[0, 1]"
221664,4369406,7215418,1,"[0, 1]"
221664,4369406,7646257,1,"[0, 1]"
221664,4369406,7297024,1,"[0, 1]"
221664,4369406,4132,0,"[0, 1]"
221664,4369406,7256703,1,"[0, 1]"
221664,4369406,448393,1,"[0, 1]"
221664,4369406,4832,0,"[0, 1]"
221664,4369406,7644294,1,"[0, 1]"
221664,4369406,716033,1,"[0, 1]"
221664,4369406,4771,0,"[0, 1]"
570023,7544969,7544969,1,"[1, 0]"
570023,7544969,3312,0,"[1, 0]"
570023,7544969,1655,0,"[1, 0]"
570023,7544969,827,0,"[1, 0]"
570023,7544969,413,0,"[1, 0]"
570023,7544969,206,0,"[1, 0]"
570023,7544969,102,0,"[1, 0]"
570023,7544969,50,0,"[1, 0]"
570023,7544969,24,0,"[1, 0]"
570023,7544969,11,0,"[1, 0]"
570023,7544969,5,0,"[1, 0]"
570023,7544969,2,0,"[1, 0]"
570023,7544969,0,0,"[1, 0]"
570023,7544969,1,0,"[0, 1]"
570023,7544969,2,0,"[0, 1]"
570023,7544969,5,0,"[0, 1]"
570023,7544969,3,0,"[0, 1]"
570023,7544969,6,0,"[0, 1]"
570023,7544969,4,0,"[0, 1]"
570023,7544969,14,0,"[0, 1]"
570023,7544969,12,0,"[0, 1]"
570023,7544969,13,0,"[0, 1]"
570023,7544969,9,0,"[0, 1]"
570023,7544969,8,0,"[0, 1]"
570023,7544969,11,0,"[0, 1]"
570023,7544969,15,0,"[0, 1]"
570023,7544969,27,0,"[0, 1]"
570023,7544969,16,0,"[0, 1]"
570023,7544969,29,0,"[0, 1]"
570023,7544969,26,0,"[0, 1]"
570023,7544969,23,0,"[0, 1]"
570023,7544969,17,0,"[0, 1]"
570023,7544969,22,0,"[0, 1]"
570023,7544969,48,0,"[0, 1]"
570023,7544969,40,0,"[0, 1]"
570023,7544969,47,0,"[0, 1]"
570023,7544969,59,0,"[0, 1]"
570023,7544969,36,0,"[0, 1]"
570023,7544969,41,0,"[0, 1]"
570023,7544969,53,0,"[0, 1]"
570023,7544969,45,0,"[0, 1]"
570023,7544969,38,0,"[0, 1]"
570023,7544969,56,0,"[0, 1]"
570023,7544969,126,0,"[0, 1]"
570023,7544969,96,0,"[0, 1]"
570023,7544969,100,0,"[0, 1]"
570023,7544969,125,0,"[0, 1]"
570023,7544969,85,0,"[0, 1]"
570023,7544969,114,0,"[0, 1]"
570023,7544969,93,0,"[0, 1]"
570023,7544969,95,0,"[0, 1]"
570023,7544969,124,0,"[0, 1]"
570023,7544969,105,0,"[0, 1]"
570023,7544969,92,0,"[0, 1]"
570023,7544969,64,0,"[0, 1]"
570023,7544969,177,0,"[0, 1]"
570023,7544969,215,0,"[0, 1]"
570023,7544969,146,0,"[0, 1]"
570023,7544969,179,0,"[0, 1]"
570023,7544969,199,0,"[0, 1]"
570023,7544969,218,0,"[0, 1]"
570023,7544969,217,0,"[0, 1]"
570023,7544969,195,0,"[0, 1]"
570023,7544969,170,0,"[0, 1]"
570023,7544969,196,0,"[0, 1]"
570023,7544969,202,0,"[0, 1]"
570023,7544969,203,0,"[0, 1]"
570023,7544969,251,0,"[0, 1]"
570023,7544969,184,0,"[0, 1]"
570023,7544969,506,0,"[0, 1]"
570023,7544969,437,0,"[0, 1]"
570023,7544969,430,0,"[0, 1]"
570023,7544969,285,0,"[0, 1]"
570023,7544969,268,0,"[0, 1]"
570023,7544969,428,0,"[0, 1]"
570023,7544969,489,0,"[0, 1]"
570023,7544969,298,0,"[0, 1]"
570023,7544969,462,0,"[0, 1]"
570023,7544969,289,0,"[0, 1]"
570023,7544969,423,0,"[0, 1]"
570023,7544969,373,0,"[0, 1]"
570023,7544969,425,0,"[0, 1]"
570023,7544969,410,0,"[0, 1]"
570023,7544969,435,0,"[0, 1]"
570023,7544969,476,0,"[0, 1]"
570023,7544969,995,0,"[0, 1]"
570023,7544969,861,0,"[0, 1]"
570023,7544969,800,0,"[0, 1]"
570023,7544969,544,0,"[0, 1]"
570023,7544969,785,0,"[0, 1]"
570023,7544969,532,0,"[0, 1]"
570023,7544969,706,0,"[0, 1]"
570023,7544969,657,0,"[0, 1]"
570023,7544969,985,0,"[0, 1]"
570023,7544969,887,0,"[0, 1]"
570023,7544969,754,0,"[0, 1]"
570023,7544969,764,0,"[0, 1]"
570023,7544969,961,0,"[0, 1]"
570023,7544969,575,0,"[0, 1]"
570023,7544969,799,0,"[0, 1]"
570023,7544969,888,0,"[0, 1]"
570023,7544969,984,0,"[0, 1]"
570023,7544969,820,0,"[0, 1]"
570023,7544969,1079,0,"[0, 1]"
570023,7544969,1141,0,"[0, 1]"
570023,7544969,1774,0,"[0, 1]"
570023,7544969,1282,0,"[0, 1]"
570023,7544969,1658,0,"[0, 1]"
570023,7544969,1654,0,"[0, 1]"
570023,7544969,1922,0,"[0, 1]"
570023,7544969,1369,0,"[0, 1]"
570023,7544969,1503,0,"[0, 1]"
570023,7544969,1901,0,"[0, 1]"
570023,7544969,1569,0,"[0, 1]"
570023,7544969,1897,0,"[0, 1]"
570023,7544969,1540,0,"[0, 1]"
570023,7544969,1671,0,"[0, 1]"
570023,7544969,1558,0,"[0, 1]"
570023,7544969,1374,0,"[0, 1]"
570023,7544969,1169,0,"[0, 1]"
570023,7544969,1140,0,"[0, 1]"
570023,7544969,1645,0,"[0, 1]"
570023,7544969,1739,0,"[0, 1]"
570023,7544969,3790,0,"[0, 1]"
570023,7544969,3696,0,"[0, 1]"
570023,7544969,3791,0,"[0, 1]"
570023,7544969,2600,0,"[0, 1]"
570023,7544969,3745,0,"[0, 1]"
570023,7544969,3350,0,"[0, 1]"
570023,7544969,3821,0,"[0, 1]"
570023,7544969,2295,0,"[0, 1]"
570023,7544969,3644,0,"[0, 1]"
570023,7544969,2162,0,"[0, 1]"
570023,7544969,2631,0,"[0, 1]"
570023,7544969,2750,0,"[0, 1]"
570023,7544969,2603,0,"[0, 1]"
570023,7544969,3434,0,"[0, 1]"
570023,7544969,2568,0,"[0, 1]"
570023,7544969,2227,0,"[0, 1]"
570023,7544969,3366,0,"[0, 1]"
570023,7544969,3564,0,"[0, 1]"
570023,7544969,2709,0,"[0, 1]"
570023,7544969,3204,0,"[0, 1]"
570023,7544969,3507,0,"[0, 1]"
570023,7544969,2871,0,"[0, 1]"
570023,7544969,262205,1,"[0, 1]"
570023,7544969,7647944,1,"[0, 1]"
570023,7544969,7570414,1,"[0, 1]"
570023,7544969,7524975,1,"[0, 1]"
570023,7544969,7553529,1,"[0, 1]"
570023,7544969,4806,0,"[0, 1]"
570023,7544969,670741,1,"[0, 1]"
570023,7544969,4680,0,"[0, 1]"
570023,7544969,7142526,1,"[0, 1]"
570023,7544969,7093515,1,"[0, 1]"
570023,7544969,4240,0,"[0, 1]"
570023,7544969,7221317,1,"[0, 1]"
570023,7544969,7092963,1,"[0, 1]"
570023,7544969,4288,0,"[0, 1]"
570023,7544969,4577,0,"[0, 1]"
570023,7544969,4225045,1,"[0, 1]"
570023,7544969,7221252,1,"[0, 1]"
570023,7544969,1990785,1,"[0, 1]"
570023,7544969,7587115,1,"[0, 1]"
570023,7544969,7078525,1,"[0, 1]"
570023,7544969,7446792,1,"[0, 1]"
570023,7544969,7564301,1,"[0, 1]"
570023,7544969,7313297,1,"[0, 1]"
570023,7544969,7245148,1,"[0, 1]"
93234,7545140,7545140,1,"[1, 0]"
93234,7545140,4408,0,"[1, 0]"
93234,7545140,2758,0,"[1, 0]"
93234,7545140,1378,0,"[1, 0]"
93234,7545140,688,0,"[1, 0]"
93234,7545140,343,0,"[1, 0]"
93234,7545140,171,0,"[1, 0]"
93234,7545140,85,0,"[1, 0]"
93234,7545140,42,0,"[1, 0]"
93234,7545140,20,0,"[1, 0]"
93234,7545140,9,0,"[1, 0]"
93234,7545140,4,0,"[1, 0]"
93234,7545140,1,0,"[1, 0]"
93234,7545140,0,0,"[1, 0]"
93234,7545140,1,0,"[0, 1]"
93234,7545140,2,0,"[0, 1]"
93234,7545140,3,0,"[0, 1]"
93234,7545140,6,0,"[0, 1]"
93234,7545140,5,0,"[0, 1]"
93234,7545140,4,0,"[0, 1]"
93234,7545140,14,0,"[0, 1]"
93234,7545140,12,0,"[0, 1]"
93234,7545140,11,0,"[0, 1]"
93234,7545140,8,0,"[0, 1]"
93234,7545140,10,0,"[0, 1]"
93234,7545140,9,0,"[0, 1]"
93234,7545140,19,0,"[0, 1]"
93234,7545140,25,0,"[0, 1]"
93234,7545140,23,0,"[0, 1]"
93234,7545140,17,0,"[0, 1]"
93234,7545140,18,0,"[0, 1]"
93234,7545140,22,0,"[0, 1]"
93234,7545140,26,0,"[0, 1]"
93234,7545140,28,0,"[0, 1]"
93234,7545140,57,0,"[0, 1]"
93234,7545140,56,0,"[0, 1]"
93234,7545140,43,0,"[0, 1]"
93234,7545140,31,0,"[0, 1]"
93234,7545140,44,0,"[0, 1]"
93234,7545140,46,0,"[0, 1]"
93234,7545140,33,0,"[0, 1]"
93234,7545140,39,0,"[0, 1]"
93234,7545140,55,0,"[0, 1]"
93234,7545140,35,0,"[0, 1]"
93234,7545140,92,0,"[0, 1]"
93234,7545140,121,0,"[0, 1]"
93234,7545140,99,0,"[0, 1]"
93234,7545140,102,0,"[0, 1]"
93234,7545140,105,0,"[0, 1]"
93234,7545140,120,0,"[0, 1]"
93234,7545140,124,0,"[0, 1]"
93234,7545140,116,0,"[0, 1]"
93234,7545140,80,0,"[0, 1]"
93234,7545140,115,0,"[0, 1]"
93234,7545140,125,0,"[0, 1]"
93234,7545140,78,0,"[0, 1]"
93234,7545140,167,0,"[0, 1]"
93234,7545140,148,0,"[0, 1]"
93234,7545140,209,0,"[0, 1]"
93234,7545140,239,0,"[0, 1]"
93234,7545140,224,0,"[0, 1]"
93234,7545140,166,0,"[0, 1]"
93234,7545140,155,0,"[0, 1]"
93234,7545140,161,0,"[0, 1]"
93234,7545140,242,0,"[0, 1]"
93234,7545140,200,0,"[0, 1]"
93234,7545140,127,0,"[0, 1]"
93234,7545140,145,0,"[0, 1]"
93234,7545140,131,0,"[0, 1]"
93234,7545140,184,0,"[0, 1]"
93234,7545140,358,0,"[0, 1]"
93234,7545140,395,0,"[0, 1]"
93234,7545140,319,0,"[0, 1]"
93234,7545140,428,0,"[0, 1]"
93234,7545140,397,0,"[0, 1]"
93234,7545140,357,0,"[0, 1]"
93234,7545140,363,0,"[0, 1]"
93234,7545140,271,0,"[0, 1]"
93234,7545140,278,0,"[0, 1]"
93234,7545140,374,0,"[0, 1]"
93234,7545140,452,0,"[0, 1]"
93234,7545140,476,0,"[0, 1]"
93234,7545140,422,0,"[0, 1]"
93234,7545140,478,0,"[0, 1]"
93234,7545140,416,0,"[0, 1]"
93234,7545140,427,0,"[0, 1]"
93234,7545140,527,0,"[0, 1]"
93234,7545140,851,0,"[0, 1]"
93234,7545140,833,0,"[0, 1]"
93234,7545140,922,0,"[0, 1]"
93234,7545140,765,0,"[0, 1]"
93234,7545140,978,0,"[0, 1]"
93234,7545140,880,0,"[0, 1]"
93234,7545140,566,0,"[0, 1]"
93234,7545140,696,0,"[0, 1]"
93234,7545140,636,0,"[0, 1]"
93234,7545140,763,0,"[0, 1]"
93234,7545140,719,0,"[0, 1]"
93234,7545140,990,0,"[0, 1]"
93234,7545140,728,0,"[0, 1]"
93234,7545140,784,0,"[0, 1]"
93234,7545140,633,0,"[0, 1]"
93234,7545140,689,0,"[0, 1]"
93234,7545140,601,0,"[0, 1]"
93234,7545140,1911,0,"[0, 1]"
93234,7545140,1052,0,"[0, 1]"
93234,7545140,1026,0,"[0, 1]"
93234,7545140,1947,0,"[0, 1]"
93234,7545140,1826,0,"[0, 1]"
93234,7545140,1435,0,"[0, 1]"
93234,7545140,1945,0,"[0, 1]"
93234,7545140,1731,0,"[0, 1]"
93234,7545140,1936,0,"[0, 1]"
93234,7545140,1109,0,"[0, 1]"
93234,7545140,1643,0,"[0, 1]"
93234,7545140,1050,0,"[0, 1]"
93234,7545140,1557,0,"[0, 1]"
93234,7545140,1720,0,"[0, 1]"
93234,7545140,1281,0,"[0, 1]"
93234,7545140,1743,0,"[0, 1]"
93234,7545140,1316,0,"[0, 1]"
93234,7545140,1487,0,"[0, 1]"
93234,7545140,1852,0,"[0, 1]"
93234,7545140,1497,0,"[0, 1]"
93234,7545140,2473,0,"[0, 1]"
93234,7545140,3160,0,"[0, 1]"
93234,7545140,3222,0,"[0, 1]"
93234,7545140,2145,0,"[0, 1]"
93234,7545140,3907,0,"[0, 1]"
93234,7545140,3586,0,"[0, 1]"
93234,7545140,2289,0,"[0, 1]"
93234,7545140,2211,0,"[0, 1]"
93234,7545140,3994,0,"[0, 1]"
93234,7545140,2488,0,"[0, 1]"
93234,7545140,2290,0,"[0, 1]"
93234,7545140,3339,0,"[0, 1]"
93234,7545140,3366,0,"[0, 1]"
93234,7545140,3343,0,"[0, 1]"
93234,7545140,2342,0,"[0, 1]"
93234,7545140,2647,0,"[0, 1]"
93234,7545140,4002,0,"[0, 1]"
93234,7545140,3808,0,"[0, 1]"
93234,7545140,2875,0,"[0, 1]"
93234,7545140,3761,0,"[0, 1]"
93234,7545140,2902,0,"[0, 1]"
93234,7545140,2540,0,"[0, 1]"
93234,7545140,7218061,1,"[0, 1]"
93234,7545140,7621906,1,"[0, 1]"
93234,7545140,7423557,1,"[0, 1]"
93234,7545140,7264701,1,"[0, 1]"
93234,7545140,4433,0,"[0, 1]"
93234,7545140,7230049,1,"[0, 1]"
93234,7545140,7573647,1,"[0, 1]"
93234,7545140,7291556,1,"[0, 1]"
93234,7545140,7085111,1,"[0, 1]"
93234,7545140,7241344,1,"[0, 1]"
93234,7545140,7196388,1,"[0, 1]"
93234,7545140,4611,0,"[0, 1]"
93234,7545140,7689707,1,"[0, 1]"
93234,7545140,1427131,1,"[0, 1]"
93234,7545140,4497,0,"[0, 1]"
93234,7545140,4479,0,"[0, 1]"
93234,7545140,7279737,1,"[0, 1]"
93234,7545140,7166234,1,"[0, 1]"
93234,7545140,7171905,1,"[0, 1]"
93234,7545140,7508364,1,"[0, 1]"
93234,7545140,7353071,1,"[0, 1]"
93234,7545140,7627578,1,"[0, 1]"
93234,7545140,7364649,1,"[0, 1]"
93234,7545140,7190170,1,"[0, 1]"
93234,7545140,7306611,1,"[0, 1]"
93234,7545140,7535962,1,"[0, 1]"
93234,7545140,7227866,1,"[0, 1]"
93234,7545140,1186091,1,"[0, 1]"
93234,7545140,7570419,1,"[0, 1]"
93234,7545140,7261342,1,"[0, 1]"
93234,7545140,1063820,1,"[0, 1]"
93234,7545140,7326596,1,"[0, 1]"
93234,7545140,7556499,1,"[0, 1]"
93234,7545140,7073272,1,"[0, 1]"
93234,7545140,7276704,1,"[0, 1]"
93234,7545140,7315363,1,"[0, 1]"
93234,7545140,7220016,1,"[0, 1]"
93234,7545140,7134010,1,"[0, 1]"
93234,7545140,7474149,1,"[0, 1]"
93234,7545140,455251,1,"[0, 1]"
93234,7545140,7424521,1,"[0, 1]"
93234,7545140,7266132,1,"[0, 1]"
93234,7545140,7516973,1,"[0, 1]"
93234,7545140,7447407,1,"[0, 1]"
93234,7545140,7088053,1,"[0, 1]"
93234,7545140,7355086,1,"[0, 1]"
93234,7545140,292978,1,"[0, 1]"
93234,7545140,7403722,1,"[0, 1]"
93234,7545140,7283273,1,"[0, 1]"
93234,7545140,7575257,1,"[0, 1]"
1095988,2158205,2158205,1,"[1, 0]"
1095988,2158205,4538,0,"[1, 0]"
1095988,2158205,3051,0,"[1, 0]"
1095988,2158205,1525,0,"[1, 0]"
1095988,2158205,762,0,"[1, 0]"
1095988,2158205,380,0,"[1, 0]"
1095988,2158205,189,0,"[1, 0]"
1095988,2158205,94,0,"[1, 0]"
1095988,2158205,46,0,"[1, 0]"
1095988,2158205,22,0,"[1, 0]"
1095988,2158205,10,0,"[1, 0]"
1095988,2158205,4,0,"[1, 0]"
1095988,2158205,1,0,"[1, 0]"
1095988,2158205,0,0,"[1, 0]"
1095988,2158205,1,0,"[0, 1]"
1095988,2158205,2,0,"[0, 1]"
1095988,2158205,6,0,"[0, 1]"
1095988,2158205,5,0,"[0, 1]"
1095988,2158205,4,0,"[0, 1]"
1095988,2158205,3,0,"[0, 1]"
1095988,2158205,12,0,"[0, 1]"
1095988,2158205,9,0,"[0, 1]"
1095988,2158205,14,0,"[0, 1]"
1095988,2158205,8,0,"[0, 1]"
1095988,2158205,10,0,"[0, 1]"
1095988,2158205,7,0,"[0, 1]"
1095988,2158205,21,0,"[0, 1]"
1095988,2158205,22,0,"[0, 1]"
1095988,2158205,26,0,"[0, 1]"
1095988,2158205,25,0,"[0, 1]"
1095988,2158205,20,0,"[0, 1]"
1095988,2158205,23,0,"[0, 1]"
1095988,2158205,30,0,"[0, 1]"
1095988,2158205,29,0,"[0, 1]"
1095988,2158205,34,0,"[0, 1]"
1095988,2158205,61,0,"[0, 1]"
1095988,2158205,52,0,"[0, 1]"
1095988,2158205,39,0,"[0, 1]"
1095988,2158205,54,0,"[0, 1]"
1095988,2158205,49,0,"[0, 1]"
1095988,2158205,43,0,"[0, 1]"
1095988,2158205,51,0,"[0, 1]"
1095988,2158205,45,0,"[0, 1]"
1095988,2158205,36,0,"[0, 1]"
1095988,2158205,74,0,"[0, 1]"
1095988,2158205,109,0,"[0, 1]"
1095988,2158205,121,0,"[0, 1]"
1095988,2158205,126,0,"[0, 1]"
1095988,2158205,77,0,"[0, 1]"
1095988,2158205,111,0,"[0, 1]"
1095988,2158205,99,0,"[0, 1]"
1095988,2158205,100,0,"[0, 1]"
1095988,2158205,105,0,"[0, 1]"
1095988,2158205,70,0,"[0, 1]"
1095988,2158205,94,0,"[0, 1]"
1095988,2158205,80,0,"[0, 1]"
1095988,2158205,156,0,"[0, 1]"
1095988,2158205,253,0,"[0, 1]"
1095988,2158205,186,0,"[0, 1]"
1095988,2158205,181,0,"[0, 1]"
1095988,2158205,195,0,"[0, 1]"
1095988,2158205,131,0,"[0, 1]"
1095988,2158205,187,0,"[0, 1]"
1095988,2158205,241,0,"[0, 1]"
1095988,2158205,210,0,"[0, 1]"
1095988,2158205,226,0,"[0, 1]"
1095988,2158205,141,0,"[0, 1]"
1095988,2158205,213,0,"[0, 1]"
1095988,2158205,212,0,"[0, 1]"
1095988,2158205,216,0,"[0, 1]"
1095988,2158205,469,0,"[0, 1]"
1095988,2158205,371,0,"[0, 1]"
1095988,2158205,261,0,"[0, 1]"
1095988,2158205,289,0,"[0, 1]"
1095988,2158205,419,0,"[0, 1]"
1095988,2158205,360,0,"[0, 1]"
1095988,2158205,282,0,"[0, 1]"
1095988,2158205,335,0,"[0, 1]"
1095988,2158205,414,0,"[0, 1]"
1095988,2158205,468,0,"[0, 1]"
1095988,2158205,331,0,"[0, 1]"
1095988,2158205,378,0,"[0, 1]"
1095988,2158205,397,0,"[0, 1]"
1095988,2158205,431,0,"[0, 1]"
1095988,2158205,343,0,"[0, 1]"
1095988,2158205,473,0,"[0, 1]"
1095988,2158205,579,0,"[0, 1]"
1095988,2158205,953,0,"[0, 1]"
1095988,2158205,545,0,"[0, 1]"
1095988,2158205,548,0,"[0, 1]"
1095988,2158205,925,0,"[0, 1]"
1095988,2158205,916,0,"[0, 1]"
1095988,2158205,919,0,"[0, 1]"
1095988,2158205,696,0,"[0, 1]"
1095988,2158205,908,0,"[0, 1]"
1095988,2158205,795,0,"[0, 1]"
1095988,2158205,870,0,"[0, 1]"
1095988,2158205,637,0,"[0, 1]"
1095988,2158205,645,0,"[0, 1]"
1095988,2158205,684,0,"[0, 1]"
1095988,2158205,779,0,"[0, 1]"
1095988,2158205,897,0,"[0, 1]"
1095988,2158205,833,0,"[0, 1]"
1095988,2158205,512,0,"[0, 1]"
1095988,2158205,1278,0,"[0, 1]"
1095988,2158205,1191,0,"[0, 1]"
1095988,2158205,1586,0,"[0, 1]"
1095988,2158205,1976,0,"[0, 1]"
1095988,2158205,1203,0,"[0, 1]"
1095988,2158205,1680,0,"[0, 1]"
1095988,2158205,1258,0,"[0, 1]"
1095988,2158205,1995,0,"[0, 1]"
1095988,2158205,1363,0,"[0, 1]"
1095988,2158205,1171,0,"[0, 1]"
1095988,2158205,1081,0,"[0, 1]"
1095988,2158205,1305,0,"[0, 1]"
1095988,2158205,1370,0,"[0, 1]"
1095988,2158205,1624,0,"[0, 1]"
1095988,2158205,1369,0,"[0, 1]"
1095988,2158205,1810,0,"[0, 1]"
1095988,2158205,1486,0,"[0, 1]"
1095988,2158205,1075,0,"[0, 1]"
1095988,2158205,1030,0,"[0, 1]"
1095988,2158205,1542,0,"[0, 1]"
1095988,2158205,2528,0,"[0, 1]"
1095988,2158205,3036,0,"[0, 1]"
1095988,2158205,2575,0,"[0, 1]"
1095988,2158205,2617,0,"[0, 1]"
1095988,2158205,2162,0,"[0, 1]"
1095988,2158205,3907,0,"[0, 1]"
1095988,2158205,2703,0,"[0, 1]"
1095988,2158205,2767,0,"[0, 1]"
1095988,2158205,4030,0,"[0, 1]"
1095988,2158205,2536,0,"[0, 1]"
1095988,2158205,3607,0,"[0, 1]"
1095988,2158205,3325,0,"[0, 1]"
1095988,2158205,3808,0,"[0, 1]"
1095988,2158205,2328,0,"[0, 1]"
1095988,2158205,4082,0,"[0, 1]"
1095988,2158205,3468,0,"[0, 1]"
1095988,2158205,2085,0,"[0, 1]"
1095988,2158205,2733,0,"[0, 1]"
1095988,2158205,2514,0,"[0, 1]"
1095988,2158205,4042,0,"[0, 1]"
1095988,2158205,2474,0,"[0, 1]"
1095988,2158205,3931,0,"[0, 1]"
1095988,2158205,7571290,1,"[0, 1]"
1095988,2158205,4930,0,"[0, 1]"
1095988,2158205,7479235,1,"[0, 1]"
1095988,2158205,4538702,1,"[0, 1]"
1095988,2158205,4822,0,"[0, 1]"
1095988,2158205,470749,1,"[0, 1]"
1095988,2158205,7655718,1,"[0, 1]"
1095988,2158205,4454,0,"[0, 1]"
1095988,2158205,7214632,1,"[0, 1]"
1095988,2158205,7372511,1,"[0, 1]"
1095988,2158205,7345594,1,"[0, 1]"
1095988,2158205,7264060,1,"[0, 1]"
1095988,2158205,7183615,1,"[0, 1]"
1095988,2158205,7547124,1,"[0, 1]"
1095988,2158205,7327314,1,"[0, 1]"
1095988,2158205,7518489,1,"[0, 1]"
1095988,2158205,7089861,1,"[0, 1]"
1095988,2158205,7520483,1,"[0, 1]"
1095988,2158205,4371,0,"[0, 1]"
1095988,2158205,4963,0,"[0, 1]"
1095988,2158205,4754,0,"[0, 1]"
1095988,2158205,4789,0,"[0, 1]"
1095988,2158205,4956,0,"[0, 1]"
1095988,2158205,7135949,1,"[0, 1]"
1095988,2158205,7633166,1,"[0, 1]"
1095988,2158205,7576075,1,"[0, 1]"
1095988,2158205,7094182,1,"[0, 1]"
1095988,2158205,7124027,1,"[0, 1]"
1095988,2158205,7539527,1,"[0, 1]"
1095988,2158205,7193390,1,"[0, 1]"
1095988,2158205,7253087,1,"[0, 1]"
1095988,2158205,7406716,1,"[0, 1]"
1095988,2158205,7148498,1,"[0, 1]"
1095988,2158205,7580864,1,"[0, 1]"
1095988,2158205,7449185,1,"[0, 1]"
1095988,2158205,7466152,1,"[0, 1]"
1095988,2158205,428985,1,"[0, 1]"
1095988,2158205,7366186,1,"[0, 1]"
1095988,2158205,7140656,1,"[0, 1]"
1095988,2158205,7153793,1,"[0, 1]"
1095988,2158205,7685963,1,"[0, 1]"
1095988,2158205,7266164,1,"[0, 1]"
1095988,2158205,7217129,1,"[0, 1]"
1095988,2158205,7601069,1,"[0, 1]"
1095988,2158205,7099892,1,"[0, 1]"
1095988,2158205,7429974,1,"[0, 1]"
1095988,2158205,7296396,1,"[0, 1]"
1095988,2158205,7341207,1,"[0, 1]"
1095988,2158205,7561900,1,"[0, 1]"
1095988,2158205,7506197,1,"[0, 1]"
625022,7545517,7545517,1,"[1, 0]"
625022,7545517,3647,0,"[1, 0]"
625022,7545517,1823,0,"[1, 0]"
625022,7545517,911,0,"[1, 0]"
625022,7545517,455,0,"[1, 0]"
625022,7545517,227,0,"[1, 0]"
625022,7545517,113,0,"[1, 0]"
625022,7545517,56,0,"[1, 0]"
625022,7545517,27,0,"[1, 0]"
625022,7545517,13,0,"[1, 0]"
625022,7545517,6,0,"[1, 0]"
625022,7545517,2,0,"[1, 0]"
625022,7545517,0,0,"[1, 0]"
625022,7545517,1,0,"[0, 1]"
625022,7545517,2,0,"[0, 1]"
625022,7545517,3,0,"[0, 1]"
625022,7545517,5,0,"[0, 1]"
625022,7545517,6,0,"[0, 1]"
625022,7545517,4,0,"[0, 1]"
625022,7545517,10,0,"[0, 1]"
625022,7545517,9,0,"[0, 1]"
625022,7545517,12,0,"[0, 1]"
625022,7545517,14,0,"[0, 1]"
625022,7545517,13,0,"[0, 1]"
625022,7545517,8,0,"[0, 1]"
625022,7545517,16,0,"[0, 1]"
625022,7545517,20,0,"[0, 1]"
625022,7545517,30,0,"[0, 1]"
625022,7545517,17,0,"[0, 1]"
625022,7545517,21,0,"[0, 1]"
625022,7545517,25,0,"[0, 1]"
625022,7545517,24,0,"[0, 1]"
625022,7545517,23,0,"[0, 1]"
625022,7545517,60,0,"[0, 1]"
625022,7545517,58,0,"[0, 1]"
625022,7545517,62,0,"[0, 1]"
625022,7545517,59,0,"[0, 1]"
625022,7545517,39,0,"[0, 1]"
625022,7545517,61,0,"[0, 1]"
625022,7545517,47,0,"[0, 1]"
625022,7545517,31,0,"[0, 1]"
625022,7545517,41,0,"[0, 1]"
625022,7545517,34,0,"[0, 1]"
625022,7545517,99,0,"[0, 1]"
625022,7545517,78,0,"[0, 1]"
625022,7545517,71,0,"[0, 1]"
625022,7545517,94,0,"[0, 1]"
625022,7545517,103,0,"[0, 1]"
625022,7545517,88,0,"[0, 1]"
625022,7545517,116,0,"[0, 1]"
625022,7545517,76,0,"[0, 1]"
625022,7545517,84,0,"[0, 1]"
625022,7545517,83,0,"[0, 1]"
625022,7545517,113,0,"[0, 1]"
625022,7545517,109,0,"[0, 1]"
625022,7545517,172,0,"[0, 1]"
625022,7545517,223,0,"[0, 1]"
625022,7545517,225,0,"[0, 1]"
625022,7545517,170,0,"[0, 1]"
625022,7545517,221,0,"[0, 1]"
625022,7545517,150,0,"[0, 1]"
625022,7545517,227,0,"[0, 1]"
625022,7545517,183,0,"[0, 1]"
625022,7545517,230,0,"[0, 1]"
625022,7545517,141,0,"[0, 1]"
625022,7545517,167,0,"[0, 1]"
625022,7545517,250,0,"[0, 1]"
625022,7545517,191,0,"[0, 1]"
625022,7545517,205,0,"[0, 1]"
625022,7545517,468,0,"[0, 1]"
625022,7545517,287,0,"[0, 1]"
625022,7545517,273,0,"[0, 1]"
625022,7545517,381,0,"[0, 1]"
625022,7545517,412,0,"[0, 1]"
625022,7545517,353,0,"[0, 1]"
625022,7545517,504,0,"[0, 1]"
625022,7545517,276,0,"[0, 1]"
625022,7545517,386,0,"[0, 1]"
625022,7545517,332,0,"[0, 1]"
625022,7545517,313,0,"[0, 1]"
625022,7545517,394,0,"[0, 1]"
625022,7545517,301,0,"[0, 1]"
625022,7545517,461,0,"[0, 1]"
625022,7545517,440,0,"[0, 1]"
625022,7545517,402,0,"[0, 1]"
625022,7545517,603,0,"[0, 1]"
625022,7545517,819,0,"[0, 1]"
625022,7545517,919,0,"[0, 1]"
625022,7545517,800,0,"[0, 1]"
625022,7545517,654,0,"[0, 1]"
625022,7545517,828,0,"[0, 1]"
625022,7545517,750,0,"[0, 1]"
625022,7545517,835,0,"[0, 1]"
625022,7545517,827,0,"[0, 1]"
625022,7545517,985,0,"[0, 1]"
625022,7545517,690,0,"[0, 1]"
625022,7545517,747,0,"[0, 1]"
625022,7545517,953,0,"[0, 1]"
625022,7545517,619,0,"[0, 1]"
625022,7545517,956,0,"[0, 1]"
625022,7545517,521,0,"[0, 1]"
625022,7545517,860,0,"[0, 1]"
625022,7545517,561,0,"[0, 1]"
625022,7545517,1919,0,"[0, 1]"
625022,7545517,1719,0,"[0, 1]"
625022,7545517,1537,0,"[0, 1]"
625022,7545517,1529,0,"[0, 1]"
625022,7545517,1563,0,"[0, 1]"
625022,7545517,1554,0,"[0, 1]"
625022,7545517,1682,0,"[0, 1]"
625022,7545517,1265,0,"[0, 1]"
625022,7545517,1527,0,"[0, 1]"
625022,7545517,1850,0,"[0, 1]"
625022,7545517,1979,0,"[0, 1]"
625022,7545517,1923,0,"[0, 1]"
625022,7545517,1035,0,"[0, 1]"
625022,7545517,1415,0,"[0, 1]"
625022,7545517,1644,0,"[0, 1]"
625022,7545517,1953,0,"[0, 1]"
625022,7545517,1814,0,"[0, 1]"
625022,7545517,1753,0,"[0, 1]"
625022,7545517,1879,0,"[0, 1]"
625022,7545517,1920,0,"[0, 1]"
625022,7545517,3702,0,"[0, 1]"
625022,7545517,2184,0,"[0, 1]"
625022,7545517,3626,0,"[0, 1]"
625022,7545517,3306,0,"[0, 1]"
625022,7545517,2906,0,"[0, 1]"
625022,7545517,3968,0,"[0, 1]"
625022,7545517,3302,0,"[0, 1]"
625022,7545517,3138,0,"[0, 1]"
625022,7545517,2500,0,"[0, 1]"
625022,7545517,3021,0,"[0, 1]"
625022,7545517,3619,0,"[0, 1]"
625022,7545517,3117,0,"[0, 1]"
625022,7545517,2174,0,"[0, 1]"
625022,7545517,3260,0,"[0, 1]"
625022,7545517,3629,0,"[0, 1]"
625022,7545517,3875,0,"[0, 1]"
625022,7545517,2862,0,"[0, 1]"
625022,7545517,3819,0,"[0, 1]"
625022,7545517,3777,0,"[0, 1]"
625022,7545517,2813,0,"[0, 1]"
625022,7545517,2070,0,"[0, 1]"
625022,7545517,3007,0,"[0, 1]"
625022,7545517,4776,0,"[0, 1]"
625022,7545517,7211302,1,"[0, 1]"
625022,7545517,5459057,1,"[0, 1]"
625022,7545517,494823,1,"[0, 1]"
625022,7545517,7219338,1,"[0, 1]"
625022,7545517,7105662,1,"[0, 1]"
625022,7545517,7108115,1,"[0, 1]"
625022,7545517,7459757,1,"[0, 1]"
625022,7545517,7541334,1,"[0, 1]"
625022,7545517,7117096,1,"[0, 1]"
625022,7545517,4130,0,"[0, 1]"
625022,7545517,7230876,1,"[0, 1]"
625022,7545517,7359307,1,"[0, 1]"
625022,7545517,7458213,1,"[0, 1]"
625022,7545517,7537924,1,"[0, 1]"
625022,7545517,7294838,1,"[0, 1]"
625022,7545517,3314229,1,"[0, 1]"
625022,7545517,7390162,1,"[0, 1]"
625022,7545517,7124631,1,"[0, 1]"
625022,7545517,7265471,1,"[0, 1]"
625022,7545517,7495096,1,"[0, 1]"
625022,7545517,7421115,1,"[0, 1]"
625022,7545517,7593647,1,"[0, 1]"
625022,7545517,7597593,1,"[0, 1]"
625022,7545518,7545518,1,"[1, 0]"
625022,7545518,4491,0,"[1, 0]"
625022,7545518,2945,0,"[1, 0]"
625022,7545518,1472,0,"[1, 0]"
625022,7545518,735,0,"[1, 0]"
625022,7545518,367,0,"[1, 0]"
625022,7545518,183,0,"[1, 0]"
625022,7545518,91,0,"[1, 0]"
625022,7545518,45,0,"[1, 0]"
625022,7545518,22,0,"[1, 0]"
625022,7545518,10,0,"[1, 0]"
625022,7545518,4,0,"[1, 0]"
625022,7545518,1,0,"[1, 0]"
625022,7545518,0,0,"[1, 0]"
625022,7545518,1,0,"[0, 1]"
625022,7545518,2,0,"[0, 1]"
625022,7545518,6,0,"[0, 1]"
625022,7545518,5,0,"[0, 1]"
625022,7545518,4,0,"[0, 1]"
625022,7545518,3,0,"[0, 1]"
625022,7545518,14,0,"[0, 1]"
625022,7545518,9,0,"[0, 1]"
625022,7545518,11,0,"[0, 1]"
625022,7545518,10,0,"[0, 1]"
625022,7545518,13,0,"[0, 1]"
625022,7545518,7,0,"[0, 1]"
625022,7545518,22,0,"[0, 1]"
625022,7545518,29,0,"[0, 1]"
625022,7545518,23,0,"[0, 1]"
625022,7545518,19,0,"[0, 1]"
625022,7545518,21,0,"[0, 1]"
625022,7545518,27,0,"[0, 1]"
625022,7545518,28,0,"[0, 1]"
625022,7545518,16,0,"[0, 1]"
625022,7545518,55,0,"[0, 1]"
625022,7545518,39,0,"[0, 1]"
625022,7545518,40,0,"[0, 1]"
625022,7545518,56,0,"[0, 1]"
625022,7545518,54,0,"[0, 1]"
625022,7545518,31,0,"[0, 1]"
625022,7545518,45,0,"[0, 1]"
625022,7545518,32,0,"[0, 1]"
625022,7545518,59,0,"[0, 1]"
625022,7545518,38,0,"[0, 1]"
625022,7545518,103,0,"[0, 1]"
625022,7545518,94,0,"[0, 1]"
625022,7545518,125,0,"[0, 1]"
625022,7545518,105,0,"[0, 1]"
625022,7545518,85,0,"[0, 1]"
625022,7545518,120,0,"[0, 1]"
625022,7545518,109,0,"[0, 1]"
625022,7545518,66,0,"[0, 1]"
625022,7545518,64,0,"[0, 1]"
625022,7545518,102,0,"[0, 1]"
625022,7545518,65,0,"[0, 1]"
625022,7545518,110,0,"[0, 1]"
625022,7545518,153,0,"[0, 1]"
625022,7545518,242,0,"[0, 1]"
625022,7545518,184,0,"[0, 1]"
625022,7545518,235,0,"[0, 1]"
625022,7545518,227,0,"[0, 1]"
625022,7545518,130,0,"[0, 1]"
625022,7545518,216,0,"[0, 1]"
625022,7545518,154,0,"[0, 1]"
625022,7545518,224,0,"[0, 1]"
625022,7545518,206,0,"[0, 1]"
625022,7545518,155,0,"[0, 1]"
625022,7545518,201,0,"[0, 1]"
625022,7545518,173,0,"[0, 1]"
625022,7545518,194,0,"[0, 1]"
625022,7545518,319,0,"[0, 1]"
625022,7545518,454,0,"[0, 1]"
625022,7545518,287,0,"[0, 1]"
625022,7545518,294,0,"[0, 1]"
625022,7545518,406,0,"[0, 1]"
625022,7545518,436,0,"[0, 1]"
625022,7545518,336,0,"[0, 1]"
625022,7545518,261,0,"[0, 1]"
625022,7545518,488,0,"[0, 1]"
625022,7545518,420,0,"[0, 1]"
625022,7545518,327,0,"[0, 1]"
625022,7545518,335,0,"[0, 1]"
625022,7545518,428,0,"[0, 1]"
625022,7545518,351,0,"[0, 1]"
625022,7545518,413,0,"[0, 1]"
625022,7545518,379,0,"[0, 1]"
625022,7545518,613,0,"[0, 1]"
625022,7545518,688,0,"[0, 1]"
625022,7545518,513,0,"[0, 1]"
625022,7545518,550,0,"[0, 1]"
625022,7545518,821,0,"[0, 1]"
625022,7545518,566,0,"[0, 1]"
625022,7545518,852,0,"[0, 1]"
625022,7545518,893,0,"[0, 1]"
625022,7545518,706,0,"[0, 1]"
625022,7545518,644,0,"[0, 1]"
625022,7545518,828,0,"[0, 1]"
625022,7545518,747,0,"[0, 1]"
625022,7545518,972,0,"[0, 1]"
625022,7545518,984,0,"[0, 1]"
625022,7545518,785,0,"[0, 1]"
625022,7545518,712,0,"[0, 1]"
625022,7545518,869,0,"[0, 1]"
625022,7545518,524,0,"[0, 1]"
625022,7545518,1248,0,"[0, 1]"
625022,7545518,1529,0,"[0, 1]"
625022,7545518,1331,0,"[0, 1]"
625022,7545518,1218,0,"[0, 1]"
625022,7545518,1466,0,"[0, 1]"
625022,7545518,1065,0,"[0, 1]"
625022,7545518,1904,0,"[0, 1]"
625022,7545518,1284,0,"[0, 1]"
625022,7545518,1346,0,"[0, 1]"
625022,7545518,1193,0,"[0, 1]"
625022,7545518,1998,0,"[0, 1]"
625022,7545518,1854,0,"[0, 1]"
625022,7545518,1598,0,"[0, 1]"
625022,7545518,1439,0,"[0, 1]"
625022,7545518,1158,0,"[0, 1]"
625022,7545518,1101,0,"[0, 1]"
625022,7545518,1786,0,"[0, 1]"
625022,7545518,1398,0,"[0, 1]"
625022,7545518,1115,0,"[0, 1]"
625022,7545518,1484,0,"[0, 1]"
625022,7545518,3032,0,"[0, 1]"
625022,7545518,3438,0,"[0, 1]"
625022,7545518,3421,0,"[0, 1]"
625022,7545518,2454,0,"[0, 1]"
625022,7545518,2378,0,"[0, 1]"
625022,7545518,3050,0,"[0, 1]"
625022,7545518,3951,0,"[0, 1]"
625022,7545518,3764,0,"[0, 1]"
625022,7545518,2923,0,"[0, 1]"
625022,7545518,2557,0,"[0, 1]"
625022,7545518,2681,0,"[0, 1]"
625022,7545518,3503,0,"[0, 1]"
625022,7545518,3186,0,"[0, 1]"
625022,7545518,3662,0,"[0, 1]"
625022,7545518,2725,0,"[0, 1]"
625022,7545518,3311,0,"[0, 1]"
625022,7545518,3167,0,"[0, 1]"
625022,7545518,2324,0,"[0, 1]"
625022,7545518,2795,0,"[0, 1]"
625022,7545518,2997,0,"[0, 1]"
625022,7545518,2250,0,"[0, 1]"
625022,7545518,4086,0,"[0, 1]"
625022,7545518,7251254,1,"[0, 1]"
625022,7545518,4503,0,"[0, 1]"
625022,7545518,7196401,1,"[0, 1]"
625022,7545518,4302,0,"[0, 1]"
625022,7545518,7235182,1,"[0, 1]"
625022,7545518,4801,0,"[0, 1]"
625022,7545518,7300170,1,"[0, 1]"
625022,7545518,1535460,1,"[0, 1]"
625022,7545518,7308778,1,"[0, 1]"
625022,7545518,7590272,1,"[0, 1]"
625022,7545518,7476021,1,"[0, 1]"
625022,7545518,7322168,1,"[0, 1]"
625022,7545518,4193,0,"[0, 1]"
625022,7545518,7378227,1,"[0, 1]"
625022,7545518,7257371,1,"[0, 1]"
625022,7545518,7193967,1,"[0, 1]"
625022,7545518,7600853,1,"[0, 1]"
625022,7545518,7492407,1,"[0, 1]"
625022,7545518,7141204,1,"[0, 1]"
625022,7545518,7398606,1,"[0, 1]"
625022,7545518,4115,0,"[0, 1]"
625022,7545518,3098712,1,"[0, 1]"
625022,7545518,7341497,1,"[0, 1]"
625022,7545518,7528547,1,"[0, 1]"
625022,7545518,7192489,1,"[0, 1]"
625022,7545518,7183167,1,"[0, 1]"
625022,7545518,7075540,1,"[0, 1]"
625022,7545518,5081578,1,"[0, 1]"
625022,7545518,7343719,1,"[0, 1]"
625022,7545518,1614590,1,"[0, 1]"
625022,7545518,7193473,1,"[0, 1]"
625022,7545518,7353634,1,"[0, 1]"
625022,7545518,7360146,1,"[0, 1]"
625022,7545518,740662,1,"[0, 1]"
625022,7545518,7170462,1,"[0, 1]"
625022,7545518,7207492,1,"[0, 1]"
625022,7545518,7681944,1,"[0, 1]"
625022,7545518,7471037,1,"[0, 1]"
625022,7545518,7541530,1,"[0, 1]"
625022,7545518,5649493,1,"[0, 1]"
625022,7545518,7457216,1,"[0, 1]"
625022,7545518,7484614,1,"[0, 1]"
625022,7545518,7081141,1,"[0, 1]"
625022,7545518,4794763,1,"[0, 1]"
625022,7545518,7182094,1,"[0, 1]"
625022,7545518,7161745,1,"[0, 1]"
625022,7545518,7667610,1,"[0, 1]"
625022,7545518,7644664,1,"[0, 1]"
625022,7545518,3748377,1,"[0, 1]"
625022,7545518,7600085,1,"[0, 1]"
652912,7545792,7545792,1,"[1, 0]"
652912,7545792,3272,0,"[1, 0]"
652912,7545792,1635,0,"[1, 0]"
652912,7545792,817,0,"[1, 0]"
652912,7545792,408,0,"[1, 0]"
652912,7545792,203,0,"[1, 0]"
652912,7545792,101,0,"[1, 0]"
652912,7545792,50,0,"[1, 0]"
652912,7545792,24,0,"[1, 0]"
652912,7545792,11,0,"[1, 0]"
652912,7545792,5,0,"[1, 0]"
652912,7545792,2,0,"[1, 0]"
652912,7545792,0,0,"[1, 0]"
652912,7545792,2,0,"[0, 1]"
652912,7545792,1,0,"[0, 1]"
652912,7545792,5,0,"[0, 1]"
652912,7545792,4,0,"[0, 1]"
652912,7545792,6,0,"[0, 1]"
652912,7545792,3,0,"[0, 1]"
652912,7545792,13,0,"[0, 1]"
652912,7545792,12,0,"[0, 1]"
652912,7545792,14,0,"[0, 1]"
652912,7545792,7,0,"[0, 1]"
652912,7545792,10,0,"[0, 1]"
652912,7545792,8,0,"[0, 1]"
652912,7545792,22,0,"[0, 1]"
652912,7545792,21,0,"[0, 1]"
652912,7545792,15,0,"[0, 1]"
652912,7545792,23,0,"[0, 1]"
652912,7545792,29,0,"[0, 1]"
652912,7545792,19,0,"[0, 1]"
652912,7545792,26,0,"[0, 1]"
652912,7545792,24,0,"[0, 1]"
652912,7545792,48,0,"[0, 1]"
652912,7545792,55,0,"[0, 1]"
652912,7545792,43,0,"[0, 1]"
652912,7545792,46,0,"[0, 1]"
652912,7545792,54,0,"[0, 1]"
652912,7545792,62,0,"[0, 1]"
652912,7545792,37,0,"[0, 1]"
652912,7545792,59,0,"[0, 1]"
652912,7545792,35,0,"[0, 1]"
652912,7545792,33,0,"[0, 1]"
652912,7545792,79,0,"[0, 1]"
652912,7545792,86,0,"[0, 1]"
652912,7545792,123,0,"[0, 1]"
652912,7545792,113,0,"[0, 1]"
652912,7545792,84,0,"[0, 1]"
652912,7545792,115,0,"[0, 1]"
652912,7545792,71,0,"[0, 1]"
652912,7545792,70,0,"[0, 1]"
652912,7545792,105,0,"[0, 1]"
652912,7545792,94,0,"[0, 1]"
652912,7545792,63,0,"[0, 1]"
652912,7545792,112,0,"[0, 1]"
652912,7545792,248,0,"[0, 1]"
652912,7545792,194,0,"[0, 1]"
652912,7545792,181,0,"[0, 1]"
652912,7545792,143,0,"[0, 1]"
652912,7545792,161,0,"[0, 1]"
652912,7545792,131,0,"[0, 1]"
652912,7545792,232,0,"[0, 1]"
652912,7545792,205,0,"[0, 1]"
652912,7545792,145,0,"[0, 1]"
652912,7545792,225,0,"[0, 1]"
652912,7545792,165,0,"[0, 1]"
652912,7545792,144,0,"[0, 1]"
652912,7545792,226,0,"[0, 1]"
652912,7545792,169,0,"[0, 1]"
652912,7545792,350,0,"[0, 1]"
652912,7545792,342,0,"[0, 1]"
652912,7545792,479,0,"[0, 1]"
652912,7545792,481,0,"[0, 1]"
652912,7545792,440,0,"[0, 1]"
652912,7545792,447,0,"[0, 1]"
652912,7545792,262,0,"[0, 1]"
652912,7545792,418,0,"[0, 1]"
652912,7545792,399,0,"[0, 1]"
652912,7545792,441,0,"[0, 1]"
652912,7545792,490,0,"[0, 1]"
652912,7545792,370,0,"[0, 1]"
652912,7545792,425,0,"[0, 1]"
652912,7545792,339,0,"[0, 1]"
652912,7545792,455,0,"[0, 1]"
652912,7545792,292,0,"[0, 1]"
652912,7545792,644,0,"[0, 1]"
652912,7545792,595,0,"[0, 1]"
652912,7545792,554,0,"[0, 1]"
652912,7545792,902,0,"[0, 1]"
652912,7545792,637,0,"[0, 1]"
652912,7545792,689,0,"[0, 1]"
652912,7545792,623,0,"[0, 1]"
652912,7545792,933,0,"[0, 1]"
652912,7545792,810,0,"[0, 1]"
652912,7545792,948,0,"[0, 1]"
652912,7545792,837,0,"[0, 1]"
652912,7545792,678,0,"[0, 1]"
652912,7545792,966,0,"[0, 1]"
652912,7545792,792,0,"[0, 1]"
652912,7545792,603,0,"[0, 1]"
652912,7545792,970,0,"[0, 1]"
652912,7545792,685,0,"[0, 1]"
652912,7545792,725,0,"[0, 1]"
652912,7545792,1229,0,"[0, 1]"
652912,7545792,1050,0,"[0, 1]"
652912,7545792,1064,0,"[0, 1]"
652912,7545792,1218,0,"[0, 1]"
652912,7545792,1269,0,"[0, 1]"
652912,7545792,1448,0,"[0, 1]"
652912,7545792,1249,0,"[0, 1]"
652912,7545792,1623,0,"[0, 1]"
652912,7545792,1148,0,"[0, 1]"
652912,7545792,1595,0,"[0, 1]"
652912,7545792,1037,0,"[0, 1]"
652912,7545792,1754,0,"[0, 1]"
652912,7545792,1217,0,"[0, 1]"
652912,7545792,1966,0,"[0, 1]"
652912,7545792,1841,0,"[0, 1]"
652912,7545792,1569,0,"[0, 1]"
652912,7545792,1544,0,"[0, 1]"
652912,7545792,1999,0,"[0, 1]"
652912,7545792,1597,0,"[0, 1]"
652912,7545792,1539,0,"[0, 1]"
652912,7545792,2336,0,"[0, 1]"
652912,7545792,3254,0,"[0, 1]"
652912,7545792,2511,0,"[0, 1]"
652912,7545792,2712,0,"[0, 1]"
652912,7545792,3646,0,"[0, 1]"
652912,7545792,2242,0,"[0, 1]"
652912,7545792,4072,0,"[0, 1]"
652912,7545792,2063,0,"[0, 1]"
652912,7545792,2276,0,"[0, 1]"
652912,7545792,4086,0,"[0, 1]"
652912,7545792,3773,0,"[0, 1]"
652912,7545792,3848,0,"[0, 1]"
652912,7545792,3213,0,"[0, 1]"
652912,7545792,3140,0,"[0, 1]"
652912,7545792,3984,0,"[0, 1]"
652912,7545792,3337,0,"[0, 1]"
652912,7545792,3158,0,"[0, 1]"
652912,7545792,3983,0,"[0, 1]"
652912,7545792,2664,0,"[0, 1]"
652912,7545792,3831,0,"[0, 1]"
652912,7545792,3272,0,"[0, 1]"
652912,7545792,2145,0,"[0, 1]"
652912,7545792,7098433,1,"[0, 1]"
652912,7545792,4095,0,"[0, 1]"
652912,7545792,4598,0,"[0, 1]"
652912,7545792,4657,0,"[0, 1]"
652912,7545792,4509,0,"[0, 1]"
652912,7545792,4106,0,"[0, 1]"
652912,7545792,4262196,1,"[0, 1]"
652912,7545792,4774,0,"[0, 1]"
652912,7545792,7270726,1,"[0, 1]"
652912,7545792,7111590,1,"[0, 1]"
652912,7545792,7188670,1,"[0, 1]"
652912,7545792,4233,0,"[0, 1]"
652912,7545792,4315,0,"[0, 1]"
652912,7545792,7263962,1,"[0, 1]"
652912,7545792,4434,0,"[0, 1]"
652912,7545792,490992,1,"[0, 1]"
652912,7545792,7315472,1,"[0, 1]"
652912,7545792,7544224,1,"[0, 1]"
652912,7545792,3358283,1,"[0, 1]"
652912,7545792,4231,0,"[0, 1]"
652912,7545792,7114135,1,"[0, 1]"
652912,7545792,7207740,1,"[0, 1]"
652912,7545792,7410095,1,"[0, 1]"
652912,7545792,7585274,1,"[0, 1]"
97612,7545830,7545830,1,"[1, 0]"
97612,7545830,2664,0,"[1, 0]"
97612,7545830,1331,0,"[1, 0]"
97612,7545830,665,0,"[1, 0]"
97612,7545830,332,0,"[1, 0]"
97612,7545830,165,0,"[1, 0]"
97612,7545830,82,0,"[1, 0]"
97612,7545830,40,0,"[1, 0]"
97612,7545830,19,0,"[1, 0]"
97612,7545830,9,0,"[1, 0]"
97612,7545830,4,0,"[1, 0]"
97612,7545830,1,0,"[1, 0]"
97612,7545830,0,0,"[1, 0]"
97612,7545830,1,0,"[0, 1]"
97612,7545830,2,0,"[0, 1]"
97612,7545830,5,0,"[0, 1]"
97612,7545830,3,0,"[0, 1]"
97612,7545830,4,0,"[0, 1]"
97612,7545830,6,0,"[0, 1]"
97612,7545830,13,0,"[0, 1]"
97612,7545830,10,0,"[0, 1]"
97612,7545830,12,0,"[0, 1]"
97612,7545830,8,0,"[0, 1]"
97612,7545830,7,0,"[0, 1]"
97612,7545830,9,0,"[0, 1]"
97612,7545830,19,0,"[0, 1]"
97612,7545830,29,0,"[0, 1]"
97612,7545830,16,0,"[0, 1]"
97612,7545830,18,0,"[0, 1]"
97612,7545830,20,0,"[0, 1]"
97612,7545830,28,0,"[0, 1]"
97612,7545830,17,0,"[0, 1]"
97612,7545830,30,0,"[0, 1]"
97612,7545830,60,0,"[0, 1]"
97612,7545830,50,0,"[0, 1]"
97612,7545830,57,0,"[0, 1]"
97612,7545830,35,0,"[0, 1]"
97612,7545830,51,0,"[0, 1]"
97612,7545830,42,0,"[0, 1]"
97612,7545830,49,0,"[0, 1]"
97612,7545830,47,0,"[0, 1]"
97612,7545830,52,0,"[0, 1]"
97612,7545830,36,0,"[0, 1]"
97612,7545830,98,0,"[0, 1]"
97612,7545830,118,0,"[0, 1]"
97612,7545830,113,0,"[0, 1]"
97612,7545830,99,0,"[0, 1]"
97612,7545830,77,0,"[0, 1]"
97612,7545830,96,0,"[0, 1]"
97612,7545830,93,0,"[0, 1]"
97612,7545830,75,0,"[0, 1]"
97612,7545830,108,0,"[0, 1]"
97612,7545830,121,0,"[0, 1]"
97612,7545830,63,0,"[0, 1]"
97612,7545830,73,0,"[0, 1]"
97612,7545830,252,0,"[0, 1]"
97612,7545830,137,0,"[0, 1]"
97612,7545830,138,0,"[0, 1]"
97612,7545830,217,0,"[0, 1]"
97612,7545830,193,0,"[0, 1]"
97612,7545830,211,0,"[0, 1]"
97612,7545830,147,0,"[0, 1]"
97612,7545830,192,0,"[0, 1]"
97612,7545830,226,0,"[0, 1]"
97612,7545830,190,0,"[0, 1]"
97612,7545830,180,0,"[0, 1]"
97612,7545830,231,0,"[0, 1]"
97612,7545830,136,0,"[0, 1]"
97612,7545830,155,0,"[0, 1]"
97612,7545830,449,0,"[0, 1]"
97612,7545830,359,0,"[0, 1]"
97612,7545830,419,0,"[0, 1]"
97612,7545830,503,0,"[0, 1]"
97612,7545830,284,0,"[0, 1]"
97612,7545830,334,0,"[0, 1]"
97612,7545830,307,0,"[0, 1]"
97612,7545830,332,0,"[0, 1]"
97612,7545830,270,0,"[0, 1]"
97612,7545830,380,0,"[0, 1]"
97612,7545830,433,0,"[0, 1]"
97612,7545830,438,0,"[0, 1]"
97612,7545830,278,0,"[0, 1]"
97612,7545830,292,0,"[0, 1]"
97612,7545830,402,0,"[0, 1]"
97612,7545830,400,0,"[0, 1]"
97612,7545830,579,0,"[0, 1]"
97612,7545830,977,0,"[0, 1]"
97612,7545830,769,0,"[0, 1]"
97612,7545830,841,0,"[0, 1]"
97612,7545830,916,0,"[0, 1]"
97612,7545830,958,0,"[0, 1]"
97612,7545830,628,0,"[0, 1]"
97612,7545830,612,0,"[0, 1]"
97612,7545830,735,0,"[0, 1]"
97612,7545830,971,0,"[0, 1]"
97612,7545830,999,0,"[0, 1]"
97612,7545830,665,0,"[0, 1]"
97612,7545830,952,0,"[0, 1]"
97612,7545830,994,0,"[0, 1]"
97612,7545830,978,0,"[0, 1]"
97612,7545830,604,0,"[0, 1]"
97612,7545830,607,0,"[0, 1]"
97612,7545830,878,0,"[0, 1]"
97612,7545830,1431,0,"[0, 1]"
97612,7545830,1980,0,"[0, 1]"
97612,7545830,1486,0,"[0, 1]"
97612,7545830,2002,0,"[0, 1]"
97612,7545830,1913,0,"[0, 1]"
97612,7545830,2015,0,"[0, 1]"
97612,7545830,1556,0,"[0, 1]"
97612,7545830,2003,0,"[0, 1]"
97612,7545830,1502,0,"[0, 1]"
97612,7545830,1908,0,"[0, 1]"
97612,7545830,1345,0,"[0, 1]"
97612,7545830,1397,0,"[0, 1]"
97612,7545830,1987,0,"[0, 1]"
97612,7545830,1574,0,"[0, 1]"
97612,7545830,1300,0,"[0, 1]"
97612,7545830,1438,0,"[0, 1]"
97612,7545830,1916,0,"[0, 1]"
97612,7545830,1854,0,"[0, 1]"
97612,7545830,1109,0,"[0, 1]"
97612,7545830,1786,0,"[0, 1]"
97612,7545830,3195,0,"[0, 1]"
97612,7545830,2143,0,"[0, 1]"
97612,7545830,2991,0,"[0, 1]"
97612,7545830,3414,0,"[0, 1]"
97612,7545830,2569,0,"[0, 1]"
97612,7545830,3189,0,"[0, 1]"
97612,7545830,3039,0,"[0, 1]"
97612,7545830,2366,0,"[0, 1]"
97612,7545830,4016,0,"[0, 1]"
97612,7545830,3865,0,"[0, 1]"
97612,7545830,3640,0,"[0, 1]"
97612,7545830,3531,0,"[0, 1]"
97612,7545830,2055,0,"[0, 1]"
97612,7545830,2717,0,"[0, 1]"
97612,7545830,3124,0,"[0, 1]"
97612,7545830,3608,0,"[0, 1]"
97612,7545830,2480,0,"[0, 1]"
97612,7545830,3856,0,"[0, 1]"
97612,7545830,3422,0,"[0, 1]"
97612,7545830,2375,0,"[0, 1]"
97612,7545830,3634,0,"[0, 1]"
97612,7545830,3041,0,"[0, 1]"
97612,7545830,4275,0,"[0, 1]"
97612,7545830,7433767,1,"[0, 1]"
97612,7545830,7405041,1,"[0, 1]"
97612,7545830,7312117,1,"[0, 1]"
97612,7545830,4796,0,"[0, 1]"
97612,7545830,7283746,1,"[0, 1]"
97612,7545830,7416852,1,"[0, 1]"
97612,7545830,4287,0,"[0, 1]"
97612,7545830,7080091,1,"[0, 1]"
97612,7545830,7679629,1,"[0, 1]"
97612,7545830,7259552,1,"[0, 1]"
97612,7545830,7076765,1,"[0, 1]"
97612,7545830,7297666,1,"[0, 1]"
97612,7545830,4220,0,"[0, 1]"
97612,7545830,2609373,1,"[0, 1]"
97612,7545830,7408281,1,"[0, 1]"
97612,7545830,4570,0,"[0, 1]"
97612,7545830,7349555,1,"[0, 1]"
97612,7545830,7492039,1,"[0, 1]"
97612,7545830,7231901,1,"[0, 1]"
97612,7545830,4214678,1,"[0, 1]"
97612,7545830,4181,0,"[0, 1]"
97612,7545830,7198812,1,"[0, 1]"
97612,7545830,4648,0,"[0, 1]"
609104,7545852,7545852,1,"[1, 0]"
609104,7545852,2128,0,"[1, 0]"
609104,7545852,1063,0,"[1, 0]"
609104,7545852,531,0,"[1, 0]"
609104,7545852,265,0,"[1, 0]"
609104,7545852,132,0,"[1, 0]"
609104,7545852,65,0,"[1, 0]"
609104,7545852,32,0,"[1, 0]"
609104,7545852,15,0,"[1, 0]"
609104,7545852,7,0,"[1, 0]"
609104,7545852,3,0,"[1, 0]"
609104,7545852,1,0,"[1, 0]"
609104,7545852,0,0,"[1, 0]"
609104,7545852,1,0,"[0, 1]"
609104,7545852,2,0,"[0, 1]"
609104,7545852,4,0,"[0, 1]"
609104,7545852,5,0,"[0, 1]"
609104,7545852,6,0,"[0, 1]"
609104,7545852,3,0,"[0, 1]"
609104,7545852,9,0,"[0, 1]"
609104,7545852,10,0,"[0, 1]"
609104,7545852,11,0,"[0, 1]"
609104,7545852,14,0,"[0, 1]"
609104,7545852,12,0,"[0, 1]"
609104,7545852,8,0,"[0, 1]"
609104,7545852,27,0,"[0, 1]"
609104,7545852,23,0,"[0, 1]"
609104,7545852,17,0,"[0, 1]"
609104,7545852,19,0,"[0, 1]"
609104,7545852,20,0,"[0, 1]"
609104,7545852,28,0,"[0, 1]"
609104,7545852,22,0,"[0, 1]"
609104,7545852,29,0,"[0, 1]"
609104,7545852,62,0,"[0, 1]"
609104,7545852,56,0,"[0, 1]"
609104,7545852,39,0,"[0, 1]"
609104,7545852,46,0,"[0, 1]"
609104,7545852,49,0,"[0, 1]"
609104,7545852,33,0,"[0, 1]"
609104,7545852,59,0,"[0, 1]"
609104,7545852,61,0,"[0, 1]"
609104,7545852,42,0,"[0, 1]"
609104,7545852,54,0,"[0, 1]"
609104,7545852,70,0,"[0, 1]"
609104,7545852,84,0,"[0, 1]"
609104,7545852,67,0,"[0, 1]"
609104,7545852,86,0,"[0, 1]"
609104,7545852,66,0,"[0, 1]"
609104,7545852,78,0,"[0, 1]"
609104,7545852,88,0,"[0, 1]"
609104,7545852,80,0,"[0, 1]"
609104,7545852,87,0,"[0, 1]"
609104,7545852,113,0,"[0, 1]"
609104,7545852,125,0,"[0, 1]"
609104,7545852,116,0,"[0, 1]"
609104,7545852,188,0,"[0, 1]"
609104,7545852,169,0,"[0, 1]"
609104,7545852,201,0,"[0, 1]"
609104,7545852,214,0,"[0, 1]"
609104,7545852,146,0,"[0, 1]"
609104,7545852,249,0,"[0, 1]"
609104,7545852,242,0,"[0, 1]"
609104,7545852,178,0,"[0, 1]"
609104,7545852,202,0,"[0, 1]"
609104,7545852,130,0,"[0, 1]"
609104,7545852,227,0,"[0, 1]"
609104,7545852,218,0,"[0, 1]"
609104,7545852,184,0,"[0, 1]"
609104,7545852,147,0,"[0, 1]"
609104,7545852,477,0,"[0, 1]"
609104,7545852,303,0,"[0, 1]"
609104,7545852,335,0,"[0, 1]"
609104,7545852,455,0,"[0, 1]"
609104,7545852,300,0,"[0, 1]"
609104,7545852,344,0,"[0, 1]"
609104,7545852,405,0,"[0, 1]"
609104,7545852,355,0,"[0, 1]"
609104,7545852,478,0,"[0, 1]"
609104,7545852,257,0,"[0, 1]"
609104,7545852,297,0,"[0, 1]"
609104,7545852,430,0,"[0, 1]"
609104,7545852,358,0,"[0, 1]"
609104,7545852,272,0,"[0, 1]"
609104,7545852,487,0,"[0, 1]"
609104,7545852,490,0,"[0, 1]"
609104,7545852,896,0,"[0, 1]"
609104,7545852,882,0,"[0, 1]"
609104,7545852,583,0,"[0, 1]"
609104,7545852,664,0,"[0, 1]"
609104,7545852,577,0,"[0, 1]"
609104,7545852,623,0,"[0, 1]"
609104,7545852,784,0,"[0, 1]"
609104,7545852,567,0,"[0, 1]"
609104,7545852,584,0,"[0, 1]"
609104,7545852,660,0,"[0, 1]"
609104,7545852,846,0,"[0, 1]"
609104,7545852,1017,0,"[0, 1]"
609104,7545852,774,0,"[0, 1]"
609104,7545852,562,0,"[0, 1]"
609104,7545852,657,0,"[0, 1]"
609104,7545852,733,0,"[0, 1]"
609104,7545852,881,0,"[0, 1]"
609104,7545852,958,0,"[0, 1]"
609104,7545852,1182,0,"[0, 1]"
609104,7545852,1246,0,"[0, 1]"
609104,7545852,1960,0,"[0, 1]"
609104,7545852,1147,0,"[0, 1]"
609104,7545852,1603,0,"[0, 1]"
609104,7545852,1250,0,"[0, 1]"
609104,7545852,1795,0,"[0, 1]"
609104,7545852,1923,0,"[0, 1]"
609104,7545852,1899,0,"[0, 1]"
609104,7545852,1924,0,"[0, 1]"
609104,7545852,1333,0,"[0, 1]"
609104,7545852,1238,0,"[0, 1]"
609104,7545852,1896,0,"[0, 1]"
609104,7545852,1610,0,"[0, 1]"
609104,7545852,1031,0,"[0, 1]"
609104,7545852,1538,0,"[0, 1]"
609104,7545852,1737,0,"[0, 1]"
609104,7545852,1480,0,"[0, 1]"
609104,7545852,1149,0,"[0, 1]"
609104,7545852,1650,0,"[0, 1]"
609104,7545852,2499,0,"[0, 1]"
609104,7545852,2238,0,"[0, 1]"
609104,7545852,2411,0,"[0, 1]"
609104,7545852,2851,0,"[0, 1]"
609104,7545852,3606,0,"[0, 1]"
609104,7545852,3039,0,"[0, 1]"
609104,7545852,2138,0,"[0, 1]"
609104,7545852,2602,0,"[0, 1]"
609104,7545852,3702,0,"[0, 1]"
609104,7545852,2578,0,"[0, 1]"
609104,7545852,3797,0,"[0, 1]"
609104,7545852,3027,0,"[0, 1]"
609104,7545852,3716,0,"[0, 1]"
609104,7545852,4011,0,"[0, 1]"
609104,7545852,2966,0,"[0, 1]"
609104,7545852,3956,0,"[0, 1]"
609104,7545852,3528,0,"[0, 1]"
609104,7545852,3110,0,"[0, 1]"
609104,7545852,3615,0,"[0, 1]"
609104,7545852,2251,0,"[0, 1]"
609104,7545852,2269,0,"[0, 1]"
609104,7545852,3629,0,"[0, 1]"
609104,7545852,7493515,1,"[0, 1]"
609104,7545852,7594747,1,"[0, 1]"
609104,7545852,7299213,1,"[0, 1]"
609104,7545852,7255675,1,"[0, 1]"
609104,7545852,4521,0,"[0, 1]"
609104,7545852,4154,0,"[0, 1]"
609104,7545852,7687991,1,"[0, 1]"
609104,7545852,7291689,1,"[0, 1]"
609104,7545852,7141911,1,"[0, 1]"
609104,7545852,7261988,1,"[0, 1]"
609104,7545852,7227422,1,"[0, 1]"
609104,7545852,7665867,1,"[0, 1]"
609104,7545852,4859,0,"[0, 1]"
609104,7545852,4798,0,"[0, 1]"
609104,7545852,4599,0,"[0, 1]"
609104,7545852,4933,0,"[0, 1]"
609104,7545852,4792,0,"[0, 1]"
609104,7545852,7110198,1,"[0, 1]"
609104,7545852,7152784,1,"[0, 1]"
609104,7545852,7625543,1,"[0, 1]"
609104,7545852,7464463,1,"[0, 1]"
609104,7545852,4419,0,"[0, 1]"
609104,7545852,1590950,1,"[0, 1]"
609104,7545852,7295281,1,"[0, 1]"
1095982,7545903,7545903,1,"[1, 0]"
1095982,7545903,2973,0,"[1, 0]"
1095982,7545903,1486,0,"[1, 0]"
1095982,7545903,742,0,"[1, 0]"
1095982,7545903,370,0,"[1, 0]"
1095982,7545903,184,0,"[1, 0]"
1095982,7545903,91,0,"[1, 0]"
1095982,7545903,45,0,"[1, 0]"
1095982,7545903,22,0,"[1, 0]"
1095982,7545903,10,0,"[1, 0]"
1095982,7545903,4,0,"[1, 0]"
1095982,7545903,1,0,"[1, 0]"
1095982,7545903,0,0,"[1, 0]"
1095982,7545903,2,0,"[0, 1]"
1095982,7545903,1,0,"[0, 1]"
1095982,7545903,5,0,"[0, 1]"
1095982,7545903,4,0,"[0, 1]"
1095982,7545903,3,0,"[0, 1]"
1095982,7545903,6,0,"[0, 1]"
1095982,7545903,9,0,"[0, 1]"
1095982,7545903,7,0,"[0, 1]"
1095982,7545903,13,0,"[0, 1]"
1095982,7545903,8,0,"[0, 1]"
1095982,7545903,11,0,"[0, 1]"
1095982,7545903,10,0,"[0, 1]"
1095982,7545903,22,0,"[0, 1]"
1095982,7545903,20,0,"[0, 1]"
1095982,7545903,25,0,"[0, 1]"
1095982,7545903,24,0,"[0, 1]"
1095982,7545903,16,0,"[0, 1]"
1095982,7545903,26,0,"[0, 1]"
1095982,7545903,23,0,"[0, 1]"
1095982,7545903,18,0,"[0, 1]"
1095982,7545903,41,0,"[0, 1]"
1095982,7545903,58,0,"[0, 1]"
1095982,7545903,44,0,"[0, 1]"
1095982,7545903,34,0,"[0, 1]"
1095982,7545903,56,0,"[0, 1]"
1095982,7545903,39,0,"[0, 1]"
1095982,7545903,54,0,"[0, 1]"
1095982,7545903,36,0,"[0, 1]"
1095982,7545903,59,0,"[0, 1]"
1095982,7545903,52,0,"[0, 1]"
1095982,7545903,125,0,"[0, 1]"
1095982,7545903,80,0,"[0, 1]"
1095982,7545903,97,0,"[0, 1]"
1095982,7545903,72,0,"[0, 1]"
1095982,7545903,66,0,"[0, 1]"
1095982,7545903,110,0,"[0, 1]"
1095982,7545903,114,0,"[0, 1]"
1095982,7545903,75,0,"[0, 1]"
1095982,7545903,63,0,"[0, 1]"
1095982,7545903,98,0,"[0, 1]"
1095982,7545903,78,0,"[0, 1]"
1095982,7545903,101,0,"[0, 1]"
1095982,7545903,206,0,"[0, 1]"
1095982,7545903,176,0,"[0, 1]"
1095982,7545903,173,0,"[0, 1]"
1095982,7545903,177,0,"[0, 1]"
1095982,7545903,159,0,"[0, 1]"
1095982,7545903,182,0,"[0, 1]"
1095982,7545903,167,0,"[0, 1]"
1095982,7545903,202,0,"[0, 1]"
1095982,7545903,246,0,"[0, 1]"
1095982,7545903,150,0,"[0, 1]"
1095982,7545903,153,0,"[0, 1]"
1095982,7545903,209,0,"[0, 1]"
1095982,7545903,178,0,"[0, 1]"
1095982,7545903,247,0,"[0, 1]"
1095982,7545903,433,0,"[0, 1]"
1095982,7545903,452,0,"[0, 1]"
1095982,7545903,315,0,"[0, 1]"
1095982,7545903,435,0,"[0, 1]"
1095982,7545903,460,0,"[0, 1]"
1095982,7545903,449,0,"[0, 1]"
1095982,7545903,478,0,"[0, 1]"
1095982,7545903,443,0,"[0, 1]"
1095982,7545903,292,0,"[0, 1]"
1095982,7545903,405,0,"[0, 1]"
1095982,7545903,305,0,"[0, 1]"
1095982,7545903,421,0,"[0, 1]"
1095982,7545903,369,0,"[0, 1]"
1095982,7545903,327,0,"[0, 1]"
1095982,7545903,445,0,"[0, 1]"
1095982,7545903,288,0,"[0, 1]"
1095982,7545903,617,0,"[0, 1]"
1095982,7545903,820,0,"[0, 1]"
1095982,7545903,679,0,"[0, 1]"
1095982,7545903,614,0,"[0, 1]"
1095982,7545903,769,0,"[0, 1]"
1095982,7545903,671,0,"[0, 1]"
1095982,7545903,893,0,"[0, 1]"
1095982,7545903,659,0,"[0, 1]"
1095982,7545903,512,0,"[0, 1]"
1095982,7545903,722,0,"[0, 1]"
1095982,7545903,919,0,"[0, 1]"
1095982,7545903,775,0,"[0, 1]"
1095982,7545903,989,0,"[0, 1]"
1095982,7545903,867,0,"[0, 1]"
1095982,7545903,988,0,"[0, 1]"
1095982,7545903,734,0,"[0, 1]"
1095982,7545903,561,0,"[0, 1]"
1095982,7545903,818,0,"[0, 1]"
1095982,7545903,1153,0,"[0, 1]"
1095982,7545903,1975,0,"[0, 1]"
1095982,7545903,1282,0,"[0, 1]"
1095982,7545903,1963,0,"[0, 1]"
1095982,7545903,1239,0,"[0, 1]"
1095982,7545903,2005,0,"[0, 1]"
1095982,7545903,1979,0,"[0, 1]"
1095982,7545903,1371,0,"[0, 1]"
1095982,7545903,1869,0,"[0, 1]"
1095982,7545903,1130,0,"[0, 1]"
1095982,7545903,1297,0,"[0, 1]"
1095982,7545903,1058,0,"[0, 1]"
1095982,7545903,1054,0,"[0, 1]"
1095982,7545903,1749,0,"[0, 1]"
1095982,7545903,2024,0,"[0, 1]"
1095982,7545903,1554,0,"[0, 1]"
1095982,7545903,1459,0,"[0, 1]"
1095982,7545903,1472,0,"[0, 1]"
1095982,7545903,1824,0,"[0, 1]"
1095982,7545903,1452,0,"[0, 1]"
1095982,7545903,2776,0,"[0, 1]"
1095982,7545903,3921,0,"[0, 1]"
1095982,7545903,3258,0,"[0, 1]"
1095982,7545903,3125,0,"[0, 1]"
1095982,7545903,3631,0,"[0, 1]"
1095982,7545903,2638,0,"[0, 1]"
1095982,7545903,2278,0,"[0, 1]"
1095982,7545903,3662,0,"[0, 1]"
1095982,7545903,2235,0,"[0, 1]"
1095982,7545903,3312,0,"[0, 1]"
1095982,7545903,2831,0,"[0, 1]"
1095982,7545903,2871,0,"[0, 1]"
1095982,7545903,2245,0,"[0, 1]"
1095982,7545903,2120,0,"[0, 1]"
1095982,7545903,3356,0,"[0, 1]"
1095982,7545903,2847,0,"[0, 1]"
1095982,7545903,3984,0,"[0, 1]"
1095982,7545903,2479,0,"[0, 1]"
1095982,7545903,2389,0,"[0, 1]"
1095982,7545903,3333,0,"[0, 1]"
1095982,7545903,2812,0,"[0, 1]"
1095982,7545903,2255,0,"[0, 1]"
1095982,7545903,7387480,1,"[0, 1]"
1095982,7545903,7683442,1,"[0, 1]"
1095982,7545903,7367183,1,"[0, 1]"
1095982,7545903,7456507,1,"[0, 1]"
1095982,7545903,7293481,1,"[0, 1]"
1095982,7545903,1216143,1,"[0, 1]"
1095982,7545903,7682793,1,"[0, 1]"
1095982,7545903,7292174,1,"[0, 1]"
1095982,7545903,7285409,1,"[0, 1]"
1095982,7545903,4174,0,"[0, 1]"
1095982,7545903,4486,0,"[0, 1]"
1095982,7545903,7604698,1,"[0, 1]"
1095982,7545903,7638955,1,"[0, 1]"
1095982,7545903,7144391,1,"[0, 1]"
1095982,7545903,7193967,1,"[0, 1]"
1095982,7545903,7104460,1,"[0, 1]"
1095982,7545903,7209267,1,"[0, 1]"
1095982,7545903,7072691,1,"[0, 1]"
1095982,7545903,7633044,1,"[0, 1]"
1095982,7545903,4238,0,"[0, 1]"
1095982,7545903,4560,0,"[0, 1]"
1095982,7545903,4339068,1,"[0, 1]"
1095982,7545903,7525949,1,"[0, 1]"
1095982,7545903,7199549,1,"[0, 1]"
478220,7546064,7546064,1,"[1, 0]"
478220,7546064,4127,0,"[1, 0]"
478220,7546064,2122,0,"[1, 0]"
478220,7546064,1060,0,"[1, 0]"
478220,7546064,529,0,"[1, 0]"
478220,7546064,264,0,"[1, 0]"
478220,7546064,131,0,"[1, 0]"
478220,7546064,65,0,"[1, 0]"
478220,7546064,32,0,"[1, 0]"
478220,7546064,15,0,"[1, 0]"
478220,7546064,7,0,"[1, 0]"
478220,7546064,3,0,"[1, 0]"
478220,7546064,1,0,"[1, 0]"
478220,7546064,0,0,"[1, 0]"
478220,7546064,1,0,"[0, 1]"
478220,7546064,2,0,"[0, 1]"
478220,7546064,4,0,"[0, 1]"
478220,7546064,6,0,"[0, 1]"
478220,7546064,5,0,"[0, 1]"
478220,7546064,3,0,"[0, 1]"
478220,7546064,7,0,"[0, 1]"
478220,7546064,14,0,"[0, 1]"
478220,7546064,9,0,"[0, 1]"
478220,7546064,13,0,"[0, 1]"
478220,7546064,11,0,"[0, 1]"
478220,7546064,12,0,"[0, 1]"
478220,7546064,15,0,"[0, 1]"
478220,7546064,20,0,"[0, 1]"
478220,7546064,27,0,"[0, 1]"
478220,7546064,30,0,"[0, 1]"
478220,7546064,26,0,"[0, 1]"
478220,7546064,21,0,"[0, 1]"
478220,7546064,23,0,"[0, 1]"
478220,7546064,17,0,"[0, 1]"
478220,7546064,60,0,"[0, 1]"
478220,7546064,40,0,"[0, 1]"
478220,7546064,61,0,"[0, 1]"
478220,7546064,48,0,"[0, 1]"
478220,7546064,44,0,"[0, 1]"
478220,7546064,31,0,"[0, 1]"
478220,7546064,37,0,"[0, 1]"
478220,7546064,55,0,"[0, 1]"
478220,7546064,47,0,"[0, 1]"
478220,7546064,39,0,"[0, 1]"
478220,7546064,112,0,"[0, 1]"
478220,7546064,83,0,"[0, 1]"
478220,7546064,106,0,"[0, 1]"
478220,7546064,92,0,"[0, 1]"
478220,7546064,110,0,"[0, 1]"
478220,7546064,76,0,"[0, 1]"
478220,7546064,78,0,"[0, 1]"
478220,7546064,69,0,"[0, 1]"
478220,7546064,73,0,"[0, 1]"
478220,7546064,65,0,"[0, 1]"
478220,7546064,103,0,"[0, 1]"
478220,7546064,100,0,"[0, 1]"
478220,7546064,148,0,"[0, 1]"
478220,7546064,188,0,"[0, 1]"
478220,7546064,185,0,"[0, 1]"
478220,7546064,238,0,"[0, 1]"
478220,7546064,219,0,"[0, 1]"
478220,7546064,146,0,"[0, 1]"
478220,7546064,152,0,"[0, 1]"
478220,7546064,194,0,"[0, 1]"
478220,7546064,129,0,"[0, 1]"
478220,7546064,251,0,"[0, 1]"
478220,7546064,232,0,"[0, 1]"
478220,7546064,156,0,"[0, 1]"
478220,7546064,128,0,"[0, 1]"
478220,7546064,160,0,"[0, 1]"
478220,7546064,474,0,"[0, 1]"
478220,7546064,308,0,"[0, 1]"
478220,7546064,425,0,"[0, 1]"
478220,7546064,477,0,"[0, 1]"
478220,7546064,255,0,"[0, 1]"
478220,7546064,465,0,"[0, 1]"
478220,7546064,289,0,"[0, 1]"
478220,7546064,340,0,"[0, 1]"
478220,7546064,454,0,"[0, 1]"
478220,7546064,500,0,"[0, 1]"
478220,7546064,417,0,"[0, 1]"
478220,7546064,293,0,"[0, 1]"
478220,7546064,490,0,"[0, 1]"
478220,7546064,295,0,"[0, 1]"
478220,7546064,488,0,"[0, 1]"
478220,7546064,311,0,"[0, 1]"
478220,7546064,820,0,"[0, 1]"
478220,7546064,534,0,"[0, 1]"
478220,7546064,794,0,"[0, 1]"
478220,7546064,1007,0,"[0, 1]"
478220,7546064,919,0,"[0, 1]"
478220,7546064,995,0,"[0, 1]"
478220,7546064,735,0,"[0, 1]"
478220,7546064,780,0,"[0, 1]"
478220,7546064,733,0,"[0, 1]"
478220,7546064,586,0,"[0, 1]"
478220,7546064,649,0,"[0, 1]"
478220,7546064,847,0,"[0, 1]"
478220,7546064,604,0,"[0, 1]"
478220,7546064,1018,0,"[0, 1]"
478220,7546064,663,0,"[0, 1]"
478220,7546064,777,0,"[0, 1]"
478220,7546064,968,0,"[0, 1]"
478220,7546064,596,0,"[0, 1]"
478220,7546064,1935,0,"[0, 1]"
478220,7546064,1122,0,"[0, 1]"
478220,7546064,1180,0,"[0, 1]"
478220,7546064,1858,0,"[0, 1]"
478220,7546064,1213,0,"[0, 1]"
478220,7546064,1674,0,"[0, 1]"
478220,7546064,1528,0,"[0, 1]"
478220,7546064,1509,0,"[0, 1]"
478220,7546064,1474,0,"[0, 1]"
478220,7546064,1209,0,"[0, 1]"
478220,7546064,1056,0,"[0, 1]"
478220,7546064,1207,0,"[0, 1]"
478220,7546064,1712,0,"[0, 1]"
478220,7546064,1721,0,"[0, 1]"
478220,7546064,1324,0,"[0, 1]"
478220,7546064,1393,0,"[0, 1]"
478220,7546064,1854,0,"[0, 1]"
478220,7546064,1907,0,"[0, 1]"
478220,7546064,1287,0,"[0, 1]"
478220,7546064,1114,0,"[0, 1]"
478220,7546064,2190,0,"[0, 1]"
478220,7546064,3704,0,"[0, 1]"
478220,7546064,2760,0,"[0, 1]"
478220,7546064,2165,0,"[0, 1]"
478220,7546064,3375,0,"[0, 1]"
478220,7546064,3065,0,"[0, 1]"
478220,7546064,4013,0,"[0, 1]"
478220,7546064,3019,0,"[0, 1]"
478220,7546064,3584,0,"[0, 1]"
478220,7546064,3003,0,"[0, 1]"
478220,7546064,2308,0,"[0, 1]"
478220,7546064,3774,0,"[0, 1]"
478220,7546064,3180,0,"[0, 1]"
478220,7546064,3363,0,"[0, 1]"
478220,7546064,2640,0,"[0, 1]"
478220,7546064,3289,0,"[0, 1]"
478220,7546064,3764,0,"[0, 1]"
478220,7546064,3478,0,"[0, 1]"
478220,7546064,3641,0,"[0, 1]"
478220,7546064,3570,0,"[0, 1]"
478220,7546064,3269,0,"[0, 1]"
478220,7546064,2257,0,"[0, 1]"
478220,7546064,7136558,1,"[0, 1]"
478220,7546064,7320560,1,"[0, 1]"
478220,7546064,4122,0,"[0, 1]"
478220,7546064,7363701,1,"[0, 1]"
478220,7546064,7229185,1,"[0, 1]"
478220,7546064,598109,1,"[0, 1]"
478220,7546064,4975,0,"[0, 1]"
478220,7546064,4242,0,"[0, 1]"
478220,7546064,1967245,1,"[0, 1]"
478220,7546064,4200,0,"[0, 1]"
478220,7546064,7268909,1,"[0, 1]"
478220,7546064,7639666,1,"[0, 1]"
478220,7546064,7140105,1,"[0, 1]"
478220,7546064,7356751,1,"[0, 1]"
478220,7546064,7509051,1,"[0, 1]"
478220,7546064,7206717,1,"[0, 1]"
478220,7546064,7248448,1,"[0, 1]"
478220,7546064,7307244,1,"[0, 1]"
478220,7546064,7589197,1,"[0, 1]"
478220,7546064,7212184,1,"[0, 1]"
478220,7546064,7643831,1,"[0, 1]"
478220,7546064,4235,0,"[0, 1]"
478220,7546064,7674753,1,"[0, 1]"
478220,7546064,4201,0,"[0, 1]"
478220,7546064,7657626,1,"[0, 1]"
478220,7546064,7193473,1,"[0, 1]"
478220,7546064,7237129,1,"[0, 1]"
478220,7546064,7276704,1,"[0, 1]"
478220,7546064,7165819,1,"[0, 1]"
478220,7546064,7634688,1,"[0, 1]"
478220,7546064,7258856,1,"[0, 1]"
478220,7546064,7132363,1,"[0, 1]"
478220,7546064,7149789,1,"[0, 1]"
478220,7546064,7099522,1,"[0, 1]"
478220,7546064,7207568,1,"[0, 1]"
478220,7546064,7470999,1,"[0, 1]"
478220,7546064,7584178,1,"[0, 1]"
478220,7546064,7321899,1,"[0, 1]"
478220,7546064,7141624,1,"[0, 1]"
478220,7546064,7102408,1,"[0, 1]"
478220,7546064,7377418,1,"[0, 1]"
478220,7546064,7089653,1,"[0, 1]"
478220,7546064,7229202,1,"[0, 1]"
478220,7546064,7283549,1,"[0, 1]"
478220,7546064,7670720,1,"[0, 1]"
478220,7546064,7215392,1,"[0, 1]"
478220,7546064,7613590,1,"[0, 1]"
478220,7546064,7482805,1,"[0, 1]"
478220,7546064,7509756,1,"[0, 1]"
478220,7546064,7450295,1,"[0, 1]"
575096,7546569,7546569,1,"[1, 0]"
575096,7546569,2188,0,"[1, 0]"
575096,7546569,1093,0,"[1, 0]"
575096,7546569,546,0,"[1, 0]"
575096,7546569,272,0,"[1, 0]"
575096,7546569,135,0,"[1, 0]"
575096,7546569,67,0,"[1, 0]"
575096,7546569,33,0,"[1, 0]"
575096,7546569,16,0,"[1, 0]"
575096,7546569,7,0,"[1, 0]"
575096,7546569,3,0,"[1, 0]"
575096,7546569,1,0,"[1, 0]"
575096,7546569,0,0,"[1, 0]"
575096,7546569,1,0,"[0, 1]"
575096,7546569,2,0,"[0, 1]"
575096,7546569,5,0,"[0, 1]"
575096,7546569,6,0,"[0, 1]"
575096,7546569,3,0,"[0, 1]"
575096,7546569,4,0,"[0, 1]"
575096,7546569,8,0,"[0, 1]"
575096,7546569,7,0,"[0, 1]"
575096,7546569,10,0,"[0, 1]"
575096,7546569,12,0,"[0, 1]"
575096,7546569,14,0,"[0, 1]"
575096,7546569,9,0,"[0, 1]"
575096,7546569,29,0,"[0, 1]"
575096,7546569,18,0,"[0, 1]"
575096,7546569,28,0,"[0, 1]"
575096,7546569,25,0,"[0, 1]"
575096,7546569,17,0,"[0, 1]"
575096,7546569,22,0,"[0, 1]"
575096,7546569,20,0,"[0, 1]"
575096,7546569,24,0,"[0, 1]"
575096,7546569,42,0,"[0, 1]"
575096,7546569,35,0,"[0, 1]"
575096,7546569,32,0,"[0, 1]"
575096,7546569,58,0,"[0, 1]"
575096,7546569,34,0,"[0, 1]"
575096,7546569,31,0,"[0, 1]"
575096,7546569,44,0,"[0, 1]"
575096,7546569,41,0,"[0, 1]"
575096,7546569,53,0,"[0, 1]"
575096,7546569,54,0,"[0, 1]"
575096,7546569,102,0,"[0, 1]"
575096,7546569,97,0,"[0, 1]"
575096,7546569,75,0,"[0, 1]"
575096,7546569,101,0,"[0, 1]"
575096,7546569,73,0,"[0, 1]"
575096,7546569,68,0,"[0, 1]"
575096,7546569,69,0,"[0, 1]"
575096,7546569,123,0,"[0, 1]"
575096,7546569,89,0,"[0, 1]"
575096,7546569,63,0,"[0, 1]"
575096,7546569,74,0,"[0, 1]"
575096,7546569,71,0,"[0, 1]"
575096,7546569,173,0,"[0, 1]"
575096,7546569,253,0,"[0, 1]"
575096,7546569,248,0,"[0, 1]"
575096,7546569,204,0,"[0, 1]"
575096,7546569,222,0,"[0, 1]"
575096,7546569,148,0,"[0, 1]"
575096,7546569,241,0,"[0, 1]"
575096,7546569,199,0,"[0, 1]"
575096,7546569,215,0,"[0, 1]"
575096,7546569,138,0,"[0, 1]"
575096,7546569,135,0,"[0, 1]"
575096,7546569,205,0,"[0, 1]"
575096,7546569,172,0,"[0, 1]"
575096,7546569,134,0,"[0, 1]"
575096,7546569,406,0,"[0, 1]"
575096,7546569,462,0,"[0, 1]"
575096,7546569,460,0,"[0, 1]"
575096,7546569,395,0,"[0, 1]"
575096,7546569,470,0,"[0, 1]"
575096,7546569,389,0,"[0, 1]"
575096,7546569,372,0,"[0, 1]"
575096,7546569,444,0,"[0, 1]"
575096,7546569,428,0,"[0, 1]"
575096,7546569,279,0,"[0, 1]"
575096,7546569,317,0,"[0, 1]"
575096,7546569,426,0,"[0, 1]"
575096,7546569,476,0,"[0, 1]"
575096,7546569,267,0,"[0, 1]"
575096,7546569,326,0,"[0, 1]"
575096,7546569,386,0,"[0, 1]"
575096,7546569,845,0,"[0, 1]"
575096,7546569,1019,0,"[0, 1]"
575096,7546569,544,0,"[0, 1]"
575096,7546569,688,0,"[0, 1]"
575096,7546569,895,0,"[0, 1]"
575096,7546569,881,0,"[0, 1]"
575096,7546569,677,0,"[0, 1]"
575096,7546569,950,0,"[0, 1]"
575096,7546569,643,0,"[0, 1]"
575096,7546569,828,0,"[0, 1]"
575096,7546569,915,0,"[0, 1]"
575096,7546569,980,0,"[0, 1]"
575096,7546569,962,0,"[0, 1]"
575096,7546569,554,0,"[0, 1]"
575096,7546569,563,0,"[0, 1]"
575096,7546569,687,0,"[0, 1]"
575096,7546569,622,0,"[0, 1]"
575096,7546569,646,0,"[0, 1]"
575096,7546569,1725,0,"[0, 1]"
575096,7546569,1602,0,"[0, 1]"
575096,7546569,1132,0,"[0, 1]"
575096,7546569,1864,0,"[0, 1]"
575096,7546569,1977,0,"[0, 1]"
575096,7546569,1919,0,"[0, 1]"
575096,7546569,1876,0,"[0, 1]"
575096,7546569,1555,0,"[0, 1]"
575096,7546569,1912,0,"[0, 1]"
575096,7546569,1835,0,"[0, 1]"
575096,7546569,1222,0,"[0, 1]"
575096,7546569,1886,0,"[0, 1]"
575096,7546569,1421,0,"[0, 1]"
575096,7546569,1074,0,"[0, 1]"
575096,7546569,1632,0,"[0, 1]"
575096,7546569,1761,0,"[0, 1]"
575096,7546569,1781,0,"[0, 1]"
575096,7546569,1838,0,"[0, 1]"
575096,7546569,1530,0,"[0, 1]"
575096,7546569,1971,0,"[0, 1]"
575096,7546569,2060,0,"[0, 1]"
575096,7546569,3365,0,"[0, 1]"
575096,7546569,3056,0,"[0, 1]"
575096,7546569,3820,0,"[0, 1]"
575096,7546569,3741,0,"[0, 1]"
575096,7546569,2959,0,"[0, 1]"
575096,7546569,3839,0,"[0, 1]"
575096,7546569,3339,0,"[0, 1]"
575096,7546569,2515,0,"[0, 1]"
575096,7546569,2324,0,"[0, 1]"
575096,7546569,2186,0,"[0, 1]"
575096,7546569,3523,0,"[0, 1]"
575096,7546569,2995,0,"[0, 1]"
575096,7546569,3064,0,"[0, 1]"
575096,7546569,3732,0,"[0, 1]"
575096,7546569,2609,0,"[0, 1]"
575096,7546569,2938,0,"[0, 1]"
575096,7546569,2856,0,"[0, 1]"
575096,7546569,3207,0,"[0, 1]"
575096,7546569,2457,0,"[0, 1]"
575096,7546569,2518,0,"[0, 1]"
575096,7546569,2253,0,"[0, 1]"
575096,7546569,7643825,1,"[0, 1]"
575096,7546569,7660004,1,"[0, 1]"
575096,7546569,7322359,1,"[0, 1]"
575096,7546569,7416200,1,"[0, 1]"
575096,7546569,316035,1,"[0, 1]"
575096,7546569,7170192,1,"[0, 1]"
575096,7546569,7279379,1,"[0, 1]"
575096,7546569,7670556,1,"[0, 1]"
575096,7546569,4480,0,"[0, 1]"
575096,7546569,770222,1,"[0, 1]"
575096,7546569,4499,0,"[0, 1]"
575096,7546569,905454,1,"[0, 1]"
575096,7546569,2097896,1,"[0, 1]"
575096,7546569,4818,0,"[0, 1]"
575096,7546569,7129076,1,"[0, 1]"
575096,7546569,4671299,1,"[0, 1]"
575096,7546569,7500436,1,"[0, 1]"
575096,7546569,4289,0,"[0, 1]"
575096,7546569,7329732,1,"[0, 1]"
575096,7546569,7262574,1,"[0, 1]"
575096,7546569,7147182,1,"[0, 1]"
575096,7546569,4296,0,"[0, 1]"
575096,7546569,4611,0,"[0, 1]"
575096,7546569,7246634,1,"[0, 1]"
417902,7546693,7546693,1,"[1, 0]"
417902,7546693,2130,0,"[1, 0]"
417902,7546693,1064,0,"[1, 0]"
417902,7546693,531,0,"[1, 0]"
417902,7546693,265,0,"[1, 0]"
417902,7546693,132,0,"[1, 0]"
417902,7546693,65,0,"[1, 0]"
417902,7546693,32,0,"[1, 0]"
417902,7546693,15,0,"[1, 0]"
417902,7546693,7,0,"[1, 0]"
417902,7546693,3,0,"[1, 0]"
417902,7546693,1,0,"[1, 0]"
417902,7546693,0,0,"[1, 0]"
417902,7546693,2,0,"[0, 1]"
417902,7546693,1,0,"[0, 1]"
417902,7546693,5,0,"[0, 1]"
417902,7546693,6,0,"[0, 1]"
417902,7546693,3,0,"[0, 1]"
417902,7546693,4,0,"[0, 1]"
417902,7546693,11,0,"[0, 1]"
417902,7546693,7,0,"[0, 1]"
417902,7546693,14,0,"[0, 1]"
417902,7546693,13,0,"[0, 1]"
417902,7546693,9,0,"[0, 1]"
417902,7546693,12,0,"[0, 1]"
417902,7546693,28,0,"[0, 1]"
417902,7546693,20,0,"[0, 1]"
417902,7546693,18,0,"[0, 1]"
417902,7546693,23,0,"[0, 1]"
417902,7546693,30,0,"[0, 1]"
417902,7546693,22,0,"[0, 1]"
417902,7546693,17,0,"[0, 1]"
417902,7546693,27,0,"[0, 1]"
417902,7546693,60,0,"[0, 1]"
417902,7546693,50,0,"[0, 1]"
417902,7546693,53,0,"[0, 1]"
417902,7546693,48,0,"[0, 1]"
417902,7546693,35,0,"[0, 1]"
417902,7546693,46,0,"[0, 1]"
417902,7546693,34,0,"[0, 1]"
417902,7546693,54,0,"[0, 1]"
417902,7546693,37,0,"[0, 1]"
417902,7546693,36,0,"[0, 1]"
417902,7546693,80,0,"[0, 1]"
417902,7546693,114,0,"[0, 1]"
417902,7546693,92,0,"[0, 1]"
417902,7546693,91,0,"[0, 1]"
417902,7546693,99,0,"[0, 1]"
417902,7546693,88,0,"[0, 1]"
417902,7546693,66,0,"[0, 1]"
417902,7546693,94,0,"[0, 1]"
417902,7546693,86,0,"[0, 1]"
417902,7546693,124,0,"[0, 1]"
417902,7546693,78,0,"[0, 1]"
417902,7546693,95,0,"[0, 1]"
417902,7546693,252,0,"[0, 1]"
417902,7546693,135,0,"[0, 1]"
417902,7546693,174,0,"[0, 1]"
417902,7546693,218,0,"[0, 1]"
417902,7546693,171,0,"[0, 1]"
417902,7546693,253,0,"[0, 1]"
417902,7546693,250,0,"[0, 1]"
417902,7546693,140,0,"[0, 1]"
417902,7546693,227,0,"[0, 1]"
417902,7546693,232,0,"[0, 1]"
417902,7546693,161,0,"[0, 1]"
417902,7546693,228,0,"[0, 1]"
417902,7546693,244,0,"[0, 1]"
417902,7546693,242,0,"[0, 1]"
417902,7546693,265,0,"[0, 1]"
417902,7546693,263,0,"[0, 1]"
417902,7546693,308,0,"[0, 1]"
417902,7546693,507,0,"[0, 1]"
417902,7546693,262,0,"[0, 1]"
417902,7546693,460,0,"[0, 1]"
417902,7546693,273,0,"[0, 1]"
417902,7546693,380,0,"[0, 1]"
417902,7546693,332,0,"[0, 1]"
417902,7546693,471,0,"[0, 1]"
417902,7546693,289,0,"[0, 1]"
417902,7546693,425,0,"[0, 1]"
417902,7546693,453,0,"[0, 1]"
417902,7546693,303,0,"[0, 1]"
417902,7546693,376,0,"[0, 1]"
417902,7546693,424,0,"[0, 1]"
417902,7546693,792,0,"[0, 1]"
417902,7546693,566,0,"[0, 1]"
417902,7546693,702,0,"[0, 1]"
417902,7546693,949,0,"[0, 1]"
417902,7546693,887,0,"[0, 1]"
417902,7546693,683,0,"[0, 1]"
417902,7546693,524,0,"[0, 1]"
417902,7546693,1010,0,"[0, 1]"
417902,7546693,880,0,"[0, 1]"
417902,7546693,533,0,"[0, 1]"
417902,7546693,833,0,"[0, 1]"
417902,7546693,823,0,"[0, 1]"
417902,7546693,554,0,"[0, 1]"
417902,7546693,658,0,"[0, 1]"
417902,7546693,900,0,"[0, 1]"
417902,7546693,788,0,"[0, 1]"
417902,7546693,853,0,"[0, 1]"
417902,7546693,930,0,"[0, 1]"
417902,7546693,1983,0,"[0, 1]"
417902,7546693,1407,0,"[0, 1]"
417902,7546693,1626,0,"[0, 1]"
417902,7546693,1417,0,"[0, 1]"
417902,7546693,1952,0,"[0, 1]"
417902,7546693,1790,0,"[0, 1]"
417902,7546693,1242,0,"[0, 1]"
417902,7546693,1732,0,"[0, 1]"
417902,7546693,1942,0,"[0, 1]"
417902,7546693,1525,0,"[0, 1]"
417902,7546693,1549,0,"[0, 1]"
417902,7546693,1320,0,"[0, 1]"
417902,7546693,1799,0,"[0, 1]"
417902,7546693,1632,0,"[0, 1]"
417902,7546693,1922,0,"[0, 1]"
417902,7546693,1797,0,"[0, 1]"
417902,7546693,2044,0,"[0, 1]"
417902,7546693,1973,0,"[0, 1]"
417902,7546693,1238,0,"[0, 1]"
417902,7546693,1062,0,"[0, 1]"
417902,7546693,2740,0,"[0, 1]"
417902,7546693,2930,0,"[0, 1]"
417902,7546693,2793,0,"[0, 1]"
417902,7546693,2829,0,"[0, 1]"
417902,7546693,2766,0,"[0, 1]"
417902,7546693,3396,0,"[0, 1]"
417902,7546693,2075,0,"[0, 1]"
417902,7546693,2253,0,"[0, 1]"
417902,7546693,3663,0,"[0, 1]"
417902,7546693,2389,0,"[0, 1]"
417902,7546693,3880,0,"[0, 1]"
417902,7546693,3776,0,"[0, 1]"
417902,7546693,3014,0,"[0, 1]"
417902,7546693,3387,0,"[0, 1]"
417902,7546693,2958,0,"[0, 1]"
417902,7546693,3103,0,"[0, 1]"
417902,7546693,2224,0,"[0, 1]"
417902,7546693,3227,0,"[0, 1]"
417902,7546693,3574,0,"[0, 1]"
417902,7546693,3155,0,"[0, 1]"
417902,7546693,3433,0,"[0, 1]"
417902,7546693,2159,0,"[0, 1]"
417902,7546693,7451812,1,"[0, 1]"
417902,7546693,7606657,1,"[0, 1]"
417902,7546693,7677230,1,"[0, 1]"
417902,7546693,7494666,1,"[0, 1]"
417902,7546693,4574,0,"[0, 1]"
417902,7546693,7467573,1,"[0, 1]"
417902,7546693,7655081,1,"[0, 1]"
417902,7546693,7492052,1,"[0, 1]"
417902,7546693,7079065,1,"[0, 1]"
417902,7546693,7483172,1,"[0, 1]"
417902,7546693,7665868,1,"[0, 1]"
417902,7546693,7435833,1,"[0, 1]"
417902,7546693,7287675,1,"[0, 1]"
417902,7546693,7278560,1,"[0, 1]"
417902,7546693,7136558,1,"[0, 1]"
417902,7546693,7202337,1,"[0, 1]"
417902,7546693,7470508,1,"[0, 1]"
417902,7546693,7136987,1,"[0, 1]"
417902,7546693,7461865,1,"[0, 1]"
417902,7546693,4153,0,"[0, 1]"
417902,7546693,7517018,1,"[0, 1]"
417902,7546693,4755,0,"[0, 1]"
417902,7546693,7104460,1,"[0, 1]"
417902,7546693,7549372,1,"[0, 1]"
399414,7546744,7546744,1,"[1, 0]"
399414,7546744,3660,0,"[1, 0]"
399414,7546744,1829,0,"[1, 0]"
399414,7546744,914,0,"[1, 0]"
399414,7546744,456,0,"[1, 0]"
399414,7546744,227,0,"[1, 0]"
399414,7546744,113,0,"[1, 0]"
399414,7546744,56,0,"[1, 0]"
399414,7546744,27,0,"[1, 0]"
399414,7546744,13,0,"[1, 0]"
399414,7546744,6,0,"[1, 0]"
399414,7546744,2,0,"[1, 0]"
399414,7546744,0,0,"[1, 0]"
399414,7546744,2,0,"[0, 1]"
399414,7546744,1,0,"[0, 1]"
399414,7546744,6,0,"[0, 1]"
399414,7546744,3,0,"[0, 1]"
399414,7546744,5,0,"[0, 1]"
399414,7546744,4,0,"[0, 1]"
399414,7546744,12,0,"[0, 1]"
399414,7546744,7,0,"[0, 1]"
399414,7546744,8,0,"[0, 1]"
399414,7546744,14,0,"[0, 1]"
399414,7546744,10,0,"[0, 1]"
399414,7546744,11,0,"[0, 1]"
399414,7546744,21,0,"[0, 1]"
399414,7546744,15,0,"[0, 1]"
399414,7546744,28,0,"[0, 1]"
399414,7546744,19,0,"[0, 1]"
399414,7546744,22,0,"[0, 1]"
399414,7546744,17,0,"[0, 1]"
399414,7546744,24,0,"[0, 1]"
399414,7546744,23,0,"[0, 1]"
399414,7546744,47,0,"[0, 1]"
399414,7546744,58,0,"[0, 1]"
399414,7546744,44,0,"[0, 1]"
399414,7546744,48,0,"[0, 1]"
399414,7546744,49,0,"[0, 1]"
399414,7546744,61,0,"[0, 1]"
399414,7546744,46,0,"[0, 1]"
399414,7546744,36,0,"[0, 1]"
399414,7546744,59,0,"[0, 1]"
399414,7546744,54,0,"[0, 1]"
399414,7546744,66,0,"[0, 1]"
399414,7546744,114,0,"[0, 1]"
399414,7546744,88,0,"[0, 1]"
399414,7546744,86,0,"[0, 1]"
399414,7546744,91,0,"[0, 1]"
399414,7546744,94,0,"[0, 1]"
399414,7546744,118,0,"[0, 1]"
399414,7546744,109,0,"[0, 1]"
399414,7546744,119,0,"[0, 1]"
399414,7546744,80,0,"[0, 1]"
399414,7546744,98,0,"[0, 1]"
399414,7546744,97,0,"[0, 1]"
399414,7546744,239,0,"[0, 1]"
399414,7546744,203,0,"[0, 1]"
399414,7546744,223,0,"[0, 1]"
399414,7546744,153,0,"[0, 1]"
399414,7546744,191,0,"[0, 1]"
399414,7546744,175,0,"[0, 1]"
399414,7546744,152,0,"[0, 1]"
399414,7546744,246,0,"[0, 1]"
399414,7546744,216,0,"[0, 1]"
399414,7546744,248,0,"[0, 1]"
399414,7546744,129,0,"[0, 1]"
399414,7546744,176,0,"[0, 1]"
399414,7546744,180,0,"[0, 1]"
399414,7546744,194,0,"[0, 1]"
399414,7546744,312,0,"[0, 1]"
399414,7546744,502,0,"[0, 1]"
399414,7546744,270,0,"[0, 1]"
399414,7546744,498,0,"[0, 1]"
399414,7546744,264,0,"[0, 1]"
399414,7546744,300,0,"[0, 1]"
399414,7546744,285,0,"[0, 1]"
399414,7546744,289,0,"[0, 1]"
399414,7546744,496,0,"[0, 1]"
399414,7546744,377,0,"[0, 1]"
399414,7546744,268,0,"[0, 1]"
399414,7546744,297,0,"[0, 1]"
399414,7546744,343,0,"[0, 1]"
399414,7546744,495,0,"[0, 1]"
399414,7546744,335,0,"[0, 1]"
399414,7546744,413,0,"[0, 1]"
399414,7546744,892,0,"[0, 1]"
399414,7546744,671,0,"[0, 1]"
399414,7546744,556,0,"[0, 1]"
399414,7546744,798,0,"[0, 1]"
399414,7546744,536,0,"[0, 1]"
399414,7546744,652,0,"[0, 1]"
399414,7546744,947,0,"[0, 1]"
399414,7546744,643,0,"[0, 1]"
399414,7546744,893,0,"[0, 1]"
399414,7546744,590,0,"[0, 1]"
399414,7546744,861,0,"[0, 1]"
399414,7546744,916,0,"[0, 1]"
399414,7546744,783,0,"[0, 1]"
399414,7546744,571,0,"[0, 1]"
399414,7546744,724,0,"[0, 1]"
399414,7546744,815,0,"[0, 1]"
399414,7546744,761,0,"[0, 1]"
399414,7546744,810,0,"[0, 1]"
399414,7546744,1100,0,"[0, 1]"
399414,7546744,1418,0,"[0, 1]"
399414,7546744,1830,0,"[0, 1]"
399414,7546744,1960,0,"[0, 1]"
399414,7546744,1936,0,"[0, 1]"
399414,7546744,1382,0,"[0, 1]"
399414,7546744,1783,0,"[0, 1]"
399414,7546744,1885,0,"[0, 1]"
399414,7546744,1490,0,"[0, 1]"
399414,7546744,1210,0,"[0, 1]"
399414,7546744,1180,0,"[0, 1]"
399414,7546744,1529,0,"[0, 1]"
399414,7546744,1214,0,"[0, 1]"
399414,7546744,1511,0,"[0, 1]"
399414,7546744,1054,0,"[0, 1]"
399414,7546744,1879,0,"[0, 1]"
399414,7546744,1040,0,"[0, 1]"
399414,7546744,1555,0,"[0, 1]"
399414,7546744,1950,0,"[0, 1]"
399414,7546744,1455,0,"[0, 1]"
399414,7546744,2556,0,"[0, 1]"
399414,7546744,2048,0,"[0, 1]"
399414,7546744,3655,0,"[0, 1]"
399414,7546744,3985,0,"[0, 1]"
399414,7546744,2399,0,"[0, 1]"
399414,7546744,2912,0,"[0, 1]"
399414,7546744,2544,0,"[0, 1]"
399414,7546744,2372,0,"[0, 1]"
399414,7546744,4041,0,"[0, 1]"
399414,7546744,3781,0,"[0, 1]"
399414,7546744,2113,0,"[0, 1]"
399414,7546744,2284,0,"[0, 1]"
399414,7546744,3272,0,"[0, 1]"
399414,7546744,3608,0,"[0, 1]"
399414,7546744,3327,0,"[0, 1]"
399414,7546744,3167,0,"[0, 1]"
399414,7546744,3840,0,"[0, 1]"
399414,7546744,2401,0,"[0, 1]"
399414,7546744,3283,0,"[0, 1]"
399414,7546744,3635,0,"[0, 1]"
399414,7546744,3124,0,"[0, 1]"
399414,7546744,3434,0,"[0, 1]"
399414,7546744,4662,0,"[0, 1]"
399414,7546744,7141911,1,"[0, 1]"
399414,7546744,2158849,1,"[0, 1]"
399414,7546744,4455,0,"[0, 1]"
399414,7546744,7091089,1,"[0, 1]"
399414,7546744,7498688,1,"[0, 1]"
399414,7546744,7474543,1,"[0, 1]"
399414,7546744,7593721,1,"[0, 1]"
399414,7546744,7610789,1,"[0, 1]"
399414,7546744,7290474,1,"[0, 1]"
399414,7546744,7152150,1,"[0, 1]"
399414,7546744,4664,0,"[0, 1]"
399414,7546744,4354,0,"[0, 1]"
399414,7546744,7275128,1,"[0, 1]"
399414,7546744,7543353,1,"[0, 1]"
399414,7546744,7163370,1,"[0, 1]"
399414,7546744,7358322,1,"[0, 1]"
399414,7546744,7294084,1,"[0, 1]"
399414,7546744,4422,0,"[0, 1]"
399414,7546744,4799,0,"[0, 1]"
399414,7546744,7279141,1,"[0, 1]"
399414,7546744,7428337,1,"[0, 1]"
399414,7546744,7454451,1,"[0, 1]"
399414,7546744,4985,0,"[0, 1]"
458110,7546818,7546818,1,"[1, 0]"
458110,7546818,4220,0,"[1, 0]"
458110,7546818,2329,0,"[1, 0]"
458110,7546818,1164,0,"[1, 0]"
458110,7546818,581,0,"[1, 0]"
458110,7546818,290,0,"[1, 0]"
458110,7546818,144,0,"[1, 0]"
458110,7546818,71,0,"[1, 0]"
458110,7546818,35,0,"[1, 0]"
458110,7546818,17,0,"[1, 0]"
458110,7546818,8,0,"[1, 0]"
458110,7546818,3,0,"[1, 0]"
458110,7546818,1,0,"[1, 0]"
458110,7546818,0,0,"[1, 0]"
458110,7546818,1,0,"[0, 1]"
458110,7546818,2,0,"[0, 1]"
458110,7546818,6,0,"[0, 1]"
458110,7546818,4,0,"[0, 1]"
458110,7546818,3,0,"[0, 1]"
458110,7546818,5,0,"[0, 1]"
458110,7546818,7,0,"[0, 1]"
458110,7546818,8,0,"[0, 1]"
458110,7546818,12,0,"[0, 1]"
458110,7546818,11,0,"[0, 1]"
458110,7546818,10,0,"[0, 1]"
458110,7546818,9,0,"[0, 1]"
458110,7546818,21,0,"[0, 1]"
458110,7546818,17,0,"[0, 1]"
458110,7546818,28,0,"[0, 1]"
458110,7546818,24,0,"[0, 1]"
458110,7546818,25,0,"[0, 1]"
458110,7546818,19,0,"[0, 1]"
458110,7546818,16,0,"[0, 1]"
458110,7546818,20,0,"[0, 1]"
458110,7546818,47,0,"[0, 1]"
458110,7546818,50,0,"[0, 1]"
458110,7546818,58,0,"[0, 1]"
458110,7546818,49,0,"[0, 1]"
458110,7546818,51,0,"[0, 1]"
458110,7546818,37,0,"[0, 1]"
458110,7546818,54,0,"[0, 1]"
458110,7546818,45,0,"[0, 1]"
458110,7546818,35,0,"[0, 1]"
458110,7546818,62,0,"[0, 1]"
458110,7546818,89,0,"[0, 1]"
458110,7546818,123,0,"[0, 1]"
458110,7546818,80,0,"[0, 1]"
458110,7546818,102,0,"[0, 1]"
458110,7546818,94,0,"[0, 1]"
458110,7546818,103,0,"[0, 1]"
458110,7546818,116,0,"[0, 1]"
458110,7546818,85,0,"[0, 1]"
458110,7546818,104,0,"[0, 1]"
458110,7546818,106,0,"[0, 1]"
458110,7546818,78,0,"[0, 1]"
458110,7546818,84,0,"[0, 1]"
458110,7546818,141,0,"[0, 1]"
458110,7546818,127,0,"[0, 1]"
458110,7546818,164,0,"[0, 1]"
458110,7546818,217,0,"[0, 1]"
458110,7546818,245,0,"[0, 1]"
458110,7546818,171,0,"[0, 1]"
458110,7546818,177,0,"[0, 1]"
458110,7546818,175,0,"[0, 1]"
458110,7546818,191,0,"[0, 1]"
458110,7546818,160,0,"[0, 1]"
458110,7546818,183,0,"[0, 1]"
458110,7546818,242,0,"[0, 1]"
458110,7546818,232,0,"[0, 1]"
458110,7546818,150,0,"[0, 1]"
458110,7546818,375,0,"[0, 1]"
458110,7546818,326,0,"[0, 1]"
458110,7546818,402,0,"[0, 1]"
458110,7546818,270,0,"[0, 1]"
458110,7546818,460,0,"[0, 1]"
458110,7546818,256,0,"[0, 1]"
458110,7546818,280,0,"[0, 1]"
458110,7546818,369,0,"[0, 1]"
458110,7546818,343,0,"[0, 1]"
458110,7546818,281,0,"[0, 1]"
458110,7546818,463,0,"[0, 1]"
458110,7546818,282,0,"[0, 1]"
458110,7546818,279,0,"[0, 1]"
458110,7546818,492,0,"[0, 1]"
458110,7546818,304,0,"[0, 1]"
458110,7546818,275,0,"[0, 1]"
458110,7546818,989,0,"[0, 1]"
458110,7546818,1010,0,"[0, 1]"
458110,7546818,718,0,"[0, 1]"
458110,7546818,709,0,"[0, 1]"
458110,7546818,652,0,"[0, 1]"
458110,7546818,661,0,"[0, 1]"
458110,7546818,679,0,"[0, 1]"
458110,7546818,833,0,"[0, 1]"
458110,7546818,626,0,"[0, 1]"
458110,7546818,788,0,"[0, 1]"
458110,7546818,858,0,"[0, 1]"
458110,7546818,609,0,"[0, 1]"
458110,7546818,946,0,"[0, 1]"
458110,7546818,627,0,"[0, 1]"
458110,7546818,683,0,"[0, 1]"
458110,7546818,860,0,"[0, 1]"
458110,7546818,918,0,"[0, 1]"
458110,7546818,943,0,"[0, 1]"
458110,7546818,1452,0,"[0, 1]"
458110,7546818,1652,0,"[0, 1]"
458110,7546818,1207,0,"[0, 1]"
458110,7546818,1576,0,"[0, 1]"
458110,7546818,1263,0,"[0, 1]"
458110,7546818,1167,0,"[0, 1]"
458110,7546818,1117,0,"[0, 1]"
458110,7546818,1854,0,"[0, 1]"
458110,7546818,1521,0,"[0, 1]"
458110,7546818,1046,0,"[0, 1]"
458110,7546818,1472,0,"[0, 1]"
458110,7546818,1084,0,"[0, 1]"
458110,7546818,1570,0,"[0, 1]"
458110,7546818,1049,0,"[0, 1]"
458110,7546818,1537,0,"[0, 1]"
458110,7546818,1622,0,"[0, 1]"
458110,7546818,1162,0,"[0, 1]"
458110,7546818,1739,0,"[0, 1]"
458110,7546818,1731,0,"[0, 1]"
458110,7546818,1901,0,"[0, 1]"
458110,7546818,3164,0,"[0, 1]"
458110,7546818,3737,0,"[0, 1]"
458110,7546818,2656,0,"[0, 1]"
458110,7546818,2595,0,"[0, 1]"
458110,7546818,2238,0,"[0, 1]"
458110,7546818,2757,0,"[0, 1]"
458110,7546818,2295,0,"[0, 1]"
458110,7546818,3143,0,"[0, 1]"
458110,7546818,2413,0,"[0, 1]"
458110,7546818,2319,0,"[0, 1]"
458110,7546818,3336,0,"[0, 1]"
458110,7546818,4058,0,"[0, 1]"
458110,7546818,2120,0,"[0, 1]"
458110,7546818,2424,0,"[0, 1]"
458110,7546818,2071,0,"[0, 1]"
458110,7546818,3149,0,"[0, 1]"
458110,7546818,3974,0,"[0, 1]"
458110,7546818,3728,0,"[0, 1]"
458110,7546818,2138,0,"[0, 1]"
458110,7546818,2545,0,"[0, 1]"
458110,7546818,2793,0,"[0, 1]"
458110,7546818,3725,0,"[0, 1]"
458110,7546818,330839,1,"[0, 1]"
458110,7546818,7136745,1,"[0, 1]"
458110,7546818,7214323,1,"[0, 1]"
458110,7546818,7137181,1,"[0, 1]"
458110,7546818,7633123,1,"[0, 1]"
458110,7546818,7476054,1,"[0, 1]"
458110,7546818,7490442,1,"[0, 1]"
458110,7546818,7179425,1,"[0, 1]"
458110,7546818,7235182,1,"[0, 1]"
458110,7546818,7640131,1,"[0, 1]"
458110,7546818,4801,0,"[0, 1]"
458110,7546818,7539763,1,"[0, 1]"
458110,7546818,7147182,1,"[0, 1]"
458110,7546818,7297024,1,"[0, 1]"
458110,7546818,4212,0,"[0, 1]"
458110,7546818,7660004,1,"[0, 1]"
458110,7546818,4195,0,"[0, 1]"
458110,7546818,7280067,1,"[0, 1]"
458110,7546818,7389177,1,"[0, 1]"
458110,7546818,7094594,1,"[0, 1]"
458110,7546818,4132,0,"[0, 1]"
458110,7546818,7443887,1,"[0, 1]"
458110,7546818,2059913,1,"[0, 1]"
458110,7546818,7269685,1,"[0, 1]"
458110,7546818,7582675,1,"[0, 1]"
458110,7546818,7273990,1,"[0, 1]"
458110,7546818,7537962,1,"[0, 1]"
458110,7546818,5705062,1,"[0, 1]"
458110,7546818,7639945,1,"[0, 1]"
458110,7546818,7200025,1,"[0, 1]"
458110,7546818,358202,1,"[0, 1]"
458110,7546818,7555314,1,"[0, 1]"
458110,7546818,7071066,1,"[0, 1]"
458110,7546818,7627224,1,"[0, 1]"
458110,7546818,7211513,1,"[0, 1]"
458110,7546818,7407089,1,"[0, 1]"
458110,7546818,7496366,1,"[0, 1]"
458110,7546818,7406317,1,"[0, 1]"
458110,7546818,1565843,1,"[0, 1]"
458110,7546818,7245812,1,"[0, 1]"
458110,7546818,42676,1,"[0, 1]"
458110,7546818,7462251,1,"[0, 1]"
458110,7546818,7539951,1,"[0, 1]"
458110,7546818,7125784,1,"[0, 1]"
458110,7546818,4984328,1,"[0, 1]"
458110,7546818,7159370,1,"[0, 1]"
458110,7546818,658625,1,"[0, 1]"
458110,7546818,4662804,1,"[0, 1]"
458110,7546818,7501074,1,"[0, 1]"
458110,7546818,7506336,1,"[0, 1]"
1095971,7546838,7546838,1,"[1, 0]"
1095971,7546838,4490,0,"[1, 0]"
1095971,7546838,2943,0,"[1, 0]"
1095971,7546838,1471,0,"[1, 0]"
1095971,7546838,735,0,"[1, 0]"
1095971,7546838,367,0,"[1, 0]"
1095971,7546838,183,0,"[1, 0]"
1095971,7546838,91,0,"[1, 0]"
1095971,7546838,45,0,"[1, 0]"
1095971,7546838,22,0,"[1, 0]"
1095971,7546838,10,0,"[1, 0]"
1095971,7546838,4,0,"[1, 0]"
1095971,7546838,1,0,"[1, 0]"
1095971,7546838,0,0,"[1, 0]"
1095971,7546838,2,0,"[0, 1]"
1095971,7546838,1,0,"[0, 1]"
1095971,7546838,6,0,"[0, 1]"
1095971,7546838,3,0,"[0, 1]"
1095971,7546838,4,0,"[0, 1]"
1095971,7546838,5,0,"[0, 1]"
1095971,7546838,10,0,"[0, 1]"
1095971,7546838,12,0,"[0, 1]"
1095971,7546838,7,0,"[0, 1]"
1095971,7546838,9,0,"[0, 1]"
1095971,7546838,8,0,"[0, 1]"
1095971,7546838,14,0,"[0, 1]"
1095971,7546838,22,0,"[0, 1]"
1095971,7546838,21,0,"[0, 1]"
1095971,7546838,20,0,"[0, 1]"
1095971,7546838,17,0,"[0, 1]"
1095971,7546838,29,0,"[0, 1]"
1095971,7546838,28,0,"[0, 1]"
1095971,7546838,15,0,"[0, 1]"
1095971,7546838,26,0,"[0, 1]"
1095971,7546838,42,0,"[0, 1]"
1095971,7546838,43,0,"[0, 1]"
1095971,7546838,55,0,"[0, 1]"
1095971,7546838,44,0,"[0, 1]"
1095971,7546838,49,0,"[0, 1]"
1095971,7546838,53,0,"[0, 1]"
1095971,7546838,38,0,"[0, 1]"
1095971,7546838,34,0,"[0, 1]"
1095971,7546838,31,0,"[0, 1]"
1095971,7546838,48,0,"[0, 1]"
1095971,7546838,99,0,"[0, 1]"
1095971,7546838,96,0,"[0, 1]"
1095971,7546838,101,0,"[0, 1]"
1095971,7546838,77,0,"[0, 1]"
1095971,7546838,68,0,"[0, 1]"
1095971,7546838,75,0,"[0, 1]"
1095971,7546838,123,0,"[0, 1]"
1095971,7546838,115,0,"[0, 1]"
1095971,7546838,114,0,"[0, 1]"
1095971,7546838,87,0,"[0, 1]"
1095971,7546838,104,0,"[0, 1]"
1095971,7546838,94,0,"[0, 1]"
1095971,7546838,227,0,"[0, 1]"
1095971,7546838,189,0,"[0, 1]"
1095971,7546838,232,0,"[0, 1]"
1095971,7546838,237,0,"[0, 1]"
1095971,7546838,180,0,"[0, 1]"
1095971,7546838,140,0,"[0, 1]"
1095971,7546838,230,0,"[0, 1]"
1095971,7546838,229,0,"[0, 1]"
1095971,7546838,226,0,"[0, 1]"
1095971,7546838,247,0,"[0, 1]"
1095971,7546838,179,0,"[0, 1]"
1095971,7546838,168,0,"[0, 1]"
1095971,7546838,234,0,"[0, 1]"
1095971,7546838,174,0,"[0, 1]"
1095971,7546838,421,0,"[0, 1]"
1095971,7546838,467,0,"[0, 1]"
1095971,7546838,480,0,"[0, 1]"
1095971,7546838,444,0,"[0, 1]"
1095971,7546838,377,0,"[0, 1]"
1095971,7546838,312,0,"[0, 1]"
1095971,7546838,496,0,"[0, 1]"
1095971,7546838,297,0,"[0, 1]"
1095971,7546838,331,0,"[0, 1]"
1095971,7546838,373,0,"[0, 1]"
1095971,7546838,418,0,"[0, 1]"
1095971,7546838,258,0,"[0, 1]"
1095971,7546838,438,0,"[0, 1]"
1095971,7546838,448,0,"[0, 1]"
1095971,7546838,275,0,"[0, 1]"
1095971,7546838,262,0,"[0, 1]"
1095971,7546838,643,0,"[0, 1]"
1095971,7546838,834,0,"[0, 1]"
1095971,7546838,515,0,"[0, 1]"
1095971,7546838,539,0,"[0, 1]"
1095971,7546838,696,0,"[0, 1]"
1095971,7546838,737,0,"[0, 1]"
1095971,7546838,969,0,"[0, 1]"
1095971,7546838,703,0,"[0, 1]"
1095971,7546838,644,0,"[0, 1]"
1095971,7546838,951,0,"[0, 1]"
1095971,7546838,522,0,"[0, 1]"
1095971,7546838,794,0,"[0, 1]"
1095971,7546838,791,0,"[0, 1]"
1095971,7546838,523,0,"[0, 1]"
1095971,7546838,763,0,"[0, 1]"
1095971,7546838,977,0,"[0, 1]"
1095971,7546838,752,0,"[0, 1]"
1095971,7546838,931,0,"[0, 1]"
1095971,7546838,1455,0,"[0, 1]"
1095971,7546838,1996,0,"[0, 1]"
1095971,7546838,1295,0,"[0, 1]"
1095971,7546838,1770,0,"[0, 1]"
1095971,7546838,1690,0,"[0, 1]"
1095971,7546838,1823,0,"[0, 1]"
1095971,7546838,2012,0,"[0, 1]"
1095971,7546838,1360,0,"[0, 1]"
1095971,7546838,1722,0,"[0, 1]"
1095971,7546838,1375,0,"[0, 1]"
1095971,7546838,1833,0,"[0, 1]"
1095971,7546838,1717,0,"[0, 1]"
1095971,7546838,1497,0,"[0, 1]"
1095971,7546838,1109,0,"[0, 1]"
1095971,7546838,1846,0,"[0, 1]"
1095971,7546838,1243,0,"[0, 1]"
1095971,7546838,1221,0,"[0, 1]"
1095971,7546838,1688,0,"[0, 1]"
1095971,7546838,1234,0,"[0, 1]"
1095971,7546838,1055,0,"[0, 1]"
1095971,7546838,2589,0,"[0, 1]"
1095971,7546838,3749,0,"[0, 1]"
1095971,7546838,3265,0,"[0, 1]"
1095971,7546838,4093,0,"[0, 1]"
1095971,7546838,3377,0,"[0, 1]"
1095971,7546838,2513,0,"[0, 1]"
1095971,7546838,2424,0,"[0, 1]"
1095971,7546838,3557,0,"[0, 1]"
1095971,7546838,3616,0,"[0, 1]"
1095971,7546838,3394,0,"[0, 1]"
1095971,7546838,2896,0,"[0, 1]"
1095971,7546838,2338,0,"[0, 1]"
1095971,7546838,2359,0,"[0, 1]"
1095971,7546838,2081,0,"[0, 1]"
1095971,7546838,2843,0,"[0, 1]"
1095971,7546838,2674,0,"[0, 1]"
1095971,7546838,3855,0,"[0, 1]"
1095971,7546838,3455,0,"[0, 1]"
1095971,7546838,4090,0,"[0, 1]"
1095971,7546838,3760,0,"[0, 1]"
1095971,7546838,2226,0,"[0, 1]"
1095971,7546838,3934,0,"[0, 1]"
1095971,7546838,7078350,1,"[0, 1]"
1095971,7546838,7473138,1,"[0, 1]"
1095971,7546838,1944454,1,"[0, 1]"
1095971,7546838,4350,0,"[0, 1]"
1095971,7546838,7373458,1,"[0, 1]"
1095971,7546838,4730338,1,"[0, 1]"
1095971,7546838,4486,0,"[0, 1]"
1095971,7546838,4477,0,"[0, 1]"
1095971,7546838,7302021,1,"[0, 1]"
1095971,7546838,7471189,1,"[0, 1]"
1095971,7546838,7092036,1,"[0, 1]"
1095971,7546838,7151276,1,"[0, 1]"
1095971,7546838,7070950,1,"[0, 1]"
1095971,7546838,3239670,1,"[0, 1]"
1095971,7546838,7279379,1,"[0, 1]"
1095971,7546838,7368996,1,"[0, 1]"
1095971,7546838,7526753,1,"[0, 1]"
1095971,7546838,4355,0,"[0, 1]"
1095971,7546838,7254481,1,"[0, 1]"
1095971,7546838,7576808,1,"[0, 1]"
1095971,7546838,4480,0,"[0, 1]"
1095971,7546838,7316188,1,"[0, 1]"
1095971,7546838,7262315,1,"[0, 1]"
1095971,7546838,7211181,1,"[0, 1]"
1095971,7546838,85696,1,"[0, 1]"
1095971,7546838,7610005,1,"[0, 1]"
1095971,7546838,4984328,1,"[0, 1]"
1095971,7546838,7372977,1,"[0, 1]"
1095971,7546838,7287995,1,"[0, 1]"
1095971,7546838,7154462,1,"[0, 1]"
1095971,7546838,7145489,1,"[0, 1]"
1095971,7546838,7643666,1,"[0, 1]"
1095971,7546838,7570725,1,"[0, 1]"
1095971,7546838,7239542,1,"[0, 1]"
1095971,7546838,7636872,1,"[0, 1]"
1095971,7546838,7593979,1,"[0, 1]"
1095971,7546838,7103529,1,"[0, 1]"
1095971,7546838,7071066,1,"[0, 1]"
1095971,7546838,6388976,1,"[0, 1]"
1095971,7546838,2041081,1,"[0, 1]"
1095971,7546838,7601337,1,"[0, 1]"
1095971,7546838,7453550,1,"[0, 1]"
1095971,7546838,7406933,1,"[0, 1]"
1095971,7546838,7373194,1,"[0, 1]"
1095971,7546838,7234407,1,"[0, 1]"
1095971,7546838,7343719,1,"[0, 1]"
1095971,7546838,7203082,1,"[0, 1]"
1095971,7546838,7088809,1,"[0, 1]"
1095971,7546838,7363961,1,"[0, 1]"
1095971,7546838,1063820,1,"[0, 1]"
692955,7547124,7547124,1,"[1, 0]"
692955,7547124,3894,0,"[1, 0]"
692955,7547124,1946,0,"[1, 0]"
692955,7547124,972,0,"[1, 0]"
692955,7547124,485,0,"[1, 0]"
692955,7547124,242,0,"[1, 0]"
692955,7547124,120,0,"[1, 0]"
692955,7547124,59,0,"[1, 0]"
692955,7547124,29,0,"[1, 0]"
692955,7547124,14,0,"[1, 0]"
692955,7547124,6,0,"[1, 0]"
692955,7547124,2,0,"[1, 0]"
692955,7547124,0,0,"[1, 0]"
692955,7547124,1,0,"[0, 1]"
692955,7547124,2,0,"[0, 1]"
692955,7547124,5,0,"[0, 1]"
692955,7547124,6,0,"[0, 1]"
692955,7547124,3,0,"[0, 1]"
692955,7547124,4,0,"[0, 1]"
692955,7547124,10,0,"[0, 1]"
692955,7547124,14,0,"[0, 1]"
692955,7547124,9,0,"[0, 1]"
692955,7547124,13,0,"[0, 1]"
692955,7547124,12,0,"[0, 1]"
692955,7547124,11,0,"[0, 1]"
692955,7547124,30,0,"[0, 1]"
692955,7547124,29,0,"[0, 1]"
692955,7547124,25,0,"[0, 1]"
692955,7547124,24,0,"[0, 1]"
692955,7547124,17,0,"[0, 1]"
692955,7547124,27,0,"[0, 1]"
692955,7547124,20,0,"[0, 1]"
692955,7547124,18,0,"[0, 1]"
692955,7547124,43,0,"[0, 1]"
692955,7547124,52,0,"[0, 1]"
692955,7547124,56,0,"[0, 1]"
692955,7547124,57,0,"[0, 1]"
692955,7547124,41,0,"[0, 1]"
692955,7547124,47,0,"[0, 1]"
692955,7547124,55,0,"[0, 1]"
692955,7547124,54,0,"[0, 1]"
692955,7547124,62,0,"[0, 1]"
692955,7547124,36,0,"[0, 1]"
692955,7547124,108,0,"[0, 1]"
692955,7547124,88,0,"[0, 1]"
692955,7547124,83,0,"[0, 1]"
692955,7547124,107,0,"[0, 1]"
692955,7547124,100,0,"[0, 1]"
692955,7547124,69,0,"[0, 1]"
692955,7547124,122,0,"[0, 1]"
692955,7547124,104,0,"[0, 1]"
692955,7547124,74,0,"[0, 1]"
692955,7547124,66,0,"[0, 1]"
692955,7547124,63,0,"[0, 1]"
692955,7547124,85,0,"[0, 1]"
692955,7547124,127,0,"[0, 1]"
692955,7547124,203,0,"[0, 1]"
692955,7547124,152,0,"[0, 1]"
692955,7547124,197,0,"[0, 1]"
692955,7547124,218,0,"[0, 1]"
692955,7547124,157,0,"[0, 1]"
692955,7547124,238,0,"[0, 1]"
692955,7547124,181,0,"[0, 1]"
692955,7547124,198,0,"[0, 1]"
692955,7547124,253,0,"[0, 1]"
692955,7547124,219,0,"[0, 1]"
692955,7547124,231,0,"[0, 1]"
692955,7547124,153,0,"[0, 1]"
692955,7547124,191,0,"[0, 1]"
692955,7547124,318,0,"[0, 1]"
692955,7547124,432,0,"[0, 1]"
692955,7547124,331,0,"[0, 1]"
692955,7547124,507,0,"[0, 1]"
692955,7547124,393,0,"[0, 1]"
692955,7547124,483,0,"[0, 1]"
692955,7547124,263,0,"[0, 1]"
692955,7547124,458,0,"[0, 1]"
692955,7547124,408,0,"[0, 1]"
692955,7547124,377,0,"[0, 1]"
692955,7547124,426,0,"[0, 1]"
692955,7547124,440,0,"[0, 1]"
692955,7547124,391,0,"[0, 1]"
692955,7547124,369,0,"[0, 1]"
692955,7547124,489,0,"[0, 1]"
692955,7547124,387,0,"[0, 1]"
692955,7547124,975,0,"[0, 1]"
692955,7547124,1006,0,"[0, 1]"
692955,7547124,681,0,"[0, 1]"
692955,7547124,899,0,"[0, 1]"
692955,7547124,978,0,"[0, 1]"
692955,7547124,587,0,"[0, 1]"
692955,7547124,747,0,"[0, 1]"
692955,7547124,776,0,"[0, 1]"
692955,7547124,932,0,"[0, 1]"
692955,7547124,806,0,"[0, 1]"
692955,7547124,909,0,"[0, 1]"
692955,7547124,926,0,"[0, 1]"
692955,7547124,524,0,"[0, 1]"
692955,7547124,626,0,"[0, 1]"
692955,7547124,513,0,"[0, 1]"
692955,7547124,953,0,"[0, 1]"
692955,7547124,662,0,"[0, 1]"
692955,7547124,558,0,"[0, 1]"
692955,7547124,1056,0,"[0, 1]"
692955,7547124,1551,0,"[0, 1]"
692955,7547124,1429,0,"[0, 1]"
692955,7547124,1990,0,"[0, 1]"
692955,7547124,1123,0,"[0, 1]"
692955,7547124,1768,0,"[0, 1]"
692955,7547124,1277,0,"[0, 1]"
692955,7547124,1796,0,"[0, 1]"
692955,7547124,1726,0,"[0, 1]"
692955,7547124,1153,0,"[0, 1]"
692955,7547124,1234,0,"[0, 1]"
692955,7547124,1348,0,"[0, 1]"
692955,7547124,1083,0,"[0, 1]"
692955,7547124,1172,0,"[0, 1]"
692955,7547124,1534,0,"[0, 1]"
692955,7547124,1077,0,"[0, 1]"
692955,7547124,1295,0,"[0, 1]"
692955,7547124,1047,0,"[0, 1]"
692955,7547124,1133,0,"[0, 1]"
692955,7547124,1614,0,"[0, 1]"
692955,7547124,2292,0,"[0, 1]"
692955,7547124,3615,0,"[0, 1]"
692955,7547124,3417,0,"[0, 1]"
692955,7547124,2213,0,"[0, 1]"
692955,7547124,2985,0,"[0, 1]"
692955,7547124,2875,0,"[0, 1]"
692955,7547124,3970,0,"[0, 1]"
692955,7547124,4011,0,"[0, 1]"
692955,7547124,2766,0,"[0, 1]"
692955,7547124,3293,0,"[0, 1]"
692955,7547124,2443,0,"[0, 1]"
692955,7547124,3492,0,"[0, 1]"
692955,7547124,4094,0,"[0, 1]"
692955,7547124,3747,0,"[0, 1]"
692955,7547124,2583,0,"[0, 1]"
692955,7547124,4059,0,"[0, 1]"
692955,7547124,2517,0,"[0, 1]"
692955,7547124,3325,0,"[0, 1]"
692955,7547124,2805,0,"[0, 1]"
692955,7547124,3955,0,"[0, 1]"
692955,7547124,3510,0,"[0, 1]"
692955,7547124,3608,0,"[0, 1]"
692955,7547124,7206355,1,"[0, 1]"
692955,7547124,7188025,1,"[0, 1]"
692955,7547124,7506366,1,"[0, 1]"
692955,7547124,7429193,1,"[0, 1]"
692955,7547124,7500436,1,"[0, 1]"
692955,7547124,6709287,1,"[0, 1]"
692955,7547124,7492225,1,"[0, 1]"
692955,7547124,4671223,1,"[0, 1]"
692955,7547124,4475,0,"[0, 1]"
692955,7547124,4462,0,"[0, 1]"
692955,7547124,7154492,1,"[0, 1]"
692955,7547124,162312,1,"[0, 1]"
692955,7547124,7196311,1,"[0, 1]"
692955,7547124,7462962,1,"[0, 1]"
692955,7547124,7646257,1,"[0, 1]"
692955,7547124,7482263,1,"[0, 1]"
692955,7547124,4954,0,"[0, 1]"
692955,7547124,7443688,1,"[0, 1]"
692955,7547124,7329090,1,"[0, 1]"
692955,7547124,7637191,1,"[0, 1]"
692955,7547124,7319497,1,"[0, 1]"
692955,7547124,7517450,1,"[0, 1]"
692955,7547124,7134213,1,"[0, 1]"
692955,7547124,7541334,1,"[0, 1]"
422600,7547189,7547189,1,"[1, 0]"
422600,7547189,4951,0,"[1, 0]"
422600,7547189,3989,0,"[1, 0]"
422600,7547189,1994,0,"[1, 0]"
422600,7547189,996,0,"[1, 0]"
422600,7547189,497,0,"[1, 0]"
422600,7547189,248,0,"[1, 0]"
422600,7547189,123,0,"[1, 0]"
422600,7547189,61,0,"[1, 0]"
422600,7547189,30,0,"[1, 0]"
422600,7547189,14,0,"[1, 0]"
422600,7547189,6,0,"[1, 0]"
422600,7547189,2,0,"[1, 0]"
422600,7547189,0,0,"[1, 0]"
422600,7547189,2,0,"[0, 1]"
422600,7547189,1,0,"[0, 1]"
422600,7547189,4,0,"[0, 1]"
422600,7547189,5,0,"[0, 1]"
422600,7547189,3,0,"[0, 1]"
422600,7547189,6,0,"[0, 1]"
422600,7547189,13,0,"[0, 1]"
422600,7547189,14,0,"[0, 1]"
422600,7547189,12,0,"[0, 1]"
422600,7547189,10,0,"[0, 1]"
422600,7547189,7,0,"[0, 1]"
422600,7547189,9,0,"[0, 1]"
422600,7547189,25,0,"[0, 1]"
422600,7547189,16,0,"[0, 1]"
422600,7547189,17,0,"[0, 1]"
422600,7547189,27,0,"[0, 1]"
422600,7547189,23,0,"[0, 1]"
422600,7547189,19,0,"[0, 1]"
422600,7547189,20,0,"[0, 1]"
422600,7547189,28,0,"[0, 1]"
422600,7547189,57,0,"[0, 1]"
422600,7547189,42,0,"[0, 1]"
422600,7547189,59,0,"[0, 1]"
422600,7547189,46,0,"[0, 1]"
422600,7547189,56,0,"[0, 1]"
422600,7547189,36,0,"[0, 1]"
422600,7547189,33,0,"[0, 1]"
422600,7547189,61,0,"[0, 1]"
422600,7547189,48,0,"[0, 1]"
422600,7547189,39,0,"[0, 1]"
422600,7547189,86,0,"[0, 1]"
422600,7547189,115,0,"[0, 1]"
422600,7547189,113,0,"[0, 1]"
422600,7547189,121,0,"[0, 1]"
422600,7547189,118,0,"[0, 1]"
422600,7547189,122,0,"[0, 1]"
422600,7547189,84,0,"[0, 1]"
422600,7547189,68,0,"[0, 1]"
422600,7547189,81,0,"[0, 1]"
422600,7547189,65,0,"[0, 1]"
422600,7547189,123,0,"[0, 1]"
422600,7547189,63,0,"[0, 1]"
422600,7547189,244,0,"[0, 1]"
422600,7547189,170,0,"[0, 1]"
422600,7547189,215,0,"[0, 1]"
422600,7547189,156,0,"[0, 1]"
422600,7547189,153,0,"[0, 1]"
422600,7547189,134,0,"[0, 1]"
422600,7547189,159,0,"[0, 1]"
422600,7547189,238,0,"[0, 1]"
422600,7547189,232,0,"[0, 1]"
422600,7547189,233,0,"[0, 1]"
422600,7547189,180,0,"[0, 1]"
422600,7547189,145,0,"[0, 1]"
422600,7547189,224,0,"[0, 1]"
422600,7547189,136,0,"[0, 1]"
422600,7547189,258,0,"[0, 1]"
422600,7547189,357,0,"[0, 1]"
422600,7547189,355,0,"[0, 1]"
422600,7547189,280,0,"[0, 1]"
422600,7547189,368,0,"[0, 1]"
422600,7547189,383,0,"[0, 1]"
422600,7547189,445,0,"[0, 1]"
422600,7547189,420,0,"[0, 1]"
422600,7547189,416,0,"[0, 1]"
422600,7547189,313,0,"[0, 1]"
422600,7547189,430,0,"[0, 1]"
422600,7547189,480,0,"[0, 1]"
422600,7547189,453,0,"[0, 1]"
422600,7547189,318,0,"[0, 1]"
422600,7547189,281,0,"[0, 1]"
422600,7547189,460,0,"[0, 1]"
422600,7547189,724,0,"[0, 1]"
422600,7547189,843,0,"[0, 1]"
422600,7547189,558,0,"[0, 1]"
422600,7547189,911,0,"[0, 1]"
422600,7547189,735,0,"[0, 1]"
422600,7547189,732,0,"[0, 1]"
422600,7547189,645,0,"[0, 1]"
422600,7547189,892,0,"[0, 1]"
422600,7547189,896,0,"[0, 1]"
422600,7547189,927,0,"[0, 1]"
422600,7547189,542,0,"[0, 1]"
422600,7547189,779,0,"[0, 1]"
422600,7547189,725,0,"[0, 1]"
422600,7547189,653,0,"[0, 1]"
422600,7547189,1005,0,"[0, 1]"
422600,7547189,822,0,"[0, 1]"
422600,7547189,853,0,"[0, 1]"
422600,7547189,696,0,"[0, 1]"
422600,7547189,1224,0,"[0, 1]"
422600,7547189,1312,0,"[0, 1]"
422600,7547189,1482,0,"[0, 1]"
422600,7547189,1879,0,"[0, 1]"
422600,7547189,1550,0,"[0, 1]"
422600,7547189,1947,0,"[0, 1]"
422600,7547189,1247,0,"[0, 1]"
422600,7547189,1024,0,"[0, 1]"
422600,7547189,1615,0,"[0, 1]"
422600,7547189,1255,0,"[0, 1]"
422600,7547189,1315,0,"[0, 1]"
422600,7547189,1858,0,"[0, 1]"
422600,7547189,1781,0,"[0, 1]"
422600,7547189,1080,0,"[0, 1]"
422600,7547189,1150,0,"[0, 1]"
422600,7547189,1554,0,"[0, 1]"
422600,7547189,1846,0,"[0, 1]"
422600,7547189,1129,0,"[0, 1]"
422600,7547189,1167,0,"[0, 1]"
422600,7547189,1281,0,"[0, 1]"
422600,7547189,3856,0,"[0, 1]"
422600,7547189,2763,0,"[0, 1]"
422600,7547189,2894,0,"[0, 1]"
422600,7547189,2122,0,"[0, 1]"
422600,7547189,2598,0,"[0, 1]"
422600,7547189,3560,0,"[0, 1]"
422600,7547189,2114,0,"[0, 1]"
422600,7547189,2629,0,"[0, 1]"
422600,7547189,2519,0,"[0, 1]"
422600,7547189,2645,0,"[0, 1]"
422600,7547189,4092,0,"[0, 1]"
422600,7547189,2655,0,"[0, 1]"
422600,7547189,4000,0,"[0, 1]"
422600,7547189,3145,0,"[0, 1]"
422600,7547189,2847,0,"[0, 1]"
422600,7547189,2675,0,"[0, 1]"
422600,7547189,2735,0,"[0, 1]"
422600,7547189,2745,0,"[0, 1]"
422600,7547189,2267,0,"[0, 1]"
422600,7547189,2738,0,"[0, 1]"
422600,7547189,2522,0,"[0, 1]"
422600,7547189,2651,0,"[0, 1]"
422600,7547189,7163703,1,"[0, 1]"
422600,7547189,7295725,1,"[0, 1]"
422600,7547189,7169984,1,"[0, 1]"
422600,7547189,7329090,1,"[0, 1]"
422600,7547189,7627419,1,"[0, 1]"
422600,7547189,7304676,1,"[0, 1]"
422600,7547189,7685957,1,"[0, 1]"
422600,7547189,7274589,1,"[0, 1]"
422600,7547189,4395,0,"[0, 1]"
422600,7547189,3259271,1,"[0, 1]"
422600,7547189,7153209,1,"[0, 1]"
422600,7547189,7641623,1,"[0, 1]"
422600,7547189,7642464,1,"[0, 1]"
422600,7547189,7379136,1,"[0, 1]"
422600,7547189,7416552,1,"[0, 1]"
422600,7547189,7531043,1,"[0, 1]"
422600,7547189,7324973,1,"[0, 1]"
422600,7547189,7155348,1,"[0, 1]"
422600,7547189,4262196,1,"[0, 1]"
422600,7547189,7682753,1,"[0, 1]"
422600,7547189,4874,0,"[0, 1]"
422600,7547189,7144619,1,"[0, 1]"
422600,7547189,7555467,1,"[0, 1]"
422600,7547189,7587602,1,"[0, 1]"
422600,7547189,49241,1,"[0, 1]"
422600,7547189,7119147,1,"[0, 1]"
422600,7547189,2269086,1,"[0, 1]"
422600,7547189,7193374,1,"[0, 1]"
422600,7547189,7118416,1,"[0, 1]"
422600,7547189,7183362,1,"[0, 1]"
422600,7547189,7599091,1,"[0, 1]"
422600,7547189,7586203,1,"[0, 1]"
422600,7547189,7483117,1,"[0, 1]"
422600,7547189,7183892,1,"[0, 1]"
422600,7547189,7410620,1,"[0, 1]"
422600,7547189,7238461,1,"[0, 1]"
422600,7547189,7595984,1,"[0, 1]"
422600,7547189,7281533,1,"[0, 1]"
422600,7547189,7411576,1,"[0, 1]"
422600,7547189,526189,1,"[0, 1]"
422600,7547189,6000672,1,"[0, 1]"
422600,7547189,7674927,1,"[0, 1]"
422600,7547189,7482499,1,"[0, 1]"
422600,7547189,7368329,1,"[0, 1]"
422600,7547189,7283549,1,"[0, 1]"
422600,7547189,7615909,1,"[0, 1]"
422600,7547189,7477943,1,"[0, 1]"
422600,7547189,7161448,1,"[0, 1]"
422600,7547189,7429974,1,"[0, 1]"
422600,7547189,7219650,1,"[0, 1]"
1095966,7547353,7547353,1,"[1, 0]"
1095966,7547353,2552,0,"[1, 0]"
1095966,7547353,1275,0,"[1, 0]"
1095966,7547353,637,0,"[1, 0]"
1095966,7547353,318,0,"[1, 0]"
1095966,7547353,158,0,"[1, 0]"
1095966,7547353,78,0,"[1, 0]"
1095966,7547353,38,0,"[1, 0]"
1095966,7547353,18,0,"[1, 0]"
1095966,7547353,8,0,"[1, 0]"
1095966,7547353,3,0,"[1, 0]"
1095966,7547353,1,0,"[1, 0]"
1095966,7547353,0,0,"[1, 0]"
1095966,7547353,2,0,"[0, 1]"
1095966,7547353,1,0,"[0, 1]"
1095966,7547353,4,0,"[0, 1]"
1095966,7547353,3,0,"[0, 1]"
1095966,7547353,6,0,"[0, 1]"
1095966,7547353,5,0,"[0, 1]"
1095966,7547353,13,0,"[0, 1]"
1095966,7547353,14,0,"[0, 1]"
1095966,7547353,10,0,"[0, 1]"
1095966,7547353,7,0,"[0, 1]"
1095966,7547353,11,0,"[0, 1]"
1095966,7547353,8,0,"[0, 1]"
1095966,7547353,23,0,"[0, 1]"
1095966,7547353,25,0,"[0, 1]"
1095966,7547353,30,0,"[0, 1]"
1095966,7547353,16,0,"[0, 1]"
1095966,7547353,27,0,"[0, 1]"
1095966,7547353,28,0,"[0, 1]"
1095966,7547353,19,0,"[0, 1]"
1095966,7547353,26,0,"[0, 1]"
1095966,7547353,52,0,"[0, 1]"
1095966,7547353,56,0,"[0, 1]"
1095966,7547353,48,0,"[0, 1]"
1095966,7547353,55,0,"[0, 1]"
1095966,7547353,58,0,"[0, 1]"
1095966,7547353,38,0,"[0, 1]"
1095966,7547353,43,0,"[0, 1]"
1095966,7547353,35,0,"[0, 1]"
1095966,7547353,34,0,"[0, 1]"
1095966,7547353,41,0,"[0, 1]"
1095966,7547353,121,0,"[0, 1]"
1095966,7547353,70,0,"[0, 1]"
1095966,7547353,78,0,"[0, 1]"
1095966,7547353,99,0,"[0, 1]"
1095966,7547353,63,0,"[0, 1]"
1095966,7547353,118,0,"[0, 1]"
1095966,7547353,65,0,"[0, 1]"
1095966,7547353,80,0,"[0, 1]"
1095966,7547353,72,0,"[0, 1]"
1095966,7547353,113,0,"[0, 1]"
1095966,7547353,124,0,"[0, 1]"
1095966,7547353,106,0,"[0, 1]"
1095966,7547353,253,0,"[0, 1]"
1095966,7547353,162,0,"[0, 1]"
1095966,7547353,184,0,"[0, 1]"
1095966,7547353,156,0,"[0, 1]"
1095966,7547353,247,0,"[0, 1]"
1095966,7547353,220,0,"[0, 1]"
1095966,7547353,145,0,"[0, 1]"
1095966,7547353,245,0,"[0, 1]"
1095966,7547353,221,0,"[0, 1]"
1095966,7547353,130,0,"[0, 1]"
1095966,7547353,243,0,"[0, 1]"
1095966,7547353,231,0,"[0, 1]"
1095966,7547353,187,0,"[0, 1]"
1095966,7547353,240,0,"[0, 1]"
1095966,7547353,287,0,"[0, 1]"
1095966,7547353,447,0,"[0, 1]"
1095966,7547353,313,0,"[0, 1]"
1095966,7547353,360,0,"[0, 1]"
1095966,7547353,261,0,"[0, 1]"
1095966,7547353,478,0,"[0, 1]"
1095966,7547353,274,0,"[0, 1]"
1095966,7547353,437,0,"[0, 1]"
1095966,7547353,492,0,"[0, 1]"
1095966,7547353,441,0,"[0, 1]"
1095966,7547353,411,0,"[0, 1]"
1095966,7547353,363,0,"[0, 1]"
1095966,7547353,286,0,"[0, 1]"
1095966,7547353,453,0,"[0, 1]"
1095966,7547353,294,0,"[0, 1]"
1095966,7547353,418,0,"[0, 1]"
1095966,7547353,868,0,"[0, 1]"
1095966,7547353,597,0,"[0, 1]"
1095966,7547353,828,0,"[0, 1]"
1095966,7547353,666,0,"[0, 1]"
1095966,7547353,823,0,"[0, 1]"
1095966,7547353,687,0,"[0, 1]"
1095966,7547353,892,0,"[0, 1]"
1095966,7547353,660,0,"[0, 1]"
1095966,7547353,933,0,"[0, 1]"
1095966,7547353,633,0,"[0, 1]"
1095966,7547353,598,0,"[0, 1]"
1095966,7547353,603,0,"[0, 1]"
1095966,7547353,571,0,"[0, 1]"
1095966,7547353,873,0,"[0, 1]"
1095966,7547353,748,0,"[0, 1]"
1095966,7547353,841,0,"[0, 1]"
1095966,7547353,664,0,"[0, 1]"
1095966,7547353,714,0,"[0, 1]"
1095966,7547353,1062,0,"[0, 1]"
1095966,7547353,1716,0,"[0, 1]"
1095966,7547353,1401,0,"[0, 1]"
1095966,7547353,1637,0,"[0, 1]"
1095966,7547353,1333,0,"[0, 1]"
1095966,7547353,1097,0,"[0, 1]"
1095966,7547353,1960,0,"[0, 1]"
1095966,7547353,1968,0,"[0, 1]"
1095966,7547353,1174,0,"[0, 1]"
1095966,7547353,1967,0,"[0, 1]"
1095966,7547353,1137,0,"[0, 1]"
1095966,7547353,1468,0,"[0, 1]"
1095966,7547353,1134,0,"[0, 1]"
1095966,7547353,1293,0,"[0, 1]"
1095966,7547353,1606,0,"[0, 1]"
1095966,7547353,1892,0,"[0, 1]"
1095966,7547353,1699,0,"[0, 1]"
1095966,7547353,1595,0,"[0, 1]"
1095966,7547353,2007,0,"[0, 1]"
1095966,7547353,1694,0,"[0, 1]"
1095966,7547353,2630,0,"[0, 1]"
1095966,7547353,2373,0,"[0, 1]"
1095966,7547353,2069,0,"[0, 1]"
1095966,7547353,2844,0,"[0, 1]"
1095966,7547353,2615,0,"[0, 1]"
1095966,7547353,3162,0,"[0, 1]"
1095966,7547353,3976,0,"[0, 1]"
1095966,7547353,3910,0,"[0, 1]"
1095966,7547353,4083,0,"[0, 1]"
1095966,7547353,2342,0,"[0, 1]"
1095966,7547353,2267,0,"[0, 1]"
1095966,7547353,2159,0,"[0, 1]"
1095966,7547353,3304,0,"[0, 1]"
1095966,7547353,3847,0,"[0, 1]"
1095966,7547353,3233,0,"[0, 1]"
1095966,7547353,3218,0,"[0, 1]"
1095966,7547353,3248,0,"[0, 1]"
1095966,7547353,2643,0,"[0, 1]"
1095966,7547353,2229,0,"[0, 1]"
1095966,7547353,3367,0,"[0, 1]"
1095966,7547353,2378,0,"[0, 1]"
1095966,7547353,2219,0,"[0, 1]"
1095966,7547353,7286487,1,"[0, 1]"
1095966,7547353,7107100,1,"[0, 1]"
1095966,7547353,4238,0,"[0, 1]"
1095966,7547353,7637414,1,"[0, 1]"
1095966,7547353,7390861,1,"[0, 1]"
1095966,7547353,7351322,1,"[0, 1]"
1095966,7547353,7085473,1,"[0, 1]"
1095966,7547353,7155806,1,"[0, 1]"
1095966,7547353,7529727,1,"[0, 1]"
1095966,7547353,7119001,1,"[0, 1]"
1095966,7547353,7157420,1,"[0, 1]"
1095966,7547353,238005,1,"[0, 1]"
1095966,7547353,7092036,1,"[0, 1]"
1095966,7547353,7438306,1,"[0, 1]"
1095966,7547353,7255713,1,"[0, 1]"
1095966,7547353,7450646,1,"[0, 1]"
1095966,7547353,7526753,1,"[0, 1]"
1095966,7547353,7067181,1,"[0, 1]"
1095966,7547353,7589197,1,"[0, 1]"
1095966,7547353,7319497,1,"[0, 1]"
1095966,7547353,171535,1,"[0, 1]"
1095966,7547353,7275128,1,"[0, 1]"
1095966,7547353,7079501,1,"[0, 1]"
1095966,7547353,7629602,1,"[0, 1]"
583766,7547622,7547622,1,"[1, 0]"
583766,7547622,4981,0,"[1, 0]"
583766,7547622,4053,0,"[1, 0]"
583766,7547622,2026,0,"[1, 0]"
583766,7547622,1012,0,"[1, 0]"
583766,7547622,505,0,"[1, 0]"
583766,7547622,252,0,"[1, 0]"
583766,7547622,125,0,"[1, 0]"
583766,7547622,62,0,"[1, 0]"
583766,7547622,30,0,"[1, 0]"
583766,7547622,14,0,"[1, 0]"
583766,7547622,6,0,"[1, 0]"
583766,7547622,2,0,"[1, 0]"
583766,7547622,0,0,"[1, 0]"
583766,7547622,1,0,"[0, 1]"
583766,7547622,2,0,"[0, 1]"
583766,7547622,6,0,"[0, 1]"
583766,7547622,3,0,"[0, 1]"
583766,7547622,4,0,"[0, 1]"
583766,7547622,5,0,"[0, 1]"
583766,7547622,13,0,"[0, 1]"
583766,7547622,11,0,"[0, 1]"
583766,7547622,9,0,"[0, 1]"
583766,7547622,14,0,"[0, 1]"
583766,7547622,7,0,"[0, 1]"
583766,7547622,10,0,"[0, 1]"
583766,7547622,27,0,"[0, 1]"
583766,7547622,28,0,"[0, 1]"
583766,7547622,23,0,"[0, 1]"
583766,7547622,21,0,"[0, 1]"
583766,7547622,30,0,"[0, 1]"
583766,7547622,22,0,"[0, 1]"
583766,7547622,24,0,"[0, 1]"
583766,7547622,16,0,"[0, 1]"
583766,7547622,42,0,"[0, 1]"
583766,7547622,31,0,"[0, 1]"
583766,7547622,57,0,"[0, 1]"
583766,7547622,62,0,"[0, 1]"
583766,7547622,37,0,"[0, 1]"
583766,7547622,40,0,"[0, 1]"
583766,7547622,55,0,"[0, 1]"
583766,7547622,48,0,"[0, 1]"
583766,7547622,54,0,"[0, 1]"
583766,7547622,46,0,"[0, 1]"
583766,7547622,82,0,"[0, 1]"
583766,7547622,124,0,"[0, 1]"
583766,7547622,109,0,"[0, 1]"
583766,7547622,98,0,"[0, 1]"
583766,7547622,81,0,"[0, 1]"
583766,7547622,87,0,"[0, 1]"
583766,7547622,72,0,"[0, 1]"
583766,7547622,78,0,"[0, 1]"
583766,7547622,112,0,"[0, 1]"
583766,7547622,93,0,"[0, 1]"
583766,7547622,113,0,"[0, 1]"
583766,7547622,117,0,"[0, 1]"
583766,7547622,157,0,"[0, 1]"
583766,7547622,153,0,"[0, 1]"
583766,7547622,135,0,"[0, 1]"
583766,7547622,142,0,"[0, 1]"
583766,7547622,235,0,"[0, 1]"
583766,7547622,176,0,"[0, 1]"
583766,7547622,140,0,"[0, 1]"
583766,7547622,200,0,"[0, 1]"
583766,7547622,220,0,"[0, 1]"
583766,7547622,231,0,"[0, 1]"
583766,7547622,238,0,"[0, 1]"
583766,7547622,155,0,"[0, 1]"
583766,7547622,249,0,"[0, 1]"
583766,7547622,131,0,"[0, 1]"
583766,7547622,255,0,"[0, 1]"
583766,7547622,256,0,"[0, 1]"
583766,7547622,399,0,"[0, 1]"
583766,7547622,409,0,"[0, 1]"
583766,7547622,274,0,"[0, 1]"
583766,7547622,467,0,"[0, 1]"
583766,7547622,279,0,"[0, 1]"
583766,7547622,498,0,"[0, 1]"
583766,7547622,440,0,"[0, 1]"
583766,7547622,408,0,"[0, 1]"
583766,7547622,371,0,"[0, 1]"
583766,7547622,348,0,"[0, 1]"
583766,7547622,494,0,"[0, 1]"
583766,7547622,341,0,"[0, 1]"
583766,7547622,484,0,"[0, 1]"
583766,7547622,368,0,"[0, 1]"
583766,7547622,658,0,"[0, 1]"
583766,7547622,732,0,"[0, 1]"
583766,7547622,669,0,"[0, 1]"
583766,7547622,943,0,"[0, 1]"
583766,7547622,684,0,"[0, 1]"
583766,7547622,996,0,"[0, 1]"
583766,7547622,966,0,"[0, 1]"
583766,7547622,580,0,"[0, 1]"
583766,7547622,882,0,"[0, 1]"
583766,7547622,597,0,"[0, 1]"
583766,7547622,531,0,"[0, 1]"
583766,7547622,715,0,"[0, 1]"
583766,7547622,867,0,"[0, 1]"
583766,7547622,1000,0,"[0, 1]"
583766,7547622,954,0,"[0, 1]"
583766,7547622,621,0,"[0, 1]"
583766,7547622,680,0,"[0, 1]"
583766,7547622,930,0,"[0, 1]"
583766,7547622,1365,0,"[0, 1]"
583766,7547622,1775,0,"[0, 1]"
583766,7547622,1854,0,"[0, 1]"
583766,7547622,1411,0,"[0, 1]"
583766,7547622,1800,0,"[0, 1]"
583766,7547622,1449,0,"[0, 1]"
583766,7547622,1327,0,"[0, 1]"
583766,7547622,1331,0,"[0, 1]"
583766,7547622,1619,0,"[0, 1]"
583766,7547622,1927,0,"[0, 1]"
583766,7547622,1595,0,"[0, 1]"
583766,7547622,1144,0,"[0, 1]"
583766,7547622,1060,0,"[0, 1]"
583766,7547622,2001,0,"[0, 1]"
583766,7547622,1311,0,"[0, 1]"
583766,7547622,1548,0,"[0, 1]"
583766,7547622,1178,0,"[0, 1]"
583766,7547622,1360,0,"[0, 1]"
583766,7547622,1770,0,"[0, 1]"
583766,7547622,1795,0,"[0, 1]"
583766,7547622,2255,0,"[0, 1]"
583766,7547622,3770,0,"[0, 1]"
583766,7547622,3327,0,"[0, 1]"
583766,7547622,3490,0,"[0, 1]"
583766,7547622,4027,0,"[0, 1]"
583766,7547622,2301,0,"[0, 1]"
583766,7547622,2270,0,"[0, 1]"
583766,7547622,3445,0,"[0, 1]"
583766,7547622,2236,0,"[0, 1]"
583766,7547622,3118,0,"[0, 1]"
583766,7547622,3464,0,"[0, 1]"
583766,7547622,3103,0,"[0, 1]"
583766,7547622,2300,0,"[0, 1]"
583766,7547622,3590,0,"[0, 1]"
583766,7547622,3481,0,"[0, 1]"
583766,7547622,3698,0,"[0, 1]"
583766,7547622,2475,0,"[0, 1]"
583766,7547622,3378,0,"[0, 1]"
583766,7547622,3667,0,"[0, 1]"
583766,7547622,3769,0,"[0, 1]"
583766,7547622,2332,0,"[0, 1]"
583766,7547622,2508,0,"[0, 1]"
583766,7547622,7534090,1,"[0, 1]"
583766,7547622,7124636,1,"[0, 1]"
583766,7547622,7368724,1,"[0, 1]"
583766,7547622,7329009,1,"[0, 1]"
583766,7547622,7284874,1,"[0, 1]"
583766,7547622,7557471,1,"[0, 1]"
583766,7547622,7531075,1,"[0, 1]"
583766,7547622,7460067,1,"[0, 1]"
583766,7547622,4415,0,"[0, 1]"
583766,7547622,7137600,1,"[0, 1]"
583766,7547622,7102407,1,"[0, 1]"
583766,7547622,7575256,1,"[0, 1]"
583766,7547622,7543689,1,"[0, 1]"
583766,7547622,4743,0,"[0, 1]"
583766,7547622,7606438,1,"[0, 1]"
583766,7547622,3259271,1,"[0, 1]"
583766,7547622,7625375,1,"[0, 1]"
583766,7547622,7268199,1,"[0, 1]"
583766,7547622,7494365,1,"[0, 1]"
583766,7547622,7402425,1,"[0, 1]"
583766,7547622,1837320,1,"[0, 1]"
583766,7547622,7448417,1,"[0, 1]"
583766,7547622,7423831,1,"[0, 1]"
583766,7547622,7264701,1,"[0, 1]"
583766,7547622,7651740,1,"[0, 1]"
583766,7547622,7453550,1,"[0, 1]"
583766,7547622,7146390,1,"[0, 1]"
583766,7547622,7140121,1,"[0, 1]"
583766,7547622,7583986,1,"[0, 1]"
583766,7547622,7133800,1,"[0, 1]"
583766,7547622,7270553,1,"[0, 1]"
583766,7547622,7443275,1,"[0, 1]"
583766,7547622,7154451,1,"[0, 1]"
583766,7547622,7573769,1,"[0, 1]"
583766,7547622,7503570,1,"[0, 1]"
583766,7547622,7422420,1,"[0, 1]"
583766,7547622,7315545,1,"[0, 1]"
583766,7547622,7138502,1,"[0, 1]"
583766,7547622,7477943,1,"[0, 1]"
583766,7547622,7087671,1,"[0, 1]"
583766,7547622,6166672,1,"[0, 1]"
583766,7547622,7111207,1,"[0, 1]"
583766,7547622,7161745,1,"[0, 1]"
583766,7547622,7246712,1,"[0, 1]"
583766,7547622,7457216,1,"[0, 1]"
583766,7547622,7140662,1,"[0, 1]"
583766,7547622,7411066,1,"[0, 1]"
583766,7547622,7082331,1,"[0, 1]"
583766,7547622,7293434,1,"[0, 1]"
583766,7547622,1196440,1,"[0, 1]"
583766,7547624,7547624,1,"[1, 0]"
583766,7547624,4051,0,"[1, 0]"
583766,7547624,2025,0,"[1, 0]"
583766,7547624,1012,0,"[1, 0]"
583766,7547624,505,0,"[1, 0]"
583766,7547624,252,0,"[1, 0]"
583766,7547624,125,0,"[1, 0]"
583766,7547624,62,0,"[1, 0]"
583766,7547624,30,0,"[1, 0]"
583766,7547624,14,0,"[1, 0]"
583766,7547624,6,0,"[1, 0]"
583766,7547624,2,0,"[1, 0]"
583766,7547624,0,0,"[1, 0]"
583766,7547624,1,0,"[0, 1]"
583766,7547624,2,0,"[0, 1]"
583766,7547624,5,0,"[0, 1]"
583766,7547624,3,0,"[0, 1]"
583766,7547624,6,0,"[0, 1]"
583766,7547624,4,0,"[0, 1]"
583766,7547624,12,0,"[0, 1]"
583766,7547624,14,0,"[0, 1]"
583766,7547624,8,0,"[0, 1]"
583766,7547624,11,0,"[0, 1]"
583766,7547624,9,0,"[0, 1]"
583766,7547624,7,0,"[0, 1]"
583766,7547624,27,0,"[0, 1]"
583766,7547624,30,0,"[0, 1]"
583766,7547624,23,0,"[0, 1]"
583766,7547624,19,0,"[0, 1]"
583766,7547624,22,0,"[0, 1]"
583766,7547624,17,0,"[0, 1]"
583766,7547624,21,0,"[0, 1]"
583766,7547624,25,0,"[0, 1]"
583766,7547624,44,0,"[0, 1]"
583766,7547624,43,0,"[0, 1]"
583766,7547624,36,0,"[0, 1]"
583766,7547624,42,0,"[0, 1]"
583766,7547624,54,0,"[0, 1]"
583766,7547624,53,0,"[0, 1]"
583766,7547624,56,0,"[0, 1]"
583766,7547624,57,0,"[0, 1]"
583766,7547624,58,0,"[0, 1]"
583766,7547624,49,0,"[0, 1]"
583766,7547624,104,0,"[0, 1]"
583766,7547624,70,0,"[0, 1]"
583766,7547624,67,0,"[0, 1]"
583766,7547624,68,0,"[0, 1]"
583766,7547624,74,0,"[0, 1]"
583766,7547624,115,0,"[0, 1]"
583766,7547624,103,0,"[0, 1]"
583766,7547624,110,0,"[0, 1]"
583766,7547624,64,0,"[0, 1]"
583766,7547624,107,0,"[0, 1]"
583766,7547624,121,0,"[0, 1]"
583766,7547624,93,0,"[0, 1]"
583766,7547624,142,0,"[0, 1]"
583766,7547624,186,0,"[0, 1]"
583766,7547624,236,0,"[0, 1]"
583766,7547624,234,0,"[0, 1]"
583766,7547624,134,0,"[0, 1]"
583766,7547624,211,0,"[0, 1]"
583766,7547624,190,0,"[0, 1]"
583766,7547624,189,0,"[0, 1]"
583766,7547624,194,0,"[0, 1]"
583766,7547624,168,0,"[0, 1]"
583766,7547624,170,0,"[0, 1]"
583766,7547624,154,0,"[0, 1]"
583766,7547624,145,0,"[0, 1]"
583766,7547624,191,0,"[0, 1]"
583766,7547624,362,0,"[0, 1]"
583766,7547624,336,0,"[0, 1]"
583766,7547624,437,0,"[0, 1]"
583766,7547624,298,0,"[0, 1]"
583766,7547624,294,0,"[0, 1]"
583766,7547624,422,0,"[0, 1]"
583766,7547624,418,0,"[0, 1]"
583766,7547624,386,0,"[0, 1]"
583766,7547624,398,0,"[0, 1]"
583766,7547624,369,0,"[0, 1]"
583766,7547624,378,0,"[0, 1]"
583766,7547624,443,0,"[0, 1]"
583766,7547624,464,0,"[0, 1]"
583766,7547624,261,0,"[0, 1]"
583766,7547624,380,0,"[0, 1]"
583766,7547624,506,0,"[0, 1]"
583766,7547624,523,0,"[0, 1]"
583766,7547624,515,0,"[0, 1]"
583766,7547624,809,0,"[0, 1]"
583766,7547624,841,0,"[0, 1]"
583766,7547624,985,0,"[0, 1]"
583766,7547624,1021,0,"[0, 1]"
583766,7547624,815,0,"[0, 1]"
583766,7547624,682,0,"[0, 1]"
583766,7547624,981,0,"[0, 1]"
583766,7547624,566,0,"[0, 1]"
583766,7547624,789,0,"[0, 1]"
583766,7547624,993,0,"[0, 1]"
583766,7547624,940,0,"[0, 1]"
583766,7547624,666,0,"[0, 1]"
583766,7547624,810,0,"[0, 1]"
583766,7547624,830,0,"[0, 1]"
583766,7547624,890,0,"[0, 1]"
583766,7547624,718,0,"[0, 1]"
583766,7547624,1405,0,"[0, 1]"
583766,7547624,1609,0,"[0, 1]"
583766,7547624,1770,0,"[0, 1]"
583766,7547624,1918,0,"[0, 1]"
583766,7547624,1391,0,"[0, 1]"
583766,7547624,1351,0,"[0, 1]"
583766,7547624,1813,0,"[0, 1]"
583766,7547624,1369,0,"[0, 1]"
583766,7547624,1571,0,"[0, 1]"
583766,7547624,1198,0,"[0, 1]"
583766,7547624,2031,0,"[0, 1]"
583766,7547624,1888,0,"[0, 1]"
583766,7547624,1776,0,"[0, 1]"
583766,7547624,1374,0,"[0, 1]"
583766,7547624,1404,0,"[0, 1]"
583766,7547624,1559,0,"[0, 1]"
583766,7547624,1780,0,"[0, 1]"
583766,7547624,1459,0,"[0, 1]"
583766,7547624,1691,0,"[0, 1]"
583766,7547624,1908,0,"[0, 1]"
583766,7547624,3563,0,"[0, 1]"
583766,7547624,2572,0,"[0, 1]"
583766,7547624,2995,0,"[0, 1]"
583766,7547624,3166,0,"[0, 1]"
583766,7547624,3514,0,"[0, 1]"
583766,7547624,2977,0,"[0, 1]"
583766,7547624,2545,0,"[0, 1]"
583766,7547624,3342,0,"[0, 1]"
583766,7547624,2955,0,"[0, 1]"
583766,7547624,3528,0,"[0, 1]"
583766,7547624,3502,0,"[0, 1]"
583766,7547624,3140,0,"[0, 1]"
583766,7547624,2420,0,"[0, 1]"
583766,7547624,3754,0,"[0, 1]"
583766,7547624,2817,0,"[0, 1]"
583766,7547624,3405,0,"[0, 1]"
583766,7547624,3215,0,"[0, 1]"
583766,7547624,2621,0,"[0, 1]"
583766,7547624,3108,0,"[0, 1]"
583766,7547624,3539,0,"[0, 1]"
583766,7547624,3522,0,"[0, 1]"
583766,7547624,3614,0,"[0, 1]"
583766,7547624,4377,0,"[0, 1]"
583766,7547624,7541256,1,"[0, 1]"
583766,7547624,4751,0,"[0, 1]"
583766,7547624,7188576,1,"[0, 1]"
583766,7547624,7108969,1,"[0, 1]"
583766,7547624,7377307,1,"[0, 1]"
583766,7547624,4676,0,"[0, 1]"
583766,7547624,7307771,1,"[0, 1]"
583766,7547624,7515803,1,"[0, 1]"
583766,7547624,4616,0,"[0, 1]"
583766,7547624,4531,0,"[0, 1]"
583766,7547624,7496627,1,"[0, 1]"
583766,7547624,2020524,1,"[0, 1]"
583766,7547624,4994,0,"[0, 1]"
583766,7547624,7654456,1,"[0, 1]"
583766,7547624,7453317,1,"[0, 1]"
583766,7547624,7255713,1,"[0, 1]"
583766,7547624,2059913,1,"[0, 1]"
583766,7547624,7087481,1,"[0, 1]"
583766,7547624,7159357,1,"[0, 1]"
583766,7547624,4528,0,"[0, 1]"
583766,7547624,7200948,1,"[0, 1]"
583766,7547624,7159235,1,"[0, 1]"
583766,7547624,4658,0,"[0, 1]"
639560,7547737,7547737,1,"[1, 0]"
639560,7547737,3101,0,"[1, 0]"
639560,7547737,1550,0,"[1, 0]"
639560,7547737,774,0,"[1, 0]"
639560,7547737,386,0,"[1, 0]"
639560,7547737,192,0,"[1, 0]"
639560,7547737,95,0,"[1, 0]"
639560,7547737,47,0,"[1, 0]"
639560,7547737,23,0,"[1, 0]"
639560,7547737,11,0,"[1, 0]"
639560,7547737,5,0,"[1, 0]"
639560,7547737,2,0,"[1, 0]"
639560,7547737,0,0,"[1, 0]"
639560,7547737,1,0,"[0, 1]"
639560,7547737,2,0,"[0, 1]"
639560,7547737,5,0,"[0, 1]"
639560,7547737,6,0,"[0, 1]"
639560,7547737,4,0,"[0, 1]"
639560,7547737,3,0,"[0, 1]"
639560,7547737,12,0,"[0, 1]"
639560,7547737,9,0,"[0, 1]"
639560,7547737,7,0,"[0, 1]"
639560,7547737,10,0,"[0, 1]"
639560,7547737,14,0,"[0, 1]"
639560,7547737,13,0,"[0, 1]"
639560,7547737,25,0,"[0, 1]"
639560,7547737,24,0,"[0, 1]"
639560,7547737,22,0,"[0, 1]"
639560,7547737,18,0,"[0, 1]"
639560,7547737,17,0,"[0, 1]"
639560,7547737,30,0,"[0, 1]"
639560,7547737,15,0,"[0, 1]"
639560,7547737,27,0,"[0, 1]"
639560,7547737,50,0,"[0, 1]"
639560,7547737,36,0,"[0, 1]"
639560,7547737,44,0,"[0, 1]"
639560,7547737,34,0,"[0, 1]"
639560,7547737,38,0,"[0, 1]"
639560,7547737,39,0,"[0, 1]"
639560,7547737,54,0,"[0, 1]"
639560,7547737,55,0,"[0, 1]"
639560,7547737,52,0,"[0, 1]"
639560,7547737,43,0,"[0, 1]"
639560,7547737,122,0,"[0, 1]"
639560,7547737,79,0,"[0, 1]"
639560,7547737,86,0,"[0, 1]"
639560,7547737,95,0,"[0, 1]"
639560,7547737,115,0,"[0, 1]"
639560,7547737,96,0,"[0, 1]"
639560,7547737,71,0,"[0, 1]"
639560,7547737,69,0,"[0, 1]"
639560,7547737,109,0,"[0, 1]"
639560,7547737,77,0,"[0, 1]"
639560,7547737,111,0,"[0, 1]"
639560,7547737,118,0,"[0, 1]"
639560,7547737,196,0,"[0, 1]"
639560,7547737,170,0,"[0, 1]"
639560,7547737,135,0,"[0, 1]"
639560,7547737,164,0,"[0, 1]"
639560,7547737,150,0,"[0, 1]"
639560,7547737,227,0,"[0, 1]"
639560,7547737,240,0,"[0, 1]"
639560,7547737,173,0,"[0, 1]"
639560,7547737,229,0,"[0, 1]"
639560,7547737,198,0,"[0, 1]"
639560,7547737,241,0,"[0, 1]"
639560,7547737,213,0,"[0, 1]"
639560,7547737,156,0,"[0, 1]"
639560,7547737,253,0,"[0, 1]"
639560,7547737,414,0,"[0, 1]"
639560,7547737,433,0,"[0, 1]"
639560,7547737,374,0,"[0, 1]"
639560,7547737,428,0,"[0, 1]"
639560,7547737,270,0,"[0, 1]"
639560,7547737,293,0,"[0, 1]"
639560,7547737,495,0,"[0, 1]"
639560,7547737,266,0,"[0, 1]"
639560,7547737,388,0,"[0, 1]"
639560,7547737,396,0,"[0, 1]"
639560,7547737,297,0,"[0, 1]"
639560,7547737,398,0,"[0, 1]"
639560,7547737,392,0,"[0, 1]"
639560,7547737,447,0,"[0, 1]"
639560,7547737,314,0,"[0, 1]"
639560,7547737,289,0,"[0, 1]"
639560,7547737,530,0,"[0, 1]"
639560,7547737,962,0,"[0, 1]"
639560,7547737,891,0,"[0, 1]"
639560,7547737,520,0,"[0, 1]"
639560,7547737,788,0,"[0, 1]"
639560,7547737,777,0,"[0, 1]"
639560,7547737,1020,0,"[0, 1]"
639560,7547737,799,0,"[0, 1]"
639560,7547737,664,0,"[0, 1]"
639560,7547737,737,0,"[0, 1]"
639560,7547737,652,0,"[0, 1]"
639560,7547737,608,0,"[0, 1]"
639560,7547737,932,0,"[0, 1]"
639560,7547737,600,0,"[0, 1]"
639560,7547737,738,0,"[0, 1]"
639560,7547737,991,0,"[0, 1]"
639560,7547737,538,0,"[0, 1]"
639560,7547737,532,0,"[0, 1]"
639560,7547737,1220,0,"[0, 1]"
639560,7547737,1823,0,"[0, 1]"
639560,7547737,2033,0,"[0, 1]"
639560,7547737,2002,0,"[0, 1]"
639560,7547737,1569,0,"[0, 1]"
639560,7547737,1083,0,"[0, 1]"
639560,7547737,1740,0,"[0, 1]"
639560,7547737,1758,0,"[0, 1]"
639560,7547737,1175,0,"[0, 1]"
639560,7547737,2036,0,"[0, 1]"
639560,7547737,1993,0,"[0, 1]"
639560,7547737,1813,0,"[0, 1]"
639560,7547737,1122,0,"[0, 1]"
639560,7547737,1428,0,"[0, 1]"
639560,7547737,1583,0,"[0, 1]"
639560,7547737,1873,0,"[0, 1]"
639560,7547737,1230,0,"[0, 1]"
639560,7547737,1711,0,"[0, 1]"
639560,7547737,1925,0,"[0, 1]"
639560,7547737,1045,0,"[0, 1]"
639560,7547737,3076,0,"[0, 1]"
639560,7547737,2517,0,"[0, 1]"
639560,7547737,3875,0,"[0, 1]"
639560,7547737,2613,0,"[0, 1]"
639560,7547737,2419,0,"[0, 1]"
639560,7547737,2402,0,"[0, 1]"
639560,7547737,3821,0,"[0, 1]"
639560,7547737,2459,0,"[0, 1]"
639560,7547737,3090,0,"[0, 1]"
639560,7547737,3911,0,"[0, 1]"
639560,7547737,2839,0,"[0, 1]"
639560,7547737,3326,0,"[0, 1]"
639560,7547737,2070,0,"[0, 1]"
639560,7547737,3591,0,"[0, 1]"
639560,7547737,3169,0,"[0, 1]"
639560,7547737,2204,0,"[0, 1]"
639560,7547737,3644,0,"[0, 1]"
639560,7547737,2274,0,"[0, 1]"
639560,7547737,2210,0,"[0, 1]"
639560,7547737,3527,0,"[0, 1]"
639560,7547737,3986,0,"[0, 1]"
639560,7547737,3595,0,"[0, 1]"
639560,7547737,4941,0,"[0, 1]"
639560,7547737,7261988,1,"[0, 1]"
639560,7547737,7333867,1,"[0, 1]"
639560,7547737,4321,0,"[0, 1]"
639560,7547737,7371801,1,"[0, 1]"
639560,7547737,4422,0,"[0, 1]"
639560,7547737,7599371,1,"[0, 1]"
639560,7547737,7403564,1,"[0, 1]"
639560,7547737,4677,0,"[0, 1]"
639560,7547737,7207005,1,"[0, 1]"
639560,7547737,7407951,1,"[0, 1]"
639560,7547737,7189349,1,"[0, 1]"
639560,7547737,7240024,1,"[0, 1]"
639560,7547737,7551487,1,"[0, 1]"
639560,7547737,7400587,1,"[0, 1]"
639560,7547737,7327127,1,"[0, 1]"
639560,7547737,7169477,1,"[0, 1]"
639560,7547737,7152150,1,"[0, 1]"
639560,7547737,7183057,1,"[0, 1]"
639560,7547737,4540,0,"[0, 1]"
639560,7547737,7410037,1,"[0, 1]"
639560,7547737,4352,0,"[0, 1]"
639560,7547737,7500245,1,"[0, 1]"
639560,7547737,7417207,1,"[0, 1]"
624876,7547832,7547832,1,"[1, 0]"
624876,7547832,2941,0,"[1, 0]"
624876,7547832,1470,0,"[1, 0]"
624876,7547832,734,0,"[1, 0]"
624876,7547832,366,0,"[1, 0]"
624876,7547832,182,0,"[1, 0]"
624876,7547832,90,0,"[1, 0]"
624876,7547832,44,0,"[1, 0]"
624876,7547832,21,0,"[1, 0]"
624876,7547832,10,0,"[1, 0]"
624876,7547832,4,0,"[1, 0]"
624876,7547832,1,0,"[1, 0]"
624876,7547832,0,0,"[1, 0]"
624876,7547832,2,0,"[0, 1]"
624876,7547832,1,0,"[0, 1]"
624876,7547832,4,0,"[0, 1]"
624876,7547832,3,0,"[0, 1]"
624876,7547832,6,0,"[0, 1]"
624876,7547832,5,0,"[0, 1]"
624876,7547832,9,0,"[0, 1]"
624876,7547832,12,0,"[0, 1]"
624876,7547832,13,0,"[0, 1]"
624876,7547832,11,0,"[0, 1]"
624876,7547832,10,0,"[0, 1]"
624876,7547832,14,0,"[0, 1]"
624876,7547832,23,0,"[0, 1]"
624876,7547832,19,0,"[0, 1]"
624876,7547832,30,0,"[0, 1]"
624876,7547832,24,0,"[0, 1]"
624876,7547832,22,0,"[0, 1]"
624876,7547832,18,0,"[0, 1]"
624876,7547832,26,0,"[0, 1]"
624876,7547832,25,0,"[0, 1]"
624876,7547832,39,0,"[0, 1]"
624876,7547832,47,0,"[0, 1]"
624876,7547832,61,0,"[0, 1]"
624876,7547832,57,0,"[0, 1]"
624876,7547832,35,0,"[0, 1]"
624876,7547832,49,0,"[0, 1]"
624876,7547832,31,0,"[0, 1]"
624876,7547832,46,0,"[0, 1]"
624876,7547832,54,0,"[0, 1]"
624876,7547832,44,0,"[0, 1]"
624876,7547832,114,0,"[0, 1]"
624876,7547832,74,0,"[0, 1]"
624876,7547832,69,0,"[0, 1]"
624876,7547832,124,0,"[0, 1]"
624876,7547832,108,0,"[0, 1]"
624876,7547832,65,0,"[0, 1]"
624876,7547832,85,0,"[0, 1]"
624876,7547832,68,0,"[0, 1]"
624876,7547832,97,0,"[0, 1]"
624876,7547832,66,0,"[0, 1]"
624876,7547832,88,0,"[0, 1]"
624876,7547832,117,0,"[0, 1]"
624876,7547832,199,0,"[0, 1]"
624876,7547832,169,0,"[0, 1]"
624876,7547832,167,0,"[0, 1]"
624876,7547832,151,0,"[0, 1]"
624876,7547832,181,0,"[0, 1]"
624876,7547832,191,0,"[0, 1]"
624876,7547832,127,0,"[0, 1]"
624876,7547832,204,0,"[0, 1]"
624876,7547832,192,0,"[0, 1]"
624876,7547832,140,0,"[0, 1]"
624876,7547832,229,0,"[0, 1]"
624876,7547832,205,0,"[0, 1]"
624876,7547832,218,0,"[0, 1]"
624876,7547832,249,0,"[0, 1]"
624876,7547832,435,0,"[0, 1]"
624876,7547832,494,0,"[0, 1]"
624876,7547832,273,0,"[0, 1]"
624876,7547832,330,0,"[0, 1]"
624876,7547832,452,0,"[0, 1]"
624876,7547832,472,0,"[0, 1]"
624876,7547832,353,0,"[0, 1]"
624876,7547832,445,0,"[0, 1]"
624876,7547832,386,0,"[0, 1]"
624876,7547832,460,0,"[0, 1]"
624876,7547832,408,0,"[0, 1]"
624876,7547832,488,0,"[0, 1]"
624876,7547832,302,0,"[0, 1]"
624876,7547832,371,0,"[0, 1]"
624876,7547832,439,0,"[0, 1]"
624876,7547832,272,0,"[0, 1]"
624876,7547832,542,0,"[0, 1]"
624876,7547832,541,0,"[0, 1]"
624876,7547832,958,0,"[0, 1]"
624876,7547832,536,0,"[0, 1]"
624876,7547832,781,0,"[0, 1]"
624876,7547832,585,0,"[0, 1]"
624876,7547832,607,0,"[0, 1]"
624876,7547832,950,0,"[0, 1]"
624876,7547832,587,0,"[0, 1]"
624876,7547832,581,0,"[0, 1]"
624876,7547832,893,0,"[0, 1]"
624876,7547832,720,0,"[0, 1]"
624876,7547832,667,0,"[0, 1]"
624876,7547832,821,0,"[0, 1]"
624876,7547832,671,0,"[0, 1]"
624876,7547832,902,0,"[0, 1]"
624876,7547832,849,0,"[0, 1]"
624876,7547832,911,0,"[0, 1]"
624876,7547832,1387,0,"[0, 1]"
624876,7547832,1477,0,"[0, 1]"
624876,7547832,1605,0,"[0, 1]"
624876,7547832,1482,0,"[0, 1]"
624876,7547832,1528,0,"[0, 1]"
624876,7547832,1505,0,"[0, 1]"
624876,7547832,2002,0,"[0, 1]"
624876,7547832,1563,0,"[0, 1]"
624876,7547832,1762,0,"[0, 1]"
624876,7547832,1188,0,"[0, 1]"
624876,7547832,1592,0,"[0, 1]"
624876,7547832,1079,0,"[0, 1]"
624876,7547832,1898,0,"[0, 1]"
624876,7547832,1511,0,"[0, 1]"
624876,7547832,1665,0,"[0, 1]"
624876,7547832,1377,0,"[0, 1]"
624876,7547832,1295,0,"[0, 1]"
624876,7547832,1981,0,"[0, 1]"
624876,7547832,1873,0,"[0, 1]"
624876,7547832,1669,0,"[0, 1]"
624876,7547832,2147,0,"[0, 1]"
624876,7547832,2545,0,"[0, 1]"
624876,7547832,2709,0,"[0, 1]"
624876,7547832,3414,0,"[0, 1]"
624876,7547832,3675,0,"[0, 1]"
624876,7547832,3679,0,"[0, 1]"
624876,7547832,3113,0,"[0, 1]"
624876,7547832,3711,0,"[0, 1]"
624876,7547832,3794,0,"[0, 1]"
624876,7547832,2124,0,"[0, 1]"
624876,7547832,3251,0,"[0, 1]"
624876,7547832,3370,0,"[0, 1]"
624876,7547832,3633,0,"[0, 1]"
624876,7547832,3404,0,"[0, 1]"
624876,7547832,2649,0,"[0, 1]"
624876,7547832,3849,0,"[0, 1]"
624876,7547832,2581,0,"[0, 1]"
624876,7547832,3986,0,"[0, 1]"
624876,7547832,3842,0,"[0, 1]"
624876,7547832,3910,0,"[0, 1]"
624876,7547832,2985,0,"[0, 1]"
624876,7547832,3602,0,"[0, 1]"
624876,7547832,4448,0,"[0, 1]"
624876,7547832,4338,0,"[0, 1]"
624876,7547832,7638774,1,"[0, 1]"
624876,7547832,7665867,1,"[0, 1]"
624876,7547832,7104007,1,"[0, 1]"
624876,7547832,7068493,1,"[0, 1]"
624876,7547832,7541711,1,"[0, 1]"
624876,7547832,4910,0,"[0, 1]"
624876,7547832,4674,0,"[0, 1]"
624876,7547832,7183798,1,"[0, 1]"
624876,7547832,7315472,1,"[0, 1]"
624876,7547832,7370295,1,"[0, 1]"
624876,7547832,4389,0,"[0, 1]"
624876,7547832,4177,0,"[0, 1]"
624876,7547832,7354370,1,"[0, 1]"
624876,7547832,7086847,1,"[0, 1]"
624876,7547832,7214926,1,"[0, 1]"
624876,7547832,7166808,1,"[0, 1]"
624876,7547832,7422965,1,"[0, 1]"
624876,7547832,7496466,1,"[0, 1]"
624876,7547832,7624955,1,"[0, 1]"
624876,7547832,4466,0,"[0, 1]"
624876,7547832,7678537,1,"[0, 1]"
624876,7547832,4257,0,"[0, 1]"
425688,7547873,7547873,1,"[1, 0]"
425688,7547873,2988,0,"[1, 0]"
425688,7547873,1493,0,"[1, 0]"
425688,7547873,746,0,"[1, 0]"
425688,7547873,372,0,"[1, 0]"
425688,7547873,185,0,"[1, 0]"
425688,7547873,92,0,"[1, 0]"
425688,7547873,45,0,"[1, 0]"
425688,7547873,22,0,"[1, 0]"
425688,7547873,10,0,"[1, 0]"
425688,7547873,4,0,"[1, 0]"
425688,7547873,1,0,"[1, 0]"
425688,7547873,0,0,"[1, 0]"
425688,7547873,1,0,"[0, 1]"
425688,7547873,2,0,"[0, 1]"
425688,7547873,5,0,"[0, 1]"
425688,7547873,3,0,"[0, 1]"
425688,7547873,6,0,"[0, 1]"
425688,7547873,4,0,"[0, 1]"
425688,7547873,14,0,"[0, 1]"
425688,7547873,10,0,"[0, 1]"
425688,7547873,9,0,"[0, 1]"
425688,7547873,8,0,"[0, 1]"
425688,7547873,13,0,"[0, 1]"
425688,7547873,7,0,"[0, 1]"
425688,7547873,22,0,"[0, 1]"
425688,7547873,28,0,"[0, 1]"
425688,7547873,23,0,"[0, 1]"
425688,7547873,16,0,"[0, 1]"
425688,7547873,15,0,"[0, 1]"
425688,7547873,21,0,"[0, 1]"
425688,7547873,26,0,"[0, 1]"
425688,7547873,19,0,"[0, 1]"
425688,7547873,37,0,"[0, 1]"
425688,7547873,46,0,"[0, 1]"
425688,7547873,61,0,"[0, 1]"
425688,7547873,56,0,"[0, 1]"
425688,7547873,48,0,"[0, 1]"
425688,7547873,36,0,"[0, 1]"
425688,7547873,43,0,"[0, 1]"
425688,7547873,32,0,"[0, 1]"
425688,7547873,41,0,"[0, 1]"
425688,7547873,54,0,"[0, 1]"
425688,7547873,85,0,"[0, 1]"
425688,7547873,77,0,"[0, 1]"
425688,7547873,120,0,"[0, 1]"
425688,7547873,105,0,"[0, 1]"
425688,7547873,93,0,"[0, 1]"
425688,7547873,122,0,"[0, 1]"
425688,7547873,90,0,"[0, 1]"
425688,7547873,63,0,"[0, 1]"
425688,7547873,68,0,"[0, 1]"
425688,7547873,123,0,"[0, 1]"
425688,7547873,106,0,"[0, 1]"
425688,7547873,97,0,"[0, 1]"
425688,7547873,191,0,"[0, 1]"
425688,7547873,202,0,"[0, 1]"
425688,7547873,157,0,"[0, 1]"
425688,7547873,253,0,"[0, 1]"
425688,7547873,131,0,"[0, 1]"
425688,7547873,141,0,"[0, 1]"
425688,7547873,147,0,"[0, 1]"
425688,7547873,127,0,"[0, 1]"
425688,7547873,163,0,"[0, 1]"
425688,7547873,186,0,"[0, 1]"
425688,7547873,211,0,"[0, 1]"
425688,7547873,172,0,"[0, 1]"
425688,7547873,142,0,"[0, 1]"
425688,7547873,156,0,"[0, 1]"
425688,7547873,407,0,"[0, 1]"
425688,7547873,506,0,"[0, 1]"
425688,7547873,346,0,"[0, 1]"
425688,7547873,361,0,"[0, 1]"
425688,7547873,289,0,"[0, 1]"
425688,7547873,416,0,"[0, 1]"
425688,7547873,442,0,"[0, 1]"
425688,7547873,373,0,"[0, 1]"
425688,7547873,414,0,"[0, 1]"
425688,7547873,470,0,"[0, 1]"
425688,7547873,396,0,"[0, 1]"
425688,7547873,481,0,"[0, 1]"
425688,7547873,468,0,"[0, 1]"
425688,7547873,454,0,"[0, 1]"
425688,7547873,326,0,"[0, 1]"
425688,7547873,266,0,"[0, 1]"
425688,7547873,1010,0,"[0, 1]"
425688,7547873,826,0,"[0, 1]"
425688,7547873,559,0,"[0, 1]"
425688,7547873,550,0,"[0, 1]"
425688,7547873,951,0,"[0, 1]"
425688,7547873,1020,0,"[0, 1]"
425688,7547873,794,0,"[0, 1]"
425688,7547873,617,0,"[0, 1]"
425688,7547873,873,0,"[0, 1]"
425688,7547873,999,0,"[0, 1]"
425688,7547873,992,0,"[0, 1]"
425688,7547873,568,0,"[0, 1]"
425688,7547873,1013,0,"[0, 1]"
425688,7547873,733,0,"[0, 1]"
425688,7547873,892,0,"[0, 1]"
425688,7547873,1008,0,"[0, 1]"
425688,7547873,763,0,"[0, 1]"
425688,7547873,926,0,"[0, 1]"
425688,7547873,1733,0,"[0, 1]"
425688,7547873,1645,0,"[0, 1]"
425688,7547873,1421,0,"[0, 1]"
425688,7547873,1506,0,"[0, 1]"
425688,7547873,1909,0,"[0, 1]"
425688,7547873,1835,0,"[0, 1]"
425688,7547873,1973,0,"[0, 1]"
425688,7547873,1944,0,"[0, 1]"
425688,7547873,1686,0,"[0, 1]"
425688,7547873,1997,0,"[0, 1]"
425688,7547873,2039,0,"[0, 1]"
425688,7547873,1030,0,"[0, 1]"
425688,7547873,1998,0,"[0, 1]"
425688,7547873,1413,0,"[0, 1]"
425688,7547873,1025,0,"[0, 1]"
425688,7547873,1511,0,"[0, 1]"
425688,7547873,1607,0,"[0, 1]"
425688,7547873,1494,0,"[0, 1]"
425688,7547873,1821,0,"[0, 1]"
425688,7547873,1994,0,"[0, 1]"
425688,7547873,2353,0,"[0, 1]"
425688,7547873,3698,0,"[0, 1]"
425688,7547873,2135,0,"[0, 1]"
425688,7547873,2761,0,"[0, 1]"
425688,7547873,2058,0,"[0, 1]"
425688,7547873,3572,0,"[0, 1]"
425688,7547873,3509,0,"[0, 1]"
425688,7547873,3452,0,"[0, 1]"
425688,7547873,3621,0,"[0, 1]"
425688,7547873,2227,0,"[0, 1]"
425688,7547873,3333,0,"[0, 1]"
425688,7547873,3465,0,"[0, 1]"
425688,7547873,2905,0,"[0, 1]"
425688,7547873,2236,0,"[0, 1]"
425688,7547873,3997,0,"[0, 1]"
425688,7547873,3340,0,"[0, 1]"
425688,7547873,3385,0,"[0, 1]"
425688,7547873,3755,0,"[0, 1]"
425688,7547873,3989,0,"[0, 1]"
425688,7547873,2841,0,"[0, 1]"
425688,7547873,3984,0,"[0, 1]"
425688,7547873,3132,0,"[0, 1]"
425688,7547873,7459432,1,"[0, 1]"
425688,7547873,7086847,1,"[0, 1]"
425688,7547873,7168511,1,"[0, 1]"
425688,7547873,7466196,1,"[0, 1]"
425688,7547873,4595,0,"[0, 1]"
425688,7547873,7137630,1,"[0, 1]"
425688,7547873,7500599,1,"[0, 1]"
425688,7547873,7351200,1,"[0, 1]"
425688,7547873,7221542,1,"[0, 1]"
425688,7547873,4299,0,"[0, 1]"
425688,7547873,4720,0,"[0, 1]"
425688,7547873,7524413,1,"[0, 1]"
425688,7547873,7203676,1,"[0, 1]"
425688,7547873,7214926,1,"[0, 1]"
425688,7547873,4468,0,"[0, 1]"
425688,7547873,7490443,1,"[0, 1]"
425688,7547873,3041918,1,"[0, 1]"
425688,7547873,7153842,1,"[0, 1]"
425688,7547873,1849766,1,"[0, 1]"
425688,7547873,4176,0,"[0, 1]"
425688,7547873,7231901,1,"[0, 1]"
425688,7547873,7156376,1,"[0, 1]"
425688,7547873,7682771,1,"[0, 1]"
425688,7547873,7148697,1,"[0, 1]"
523062,7548085,7548085,1,"[1, 0]"
523062,7548085,4147,0,"[1, 0]"
523062,7548085,2163,0,"[1, 0]"
523062,7548085,1081,0,"[1, 0]"
523062,7548085,540,0,"[1, 0]"
523062,7548085,269,0,"[1, 0]"
523062,7548085,134,0,"[1, 0]"
523062,7548085,66,0,"[1, 0]"
523062,7548085,32,0,"[1, 0]"
523062,7548085,15,0,"[1, 0]"
523062,7548085,7,0,"[1, 0]"
523062,7548085,3,0,"[1, 0]"
523062,7548085,1,0,"[1, 0]"
523062,7548085,0,0,"[1, 0]"
523062,7548085,2,0,"[0, 1]"
523062,7548085,1,0,"[0, 1]"
523062,7548085,3,0,"[0, 1]"
523062,7548085,6,0,"[0, 1]"
523062,7548085,4,0,"[0, 1]"
523062,7548085,5,0,"[0, 1]"
523062,7548085,11,0,"[0, 1]"
523062,7548085,8,0,"[0, 1]"
523062,7548085,9,0,"[0, 1]"
523062,7548085,12,0,"[0, 1]"
523062,7548085,10,0,"[0, 1]"
523062,7548085,14,0,"[0, 1]"
523062,7548085,27,0,"[0, 1]"
523062,7548085,24,0,"[0, 1]"
523062,7548085,30,0,"[0, 1]"
523062,7548085,16,0,"[0, 1]"
523062,7548085,23,0,"[0, 1]"
523062,7548085,21,0,"[0, 1]"
523062,7548085,25,0,"[0, 1]"
523062,7548085,19,0,"[0, 1]"
523062,7548085,60,0,"[0, 1]"
523062,7548085,46,0,"[0, 1]"
523062,7548085,43,0,"[0, 1]"
523062,7548085,41,0,"[0, 1]"
523062,7548085,31,0,"[0, 1]"
523062,7548085,38,0,"[0, 1]"
523062,7548085,44,0,"[0, 1]"
523062,7548085,34,0,"[0, 1]"
523062,7548085,53,0,"[0, 1]"
523062,7548085,36,0,"[0, 1]"
523062,7548085,63,0,"[0, 1]"
523062,7548085,73,0,"[0, 1]"
523062,7548085,114,0,"[0, 1]"
523062,7548085,116,0,"[0, 1]"
523062,7548085,97,0,"[0, 1]"
523062,7548085,68,0,"[0, 1]"
523062,7548085,99,0,"[0, 1]"
523062,7548085,65,0,"[0, 1]"
523062,7548085,87,0,"[0, 1]"
523062,7548085,105,0,"[0, 1]"
523062,7548085,100,0,"[0, 1]"
523062,7548085,124,0,"[0, 1]"
523062,7548085,179,0,"[0, 1]"
523062,7548085,203,0,"[0, 1]"
523062,7548085,132,0,"[0, 1]"
523062,7548085,243,0,"[0, 1]"
523062,7548085,254,0,"[0, 1]"
523062,7548085,128,0,"[0, 1]"
523062,7548085,199,0,"[0, 1]"
523062,7548085,144,0,"[0, 1]"
523062,7548085,231,0,"[0, 1]"
523062,7548085,249,0,"[0, 1]"
523062,7548085,166,0,"[0, 1]"
523062,7548085,184,0,"[0, 1]"
523062,7548085,208,0,"[0, 1]"
523062,7548085,171,0,"[0, 1]"
523062,7548085,489,0,"[0, 1]"
523062,7548085,317,0,"[0, 1]"
523062,7548085,333,0,"[0, 1]"
523062,7548085,471,0,"[0, 1]"
523062,7548085,441,0,"[0, 1]"
523062,7548085,494,0,"[0, 1]"
523062,7548085,255,0,"[0, 1]"
523062,7548085,357,0,"[0, 1]"
523062,7548085,396,0,"[0, 1]"
523062,7548085,353,0,"[0, 1]"
523062,7548085,262,0,"[0, 1]"
523062,7548085,461,0,"[0, 1]"
523062,7548085,388,0,"[0, 1]"
523062,7548085,302,0,"[0, 1]"
523062,7548085,466,0,"[0, 1]"
523062,7548085,282,0,"[0, 1]"
523062,7548085,639,0,"[0, 1]"
523062,7548085,815,0,"[0, 1]"
523062,7548085,791,0,"[0, 1]"
523062,7548085,747,0,"[0, 1]"
523062,7548085,577,0,"[0, 1]"
523062,7548085,784,0,"[0, 1]"
523062,7548085,818,0,"[0, 1]"
523062,7548085,1018,0,"[0, 1]"
523062,7548085,793,0,"[0, 1]"
523062,7548085,917,0,"[0, 1]"
523062,7548085,659,0,"[0, 1]"
523062,7548085,832,0,"[0, 1]"
523062,7548085,616,0,"[0, 1]"
523062,7548085,866,0,"[0, 1]"
523062,7548085,558,0,"[0, 1]"
523062,7548085,880,0,"[0, 1]"
523062,7548085,539,0,"[0, 1]"
523062,7548085,898,0,"[0, 1]"
523062,7548085,1916,0,"[0, 1]"
523062,7548085,1868,0,"[0, 1]"
523062,7548085,1976,0,"[0, 1]"
523062,7548085,1104,0,"[0, 1]"
523062,7548085,1337,0,"[0, 1]"
523062,7548085,1661,0,"[0, 1]"
523062,7548085,1625,0,"[0, 1]"
523062,7548085,1557,0,"[0, 1]"
523062,7548085,1320,0,"[0, 1]"
523062,7548085,1224,0,"[0, 1]"
523062,7548085,1608,0,"[0, 1]"
523062,7548085,1545,0,"[0, 1]"
523062,7548085,1953,0,"[0, 1]"
523062,7548085,1878,0,"[0, 1]"
523062,7548085,1138,0,"[0, 1]"
523062,7548085,1257,0,"[0, 1]"
523062,7548085,1671,0,"[0, 1]"
523062,7548085,2004,0,"[0, 1]"
523062,7548085,1702,0,"[0, 1]"
523062,7548085,1841,0,"[0, 1]"
523062,7548085,2195,0,"[0, 1]"
523062,7548085,2523,0,"[0, 1]"
523062,7548085,3886,0,"[0, 1]"
523062,7548085,3537,0,"[0, 1]"
523062,7548085,2663,0,"[0, 1]"
523062,7548085,3179,0,"[0, 1]"
523062,7548085,3109,0,"[0, 1]"
523062,7548085,3972,0,"[0, 1]"
523062,7548085,2872,0,"[0, 1]"
523062,7548085,3077,0,"[0, 1]"
523062,7548085,3921,0,"[0, 1]"
523062,7548085,3624,0,"[0, 1]"
523062,7548085,2384,0,"[0, 1]"
523062,7548085,3301,0,"[0, 1]"
523062,7548085,2444,0,"[0, 1]"
523062,7548085,2528,0,"[0, 1]"
523062,7548085,3838,0,"[0, 1]"
523062,7548085,3977,0,"[0, 1]"
523062,7548085,3272,0,"[0, 1]"
523062,7548085,2551,0,"[0, 1]"
523062,7548085,3092,0,"[0, 1]"
523062,7548085,3050,0,"[0, 1]"
523062,7548085,2745456,1,"[0, 1]"
523062,7548085,7411246,1,"[0, 1]"
523062,7548085,7632334,1,"[0, 1]"
523062,7548085,4513,0,"[0, 1]"
523062,7548085,7602332,1,"[0, 1]"
523062,7548085,7141450,1,"[0, 1]"
523062,7548085,7119787,1,"[0, 1]"
523062,7548085,7359988,1,"[0, 1]"
523062,7548085,7225897,1,"[0, 1]"
523062,7548085,2609809,1,"[0, 1]"
523062,7548085,7348638,1,"[0, 1]"
523062,7548085,7136942,1,"[0, 1]"
523062,7548085,7495100,1,"[0, 1]"
523062,7548085,7526863,1,"[0, 1]"
523062,7548085,4449,0,"[0, 1]"
523062,7548085,3098712,1,"[0, 1]"
523062,7548085,7676222,1,"[0, 1]"
523062,7548085,4659,0,"[0, 1]"
523062,7548085,7529540,1,"[0, 1]"
523062,7548085,7477820,1,"[0, 1]"
523062,7548085,7245148,1,"[0, 1]"
523062,7548085,109609,1,"[0, 1]"
523062,7548085,7615545,1,"[0, 1]"
523062,7548085,7183581,1,"[0, 1]"
523062,7548085,7503162,1,"[0, 1]"
523062,7548085,7330429,1,"[0, 1]"
523062,7548085,7357193,1,"[0, 1]"
523062,7548085,7224576,1,"[0, 1]"
523062,7548085,7170462,1,"[0, 1]"
523062,7548085,7681283,1,"[0, 1]"
523062,7548085,7183229,1,"[0, 1]"
523062,7548085,7127941,1,"[0, 1]"
523062,7548085,7348626,1,"[0, 1]"
523062,7548085,7578466,1,"[0, 1]"
523062,7548085,7111670,1,"[0, 1]"
523062,7548085,7488866,1,"[0, 1]"
523062,7548085,7407113,1,"[0, 1]"
523062,7548085,7246297,1,"[0, 1]"
523062,7548085,7262575,1,"[0, 1]"
523062,7548085,7562778,1,"[0, 1]"
523062,7548085,7555314,1,"[0, 1]"
523062,7548085,7384360,1,"[0, 1]"
523062,7548085,7292917,1,"[0, 1]"
523062,7548085,7486859,1,"[0, 1]"
523062,7548085,7595430,1,"[0, 1]"
523062,7548085,7106218,1,"[0, 1]"
523062,7548085,7246722,1,"[0, 1]"
523062,7548085,7310891,1,"[0, 1]"
523062,7548085,7163709,1,"[0, 1]"
523062,7548085,2504788,1,"[0, 1]"
523062,7548088,7548088,1,"[1, 0]"
523062,7548088,4147,0,"[1, 0]"
523062,7548088,2163,0,"[1, 0]"
523062,7548088,1081,0,"[1, 0]"
523062,7548088,540,0,"[1, 0]"
523062,7548088,269,0,"[1, 0]"
523062,7548088,134,0,"[1, 0]"
523062,7548088,66,0,"[1, 0]"
523062,7548088,32,0,"[1, 0]"
523062,7548088,15,0,"[1, 0]"
523062,7548088,7,0,"[1, 0]"
523062,7548088,3,0,"[1, 0]"
523062,7548088,1,0,"[1, 0]"
523062,7548088,0,0,"[1, 0]"
523062,7548088,2,0,"[0, 1]"
523062,7548088,1,0,"[0, 1]"
523062,7548088,3,0,"[0, 1]"
523062,7548088,5,0,"[0, 1]"
523062,7548088,4,0,"[0, 1]"
523062,7548088,6,0,"[0, 1]"
523062,7548088,12,0,"[0, 1]"
523062,7548088,13,0,"[0, 1]"
523062,7548088,8,0,"[0, 1]"
523062,7548088,9,0,"[0, 1]"
523062,7548088,10,0,"[0, 1]"
523062,7548088,14,0,"[0, 1]"
523062,7548088,29,0,"[0, 1]"
523062,7548088,19,0,"[0, 1]"
523062,7548088,24,0,"[0, 1]"
523062,7548088,27,0,"[0, 1]"
523062,7548088,30,0,"[0, 1]"
523062,7548088,22,0,"[0, 1]"
523062,7548088,26,0,"[0, 1]"
523062,7548088,18,0,"[0, 1]"
523062,7548088,61,0,"[0, 1]"
523062,7548088,55,0,"[0, 1]"
523062,7548088,32,0,"[0, 1]"
523062,7548088,42,0,"[0, 1]"
523062,7548088,47,0,"[0, 1]"
523062,7548088,51,0,"[0, 1]"
523062,7548088,58,0,"[0, 1]"
523062,7548088,31,0,"[0, 1]"
523062,7548088,41,0,"[0, 1]"
523062,7548088,49,0,"[0, 1]"
523062,7548088,124,0,"[0, 1]"
523062,7548088,122,0,"[0, 1]"
523062,7548088,88,0,"[0, 1]"
523062,7548088,89,0,"[0, 1]"
523062,7548088,96,0,"[0, 1]"
523062,7548088,95,0,"[0, 1]"
523062,7548088,66,0,"[0, 1]"
523062,7548088,115,0,"[0, 1]"
523062,7548088,92,0,"[0, 1]"
523062,7548088,73,0,"[0, 1]"
523062,7548088,83,0,"[0, 1]"
523062,7548088,102,0,"[0, 1]"
523062,7548088,180,0,"[0, 1]"
523062,7548088,217,0,"[0, 1]"
523062,7548088,193,0,"[0, 1]"
523062,7548088,218,0,"[0, 1]"
523062,7548088,142,0,"[0, 1]"
523062,7548088,156,0,"[0, 1]"
523062,7548088,138,0,"[0, 1]"
523062,7548088,181,0,"[0, 1]"
523062,7548088,226,0,"[0, 1]"
523062,7548088,243,0,"[0, 1]"
523062,7548088,215,0,"[0, 1]"
523062,7548088,228,0,"[0, 1]"
523062,7548088,139,0,"[0, 1]"
523062,7548088,164,0,"[0, 1]"
523062,7548088,509,0,"[0, 1]"
523062,7548088,292,0,"[0, 1]"
523062,7548088,364,0,"[0, 1]"
523062,7548088,310,0,"[0, 1]"
523062,7548088,386,0,"[0, 1]"
523062,7548088,459,0,"[0, 1]"
523062,7548088,264,0,"[0, 1]"
523062,7548088,365,0,"[0, 1]"
523062,7548088,258,0,"[0, 1]"
523062,7548088,368,0,"[0, 1]"
523062,7548088,450,0,"[0, 1]"
523062,7548088,265,0,"[0, 1]"
523062,7548088,400,0,"[0, 1]"
523062,7548088,278,0,"[0, 1]"
523062,7548088,357,0,"[0, 1]"
523062,7548088,330,0,"[0, 1]"
523062,7548088,549,0,"[0, 1]"
523062,7548088,822,0,"[0, 1]"
523062,7548088,879,0,"[0, 1]"
523062,7548088,661,0,"[0, 1]"
523062,7548088,567,0,"[0, 1]"
523062,7548088,535,0,"[0, 1]"
523062,7548088,734,0,"[0, 1]"
523062,7548088,546,0,"[0, 1]"
523062,7548088,809,0,"[0, 1]"
523062,7548088,599,0,"[0, 1]"
523062,7548088,576,0,"[0, 1]"
523062,7548088,528,0,"[0, 1]"
523062,7548088,766,0,"[0, 1]"
523062,7548088,890,0,"[0, 1]"
523062,7548088,812,0,"[0, 1]"
523062,7548088,1011,0,"[0, 1]"
523062,7548088,815,0,"[0, 1]"
523062,7548088,692,0,"[0, 1]"
523062,7548088,1177,0,"[0, 1]"
523062,7548088,1155,0,"[0, 1]"
523062,7548088,1460,0,"[0, 1]"
523062,7548088,1710,0,"[0, 1]"
523062,7548088,1427,0,"[0, 1]"
523062,7548088,1329,0,"[0, 1]"
523062,7548088,1250,0,"[0, 1]"
523062,7548088,1807,0,"[0, 1]"
523062,7548088,1438,0,"[0, 1]"
523062,7548088,1029,0,"[0, 1]"
523062,7548088,1989,0,"[0, 1]"
523062,7548088,1435,0,"[0, 1]"
523062,7548088,1222,0,"[0, 1]"
523062,7548088,1150,0,"[0, 1]"
523062,7548088,1163,0,"[0, 1]"
523062,7548088,1272,0,"[0, 1]"
523062,7548088,1336,0,"[0, 1]"
523062,7548088,1224,0,"[0, 1]"
523062,7548088,1581,0,"[0, 1]"
523062,7548088,1681,0,"[0, 1]"
523062,7548088,3585,0,"[0, 1]"
523062,7548088,2711,0,"[0, 1]"
523062,7548088,3470,0,"[0, 1]"
523062,7548088,3888,0,"[0, 1]"
523062,7548088,2317,0,"[0, 1]"
523062,7548088,2624,0,"[0, 1]"
523062,7548088,3479,0,"[0, 1]"
523062,7548088,3262,0,"[0, 1]"
523062,7548088,3276,0,"[0, 1]"
523062,7548088,3572,0,"[0, 1]"
523062,7548088,3251,0,"[0, 1]"
523062,7548088,3051,0,"[0, 1]"
523062,7548088,4076,0,"[0, 1]"
523062,7548088,3319,0,"[0, 1]"
523062,7548088,3112,0,"[0, 1]"
523062,7548088,2814,0,"[0, 1]"
523062,7548088,3870,0,"[0, 1]"
523062,7548088,2457,0,"[0, 1]"
523062,7548088,2155,0,"[0, 1]"
523062,7548088,3010,0,"[0, 1]"
523062,7548088,2759,0,"[0, 1]"
523062,7548088,3063,0,"[0, 1]"
523062,7548088,7561728,1,"[0, 1]"
523062,7548088,7072155,1,"[0, 1]"
523062,7548088,7689813,1,"[0, 1]"
523062,7548088,4909,0,"[0, 1]"
523062,7548088,7260887,1,"[0, 1]"
523062,7548088,7261988,1,"[0, 1]"
523062,7548088,7521584,1,"[0, 1]"
523062,7548088,3058555,1,"[0, 1]"
523062,7548088,7376469,1,"[0, 1]"
523062,7548088,7086188,1,"[0, 1]"
523062,7548088,7593721,1,"[0, 1]"
523062,7548088,7219338,1,"[0, 1]"
523062,7548088,7082229,1,"[0, 1]"
523062,7548088,7107525,1,"[0, 1]"
523062,7548088,7095519,1,"[0, 1]"
523062,7548088,4253,0,"[0, 1]"
523062,7548088,7288132,1,"[0, 1]"
523062,7548088,7337323,1,"[0, 1]"
523062,7548088,7543353,1,"[0, 1]"
523062,7548088,4664,0,"[0, 1]"
523062,7548088,7188576,1,"[0, 1]"
523062,7548088,7499337,1,"[0, 1]"
523062,7548088,7521010,1,"[0, 1]"
523062,7548088,7636207,1,"[0, 1]"
523062,7548088,7102627,1,"[0, 1]"
523062,7548088,5273629,1,"[0, 1]"
523062,7548088,7684964,1,"[0, 1]"
523062,7548088,7094182,1,"[0, 1]"
523062,7548088,7477258,1,"[0, 1]"
523062,7548088,7337562,1,"[0, 1]"
523062,7548088,7675199,1,"[0, 1]"
523062,7548088,7632239,1,"[0, 1]"
523062,7548088,7154432,1,"[0, 1]"
523062,7548088,7128734,1,"[0, 1]"
523062,7548088,1285360,1,"[0, 1]"
523062,7548088,6571087,1,"[0, 1]"
523062,7548088,7035144,1,"[0, 1]"
523062,7548088,7556559,1,"[0, 1]"
523062,7548088,2145881,1,"[0, 1]"
523062,7548088,7156499,1,"[0, 1]"
523062,7548088,7689210,1,"[0, 1]"
523062,7548088,7431953,1,"[0, 1]"
523062,7548088,7193374,1,"[0, 1]"
523062,7548088,7624226,1,"[0, 1]"
523062,7548088,7170528,1,"[0, 1]"
523062,7548088,7519905,1,"[0, 1]"
523062,7548088,7573780,1,"[0, 1]"
523062,7548088,7543210,1,"[0, 1]"
523062,7548088,7619132,1,"[0, 1]"
523062,7548088,7496708,1,"[0, 1]"
73094,7548236,7548236,1,"[1, 0]"
73094,7548236,2946,0,"[1, 0]"
73094,7548236,1472,0,"[1, 0]"
73094,7548236,735,0,"[1, 0]"
73094,7548236,367,0,"[1, 0]"
73094,7548236,183,0,"[1, 0]"
73094,7548236,91,0,"[1, 0]"
73094,7548236,45,0,"[1, 0]"
73094,7548236,22,0,"[1, 0]"
73094,7548236,10,0,"[1, 0]"
73094,7548236,4,0,"[1, 0]"
73094,7548236,1,0,"[1, 0]"
73094,7548236,0,0,"[1, 0]"
73094,7548236,1,0,"[0, 1]"
73094,7548236,2,0,"[0, 1]"
73094,7548236,6,0,"[0, 1]"
73094,7548236,3,0,"[0, 1]"
73094,7548236,5,0,"[0, 1]"
73094,7548236,4,0,"[0, 1]"
73094,7548236,10,0,"[0, 1]"
73094,7548236,14,0,"[0, 1]"
73094,7548236,12,0,"[0, 1]"
73094,7548236,11,0,"[0, 1]"
73094,7548236,9,0,"[0, 1]"
73094,7548236,7,0,"[0, 1]"
73094,7548236,16,0,"[0, 1]"
73094,7548236,27,0,"[0, 1]"
73094,7548236,22,0,"[0, 1]"
73094,7548236,17,0,"[0, 1]"
73094,7548236,21,0,"[0, 1]"
73094,7548236,19,0,"[0, 1]"
73094,7548236,30,0,"[0, 1]"
73094,7548236,23,0,"[0, 1]"
73094,7548236,56,0,"[0, 1]"
73094,7548236,32,0,"[0, 1]"
73094,7548236,45,0,"[0, 1]"
73094,7548236,58,0,"[0, 1]"
73094,7548236,44,0,"[0, 1]"
73094,7548236,51,0,"[0, 1]"
73094,7548236,46,0,"[0, 1]"
73094,7548236,47,0,"[0, 1]"
73094,7548236,61,0,"[0, 1]"
73094,7548236,35,0,"[0, 1]"
73094,7548236,117,0,"[0, 1]"
73094,7548236,82,0,"[0, 1]"
73094,7548236,71,0,"[0, 1]"
73094,7548236,78,0,"[0, 1]"
73094,7548236,105,0,"[0, 1]"
73094,7548236,67,0,"[0, 1]"
73094,7548236,74,0,"[0, 1]"
73094,7548236,114,0,"[0, 1]"
73094,7548236,81,0,"[0, 1]"
73094,7548236,63,0,"[0, 1]"
73094,7548236,90,0,"[0, 1]"
73094,7548236,70,0,"[0, 1]"
73094,7548236,167,0,"[0, 1]"
73094,7548236,238,0,"[0, 1]"
73094,7548236,206,0,"[0, 1]"
73094,7548236,218,0,"[0, 1]"
73094,7548236,213,0,"[0, 1]"
73094,7548236,164,0,"[0, 1]"
73094,7548236,217,0,"[0, 1]"
73094,7548236,146,0,"[0, 1]"
73094,7548236,210,0,"[0, 1]"
73094,7548236,192,0,"[0, 1]"
73094,7548236,240,0,"[0, 1]"
73094,7548236,239,0,"[0, 1]"
73094,7548236,184,0,"[0, 1]"
73094,7548236,194,0,"[0, 1]"
73094,7548236,359,0,"[0, 1]"
73094,7548236,466,0,"[0, 1]"
73094,7548236,384,0,"[0, 1]"
73094,7548236,357,0,"[0, 1]"
73094,7548236,403,0,"[0, 1]"
73094,7548236,475,0,"[0, 1]"
73094,7548236,257,0,"[0, 1]"
73094,7548236,424,0,"[0, 1]"
73094,7548236,453,0,"[0, 1]"
73094,7548236,410,0,"[0, 1]"
73094,7548236,275,0,"[0, 1]"
73094,7548236,346,0,"[0, 1]"
73094,7548236,310,0,"[0, 1]"
73094,7548236,378,0,"[0, 1]"
73094,7548236,449,0,"[0, 1]"
73094,7548236,496,0,"[0, 1]"
73094,7548236,802,0,"[0, 1]"
73094,7548236,891,0,"[0, 1]"
73094,7548236,673,0,"[0, 1]"
73094,7548236,531,0,"[0, 1]"
73094,7548236,718,0,"[0, 1]"
73094,7548236,927,0,"[0, 1]"
73094,7548236,779,0,"[0, 1]"
73094,7548236,701,0,"[0, 1]"
73094,7548236,690,0,"[0, 1]"
73094,7548236,642,0,"[0, 1]"
73094,7548236,542,0,"[0, 1]"
73094,7548236,661,0,"[0, 1]"
73094,7548236,648,0,"[0, 1]"
73094,7548236,646,0,"[0, 1]"
73094,7548236,983,0,"[0, 1]"
73094,7548236,769,0,"[0, 1]"
73094,7548236,916,0,"[0, 1]"
73094,7548236,751,0,"[0, 1]"
73094,7548236,1891,0,"[0, 1]"
73094,7548236,1259,0,"[0, 1]"
73094,7548236,1547,0,"[0, 1]"
73094,7548236,1818,0,"[0, 1]"
73094,7548236,1293,0,"[0, 1]"
73094,7548236,1418,0,"[0, 1]"
73094,7548236,1876,0,"[0, 1]"
73094,7548236,1075,0,"[0, 1]"
73094,7548236,1791,0,"[0, 1]"
73094,7548236,1954,0,"[0, 1]"
73094,7548236,1971,0,"[0, 1]"
73094,7548236,1924,0,"[0, 1]"
73094,7548236,1925,0,"[0, 1]"
73094,7548236,1535,0,"[0, 1]"
73094,7548236,1725,0,"[0, 1]"
73094,7548236,1495,0,"[0, 1]"
73094,7548236,1113,0,"[0, 1]"
73094,7548236,1465,0,"[0, 1]"
73094,7548236,1821,0,"[0, 1]"
73094,7548236,1652,0,"[0, 1]"
73094,7548236,4016,0,"[0, 1]"
73094,7548236,2938,0,"[0, 1]"
73094,7548236,3629,0,"[0, 1]"
73094,7548236,3806,0,"[0, 1]"
73094,7548236,2503,0,"[0, 1]"
73094,7548236,3723,0,"[0, 1]"
73094,7548236,2846,0,"[0, 1]"
73094,7548236,4046,0,"[0, 1]"
73094,7548236,3963,0,"[0, 1]"
73094,7548236,3874,0,"[0, 1]"
73094,7548236,2087,0,"[0, 1]"
73094,7548236,2771,0,"[0, 1]"
73094,7548236,3639,0,"[0, 1]"
73094,7548236,2056,0,"[0, 1]"
73094,7548236,3744,0,"[0, 1]"
73094,7548236,3263,0,"[0, 1]"
73094,7548236,2595,0,"[0, 1]"
73094,7548236,2590,0,"[0, 1]"
73094,7548236,3912,0,"[0, 1]"
73094,7548236,2769,0,"[0, 1]"
73094,7548236,2302,0,"[0, 1]"
73094,7548236,2058,0,"[0, 1]"
73094,7548236,7304670,1,"[0, 1]"
73094,7548236,4156,0,"[0, 1]"
73094,7548236,7300170,1,"[0, 1]"
73094,7548236,4665,0,"[0, 1]"
73094,7548236,7590504,1,"[0, 1]"
73094,7548236,7092301,1,"[0, 1]"
73094,7548236,4692,0,"[0, 1]"
73094,7548236,7363701,1,"[0, 1]"
73094,7548236,6689409,1,"[0, 1]"
73094,7548236,7523778,1,"[0, 1]"
73094,7548236,1439346,1,"[0, 1]"
73094,7548236,7390162,1,"[0, 1]"
73094,7548236,7378227,1,"[0, 1]"
73094,7548236,4461,0,"[0, 1]"
73094,7548236,7187373,1,"[0, 1]"
73094,7548236,4959,0,"[0, 1]"
73094,7548236,4285,0,"[0, 1]"
73094,7548236,7118190,1,"[0, 1]"
73094,7548236,7267491,1,"[0, 1]"
73094,7548236,7447712,1,"[0, 1]"
73094,7548236,7443692,1,"[0, 1]"
73094,7548236,7142526,1,"[0, 1]"
73094,7548236,7573647,1,"[0, 1]"
73094,7548236,7079948,1,"[0, 1]"
1095955,7548278,7548278,1,"[1, 0]"
1095955,7548278,2943,0,"[1, 0]"
1095955,7548278,1471,0,"[1, 0]"
1095955,7548278,735,0,"[1, 0]"
1095955,7548278,367,0,"[1, 0]"
1095955,7548278,183,0,"[1, 0]"
1095955,7548278,91,0,"[1, 0]"
1095955,7548278,45,0,"[1, 0]"
1095955,7548278,22,0,"[1, 0]"
1095955,7548278,10,0,"[1, 0]"
1095955,7548278,4,0,"[1, 0]"
1095955,7548278,1,0,"[1, 0]"
1095955,7548278,0,0,"[1, 0]"
1095955,7548278,2,0,"[0, 1]"
1095955,7548278,1,0,"[0, 1]"
1095955,7548278,4,0,"[0, 1]"
1095955,7548278,5,0,"[0, 1]"
1095955,7548278,6,0,"[0, 1]"
1095955,7548278,3,0,"[0, 1]"
1095955,7548278,9,0,"[0, 1]"
1095955,7548278,7,0,"[0, 1]"
1095955,7548278,13,0,"[0, 1]"
1095955,7548278,10,0,"[0, 1]"
1095955,7548278,14,0,"[0, 1]"
1095955,7548278,11,0,"[0, 1]"
1095955,7548278,15,0,"[0, 1]"
1095955,7548278,25,0,"[0, 1]"
1095955,7548278,28,0,"[0, 1]"
1095955,7548278,30,0,"[0, 1]"
1095955,7548278,18,0,"[0, 1]"
1095955,7548278,16,0,"[0, 1]"
1095955,7548278,29,0,"[0, 1]"
1095955,7548278,26,0,"[0, 1]"
1095955,7548278,40,0,"[0, 1]"
1095955,7548278,34,0,"[0, 1]"
1095955,7548278,33,0,"[0, 1]"
1095955,7548278,46,0,"[0, 1]"
1095955,7548278,47,0,"[0, 1]"
1095955,7548278,43,0,"[0, 1]"
1095955,7548278,45,0,"[0, 1]"
1095955,7548278,57,0,"[0, 1]"
1095955,7548278,32,0,"[0, 1]"
1095955,7548278,36,0,"[0, 1]"
1095955,7548278,67,0,"[0, 1]"
1095955,7548278,76,0,"[0, 1]"
1095955,7548278,89,0,"[0, 1]"
1095955,7548278,88,0,"[0, 1]"
1095955,7548278,115,0,"[0, 1]"
1095955,7548278,69,0,"[0, 1]"
1095955,7548278,85,0,"[0, 1]"
1095955,7548278,65,0,"[0, 1]"
1095955,7548278,83,0,"[0, 1]"
1095955,7548278,113,0,"[0, 1]"
1095955,7548278,118,0,"[0, 1]"
1095955,7548278,104,0,"[0, 1]"
1095955,7548278,214,0,"[0, 1]"
1095955,7548278,239,0,"[0, 1]"
1095955,7548278,129,0,"[0, 1]"
1095955,7548278,152,0,"[0, 1]"
1095955,7548278,128,0,"[0, 1]"
1095955,7548278,144,0,"[0, 1]"
1095955,7548278,246,0,"[0, 1]"
1095955,7548278,206,0,"[0, 1]"
1095955,7548278,165,0,"[0, 1]"
1095955,7548278,207,0,"[0, 1]"
1095955,7548278,203,0,"[0, 1]"
1095955,7548278,185,0,"[0, 1]"
1095955,7548278,240,0,"[0, 1]"
1095955,7548278,196,0,"[0, 1]"
1095955,7548278,438,0,"[0, 1]"
1095955,7548278,419,0,"[0, 1]"
1095955,7548278,384,0,"[0, 1]"
1095955,7548278,386,0,"[0, 1]"
1095955,7548278,449,0,"[0, 1]"
1095955,7548278,343,0,"[0, 1]"
1095955,7548278,358,0,"[0, 1]"
1095955,7548278,340,0,"[0, 1]"
1095955,7548278,440,0,"[0, 1]"
1095955,7548278,434,0,"[0, 1]"
1095955,7548278,296,0,"[0, 1]"
1095955,7548278,451,0,"[0, 1]"
1095955,7548278,458,0,"[0, 1]"
1095955,7548278,424,0,"[0, 1]"
1095955,7548278,311,0,"[0, 1]"
1095955,7548278,348,0,"[0, 1]"
1095955,7548278,820,0,"[0, 1]"
1095955,7548278,887,0,"[0, 1]"
1095955,7548278,876,0,"[0, 1]"
1095955,7548278,803,0,"[0, 1]"
1095955,7548278,952,0,"[0, 1]"
1095955,7548278,840,0,"[0, 1]"
1095955,7548278,603,0,"[0, 1]"
1095955,7548278,830,0,"[0, 1]"
1095955,7548278,636,0,"[0, 1]"
1095955,7548278,939,0,"[0, 1]"
1095955,7548278,962,0,"[0, 1]"
1095955,7548278,1012,0,"[0, 1]"
1095955,7548278,989,0,"[0, 1]"
1095955,7548278,956,0,"[0, 1]"
1095955,7548278,793,0,"[0, 1]"
1095955,7548278,776,0,"[0, 1]"
1095955,7548278,530,0,"[0, 1]"
1095955,7548278,582,0,"[0, 1]"
1095955,7548278,1093,0,"[0, 1]"
1095955,7548278,1418,0,"[0, 1]"
1095955,7548278,1653,0,"[0, 1]"
1095955,7548278,1640,0,"[0, 1]"
1095955,7548278,1999,0,"[0, 1]"
1095955,7548278,1573,0,"[0, 1]"
1095955,7548278,1764,0,"[0, 1]"
1095955,7548278,1772,0,"[0, 1]"
1095955,7548278,1428,0,"[0, 1]"
1095955,7548278,1928,0,"[0, 1]"
1095955,7548278,1945,0,"[0, 1]"
1095955,7548278,1196,0,"[0, 1]"
1095955,7548278,1260,0,"[0, 1]"
1095955,7548278,1590,0,"[0, 1]"
1095955,7548278,1652,0,"[0, 1]"
1095955,7548278,1490,0,"[0, 1]"
1095955,7548278,1845,0,"[0, 1]"
1095955,7548278,1057,0,"[0, 1]"
1095955,7548278,1572,0,"[0, 1]"
1095955,7548278,1083,0,"[0, 1]"
1095955,7548278,3041,0,"[0, 1]"
1095955,7548278,3009,0,"[0, 1]"
1095955,7548278,3467,0,"[0, 1]"
1095955,7548278,3177,0,"[0, 1]"
1095955,7548278,3523,0,"[0, 1]"
1095955,7548278,3687,0,"[0, 1]"
1095955,7548278,3879,0,"[0, 1]"
1095955,7548278,2167,0,"[0, 1]"
1095955,7548278,2264,0,"[0, 1]"
1095955,7548278,3439,0,"[0, 1]"
1095955,7548278,3077,0,"[0, 1]"
1095955,7548278,3298,0,"[0, 1]"
1095955,7548278,4003,0,"[0, 1]"
1095955,7548278,3072,0,"[0, 1]"
1095955,7548278,3808,0,"[0, 1]"
1095955,7548278,2894,0,"[0, 1]"
1095955,7548278,3476,0,"[0, 1]"
1095955,7548278,3931,0,"[0, 1]"
1095955,7548278,2955,0,"[0, 1]"
1095955,7548278,4000,0,"[0, 1]"
1095955,7548278,3464,0,"[0, 1]"
1095955,7548278,2693,0,"[0, 1]"
1095955,7548278,7215385,1,"[0, 1]"
1095955,7548278,7671705,1,"[0, 1]"
1095955,7548278,7250983,1,"[0, 1]"
1095955,7548278,7364279,1,"[0, 1]"
1095955,7548278,7264701,1,"[0, 1]"
1095955,7548278,7339077,1,"[0, 1]"
1095955,7548278,4284,0,"[0, 1]"
1095955,7548278,4888,0,"[0, 1]"
1095955,7548278,7100555,1,"[0, 1]"
1095955,7548278,4217,0,"[0, 1]"
1095955,7548278,493167,1,"[0, 1]"
1095955,7548278,7088254,1,"[0, 1]"
1095955,7548278,7689813,1,"[0, 1]"
1095955,7548278,7541334,1,"[0, 1]"
1095955,7548278,4353583,1,"[0, 1]"
1095955,7548278,7534191,1,"[0, 1]"
1095955,7548278,7301412,1,"[0, 1]"
1095955,7548278,7573647,1,"[0, 1]"
1095955,7548278,7493757,1,"[0, 1]"
1095955,7548278,7379443,1,"[0, 1]"
1095955,7548278,7171472,1,"[0, 1]"
1095955,7548278,490992,1,"[0, 1]"
1095955,7548278,7097570,1,"[0, 1]"
1095955,7548278,7146502,1,"[0, 1]"
718782,7548309,7548309,1,"[1, 0]"
718782,7548309,4631,0,"[1, 0]"
718782,7548309,3261,0,"[1, 0]"
718782,7548309,1630,0,"[1, 0]"
718782,7548309,814,0,"[1, 0]"
718782,7548309,406,0,"[1, 0]"
718782,7548309,202,0,"[1, 0]"
718782,7548309,100,0,"[1, 0]"
718782,7548309,49,0,"[1, 0]"
718782,7548309,24,0,"[1, 0]"
718782,7548309,11,0,"[1, 0]"
718782,7548309,5,0,"[1, 0]"
718782,7548309,2,0,"[1, 0]"
718782,7548309,0,0,"[1, 0]"
718782,7548309,2,0,"[0, 1]"
718782,7548309,1,0,"[0, 1]"
718782,7548309,5,0,"[0, 1]"
718782,7548309,4,0,"[0, 1]"
718782,7548309,3,0,"[0, 1]"
718782,7548309,6,0,"[0, 1]"
718782,7548309,8,0,"[0, 1]"
718782,7548309,12,0,"[0, 1]"
718782,7548309,11,0,"[0, 1]"
718782,7548309,14,0,"[0, 1]"
718782,7548309,13,0,"[0, 1]"
718782,7548309,10,0,"[0, 1]"
718782,7548309,30,0,"[0, 1]"
718782,7548309,19,0,"[0, 1]"
718782,7548309,18,0,"[0, 1]"
718782,7548309,28,0,"[0, 1]"
718782,7548309,17,0,"[0, 1]"
718782,7548309,29,0,"[0, 1]"
718782,7548309,15,0,"[0, 1]"
718782,7548309,23,0,"[0, 1]"
718782,7548309,53,0,"[0, 1]"
718782,7548309,50,0,"[0, 1]"
718782,7548309,52,0,"[0, 1]"
718782,7548309,55,0,"[0, 1]"
718782,7548309,31,0,"[0, 1]"
718782,7548309,51,0,"[0, 1]"
718782,7548309,36,0,"[0, 1]"
718782,7548309,61,0,"[0, 1]"
718782,7548309,49,0,"[0, 1]"
718782,7548309,57,0,"[0, 1]"
718782,7548309,122,0,"[0, 1]"
718782,7548309,119,0,"[0, 1]"
718782,7548309,88,0,"[0, 1]"
718782,7548309,76,0,"[0, 1]"
718782,7548309,106,0,"[0, 1]"
718782,7548309,74,0,"[0, 1]"
718782,7548309,69,0,"[0, 1]"
718782,7548309,98,0,"[0, 1]"
718782,7548309,63,0,"[0, 1]"
718782,7548309,78,0,"[0, 1]"
718782,7548309,96,0,"[0, 1]"
718782,7548309,105,0,"[0, 1]"
718782,7548309,231,0,"[0, 1]"
718782,7548309,140,0,"[0, 1]"
718782,7548309,233,0,"[0, 1]"
718782,7548309,144,0,"[0, 1]"
718782,7548309,136,0,"[0, 1]"
718782,7548309,203,0,"[0, 1]"
718782,7548309,174,0,"[0, 1]"
718782,7548309,245,0,"[0, 1]"
718782,7548309,154,0,"[0, 1]"
718782,7548309,132,0,"[0, 1]"
718782,7548309,147,0,"[0, 1]"
718782,7548309,254,0,"[0, 1]"
718782,7548309,210,0,"[0, 1]"
718782,7548309,175,0,"[0, 1]"
718782,7548309,453,0,"[0, 1]"
718782,7548309,313,0,"[0, 1]"
718782,7548309,431,0,"[0, 1]"
718782,7548309,306,0,"[0, 1]"
718782,7548309,456,0,"[0, 1]"
718782,7548309,426,0,"[0, 1]"
718782,7548309,258,0,"[0, 1]"
718782,7548309,366,0,"[0, 1]"
718782,7548309,295,0,"[0, 1]"
718782,7548309,357,0,"[0, 1]"
718782,7548309,482,0,"[0, 1]"
718782,7548309,263,0,"[0, 1]"
718782,7548309,449,0,"[0, 1]"
718782,7548309,316,0,"[0, 1]"
718782,7548309,509,0,"[0, 1]"
718782,7548309,289,0,"[0, 1]"
718782,7548309,585,0,"[0, 1]"
718782,7548309,988,0,"[0, 1]"
718782,7548309,549,0,"[0, 1]"
718782,7548309,892,0,"[0, 1]"
718782,7548309,591,0,"[0, 1]"
718782,7548309,531,0,"[0, 1]"
718782,7548309,924,0,"[0, 1]"
718782,7548309,1004,0,"[0, 1]"
718782,7548309,850,0,"[0, 1]"
718782,7548309,633,0,"[0, 1]"
718782,7548309,1001,0,"[0, 1]"
718782,7548309,630,0,"[0, 1]"
718782,7548309,1020,0,"[0, 1]"
718782,7548309,909,0,"[0, 1]"
718782,7548309,550,0,"[0, 1]"
718782,7548309,891,0,"[0, 1]"
718782,7548309,687,0,"[0, 1]"
718782,7548309,645,0,"[0, 1]"
718782,7548309,1602,0,"[0, 1]"
718782,7548309,1438,0,"[0, 1]"
718782,7548309,1244,0,"[0, 1]"
718782,7548309,1510,0,"[0, 1]"
718782,7548309,1966,0,"[0, 1]"
718782,7548309,1138,0,"[0, 1]"
718782,7548309,1665,0,"[0, 1]"
718782,7548309,1237,0,"[0, 1]"
718782,7548309,1527,0,"[0, 1]"
718782,7548309,1509,0,"[0, 1]"
718782,7548309,1935,0,"[0, 1]"
718782,7548309,1525,0,"[0, 1]"
718782,7548309,1621,0,"[0, 1]"
718782,7548309,1375,0,"[0, 1]"
718782,7548309,1282,0,"[0, 1]"
718782,7548309,1748,0,"[0, 1]"
718782,7548309,1784,0,"[0, 1]"
718782,7548309,1819,0,"[0, 1]"
718782,7548309,1652,0,"[0, 1]"
718782,7548309,1270,0,"[0, 1]"
718782,7548309,3666,0,"[0, 1]"
718782,7548309,2998,0,"[0, 1]"
718782,7548309,2499,0,"[0, 1]"
718782,7548309,3221,0,"[0, 1]"
718782,7548309,3671,0,"[0, 1]"
718782,7548309,2901,0,"[0, 1]"
718782,7548309,3103,0,"[0, 1]"
718782,7548309,2765,0,"[0, 1]"
718782,7548309,3749,0,"[0, 1]"
718782,7548309,3343,0,"[0, 1]"
718782,7548309,2393,0,"[0, 1]"
718782,7548309,2734,0,"[0, 1]"
718782,7548309,3902,0,"[0, 1]"
718782,7548309,3960,0,"[0, 1]"
718782,7548309,2282,0,"[0, 1]"
718782,7548309,3303,0,"[0, 1]"
718782,7548309,2812,0,"[0, 1]"
718782,7548309,3446,0,"[0, 1]"
718782,7548309,2791,0,"[0, 1]"
718782,7548309,3331,0,"[0, 1]"
718782,7548309,4023,0,"[0, 1]"
718782,7548309,3228,0,"[0, 1]"
718782,7548309,7670356,1,"[0, 1]"
718782,7548309,3863,1,"[0, 1]"
718782,7548309,7331507,1,"[0, 1]"
718782,7548309,3333112,1,"[0, 1]"
718782,7548309,7298209,1,"[0, 1]"
718782,7548309,4479,0,"[0, 1]"
718782,7548309,4291,0,"[0, 1]"
718782,7548309,109609,1,"[0, 1]"
718782,7548309,490992,1,"[0, 1]"
718782,7548309,7153842,1,"[0, 1]"
718782,7548309,7483172,1,"[0, 1]"
718782,7548309,7157715,1,"[0, 1]"
718782,7548309,1142797,1,"[0, 1]"
718782,7548309,4709,0,"[0, 1]"
718782,7548309,7179859,1,"[0, 1]"
718782,7548309,7547124,1,"[0, 1]"
718782,7548309,7260660,1,"[0, 1]"
718782,7548309,7112788,1,"[0, 1]"
718782,7548309,6147967,1,"[0, 1]"
718782,7548309,7251657,1,"[0, 1]"
718782,7548309,4482,0,"[0, 1]"
718782,7548309,7570239,1,"[0, 1]"
718782,7548309,7300747,1,"[0, 1]"
718782,7548309,298259,1,"[0, 1]"
718782,7548309,7317981,1,"[0, 1]"
718782,7548309,1285360,1,"[0, 1]"
718782,7548309,7258921,1,"[0, 1]"
718782,7548309,7491025,1,"[0, 1]"
718782,7548309,7686549,1,"[0, 1]"
718782,7548309,7515976,1,"[0, 1]"
718782,7548309,7395483,1,"[0, 1]"
718782,7548309,7602696,1,"[0, 1]"
718782,7548309,7405208,1,"[0, 1]"
718782,7548309,7251005,1,"[0, 1]"
718782,7548309,7611187,1,"[0, 1]"
718782,7548309,7188777,1,"[0, 1]"
718782,7548309,7172062,1,"[0, 1]"
718782,7548309,7534408,1,"[0, 1]"
718782,7548309,7549108,1,"[0, 1]"
718782,7548309,7300169,1,"[0, 1]"
718782,7548309,2038018,1,"[0, 1]"
718782,7548309,7561900,1,"[0, 1]"
718782,7548309,7443062,1,"[0, 1]"
718782,7548309,7551236,1,"[0, 1]"
718782,7548309,7147522,1,"[0, 1]"
718782,7548309,7127528,1,"[0, 1]"
718782,7548309,7522243,1,"[0, 1]"
718782,7548309,7216773,1,"[0, 1]"
718782,7548309,7673051,1,"[0, 1]"
718782,7548309,7331582,1,"[0, 1]"
456734,7548319,7548319,1,"[1, 0]"
456734,7548319,3839,0,"[1, 0]"
456734,7548319,1919,0,"[1, 0]"
456734,7548319,959,0,"[1, 0]"
456734,7548319,479,0,"[1, 0]"
456734,7548319,239,0,"[1, 0]"
456734,7548319,119,0,"[1, 0]"
456734,7548319,59,0,"[1, 0]"
456734,7548319,29,0,"[1, 0]"
456734,7548319,14,0,"[1, 0]"
456734,7548319,6,0,"[1, 0]"
456734,7548319,2,0,"[1, 0]"
456734,7548319,0,0,"[1, 0]"
456734,7548319,2,0,"[0, 1]"
456734,7548319,1,0,"[0, 1]"
456734,7548319,5,0,"[0, 1]"
456734,7548319,4,0,"[0, 1]"
456734,7548319,6,0,"[0, 1]"
456734,7548319,3,0,"[0, 1]"
456734,7548319,9,0,"[0, 1]"
456734,7548319,13,0,"[0, 1]"
456734,7548319,12,0,"[0, 1]"
456734,7548319,14,0,"[0, 1]"
456734,7548319,8,0,"[0, 1]"
456734,7548319,11,0,"[0, 1]"
456734,7548319,22,0,"[0, 1]"
456734,7548319,19,0,"[0, 1]"
456734,7548319,21,0,"[0, 1]"
456734,7548319,27,0,"[0, 1]"
456734,7548319,24,0,"[0, 1]"
456734,7548319,16,0,"[0, 1]"
456734,7548319,20,0,"[0, 1]"
456734,7548319,25,0,"[0, 1]"
456734,7548319,51,0,"[0, 1]"
456734,7548319,53,0,"[0, 1]"
456734,7548319,62,0,"[0, 1]"
456734,7548319,33,0,"[0, 1]"
456734,7548319,42,0,"[0, 1]"
456734,7548319,52,0,"[0, 1]"
456734,7548319,49,0,"[0, 1]"
456734,7548319,43,0,"[0, 1]"
456734,7548319,58,0,"[0, 1]"
456734,7548319,59,0,"[0, 1]"
456734,7548319,116,0,"[0, 1]"
456734,7548319,124,0,"[0, 1]"
456734,7548319,69,0,"[0, 1]"
456734,7548319,67,0,"[0, 1]"
456734,7548319,110,0,"[0, 1]"
456734,7548319,90,0,"[0, 1]"
456734,7548319,117,0,"[0, 1]"
456734,7548319,96,0,"[0, 1]"
456734,7548319,82,0,"[0, 1]"
456734,7548319,126,0,"[0, 1]"
456734,7548319,95,0,"[0, 1]"
456734,7548319,121,0,"[0, 1]"
456734,7548319,186,0,"[0, 1]"
456734,7548319,188,0,"[0, 1]"
456734,7548319,172,0,"[0, 1]"
456734,7548319,170,0,"[0, 1]"
456734,7548319,230,0,"[0, 1]"
456734,7548319,226,0,"[0, 1]"
456734,7548319,197,0,"[0, 1]"
456734,7548319,167,0,"[0, 1]"
456734,7548319,134,0,"[0, 1]"
456734,7548319,200,0,"[0, 1]"
456734,7548319,131,0,"[0, 1]"
456734,7548319,203,0,"[0, 1]"
456734,7548319,205,0,"[0, 1]"
456734,7548319,169,0,"[0, 1]"
456734,7548319,331,0,"[0, 1]"
456734,7548319,471,0,"[0, 1]"
456734,7548319,488,0,"[0, 1]"
456734,7548319,336,0,"[0, 1]"
456734,7548319,307,0,"[0, 1]"
456734,7548319,315,0,"[0, 1]"
456734,7548319,474,0,"[0, 1]"
456734,7548319,316,0,"[0, 1]"
456734,7548319,409,0,"[0, 1]"
456734,7548319,456,0,"[0, 1]"
456734,7548319,404,0,"[0, 1]"
456734,7548319,371,0,"[0, 1]"
456734,7548319,422,0,"[0, 1]"
456734,7548319,266,0,"[0, 1]"
456734,7548319,468,0,"[0, 1]"
456734,7548319,478,0,"[0, 1]"
456734,7548319,622,0,"[0, 1]"
456734,7548319,1007,0,"[0, 1]"
456734,7548319,914,0,"[0, 1]"
456734,7548319,662,0,"[0, 1]"
456734,7548319,869,0,"[0, 1]"
456734,7548319,792,0,"[0, 1]"
456734,7548319,967,0,"[0, 1]"
456734,7548319,518,0,"[0, 1]"
456734,7548319,847,0,"[0, 1]"
456734,7548319,719,0,"[0, 1]"
456734,7548319,836,0,"[0, 1]"
456734,7548319,578,0,"[0, 1]"
456734,7548319,732,0,"[0, 1]"
456734,7548319,829,0,"[0, 1]"
456734,7548319,557,0,"[0, 1]"
456734,7548319,769,0,"[0, 1]"
456734,7548319,705,0,"[0, 1]"
456734,7548319,925,0,"[0, 1]"
456734,7548319,1267,0,"[0, 1]"
456734,7548319,1255,0,"[0, 1]"
456734,7548319,1320,0,"[0, 1]"
456734,7548319,1094,0,"[0, 1]"
456734,7548319,1358,0,"[0, 1]"
456734,7548319,1817,0,"[0, 1]"
456734,7548319,1247,0,"[0, 1]"
456734,7548319,1196,0,"[0, 1]"
456734,7548319,1565,0,"[0, 1]"
456734,7548319,1896,0,"[0, 1]"
456734,7548319,1595,0,"[0, 1]"
456734,7548319,1958,0,"[0, 1]"
456734,7548319,1827,0,"[0, 1]"
456734,7548319,1321,0,"[0, 1]"
456734,7548319,1264,0,"[0, 1]"
456734,7548319,1759,0,"[0, 1]"
456734,7548319,2002,0,"[0, 1]"
456734,7548319,1973,0,"[0, 1]"
456734,7548319,1131,0,"[0, 1]"
456734,7548319,1434,0,"[0, 1]"
456734,7548319,3889,0,"[0, 1]"
456734,7548319,2559,0,"[0, 1]"
456734,7548319,2056,0,"[0, 1]"
456734,7548319,2141,0,"[0, 1]"
456734,7548319,2144,0,"[0, 1]"
456734,7548319,3327,0,"[0, 1]"
456734,7548319,3075,0,"[0, 1]"
456734,7548319,2976,0,"[0, 1]"
456734,7548319,3905,0,"[0, 1]"
456734,7548319,2405,0,"[0, 1]"
456734,7548319,2926,0,"[0, 1]"
456734,7548319,3418,0,"[0, 1]"
456734,7548319,2297,0,"[0, 1]"
456734,7548319,3133,0,"[0, 1]"
456734,7548319,2156,0,"[0, 1]"
456734,7548319,3108,0,"[0, 1]"
456734,7548319,3884,0,"[0, 1]"
456734,7548319,3261,0,"[0, 1]"
456734,7548319,3657,0,"[0, 1]"
456734,7548319,2552,0,"[0, 1]"
456734,7548319,3629,0,"[0, 1]"
456734,7548319,2366,0,"[0, 1]"
456734,7548319,4479,0,"[0, 1]"
456734,7548319,7530546,1,"[0, 1]"
456734,7548319,7574974,1,"[0, 1]"
456734,7548319,4175,0,"[0, 1]"
456734,7548319,4775,0,"[0, 1]"
456734,7548319,7327127,1,"[0, 1]"
456734,7548319,7665992,1,"[0, 1]"
456734,7548319,4467,0,"[0, 1]"
456734,7548319,7107525,1,"[0, 1]"
456734,7548319,7634698,1,"[0, 1]"
456734,7548319,4372,0,"[0, 1]"
456734,7548319,7175394,1,"[0, 1]"
456734,7548319,256600,1,"[0, 1]"
456734,7548319,7683626,1,"[0, 1]"
456734,7548319,4694,0,"[0, 1]"
456734,7548319,7162884,1,"[0, 1]"
456734,7548319,7070950,1,"[0, 1]"
456734,7548319,7181095,1,"[0, 1]"
456734,7548319,7340517,1,"[0, 1]"
456734,7548319,7555272,1,"[0, 1]"
456734,7548319,7620979,1,"[0, 1]"
456734,7548319,7454698,1,"[0, 1]"
456734,7548319,7494666,1,"[0, 1]"
456734,7548319,7188025,1,"[0, 1]"
597384,4214678,4214678,1,"[1, 0]"
597384,4214678,2384,0,"[1, 0]"
597384,4214678,1191,0,"[1, 0]"
597384,4214678,595,0,"[1, 0]"
597384,4214678,297,0,"[1, 0]"
597384,4214678,148,0,"[1, 0]"
597384,4214678,73,0,"[1, 0]"
597384,4214678,36,0,"[1, 0]"
597384,4214678,17,0,"[1, 0]"
597384,4214678,8,0,"[1, 0]"
597384,4214678,3,0,"[1, 0]"
597384,4214678,1,0,"[1, 0]"
597384,4214678,0,0,"[1, 0]"
597384,4214678,2,0,"[0, 1]"
597384,4214678,1,0,"[0, 1]"
597384,4214678,3,0,"[0, 1]"
597384,4214678,4,0,"[0, 1]"
597384,4214678,6,0,"[0, 1]"
597384,4214678,5,0,"[0, 1]"
597384,4214678,12,0,"[0, 1]"
597384,4214678,11,0,"[0, 1]"
597384,4214678,8,0,"[0, 1]"
597384,4214678,9,0,"[0, 1]"
597384,4214678,10,0,"[0, 1]"
597384,4214678,7,0,"[0, 1]"
597384,4214678,29,0,"[0, 1]"
597384,4214678,26,0,"[0, 1]"
597384,4214678,21,0,"[0, 1]"
597384,4214678,17,0,"[0, 1]"
597384,4214678,25,0,"[0, 1]"
597384,4214678,27,0,"[0, 1]"
597384,4214678,20,0,"[0, 1]"
597384,4214678,30,0,"[0, 1]"
597384,4214678,32,0,"[0, 1]"
597384,4214678,40,0,"[0, 1]"
597384,4214678,37,0,"[0, 1]"
597384,4214678,35,0,"[0, 1]"
597384,4214678,59,0,"[0, 1]"
597384,4214678,54,0,"[0, 1]"
597384,4214678,57,0,"[0, 1]"
597384,4214678,50,0,"[0, 1]"
597384,4214678,34,0,"[0, 1]"
597384,4214678,42,0,"[0, 1]"
597384,4214678,69,0,"[0, 1]"
597384,4214678,77,0,"[0, 1]"
597384,4214678,100,0,"[0, 1]"
597384,4214678,101,0,"[0, 1]"
597384,4214678,118,0,"[0, 1]"
597384,4214678,124,0,"[0, 1]"
597384,4214678,90,0,"[0, 1]"
597384,4214678,70,0,"[0, 1]"
597384,4214678,66,0,"[0, 1]"
597384,4214678,75,0,"[0, 1]"
597384,4214678,119,0,"[0, 1]"
597384,4214678,95,0,"[0, 1]"
597384,4214678,134,0,"[0, 1]"
597384,4214678,135,0,"[0, 1]"
597384,4214678,145,0,"[0, 1]"
597384,4214678,189,0,"[0, 1]"
597384,4214678,223,0,"[0, 1]"
597384,4214678,250,0,"[0, 1]"
597384,4214678,180,0,"[0, 1]"
597384,4214678,172,0,"[0, 1]"
597384,4214678,148,0,"[0, 1]"
597384,4214678,211,0,"[0, 1]"
597384,4214678,231,0,"[0, 1]"
597384,4214678,253,0,"[0, 1]"
597384,4214678,187,0,"[0, 1]"
597384,4214678,178,0,"[0, 1]"
597384,4214678,362,0,"[0, 1]"
597384,4214678,411,0,"[0, 1]"
597384,4214678,366,0,"[0, 1]"
597384,4214678,391,0,"[0, 1]"
597384,4214678,264,0,"[0, 1]"
597384,4214678,506,0,"[0, 1]"
597384,4214678,316,0,"[0, 1]"
597384,4214678,306,0,"[0, 1]"
597384,4214678,336,0,"[0, 1]"
597384,4214678,263,0,"[0, 1]"
597384,4214678,485,0,"[0, 1]"
597384,4214678,375,0,"[0, 1]"
597384,4214678,478,0,"[0, 1]"
597384,4214678,439,0,"[0, 1]"
597384,4214678,481,0,"[0, 1]"
597384,4214678,261,0,"[0, 1]"
597384,4214678,512,0,"[0, 1]"
597384,4214678,528,0,"[0, 1]"
597384,4214678,949,0,"[0, 1]"
597384,4214678,602,0,"[0, 1]"
597384,4214678,906,0,"[0, 1]"
597384,4214678,566,0,"[0, 1]"
597384,4214678,831,0,"[0, 1]"
597384,4214678,762,0,"[0, 1]"
597384,4214678,705,0,"[0, 1]"
597384,4214678,636,0,"[0, 1]"
597384,4214678,598,0,"[0, 1]"
597384,4214678,814,0,"[0, 1]"
597384,4214678,994,0,"[0, 1]"
597384,4214678,887,0,"[0, 1]"
597384,4214678,644,0,"[0, 1]"
597384,4214678,853,0,"[0, 1]"
597384,4214678,944,0,"[0, 1]"
597384,4214678,982,0,"[0, 1]"
597384,4214678,1456,0,"[0, 1]"
597384,4214678,1066,0,"[0, 1]"
597384,4214678,1557,0,"[0, 1]"
597384,4214678,1182,0,"[0, 1]"
597384,4214678,1722,0,"[0, 1]"
597384,4214678,1280,0,"[0, 1]"
597384,4214678,1633,0,"[0, 1]"
597384,4214678,1546,0,"[0, 1]"
597384,4214678,1794,0,"[0, 1]"
597384,4214678,1440,0,"[0, 1]"
597384,4214678,1555,0,"[0, 1]"
597384,4214678,1336,0,"[0, 1]"
597384,4214678,1754,0,"[0, 1]"
597384,4214678,1755,0,"[0, 1]"
597384,4214678,1060,0,"[0, 1]"
597384,4214678,1468,0,"[0, 1]"
597384,4214678,1159,0,"[0, 1]"
597384,4214678,1391,0,"[0, 1]"
597384,4214678,1240,0,"[0, 1]"
597384,4214678,1929,0,"[0, 1]"
597384,4214678,3363,0,"[0, 1]"
597384,4214678,3911,0,"[0, 1]"
597384,4214678,3905,0,"[0, 1]"
597384,4214678,3440,0,"[0, 1]"
597384,4214678,4094,0,"[0, 1]"
597384,4214678,2257,0,"[0, 1]"
597384,4214678,4056,0,"[0, 1]"
597384,4214678,3032,0,"[0, 1]"
597384,4214678,2308,0,"[0, 1]"
597384,4214678,3230,0,"[0, 1]"
597384,4214678,3989,0,"[0, 1]"
597384,4214678,2428,0,"[0, 1]"
597384,4214678,3658,0,"[0, 1]"
597384,4214678,4079,0,"[0, 1]"
597384,4214678,3036,0,"[0, 1]"
597384,4214678,2862,0,"[0, 1]"
597384,4214678,2656,0,"[0, 1]"
597384,4214678,3121,0,"[0, 1]"
597384,4214678,2734,0,"[0, 1]"
597384,4214678,3787,0,"[0, 1]"
597384,4214678,3731,0,"[0, 1]"
597384,4214678,2970,0,"[0, 1]"
597384,4214678,7446117,1,"[0, 1]"
597384,4214678,4623,0,"[0, 1]"
597384,4214678,7466906,1,"[0, 1]"
597384,4214678,4248,0,"[0, 1]"
597384,4214678,7201739,1,"[0, 1]"
597384,4214678,4916,0,"[0, 1]"
597384,4214678,4235,0,"[0, 1]"
597384,4214678,7440582,1,"[0, 1]"
597384,4214678,4422,0,"[0, 1]"
597384,4214678,7676449,1,"[0, 1]"
597384,4214678,2056386,1,"[0, 1]"
597384,4214678,7481700,1,"[0, 1]"
597384,4214678,7422965,1,"[0, 1]"
597384,4214678,7556122,1,"[0, 1]"
597384,4214678,7667700,1,"[0, 1]"
597384,4214678,7402811,1,"[0, 1]"
597384,4214678,7071494,1,"[0, 1]"
597384,4214678,7633163,1,"[0, 1]"
597384,4214678,7429973,1,"[0, 1]"
597384,4214678,7668487,1,"[0, 1]"
597384,4214678,4463,0,"[0, 1]"
597384,4214678,7141450,1,"[0, 1]"
597384,4214678,7301412,1,"[0, 1]"
597384,4214678,4533,0,"[0, 1]"
578783,7548464,7548464,1,"[1, 0]"
578783,7548464,4390,0,"[1, 0]"
578783,7548464,2715,0,"[1, 0]"
578783,7548464,1357,0,"[1, 0]"
578783,7548464,678,0,"[1, 0]"
578783,7548464,338,0,"[1, 0]"
578783,7548464,168,0,"[1, 0]"
578783,7548464,83,0,"[1, 0]"
578783,7548464,41,0,"[1, 0]"
578783,7548464,20,0,"[1, 0]"
578783,7548464,9,0,"[1, 0]"
578783,7548464,4,0,"[1, 0]"
578783,7548464,1,0,"[1, 0]"
578783,7548464,0,0,"[1, 0]"
578783,7548464,2,0,"[0, 1]"
578783,7548464,1,0,"[0, 1]"
578783,7548464,5,0,"[0, 1]"
578783,7548464,3,0,"[0, 1]"
578783,7548464,6,0,"[0, 1]"
578783,7548464,4,0,"[0, 1]"
578783,7548464,13,0,"[0, 1]"
578783,7548464,8,0,"[0, 1]"
578783,7548464,11,0,"[0, 1]"
578783,7548464,12,0,"[0, 1]"
578783,7548464,10,0,"[0, 1]"
578783,7548464,7,0,"[0, 1]"
578783,7548464,20,0,"[0, 1]"
578783,7548464,28,0,"[0, 1]"
578783,7548464,27,0,"[0, 1]"
578783,7548464,24,0,"[0, 1]"
578783,7548464,22,0,"[0, 1]"
578783,7548464,26,0,"[0, 1]"
578783,7548464,23,0,"[0, 1]"
578783,7548464,18,0,"[0, 1]"
578783,7548464,60,0,"[0, 1]"
578783,7548464,35,0,"[0, 1]"
578783,7548464,38,0,"[0, 1]"
578783,7548464,59,0,"[0, 1]"
578783,7548464,62,0,"[0, 1]"
578783,7548464,50,0,"[0, 1]"
578783,7548464,42,0,"[0, 1]"
578783,7548464,40,0,"[0, 1]"
578783,7548464,36,0,"[0, 1]"
578783,7548464,58,0,"[0, 1]"
578783,7548464,68,0,"[0, 1]"
578783,7548464,107,0,"[0, 1]"
578783,7548464,103,0,"[0, 1]"
578783,7548464,111,0,"[0, 1]"
578783,7548464,94,0,"[0, 1]"
578783,7548464,86,0,"[0, 1]"
578783,7548464,119,0,"[0, 1]"
578783,7548464,93,0,"[0, 1]"
578783,7548464,117,0,"[0, 1]"
578783,7548464,85,0,"[0, 1]"
578783,7548464,96,0,"[0, 1]"
578783,7548464,126,0,"[0, 1]"
578783,7548464,166,0,"[0, 1]"
578783,7548464,205,0,"[0, 1]"
578783,7548464,229,0,"[0, 1]"
578783,7548464,133,0,"[0, 1]"
578783,7548464,160,0,"[0, 1]"
578783,7548464,153,0,"[0, 1]"
578783,7548464,199,0,"[0, 1]"
578783,7548464,159,0,"[0, 1]"
578783,7548464,151,0,"[0, 1]"
578783,7548464,232,0,"[0, 1]"
578783,7548464,215,0,"[0, 1]"
578783,7548464,243,0,"[0, 1]"
578783,7548464,221,0,"[0, 1]"
578783,7548464,240,0,"[0, 1]"
578783,7548464,307,0,"[0, 1]"
578783,7548464,318,0,"[0, 1]"
578783,7548464,292,0,"[0, 1]"
578783,7548464,419,0,"[0, 1]"
578783,7548464,261,0,"[0, 1]"
578783,7548464,434,0,"[0, 1]"
578783,7548464,349,0,"[0, 1]"
578783,7548464,506,0,"[0, 1]"
578783,7548464,291,0,"[0, 1]"
578783,7548464,458,0,"[0, 1]"
578783,7548464,302,0,"[0, 1]"
578783,7548464,281,0,"[0, 1]"
578783,7548464,356,0,"[0, 1]"
578783,7548464,499,0,"[0, 1]"
578783,7548464,332,0,"[0, 1]"
578783,7548464,482,0,"[0, 1]"
578783,7548464,863,0,"[0, 1]"
578783,7548464,737,0,"[0, 1]"
578783,7548464,682,0,"[0, 1]"
578783,7548464,869,0,"[0, 1]"
578783,7548464,836,0,"[0, 1]"
578783,7548464,790,0,"[0, 1]"
578783,7548464,740,0,"[0, 1]"
578783,7548464,597,0,"[0, 1]"
578783,7548464,521,0,"[0, 1]"
578783,7548464,944,0,"[0, 1]"
578783,7548464,890,0,"[0, 1]"
578783,7548464,760,0,"[0, 1]"
578783,7548464,535,0,"[0, 1]"
578783,7548464,1004,0,"[0, 1]"
578783,7548464,628,0,"[0, 1]"
578783,7548464,635,0,"[0, 1]"
578783,7548464,953,0,"[0, 1]"
578783,7548464,955,0,"[0, 1]"
578783,7548464,1264,0,"[0, 1]"
578783,7548464,1599,0,"[0, 1]"
578783,7548464,1043,0,"[0, 1]"
578783,7548464,1731,0,"[0, 1]"
578783,7548464,1621,0,"[0, 1]"
578783,7548464,1707,0,"[0, 1]"
578783,7548464,1548,0,"[0, 1]"
578783,7548464,1966,0,"[0, 1]"
578783,7548464,1336,0,"[0, 1]"
578783,7548464,1732,0,"[0, 1]"
578783,7548464,1429,0,"[0, 1]"
578783,7548464,1851,0,"[0, 1]"
578783,7548464,2041,0,"[0, 1]"
578783,7548464,1408,0,"[0, 1]"
578783,7548464,1780,0,"[0, 1]"
578783,7548464,1992,0,"[0, 1]"
578783,7548464,1089,0,"[0, 1]"
578783,7548464,1080,0,"[0, 1]"
578783,7548464,1215,0,"[0, 1]"
578783,7548464,1802,0,"[0, 1]"
578783,7548464,3857,0,"[0, 1]"
578783,7548464,2511,0,"[0, 1]"
578783,7548464,3159,0,"[0, 1]"
578783,7548464,3262,0,"[0, 1]"
578783,7548464,3136,0,"[0, 1]"
578783,7548464,3409,0,"[0, 1]"
578783,7548464,3380,0,"[0, 1]"
578783,7548464,2952,0,"[0, 1]"
578783,7548464,3516,0,"[0, 1]"
578783,7548464,3880,0,"[0, 1]"
578783,7548464,3453,0,"[0, 1]"
578783,7548464,3119,0,"[0, 1]"
578783,7548464,3072,0,"[0, 1]"
578783,7548464,2283,0,"[0, 1]"
578783,7548464,2706,0,"[0, 1]"
578783,7548464,3305,0,"[0, 1]"
578783,7548464,2683,0,"[0, 1]"
578783,7548464,3418,0,"[0, 1]"
578783,7548464,3011,0,"[0, 1]"
578783,7548464,2883,0,"[0, 1]"
578783,7548464,2664,0,"[0, 1]"
578783,7548464,2800,0,"[0, 1]"
578783,7548464,4701,0,"[0, 1]"
578783,7548464,7434035,1,"[0, 1]"
578783,7548464,7246634,1,"[0, 1]"
578783,7548464,4169,0,"[0, 1]"
578783,7548464,7436698,1,"[0, 1]"
578783,7548464,4958,0,"[0, 1]"
578783,7548464,7683626,1,"[0, 1]"
578783,7548464,7572293,1,"[0, 1]"
578783,7548464,7673655,1,"[0, 1]"
578783,7548464,7439342,1,"[0, 1]"
578783,7548464,7552919,1,"[0, 1]"
578783,7548464,4783,0,"[0, 1]"
578783,7548464,7299269,1,"[0, 1]"
578783,7548464,7151669,1,"[0, 1]"
578783,7548464,7391225,1,"[0, 1]"
578783,7548464,3200880,1,"[0, 1]"
578783,7548464,7159801,1,"[0, 1]"
578783,7548464,7349282,1,"[0, 1]"
578783,7548464,3739226,1,"[0, 1]"
578783,7548464,4589509,1,"[0, 1]"
578783,7548464,4320,0,"[0, 1]"
578783,7548464,7081127,1,"[0, 1]"
578783,7548464,151711,1,"[0, 1]"
578783,7548464,7655766,1,"[0, 1]"
578783,7548464,7132606,1,"[0, 1]"
578783,7548464,7303270,1,"[0, 1]"
578783,7548464,7629696,1,"[0, 1]"
578783,7548464,7342509,1,"[0, 1]"
578783,7548464,7627245,1,"[0, 1]"
578783,7548464,7331582,1,"[0, 1]"
578783,7548464,7405127,1,"[0, 1]"
578783,7548464,7086510,1,"[0, 1]"
578783,7548464,7624391,1,"[0, 1]"
578783,7548464,7548088,1,"[0, 1]"
578783,7548464,7453308,1,"[0, 1]"
578783,7548464,7540748,1,"[0, 1]"
578783,7548464,7682806,1,"[0, 1]"
578783,7548464,7657002,1,"[0, 1]"
578783,7548464,2673480,1,"[0, 1]"
578783,7548464,7141335,1,"[0, 1]"
578783,7548464,7369774,1,"[0, 1]"
578783,7548464,7544118,1,"[0, 1]"
578783,7548464,7616104,1,"[0, 1]"
578783,7548464,7586085,1,"[0, 1]"
578783,7548464,2274875,1,"[0, 1]"
578783,7548464,7431235,1,"[0, 1]"
578783,7548464,7582932,1,"[0, 1]"
578783,7548464,6794229,1,"[0, 1]"
578783,7548464,7557843,1,"[0, 1]"
578783,7548464,7493078,1,"[0, 1]"
1095952,7548591,7548591,1,"[1, 0]"
1095952,7548591,2989,0,"[1, 0]"
1095952,7548591,1494,0,"[1, 0]"
1095952,7548591,746,0,"[1, 0]"
1095952,7548591,372,0,"[1, 0]"
1095952,7548591,185,0,"[1, 0]"
1095952,7548591,92,0,"[1, 0]"
1095952,7548591,45,0,"[1, 0]"
1095952,7548591,22,0,"[1, 0]"
1095952,7548591,10,0,"[1, 0]"
1095952,7548591,4,0,"[1, 0]"
1095952,7548591,1,0,"[1, 0]"
1095952,7548591,0,0,"[1, 0]"
1095952,7548591,1,0,"[0, 1]"
1095952,7548591,2,0,"[0, 1]"
1095952,7548591,3,0,"[0, 1]"
1095952,7548591,6,0,"[0, 1]"
1095952,7548591,4,0,"[0, 1]"
1095952,7548591,5,0,"[0, 1]"
1095952,7548591,7,0,"[0, 1]"
1095952,7548591,12,0,"[0, 1]"
1095952,7548591,8,0,"[0, 1]"
1095952,7548591,9,0,"[0, 1]"
1095952,7548591,13,0,"[0, 1]"
1095952,7548591,14,0,"[0, 1]"
1095952,7548591,23,0,"[0, 1]"
1095952,7548591,15,0,"[0, 1]"
1095952,7548591,19,0,"[0, 1]"
1095952,7548591,20,0,"[0, 1]"
1095952,7548591,22,0,"[0, 1]"
1095952,7548591,28,0,"[0, 1]"
1095952,7548591,29,0,"[0, 1]"
1095952,7548591,17,0,"[0, 1]"
1095952,7548591,44,0,"[0, 1]"
1095952,7548591,57,0,"[0, 1]"
1095952,7548591,55,0,"[0, 1]"
1095952,7548591,35,0,"[0, 1]"
1095952,7548591,37,0,"[0, 1]"
1095952,7548591,36,0,"[0, 1]"
1095952,7548591,47,0,"[0, 1]"
1095952,7548591,62,0,"[0, 1]"
1095952,7548591,58,0,"[0, 1]"
1095952,7548591,31,0,"[0, 1]"
1095952,7548591,83,0,"[0, 1]"
1095952,7548591,124,0,"[0, 1]"
1095952,7548591,125,0,"[0, 1]"
1095952,7548591,110,0,"[0, 1]"
1095952,7548591,102,0,"[0, 1]"
1095952,7548591,91,0,"[0, 1]"
1095952,7548591,98,0,"[0, 1]"
1095952,7548591,76,0,"[0, 1]"
1095952,7548591,64,0,"[0, 1]"
1095952,7548591,116,0,"[0, 1]"
1095952,7548591,71,0,"[0, 1]"
1095952,7548591,93,0,"[0, 1]"
1095952,7548591,169,0,"[0, 1]"
1095952,7548591,142,0,"[0, 1]"
1095952,7548591,167,0,"[0, 1]"
1095952,7548591,159,0,"[0, 1]"
1095952,7548591,176,0,"[0, 1]"
1095952,7548591,222,0,"[0, 1]"
1095952,7548591,226,0,"[0, 1]"
1095952,7548591,171,0,"[0, 1]"
1095952,7548591,141,0,"[0, 1]"
1095952,7548591,138,0,"[0, 1]"
1095952,7548591,136,0,"[0, 1]"
1095952,7548591,207,0,"[0, 1]"
1095952,7548591,219,0,"[0, 1]"
1095952,7548591,224,0,"[0, 1]"
1095952,7548591,510,0,"[0, 1]"
1095952,7548591,315,0,"[0, 1]"
1095952,7548591,307,0,"[0, 1]"
1095952,7548591,455,0,"[0, 1]"
1095952,7548591,508,0,"[0, 1]"
1095952,7548591,324,0,"[0, 1]"
1095952,7548591,357,0,"[0, 1]"
1095952,7548591,383,0,"[0, 1]"
1095952,7548591,500,0,"[0, 1]"
1095952,7548591,407,0,"[0, 1]"
1095952,7548591,344,0,"[0, 1]"
1095952,7548591,442,0,"[0, 1]"
1095952,7548591,362,0,"[0, 1]"
1095952,7548591,353,0,"[0, 1]"
1095952,7548591,402,0,"[0, 1]"
1095952,7548591,388,0,"[0, 1]"
1095952,7548591,722,0,"[0, 1]"
1095952,7548591,765,0,"[0, 1]"
1095952,7548591,1002,0,"[0, 1]"
1095952,7548591,715,0,"[0, 1]"
1095952,7548591,965,0,"[0, 1]"
1095952,7548591,667,0,"[0, 1]"
1095952,7548591,919,0,"[0, 1]"
1095952,7548591,790,0,"[0, 1]"
1095952,7548591,898,0,"[0, 1]"
1095952,7548591,741,0,"[0, 1]"
1095952,7548591,943,0,"[0, 1]"
1095952,7548591,769,0,"[0, 1]"
1095952,7548591,547,0,"[0, 1]"
1095952,7548591,706,0,"[0, 1]"
1095952,7548591,957,0,"[0, 1]"
1095952,7548591,972,0,"[0, 1]"
1095952,7548591,692,0,"[0, 1]"
1095952,7548591,920,0,"[0, 1]"
1095952,7548591,1880,0,"[0, 1]"
1095952,7548591,1402,0,"[0, 1]"
1095952,7548591,1793,0,"[0, 1]"
1095952,7548591,1779,0,"[0, 1]"
1095952,7548591,1619,0,"[0, 1]"
1095952,7548591,1501,0,"[0, 1]"
1095952,7548591,1243,0,"[0, 1]"
1095952,7548591,1552,0,"[0, 1]"
1095952,7548591,1290,0,"[0, 1]"
1095952,7548591,1629,0,"[0, 1]"
1095952,7548591,1584,0,"[0, 1]"
1095952,7548591,1678,0,"[0, 1]"
1095952,7548591,1581,0,"[0, 1]"
1095952,7548591,1654,0,"[0, 1]"
1095952,7548591,1768,0,"[0, 1]"
1095952,7548591,2034,0,"[0, 1]"
1095952,7548591,1405,0,"[0, 1]"
1095952,7548591,1791,0,"[0, 1]"
1095952,7548591,1526,0,"[0, 1]"
1095952,7548591,1837,0,"[0, 1]"
1095952,7548591,3182,0,"[0, 1]"
1095952,7548591,2749,0,"[0, 1]"
1095952,7548591,3852,0,"[0, 1]"
1095952,7548591,4090,0,"[0, 1]"
1095952,7548591,2050,0,"[0, 1]"
1095952,7548591,2509,0,"[0, 1]"
1095952,7548591,3269,0,"[0, 1]"
1095952,7548591,3630,0,"[0, 1]"
1095952,7548591,3245,0,"[0, 1]"
1095952,7548591,3945,0,"[0, 1]"
1095952,7548591,3037,0,"[0, 1]"
1095952,7548591,2485,0,"[0, 1]"
1095952,7548591,3927,0,"[0, 1]"
1095952,7548591,2936,0,"[0, 1]"
1095952,7548591,3170,0,"[0, 1]"
1095952,7548591,2308,0,"[0, 1]"
1095952,7548591,3046,0,"[0, 1]"
1095952,7548591,3260,0,"[0, 1]"
1095952,7548591,3510,0,"[0, 1]"
1095952,7548591,3184,0,"[0, 1]"
1095952,7548591,3187,0,"[0, 1]"
1095952,7548591,2670,0,"[0, 1]"
1095952,7548591,7128274,1,"[0, 1]"
1095952,7548591,7539158,1,"[0, 1]"
1095952,7548591,7304676,1,"[0, 1]"
1095952,7548591,7529565,1,"[0, 1]"
1095952,7548591,7118190,1,"[0, 1]"
1095952,7548591,7637587,1,"[0, 1]"
1095952,7548591,7188469,1,"[0, 1]"
1095952,7548591,7326183,1,"[0, 1]"
1095952,7548591,598292,1,"[0, 1]"
1095952,7548591,7437185,1,"[0, 1]"
1095952,7548591,7603500,1,"[0, 1]"
1095952,7548591,7196401,1,"[0, 1]"
1095952,7548591,7220310,1,"[0, 1]"
1095952,7548591,4360,0,"[0, 1]"
1095952,7548591,7275685,1,"[0, 1]"
1095952,7548591,7124631,1,"[0, 1]"
1095952,7548591,7638638,1,"[0, 1]"
1095952,7548591,4863,0,"[0, 1]"
1095952,7548591,7305254,1,"[0, 1]"
1095952,7548591,7108821,1,"[0, 1]"
1095952,7548591,7231966,1,"[0, 1]"
1095952,7548591,4378,0,"[0, 1]"
1095952,7548591,7200948,1,"[0, 1]"
1095952,7548591,7458481,1,"[0, 1]"
512087,3727684,3727684,1,"[1, 0]"
512087,3727684,4203,0,"[1, 0]"
512087,3727684,2294,0,"[1, 0]"
512087,3727684,1146,0,"[1, 0]"
512087,3727684,572,0,"[1, 0]"
512087,3727684,285,0,"[1, 0]"
512087,3727684,142,0,"[1, 0]"
512087,3727684,70,0,"[1, 0]"
512087,3727684,34,0,"[1, 0]"
512087,3727684,16,0,"[1, 0]"
512087,3727684,7,0,"[1, 0]"
512087,3727684,3,0,"[1, 0]"
512087,3727684,1,0,"[1, 0]"
512087,3727684,0,0,"[1, 0]"
512087,3727684,1,0,"[0, 1]"
512087,3727684,2,0,"[0, 1]"
512087,3727684,6,0,"[0, 1]"
512087,3727684,4,0,"[0, 1]"
512087,3727684,3,0,"[0, 1]"
512087,3727684,5,0,"[0, 1]"
512087,3727684,10,0,"[0, 1]"
512087,3727684,7,0,"[0, 1]"
512087,3727684,13,0,"[0, 1]"
512087,3727684,12,0,"[0, 1]"
512087,3727684,14,0,"[0, 1]"
512087,3727684,11,0,"[0, 1]"
512087,3727684,26,0,"[0, 1]"
512087,3727684,30,0,"[0, 1]"
512087,3727684,16,0,"[0, 1]"
512087,3727684,19,0,"[0, 1]"
512087,3727684,24,0,"[0, 1]"
512087,3727684,23,0,"[0, 1]"
512087,3727684,15,0,"[0, 1]"
512087,3727684,25,0,"[0, 1]"
512087,3727684,56,0,"[0, 1]"
512087,3727684,53,0,"[0, 1]"
512087,3727684,31,0,"[0, 1]"
512087,3727684,33,0,"[0, 1]"
512087,3727684,54,0,"[0, 1]"
512087,3727684,60,0,"[0, 1]"
512087,3727684,45,0,"[0, 1]"
512087,3727684,52,0,"[0, 1]"
512087,3727684,48,0,"[0, 1]"
512087,3727684,41,0,"[0, 1]"
512087,3727684,107,0,"[0, 1]"
512087,3727684,109,0,"[0, 1]"
512087,3727684,70,0,"[0, 1]"
512087,3727684,82,0,"[0, 1]"
512087,3727684,87,0,"[0, 1]"
512087,3727684,99,0,"[0, 1]"
512087,3727684,124,0,"[0, 1]"
512087,3727684,120,0,"[0, 1]"
512087,3727684,64,0,"[0, 1]"
512087,3727684,75,0,"[0, 1]"
512087,3727684,98,0,"[0, 1]"
512087,3727684,63,0,"[0, 1]"
512087,3727684,184,0,"[0, 1]"
512087,3727684,177,0,"[0, 1]"
512087,3727684,189,0,"[0, 1]"
512087,3727684,131,0,"[0, 1]"
512087,3727684,143,0,"[0, 1]"
512087,3727684,183,0,"[0, 1]"
512087,3727684,196,0,"[0, 1]"
512087,3727684,142,0,"[0, 1]"
512087,3727684,254,0,"[0, 1]"
512087,3727684,206,0,"[0, 1]"
512087,3727684,205,0,"[0, 1]"
512087,3727684,187,0,"[0, 1]"
512087,3727684,201,0,"[0, 1]"
512087,3727684,175,0,"[0, 1]"
512087,3727684,317,0,"[0, 1]"
512087,3727684,303,0,"[0, 1]"
512087,3727684,497,0,"[0, 1]"
512087,3727684,383,0,"[0, 1]"
512087,3727684,448,0,"[0, 1]"
512087,3727684,373,0,"[0, 1]"
512087,3727684,368,0,"[0, 1]"
512087,3727684,267,0,"[0, 1]"
512087,3727684,458,0,"[0, 1]"
512087,3727684,389,0,"[0, 1]"
512087,3727684,399,0,"[0, 1]"
512087,3727684,438,0,"[0, 1]"
512087,3727684,271,0,"[0, 1]"
512087,3727684,501,0,"[0, 1]"
512087,3727684,273,0,"[0, 1]"
512087,3727684,357,0,"[0, 1]"
512087,3727684,943,0,"[0, 1]"
512087,3727684,761,0,"[0, 1]"
512087,3727684,805,0,"[0, 1]"
512087,3727684,734,0,"[0, 1]"
512087,3727684,656,0,"[0, 1]"
512087,3727684,802,0,"[0, 1]"
512087,3727684,916,0,"[0, 1]"
512087,3727684,708,0,"[0, 1]"
512087,3727684,892,0,"[0, 1]"
512087,3727684,937,0,"[0, 1]"
512087,3727684,873,0,"[0, 1]"
512087,3727684,541,0,"[0, 1]"
512087,3727684,648,0,"[0, 1]"
512087,3727684,797,0,"[0, 1]"
512087,3727684,779,0,"[0, 1]"
512087,3727684,587,0,"[0, 1]"
512087,3727684,536,0,"[0, 1]"
512087,3727684,681,0,"[0, 1]"
512087,3727684,1778,0,"[0, 1]"
512087,3727684,2002,0,"[0, 1]"
512087,3727684,1712,0,"[0, 1]"
512087,3727684,1306,0,"[0, 1]"
512087,3727684,1304,0,"[0, 1]"
512087,3727684,1499,0,"[0, 1]"
512087,3727684,1466,0,"[0, 1]"
512087,3727684,1329,0,"[0, 1]"
512087,3727684,1049,0,"[0, 1]"
512087,3727684,1657,0,"[0, 1]"
512087,3727684,1584,0,"[0, 1]"
512087,3727684,1836,0,"[0, 1]"
512087,3727684,1813,0,"[0, 1]"
512087,3727684,1938,0,"[0, 1]"
512087,3727684,1649,0,"[0, 1]"
512087,3727684,1931,0,"[0, 1]"
512087,3727684,1758,0,"[0, 1]"
512087,3727684,1405,0,"[0, 1]"
512087,3727684,1512,0,"[0, 1]"
512087,3727684,1112,0,"[0, 1]"
512087,3727684,2216,0,"[0, 1]"
512087,3727684,3233,0,"[0, 1]"
512087,3727684,3179,0,"[0, 1]"
512087,3727684,2256,0,"[0, 1]"
512087,3727684,3643,0,"[0, 1]"
512087,3727684,4074,0,"[0, 1]"
512087,3727684,3859,0,"[0, 1]"
512087,3727684,3189,0,"[0, 1]"
512087,3727684,2623,0,"[0, 1]"
512087,3727684,3648,0,"[0, 1]"
512087,3727684,2555,0,"[0, 1]"
512087,3727684,4073,0,"[0, 1]"
512087,3727684,3944,0,"[0, 1]"
512087,3727684,2335,0,"[0, 1]"
512087,3727684,4003,0,"[0, 1]"
512087,3727684,2644,0,"[0, 1]"
512087,3727684,2198,0,"[0, 1]"
512087,3727684,2363,0,"[0, 1]"
512087,3727684,3194,0,"[0, 1]"
512087,3727684,3919,0,"[0, 1]"
512087,3727684,2321,0,"[0, 1]"
512087,3727684,3568,0,"[0, 1]"
512087,3727684,4514,0,"[0, 1]"
512087,3727684,7282524,1,"[0, 1]"
512087,3727684,4731,0,"[0, 1]"
512087,3727684,4289,0,"[0, 1]"
512087,3727684,7300170,1,"[0, 1]"
512087,3727684,4374679,1,"[0, 1]"
512087,3727684,850886,1,"[0, 1]"
512087,3727684,7199090,1,"[0, 1]"
512087,3727684,4989,0,"[0, 1]"
512087,3727684,905454,1,"[0, 1]"
512087,3727684,7170234,1,"[0, 1]"
512087,3727684,7468944,1,"[0, 1]"
512087,3727684,7232021,1,"[0, 1]"
512087,3727684,7147504,1,"[0, 1]"
512087,3727684,7189043,1,"[0, 1]"
512087,3727684,3367824,1,"[0, 1]"
512087,3727684,7220310,1,"[0, 1]"
512087,3727684,7120979,1,"[0, 1]"
512087,3727684,7261579,1,"[0, 1]"
512087,3727684,7394410,1,"[0, 1]"
512087,3727684,4588,0,"[0, 1]"
512087,3727684,7199549,1,"[0, 1]"
512087,3727684,7530174,1,"[0, 1]"
512087,3727684,7416852,1,"[0, 1]"
512087,3727684,7614653,1,"[0, 1]"
512087,3727684,7451712,1,"[0, 1]"
512087,3727684,7128207,1,"[0, 1]"
512087,3727684,7413993,1,"[0, 1]"
512087,3727684,7499157,1,"[0, 1]"
512087,3727684,7203246,1,"[0, 1]"
512087,3727684,7314664,1,"[0, 1]"
512087,3727684,7384360,1,"[0, 1]"
512087,3727684,5273629,1,"[0, 1]"
512087,3727684,7572345,1,"[0, 1]"
512087,3727684,7082876,1,"[0, 1]"
512087,3727684,7501074,1,"[0, 1]"
512087,3727684,7657002,1,"[0, 1]"
512087,3727684,7437842,1,"[0, 1]"
512087,3727684,7178294,1,"[0, 1]"
512087,3727684,242137,1,"[0, 1]"
512087,3727684,7295347,1,"[0, 1]"
512087,3727684,7508786,1,"[0, 1]"
512087,3727684,7227444,1,"[0, 1]"
512087,3727684,7395344,1,"[0, 1]"
512087,3727684,7438852,1,"[0, 1]"
512087,3727684,7166661,1,"[0, 1]"
512087,3727684,7399433,1,"[0, 1]"
512087,3727684,7672042,1,"[0, 1]"
512087,3727684,7649739,1,"[0, 1]"
512087,3727684,7273542,1,"[0, 1]"
460162,7548961,7548961,1,"[1, 0]"
460162,7548961,4861,0,"[1, 0]"
460162,7548961,3786,0,"[1, 0]"
460162,7548961,1892,0,"[1, 0]"
460162,7548961,945,0,"[1, 0]"
460162,7548961,472,0,"[1, 0]"
460162,7548961,235,0,"[1, 0]"
460162,7548961,117,0,"[1, 0]"
460162,7548961,58,0,"[1, 0]"
460162,7548961,28,0,"[1, 0]"
460162,7548961,13,0,"[1, 0]"
460162,7548961,6,0,"[1, 0]"
460162,7548961,2,0,"[1, 0]"
460162,7548961,0,0,"[1, 0]"
460162,7548961,2,0,"[0, 1]"
460162,7548961,1,0,"[0, 1]"
460162,7548961,3,0,"[0, 1]"
460162,7548961,4,0,"[0, 1]"
460162,7548961,6,0,"[0, 1]"
460162,7548961,5,0,"[0, 1]"
460162,7548961,8,0,"[0, 1]"
460162,7548961,13,0,"[0, 1]"
460162,7548961,7,0,"[0, 1]"
460162,7548961,10,0,"[0, 1]"
460162,7548961,14,0,"[0, 1]"
460162,7548961,9,0,"[0, 1]"
460162,7548961,15,0,"[0, 1]"
460162,7548961,22,0,"[0, 1]"
460162,7548961,17,0,"[0, 1]"
460162,7548961,26,0,"[0, 1]"
460162,7548961,27,0,"[0, 1]"
460162,7548961,23,0,"[0, 1]"
460162,7548961,24,0,"[0, 1]"
460162,7548961,28,0,"[0, 1]"
460162,7548961,54,0,"[0, 1]"
460162,7548961,50,0,"[0, 1]"
460162,7548961,52,0,"[0, 1]"
460162,7548961,56,0,"[0, 1]"
460162,7548961,51,0,"[0, 1]"
460162,7548961,33,0,"[0, 1]"
460162,7548961,48,0,"[0, 1]"
460162,7548961,60,0,"[0, 1]"
460162,7548961,36,0,"[0, 1]"
460162,7548961,44,0,"[0, 1]"
460162,7548961,79,0,"[0, 1]"
460162,7548961,108,0,"[0, 1]"
460162,7548961,105,0,"[0, 1]"
460162,7548961,68,0,"[0, 1]"
460162,7548961,102,0,"[0, 1]"
460162,7548961,66,0,"[0, 1]"
460162,7548961,63,0,"[0, 1]"
460162,7548961,104,0,"[0, 1]"
460162,7548961,99,0,"[0, 1]"
460162,7548961,106,0,"[0, 1]"
460162,7548961,85,0,"[0, 1]"
460162,7548961,71,0,"[0, 1]"
460162,7548961,201,0,"[0, 1]"
460162,7548961,193,0,"[0, 1]"
460162,7548961,190,0,"[0, 1]"
460162,7548961,155,0,"[0, 1]"
460162,7548961,175,0,"[0, 1]"
460162,7548961,215,0,"[0, 1]"
460162,7548961,156,0,"[0, 1]"
460162,7548961,182,0,"[0, 1]"
460162,7548961,170,0,"[0, 1]"
460162,7548961,214,0,"[0, 1]"
460162,7548961,144,0,"[0, 1]"
460162,7548961,239,0,"[0, 1]"
460162,7548961,180,0,"[0, 1]"
460162,7548961,238,0,"[0, 1]"
460162,7548961,500,0,"[0, 1]"
460162,7548961,388,0,"[0, 1]"
460162,7548961,341,0,"[0, 1]"
460162,7548961,393,0,"[0, 1]"
460162,7548961,299,0,"[0, 1]"
460162,7548961,449,0,"[0, 1]"
460162,7548961,432,0,"[0, 1]"
460162,7548961,272,0,"[0, 1]"
460162,7548961,313,0,"[0, 1]"
460162,7548961,320,0,"[0, 1]"
460162,7548961,342,0,"[0, 1]"
460162,7548961,377,0,"[0, 1]"
460162,7548961,481,0,"[0, 1]"
460162,7548961,456,0,"[0, 1]"
460162,7548961,347,0,"[0, 1]"
460162,7548961,325,0,"[0, 1]"
460162,7548961,679,0,"[0, 1]"
460162,7548961,555,0,"[0, 1]"
460162,7548961,959,0,"[0, 1]"
460162,7548961,652,0,"[0, 1]"
460162,7548961,610,0,"[0, 1]"
460162,7548961,984,0,"[0, 1]"
460162,7548961,751,0,"[0, 1]"
460162,7548961,925,0,"[0, 1]"
460162,7548961,629,0,"[0, 1]"
460162,7548961,702,0,"[0, 1]"
460162,7548961,535,0,"[0, 1]"
460162,7548961,933,0,"[0, 1]"
460162,7548961,768,0,"[0, 1]"
460162,7548961,845,0,"[0, 1]"
460162,7548961,1003,0,"[0, 1]"
460162,7548961,1015,0,"[0, 1]"
460162,7548961,727,0,"[0, 1]"
460162,7548961,841,0,"[0, 1]"
460162,7548961,1204,0,"[0, 1]"
460162,7548961,1245,0,"[0, 1]"
460162,7548961,1309,0,"[0, 1]"
460162,7548961,2038,0,"[0, 1]"
460162,7548961,1162,0,"[0, 1]"
460162,7548961,1653,0,"[0, 1]"
460162,7548961,1742,0,"[0, 1]"
460162,7548961,1897,0,"[0, 1]"
460162,7548961,1815,0,"[0, 1]"
460162,7548961,1344,0,"[0, 1]"
460162,7548961,1193,0,"[0, 1]"
460162,7548961,1605,0,"[0, 1]"
460162,7548961,1635,0,"[0, 1]"
460162,7548961,1272,0,"[0, 1]"
460162,7548961,1566,0,"[0, 1]"
460162,7548961,1189,0,"[0, 1]"
460162,7548961,1402,0,"[0, 1]"
460162,7548961,2019,0,"[0, 1]"
460162,7548961,1773,0,"[0, 1]"
460162,7548961,1147,0,"[0, 1]"
460162,7548961,3559,0,"[0, 1]"
460162,7548961,2948,0,"[0, 1]"
460162,7548961,2995,0,"[0, 1]"
460162,7548961,3245,0,"[0, 1]"
460162,7548961,3714,0,"[0, 1]"
460162,7548961,3015,0,"[0, 1]"
460162,7548961,3212,0,"[0, 1]"
460162,7548961,2556,0,"[0, 1]"
460162,7548961,3521,0,"[0, 1]"
460162,7548961,2767,0,"[0, 1]"
460162,7548961,3343,0,"[0, 1]"
460162,7548961,3579,0,"[0, 1]"
460162,7548961,2861,0,"[0, 1]"
460162,7548961,3585,0,"[0, 1]"
460162,7548961,3038,0,"[0, 1]"
460162,7548961,3794,0,"[0, 1]"
460162,7548961,2506,0,"[0, 1]"
460162,7548961,3135,0,"[0, 1]"
460162,7548961,2519,0,"[0, 1]"
460162,7548961,2440,0,"[0, 1]"
460162,7548961,2379,0,"[0, 1]"
460162,7548961,2983,0,"[0, 1]"
460162,7548961,4187,0,"[0, 1]"
460162,7548961,4487,0,"[0, 1]"
460162,7548961,7277097,1,"[0, 1]"
460162,7548961,7177918,1,"[0, 1]"
460162,7548961,7229464,1,"[0, 1]"
460162,7548961,4787,0,"[0, 1]"
460162,7548961,7219885,1,"[0, 1]"
460162,7548961,2863753,1,"[0, 1]"
460162,7548961,7494327,1,"[0, 1]"
460162,7548961,7486503,1,"[0, 1]"
460162,7548961,7386585,1,"[0, 1]"
460162,7548961,7531801,1,"[0, 1]"
460162,7548961,7634370,1,"[0, 1]"
460162,7548961,7557173,1,"[0, 1]"
460162,7548961,599391,1,"[0, 1]"
460162,7548961,7545517,1,"[0, 1]"
460162,7548961,7273891,1,"[0, 1]"
460162,7548961,7108747,1,"[0, 1]"
460162,7548961,1260909,1,"[0, 1]"
460162,7548961,4433,0,"[0, 1]"
460162,7548961,7143238,1,"[0, 1]"
460162,7548961,860900,1,"[0, 1]"
460162,7548961,4267,0,"[0, 1]"
460162,7548961,7324973,1,"[0, 1]"
460162,7548961,1567596,1,"[0, 1]"
460162,7548961,7538938,1,"[0, 1]"
460162,7548961,7474064,1,"[0, 1]"
460162,7548961,7314436,1,"[0, 1]"
460162,7548961,767271,1,"[0, 1]"
460162,7548961,7453045,1,"[0, 1]"
460162,7548961,7227531,1,"[0, 1]"
460162,7548961,7579535,1,"[0, 1]"
460162,7548961,7502919,1,"[0, 1]"
460162,7548961,7668448,1,"[0, 1]"
460162,7548961,7243711,1,"[0, 1]"
460162,7548961,7615909,1,"[0, 1]"
460162,7548961,7232099,1,"[0, 1]"
460162,7548961,7093987,1,"[0, 1]"
460162,7548961,7214524,1,"[0, 1]"
460162,7548961,7218005,1,"[0, 1]"
460162,7548961,7213082,1,"[0, 1]"
460162,7548961,7413985,1,"[0, 1]"
460162,7548961,7386797,1,"[0, 1]"
460162,7548961,7373037,1,"[0, 1]"
460162,7548961,7164704,1,"[0, 1]"
460162,7548961,7674927,1,"[0, 1]"
460162,7548961,5649493,1,"[0, 1]"
460162,7548961,7665185,1,"[0, 1]"
460162,7548961,7440406,1,"[0, 1]"
460162,7548961,7670435,1,"[0, 1]"
395538,7548990,7548990,1,"[1, 0]"
395538,7548990,3501,0,"[1, 0]"
395538,7548990,1750,0,"[1, 0]"
395538,7548990,874,0,"[1, 0]"
395538,7548990,436,0,"[1, 0]"
395538,7548990,217,0,"[1, 0]"
395538,7548990,108,0,"[1, 0]"
395538,7548990,53,0,"[1, 0]"
395538,7548990,26,0,"[1, 0]"
395538,7548990,12,0,"[1, 0]"
395538,7548990,5,0,"[1, 0]"
395538,7548990,2,0,"[1, 0]"
395538,7548990,0,0,"[1, 0]"
395538,7548990,2,0,"[0, 1]"
395538,7548990,1,0,"[0, 1]"
395538,7548990,3,0,"[0, 1]"
395538,7548990,4,0,"[0, 1]"
395538,7548990,5,0,"[0, 1]"
395538,7548990,6,0,"[0, 1]"
395538,7548990,12,0,"[0, 1]"
395538,7548990,13,0,"[0, 1]"
395538,7548990,9,0,"[0, 1]"
395538,7548990,14,0,"[0, 1]"
395538,7548990,10,0,"[0, 1]"
395538,7548990,8,0,"[0, 1]"
395538,7548990,27,0,"[0, 1]"
395538,7548990,26,0,"[0, 1]"
395538,7548990,19,0,"[0, 1]"
395538,7548990,16,0,"[0, 1]"
395538,7548990,24,0,"[0, 1]"
395538,7548990,22,0,"[0, 1]"
395538,7548990,17,0,"[0, 1]"
395538,7548990,25,0,"[0, 1]"
395538,7548990,60,0,"[0, 1]"
395538,7548990,33,0,"[0, 1]"
395538,7548990,56,0,"[0, 1]"
395538,7548990,61,0,"[0, 1]"
395538,7548990,35,0,"[0, 1]"
395538,7548990,32,0,"[0, 1]"
395538,7548990,40,0,"[0, 1]"
395538,7548990,34,0,"[0, 1]"
395538,7548990,46,0,"[0, 1]"
395538,7548990,50,0,"[0, 1]"
395538,7548990,111,0,"[0, 1]"
395538,7548990,93,0,"[0, 1]"
395538,7548990,119,0,"[0, 1]"
395538,7548990,107,0,"[0, 1]"
395538,7548990,94,0,"[0, 1]"
395538,7548990,106,0,"[0, 1]"
395538,7548990,88,0,"[0, 1]"
395538,7548990,105,0,"[0, 1]"
395538,7548990,70,0,"[0, 1]"
395538,7548990,69,0,"[0, 1]"
395538,7548990,83,0,"[0, 1]"
395538,7548990,110,0,"[0, 1]"
395538,7548990,134,0,"[0, 1]"
395538,7548990,253,0,"[0, 1]"
395538,7548990,218,0,"[0, 1]"
395538,7548990,234,0,"[0, 1]"
395538,7548990,169,0,"[0, 1]"
395538,7548990,141,0,"[0, 1]"
395538,7548990,224,0,"[0, 1]"
395538,7548990,135,0,"[0, 1]"
395538,7548990,140,0,"[0, 1]"
395538,7548990,216,0,"[0, 1]"
395538,7548990,166,0,"[0, 1]"
395538,7548990,244,0,"[0, 1]"
395538,7548990,191,0,"[0, 1]"
395538,7548990,200,0,"[0, 1]"
395538,7548990,453,0,"[0, 1]"
395538,7548990,497,0,"[0, 1]"
395538,7548990,460,0,"[0, 1]"
395538,7548990,402,0,"[0, 1]"
395538,7548990,299,0,"[0, 1]"
395538,7548990,261,0,"[0, 1]"
395538,7548990,328,0,"[0, 1]"
395538,7548990,407,0,"[0, 1]"
395538,7548990,458,0,"[0, 1]"
395538,7548990,370,0,"[0, 1]"
395538,7548990,364,0,"[0, 1]"
395538,7548990,451,0,"[0, 1]"
395538,7548990,429,0,"[0, 1]"
395538,7548990,393,0,"[0, 1]"
395538,7548990,437,0,"[0, 1]"
395538,7548990,260,0,"[0, 1]"
395538,7548990,613,0,"[0, 1]"
395538,7548990,816,0,"[0, 1]"
395538,7548990,654,0,"[0, 1]"
395538,7548990,614,0,"[0, 1]"
395538,7548990,772,0,"[0, 1]"
395538,7548990,992,0,"[0, 1]"
395538,7548990,593,0,"[0, 1]"
395538,7548990,718,0,"[0, 1]"
395538,7548990,618,0,"[0, 1]"
395538,7548990,807,0,"[0, 1]"
395538,7548990,927,0,"[0, 1]"
395538,7548990,1016,0,"[0, 1]"
395538,7548990,961,0,"[0, 1]"
395538,7548990,663,0,"[0, 1]"
395538,7548990,849,0,"[0, 1]"
395538,7548990,647,0,"[0, 1]"
395538,7548990,899,0,"[0, 1]"
395538,7548990,602,0,"[0, 1]"
395538,7548990,1791,0,"[0, 1]"
395538,7548990,1543,0,"[0, 1]"
395538,7548990,1155,0,"[0, 1]"
395538,7548990,1062,0,"[0, 1]"
395538,7548990,1700,0,"[0, 1]"
395538,7548990,1959,0,"[0, 1]"
395538,7548990,1500,0,"[0, 1]"
395538,7548990,2022,0,"[0, 1]"
395538,7548990,1109,0,"[0, 1]"
395538,7548990,2020,0,"[0, 1]"
395538,7548990,1665,0,"[0, 1]"
395538,7548990,1310,0,"[0, 1]"
395538,7548990,1772,0,"[0, 1]"
395538,7548990,1332,0,"[0, 1]"
395538,7548990,1157,0,"[0, 1]"
395538,7548990,1287,0,"[0, 1]"
395538,7548990,2034,0,"[0, 1]"
395538,7548990,1688,0,"[0, 1]"
395538,7548990,1254,0,"[0, 1]"
395538,7548990,1258,0,"[0, 1]"
395538,7548990,3691,0,"[0, 1]"
395538,7548990,3010,0,"[0, 1]"
395538,7548990,2874,0,"[0, 1]"
395538,7548990,3425,0,"[0, 1]"
395538,7548990,2163,0,"[0, 1]"
395538,7548990,3672,0,"[0, 1]"
395538,7548990,3078,0,"[0, 1]"
395538,7548990,3663,0,"[0, 1]"
395538,7548990,2530,0,"[0, 1]"
395538,7548990,3750,0,"[0, 1]"
395538,7548990,2467,0,"[0, 1]"
395538,7548990,3876,0,"[0, 1]"
395538,7548990,2211,0,"[0, 1]"
395538,7548990,3922,0,"[0, 1]"
395538,7548990,3866,0,"[0, 1]"
395538,7548990,2433,0,"[0, 1]"
395538,7548990,2752,0,"[0, 1]"
395538,7548990,3665,0,"[0, 1]"
395538,7548990,3309,0,"[0, 1]"
395538,7548990,2497,0,"[0, 1]"
395538,7548990,3854,0,"[0, 1]"
395538,7548990,2372,0,"[0, 1]"
395538,7548990,7573567,1,"[0, 1]"
395538,7548990,7175177,1,"[0, 1]"
395538,7548990,7661545,1,"[0, 1]"
395538,7548990,4855,0,"[0, 1]"
395538,7548990,7540757,1,"[0, 1]"
395538,7548990,7189804,1,"[0, 1]"
395538,7548990,7295281,1,"[0, 1]"
395538,7548990,2097896,1,"[0, 1]"
395538,7548990,7269564,1,"[0, 1]"
395538,7548990,4462,0,"[0, 1]"
395538,7548990,3358283,1,"[0, 1]"
395538,7548990,4538702,1,"[0, 1]"
395538,7548990,7108258,1,"[0, 1]"
395538,7548990,4706,0,"[0, 1]"
395538,7548990,4957,0,"[0, 1]"
395538,7548990,4286,0,"[0, 1]"
395538,7548990,4150,0,"[0, 1]"
395538,7548990,7604698,1,"[0, 1]"
395538,7548990,7162750,1,"[0, 1]"
395538,7548990,7248448,1,"[0, 1]"
395538,7548990,4217,0,"[0, 1]"
395538,7548990,7607852,1,"[0, 1]"
395538,7548990,2177965,1,"[0, 1]"
395538,7548990,4919,0,"[0, 1]"
750946,7549100,7549100,1,"[1, 0]"
750946,7549100,2486,0,"[1, 0]"
750946,7549100,1242,0,"[1, 0]"
750946,7549100,620,0,"[1, 0]"
750946,7549100,309,0,"[1, 0]"
750946,7549100,154,0,"[1, 0]"
750946,7549100,76,0,"[1, 0]"
750946,7549100,37,0,"[1, 0]"
750946,7549100,18,0,"[1, 0]"
750946,7549100,8,0,"[1, 0]"
750946,7549100,3,0,"[1, 0]"
750946,7549100,1,0,"[1, 0]"
750946,7549100,0,0,"[1, 0]"
750946,7549100,2,0,"[0, 1]"
750946,7549100,1,0,"[0, 1]"
750946,7549100,3,0,"[0, 1]"
750946,7549100,4,0,"[0, 1]"
750946,7549100,5,0,"[0, 1]"
750946,7549100,6,0,"[0, 1]"
750946,7549100,10,0,"[0, 1]"
750946,7549100,9,0,"[0, 1]"
750946,7549100,11,0,"[0, 1]"
750946,7549100,12,0,"[0, 1]"
750946,7549100,8,0,"[0, 1]"
750946,7549100,14,0,"[0, 1]"
750946,7549100,28,0,"[0, 1]"
750946,7549100,22,0,"[0, 1]"
750946,7549100,21,0,"[0, 1]"
750946,7549100,23,0,"[0, 1]"
750946,7549100,29,0,"[0, 1]"
750946,7549100,20,0,"[0, 1]"
750946,7549100,18,0,"[0, 1]"
750946,7549100,15,0,"[0, 1]"
750946,7549100,53,0,"[0, 1]"
750946,7549100,56,0,"[0, 1]"
750946,7549100,54,0,"[0, 1]"
750946,7549100,31,0,"[0, 1]"
750946,7549100,42,0,"[0, 1]"
750946,7549100,50,0,"[0, 1]"
750946,7549100,41,0,"[0, 1]"
750946,7549100,52,0,"[0, 1]"
750946,7549100,45,0,"[0, 1]"
750946,7549100,36,0,"[0, 1]"
750946,7549100,93,0,"[0, 1]"
750946,7549100,111,0,"[0, 1]"
750946,7549100,69,0,"[0, 1]"
750946,7549100,76,0,"[0, 1]"
750946,7549100,103,0,"[0, 1]"
750946,7549100,68,0,"[0, 1]"
750946,7549100,97,0,"[0, 1]"
750946,7549100,125,0,"[0, 1]"
750946,7549100,95,0,"[0, 1]"
750946,7549100,120,0,"[0, 1]"
750946,7549100,83,0,"[0, 1]"
750946,7549100,124,0,"[0, 1]"
750946,7549100,161,0,"[0, 1]"
750946,7549100,142,0,"[0, 1]"
750946,7549100,193,0,"[0, 1]"
750946,7549100,220,0,"[0, 1]"
750946,7549100,222,0,"[0, 1]"
750946,7549100,254,0,"[0, 1]"
750946,7549100,150,0,"[0, 1]"
750946,7549100,206,0,"[0, 1]"
750946,7549100,163,0,"[0, 1]"
750946,7549100,219,0,"[0, 1]"
750946,7549100,174,0,"[0, 1]"
750946,7549100,144,0,"[0, 1]"
750946,7549100,157,0,"[0, 1]"
750946,7549100,182,0,"[0, 1]"
750946,7549100,439,0,"[0, 1]"
750946,7549100,332,0,"[0, 1]"
750946,7549100,380,0,"[0, 1]"
750946,7549100,289,0,"[0, 1]"
750946,7549100,339,0,"[0, 1]"
750946,7549100,503,0,"[0, 1]"
750946,7549100,482,0,"[0, 1]"
750946,7549100,345,0,"[0, 1]"
750946,7549100,263,0,"[0, 1]"
750946,7549100,340,0,"[0, 1]"
750946,7549100,468,0,"[0, 1]"
750946,7549100,367,0,"[0, 1]"
750946,7549100,284,0,"[0, 1]"
750946,7549100,326,0,"[0, 1]"
750946,7549100,300,0,"[0, 1]"
750946,7549100,422,0,"[0, 1]"
750946,7549100,671,0,"[0, 1]"
750946,7549100,703,0,"[0, 1]"
750946,7549100,616,0,"[0, 1]"
750946,7549100,699,0,"[0, 1]"
750946,7549100,620,0,"[0, 1]"
750946,7549100,824,0,"[0, 1]"
750946,7549100,550,0,"[0, 1]"
750946,7549100,588,0,"[0, 1]"
750946,7549100,771,0,"[0, 1]"
750946,7549100,927,0,"[0, 1]"
750946,7549100,907,0,"[0, 1]"
750946,7549100,949,0,"[0, 1]"
750946,7549100,947,0,"[0, 1]"
750946,7549100,738,0,"[0, 1]"
750946,7549100,729,0,"[0, 1]"
750946,7549100,883,0,"[0, 1]"
750946,7549100,772,0,"[0, 1]"
750946,7549100,706,0,"[0, 1]"
750946,7549100,1745,0,"[0, 1]"
750946,7549100,1251,0,"[0, 1]"
750946,7549100,1209,0,"[0, 1]"
750946,7549100,1030,0,"[0, 1]"
750946,7549100,1572,0,"[0, 1]"
750946,7549100,1778,0,"[0, 1]"
750946,7549100,1872,0,"[0, 1]"
750946,7549100,1587,0,"[0, 1]"
750946,7549100,1625,0,"[0, 1]"
750946,7549100,1145,0,"[0, 1]"
750946,7549100,1830,0,"[0, 1]"
750946,7549100,1766,0,"[0, 1]"
750946,7549100,1025,0,"[0, 1]"
750946,7549100,1075,0,"[0, 1]"
750946,7549100,1904,0,"[0, 1]"
750946,7549100,1187,0,"[0, 1]"
750946,7549100,1096,0,"[0, 1]"
750946,7549100,1562,0,"[0, 1]"
750946,7549100,1869,0,"[0, 1]"
750946,7549100,1109,0,"[0, 1]"
750946,7549100,2877,0,"[0, 1]"
750946,7549100,4037,0,"[0, 1]"
750946,7549100,2913,0,"[0, 1]"
750946,7549100,2925,0,"[0, 1]"
750946,7549100,2395,0,"[0, 1]"
750946,7549100,3649,0,"[0, 1]"
750946,7549100,2206,0,"[0, 1]"
750946,7549100,3637,0,"[0, 1]"
750946,7549100,3564,0,"[0, 1]"
750946,7549100,3523,0,"[0, 1]"
750946,7549100,3856,0,"[0, 1]"
750946,7549100,2880,0,"[0, 1]"
750946,7549100,3360,0,"[0, 1]"
750946,7549100,3366,0,"[0, 1]"
750946,7549100,2580,0,"[0, 1]"
750946,7549100,2385,0,"[0, 1]"
750946,7549100,3952,0,"[0, 1]"
750946,7549100,2907,0,"[0, 1]"
750946,7549100,4065,0,"[0, 1]"
750946,7549100,3032,0,"[0, 1]"
750946,7549100,3371,0,"[0, 1]"
750946,7549100,2101,0,"[0, 1]"
750946,7549100,4881,0,"[0, 1]"
750946,7549100,7136942,1,"[0, 1]"
750946,7549100,2699347,1,"[0, 1]"
750946,7549100,4550,0,"[0, 1]"
750946,7549100,4264,0,"[0, 1]"
750946,7549100,7534191,1,"[0, 1]"
750946,7549100,7300747,1,"[0, 1]"
750946,7549100,7231966,1,"[0, 1]"
750946,7549100,2401457,1,"[0, 1]"
750946,7549100,4648,0,"[0, 1]"
750946,7549100,7286633,1,"[0, 1]"
750946,7549100,4687,0,"[0, 1]"
750946,7549100,7285745,1,"[0, 1]"
750946,7549100,7535298,1,"[0, 1]"
750946,7549100,7468203,1,"[0, 1]"
750946,7549100,4924,0,"[0, 1]"
750946,7549100,7100356,1,"[0, 1]"
750946,7549100,4693,0,"[0, 1]"
750946,7549100,7489495,1,"[0, 1]"
750946,7549100,7168511,1,"[0, 1]"
750946,7549100,4802,0,"[0, 1]"
750946,7549100,7289438,1,"[0, 1]"
750946,7549100,7297000,1,"[0, 1]"
750946,7549100,7080091,1,"[0, 1]"
308032,7549108,7549108,1,"[1, 0]"
308032,7549108,4435,0,"[1, 0]"
308032,7549108,2818,0,"[1, 0]"
308032,7549108,1408,0,"[1, 0]"
308032,7549108,703,0,"[1, 0]"
308032,7549108,351,0,"[1, 0]"
308032,7549108,175,0,"[1, 0]"
308032,7549108,87,0,"[1, 0]"
308032,7549108,43,0,"[1, 0]"
308032,7549108,21,0,"[1, 0]"
308032,7549108,10,0,"[1, 0]"
308032,7549108,4,0,"[1, 0]"
308032,7549108,1,0,"[1, 0]"
308032,7549108,0,0,"[1, 0]"
308032,7549108,2,0,"[0, 1]"
308032,7549108,1,0,"[0, 1]"
308032,7549108,5,0,"[0, 1]"
308032,7549108,4,0,"[0, 1]"
308032,7549108,6,0,"[0, 1]"
308032,7549108,3,0,"[0, 1]"
308032,7549108,9,0,"[0, 1]"
308032,7549108,13,0,"[0, 1]"
308032,7549108,14,0,"[0, 1]"
308032,7549108,11,0,"[0, 1]"
308032,7549108,8,0,"[0, 1]"
308032,7549108,7,0,"[0, 1]"
308032,7549108,15,0,"[0, 1]"
308032,7549108,28,0,"[0, 1]"
308032,7549108,29,0,"[0, 1]"
308032,7549108,17,0,"[0, 1]"
308032,7549108,26,0,"[0, 1]"
308032,7549108,20,0,"[0, 1]"
308032,7549108,25,0,"[0, 1]"
308032,7549108,24,0,"[0, 1]"
308032,7549108,48,0,"[0, 1]"
308032,7549108,37,0,"[0, 1]"
308032,7549108,31,0,"[0, 1]"
308032,7549108,42,0,"[0, 1]"
308032,7549108,60,0,"[0, 1]"
308032,7549108,52,0,"[0, 1]"
308032,7549108,32,0,"[0, 1]"
308032,7549108,46,0,"[0, 1]"
308032,7549108,61,0,"[0, 1]"
308032,7549108,47,0,"[0, 1]"
308032,7549108,89,0,"[0, 1]"
308032,7549108,121,0,"[0, 1]"
308032,7549108,79,0,"[0, 1]"
308032,7549108,103,0,"[0, 1]"
308032,7549108,75,0,"[0, 1]"
308032,7549108,116,0,"[0, 1]"
308032,7549108,102,0,"[0, 1]"
308032,7549108,114,0,"[0, 1]"
308032,7549108,107,0,"[0, 1]"
308032,7549108,71,0,"[0, 1]"
308032,7549108,94,0,"[0, 1]"
308032,7549108,64,0,"[0, 1]"
308032,7549108,152,0,"[0, 1]"
308032,7549108,127,0,"[0, 1]"
308032,7549108,243,0,"[0, 1]"
308032,7549108,174,0,"[0, 1]"
308032,7549108,183,0,"[0, 1]"
308032,7549108,208,0,"[0, 1]"
308032,7549108,218,0,"[0, 1]"
308032,7549108,130,0,"[0, 1]"
308032,7549108,251,0,"[0, 1]"
308032,7549108,151,0,"[0, 1]"
308032,7549108,224,0,"[0, 1]"
308032,7549108,148,0,"[0, 1]"
308032,7549108,235,0,"[0, 1]"
308032,7549108,215,0,"[0, 1]"
308032,7549108,506,0,"[0, 1]"
308032,7549108,374,0,"[0, 1]"
308032,7549108,294,0,"[0, 1]"
308032,7549108,264,0,"[0, 1]"
308032,7549108,378,0,"[0, 1]"
308032,7549108,303,0,"[0, 1]"
308032,7549108,317,0,"[0, 1]"
308032,7549108,349,0,"[0, 1]"
308032,7549108,326,0,"[0, 1]"
308032,7549108,501,0,"[0, 1]"
308032,7549108,457,0,"[0, 1]"
308032,7549108,405,0,"[0, 1]"
308032,7549108,439,0,"[0, 1]"
308032,7549108,381,0,"[0, 1]"
308032,7549108,290,0,"[0, 1]"
308032,7549108,295,0,"[0, 1]"
308032,7549108,796,0,"[0, 1]"
308032,7549108,589,0,"[0, 1]"
308032,7549108,623,0,"[0, 1]"
308032,7549108,912,0,"[0, 1]"
308032,7549108,580,0,"[0, 1]"
308032,7549108,534,0,"[0, 1]"
308032,7549108,746,0,"[0, 1]"
308032,7549108,974,0,"[0, 1]"
308032,7549108,744,0,"[0, 1]"
308032,7549108,713,0,"[0, 1]"
308032,7549108,678,0,"[0, 1]"
308032,7549108,811,0,"[0, 1]"
308032,7549108,767,0,"[0, 1]"
308032,7549108,882,0,"[0, 1]"
308032,7549108,672,0,"[0, 1]"
308032,7549108,740,0,"[0, 1]"
308032,7549108,797,0,"[0, 1]"
308032,7549108,617,0,"[0, 1]"
308032,7549108,2004,0,"[0, 1]"
308032,7549108,1730,0,"[0, 1]"
308032,7549108,1176,0,"[0, 1]"
308032,7549108,1644,0,"[0, 1]"
308032,7549108,1671,0,"[0, 1]"
308032,7549108,1441,0,"[0, 1]"
308032,7549108,1427,0,"[0, 1]"
308032,7549108,1894,0,"[0, 1]"
308032,7549108,1186,0,"[0, 1]"
308032,7549108,1421,0,"[0, 1]"
308032,7549108,1978,0,"[0, 1]"
308032,7549108,1285,0,"[0, 1]"
308032,7549108,1459,0,"[0, 1]"
308032,7549108,1890,0,"[0, 1]"
308032,7549108,1227,0,"[0, 1]"
308032,7549108,1915,0,"[0, 1]"
308032,7549108,1101,0,"[0, 1]"
308032,7549108,1092,0,"[0, 1]"
308032,7549108,1983,0,"[0, 1]"
308032,7549108,1065,0,"[0, 1]"
308032,7549108,2456,0,"[0, 1]"
308032,7549108,2750,0,"[0, 1]"
308032,7549108,2759,0,"[0, 1]"
308032,7549108,2857,0,"[0, 1]"
308032,7549108,3731,0,"[0, 1]"
308032,7549108,2283,0,"[0, 1]"
308032,7549108,3800,0,"[0, 1]"
308032,7549108,3747,0,"[0, 1]"
308032,7549108,3250,0,"[0, 1]"
308032,7549108,2586,0,"[0, 1]"
308032,7549108,2520,0,"[0, 1]"
308032,7549108,2676,0,"[0, 1]"
308032,7549108,2527,0,"[0, 1]"
308032,7549108,2837,0,"[0, 1]"
308032,7549108,2502,0,"[0, 1]"
308032,7549108,2371,0,"[0, 1]"
308032,7549108,3938,0,"[0, 1]"
308032,7549108,3886,0,"[0, 1]"
308032,7549108,4094,0,"[0, 1]"
308032,7549108,2111,0,"[0, 1]"
308032,7549108,2355,0,"[0, 1]"
308032,7549108,2689,0,"[0, 1]"
308032,7549108,7610240,1,"[0, 1]"
308032,7549108,7320544,1,"[0, 1]"
308032,7549108,4521,0,"[0, 1]"
308032,7549108,7112966,1,"[0, 1]"
308032,7549108,7169477,1,"[0, 1]"
308032,7549108,4182,0,"[0, 1]"
308032,7549108,7545517,1,"[0, 1]"
308032,7549108,4397,0,"[0, 1]"
308032,7549108,7108236,1,"[0, 1]"
308032,7549108,7246062,1,"[0, 1]"
308032,7549108,4853,0,"[0, 1]"
308032,7549108,7682753,1,"[0, 1]"
308032,7549108,7311487,1,"[0, 1]"
308032,7549108,4379,0,"[0, 1]"
308032,7549108,4175,0,"[0, 1]"
308032,7549108,1270948,1,"[0, 1]"
308032,7549108,7687609,1,"[0, 1]"
308032,7549108,7284567,1,"[0, 1]"
308032,7549108,7531418,1,"[0, 1]"
308032,7549108,7292269,1,"[0, 1]"
308032,7549108,7629481,1,"[0, 1]"
308032,7549108,7360357,1,"[0, 1]"
308032,7549108,7425223,1,"[0, 1]"
308032,7549108,7359057,1,"[0, 1]"
308032,7549108,7462251,1,"[0, 1]"
308032,7549108,7570725,1,"[0, 1]"
308032,7549108,7395483,1,"[0, 1]"
308032,7549108,7562778,1,"[0, 1]"
308032,7549108,6327761,1,"[0, 1]"
308032,7549108,7423351,1,"[0, 1]"
308032,7549108,7216300,1,"[0, 1]"
308032,7549108,7570852,1,"[0, 1]"
308032,7549108,7123628,1,"[0, 1]"
308032,7549108,7264235,1,"[0, 1]"
308032,7549108,7143620,1,"[0, 1]"
308032,7549108,7089653,1,"[0, 1]"
308032,7549108,7253932,1,"[0, 1]"
308032,7549108,7619305,1,"[0, 1]"
308032,7549108,7337562,1,"[0, 1]"
308032,7549108,7135416,1,"[0, 1]"
308032,7549108,7408139,1,"[0, 1]"
308032,7549108,7155329,1,"[0, 1]"
308032,7549108,1565843,1,"[0, 1]"
308032,7549108,7637756,1,"[0, 1]"
308032,7549108,7658037,1,"[0, 1]"
308032,7549108,7579269,1,"[0, 1]"
308032,7549108,7443275,1,"[0, 1]"
308032,7549108,7458583,1,"[0, 1]"
308032,7549108,7093089,1,"[0, 1]"
308032,7549108,1537196,1,"[0, 1]"
671692,7549372,7549372,1,"[1, 0]"
671692,7549372,4063,0,"[1, 0]"
671692,7549372,2031,0,"[1, 0]"
671692,7549372,1015,0,"[1, 0]"
671692,7549372,507,0,"[1, 0]"
671692,7549372,253,0,"[1, 0]"
671692,7549372,126,0,"[1, 0]"
671692,7549372,62,0,"[1, 0]"
671692,7549372,30,0,"[1, 0]"
671692,7549372,14,0,"[1, 0]"
671692,7549372,6,0,"[1, 0]"
671692,7549372,2,0,"[1, 0]"
671692,7549372,0,0,"[1, 0]"
671692,7549372,2,0,"[0, 1]"
671692,7549372,1,0,"[0, 1]"
671692,7549372,4,0,"[0, 1]"
671692,7549372,5,0,"[0, 1]"
671692,7549372,3,0,"[0, 1]"
671692,7549372,6,0,"[0, 1]"
671692,7549372,7,0,"[0, 1]"
671692,7549372,11,0,"[0, 1]"
671692,7549372,13,0,"[0, 1]"
671692,7549372,12,0,"[0, 1]"
671692,7549372,9,0,"[0, 1]"
671692,7549372,10,0,"[0, 1]"
671692,7549372,28,0,"[0, 1]"
671692,7549372,23,0,"[0, 1]"
671692,7549372,21,0,"[0, 1]"
671692,7549372,24,0,"[0, 1]"
671692,7549372,18,0,"[0, 1]"
671692,7549372,30,0,"[0, 1]"
671692,7549372,15,0,"[0, 1]"
671692,7549372,26,0,"[0, 1]"
671692,7549372,55,0,"[0, 1]"
671692,7549372,42,0,"[0, 1]"
671692,7549372,31,0,"[0, 1]"
671692,7549372,48,0,"[0, 1]"
671692,7549372,35,0,"[0, 1]"
671692,7549372,47,0,"[0, 1]"
671692,7549372,52,0,"[0, 1]"
671692,7549372,53,0,"[0, 1]"
671692,7549372,45,0,"[0, 1]"
671692,7549372,43,0,"[0, 1]"
671692,7549372,105,0,"[0, 1]"
671692,7549372,122,0,"[0, 1]"
671692,7549372,76,0,"[0, 1]"
671692,7549372,79,0,"[0, 1]"
671692,7549372,72,0,"[0, 1]"
671692,7549372,106,0,"[0, 1]"
671692,7549372,99,0,"[0, 1]"
671692,7549372,66,0,"[0, 1]"
671692,7549372,91,0,"[0, 1]"
671692,7549372,68,0,"[0, 1]"
671692,7549372,114,0,"[0, 1]"
671692,7549372,84,0,"[0, 1]"
671692,7549372,209,0,"[0, 1]"
671692,7549372,237,0,"[0, 1]"
671692,7549372,230,0,"[0, 1]"
671692,7549372,180,0,"[0, 1]"
671692,7549372,245,0,"[0, 1]"
671692,7549372,186,0,"[0, 1]"
671692,7549372,175,0,"[0, 1]"
671692,7549372,159,0,"[0, 1]"
671692,7549372,225,0,"[0, 1]"
671692,7549372,212,0,"[0, 1]"
671692,7549372,202,0,"[0, 1]"
671692,7549372,195,0,"[0, 1]"
671692,7549372,137,0,"[0, 1]"
671692,7549372,231,0,"[0, 1]"
671692,7549372,382,0,"[0, 1]"
671692,7549372,420,0,"[0, 1]"
671692,7549372,410,0,"[0, 1]"
671692,7549372,504,0,"[0, 1]"
671692,7549372,274,0,"[0, 1]"
671692,7549372,429,0,"[0, 1]"
671692,7549372,498,0,"[0, 1]"
671692,7549372,385,0,"[0, 1]"
671692,7549372,468,0,"[0, 1]"
671692,7549372,349,0,"[0, 1]"
671692,7549372,342,0,"[0, 1]"
671692,7549372,314,0,"[0, 1]"
671692,7549372,449,0,"[0, 1]"
671692,7549372,402,0,"[0, 1]"
671692,7549372,435,0,"[0, 1]"
671692,7549372,412,0,"[0, 1]"
671692,7549372,872,0,"[0, 1]"
671692,7549372,541,0,"[0, 1]"
671692,7549372,751,0,"[0, 1]"
671692,7549372,1003,0,"[0, 1]"
671692,7549372,895,0,"[0, 1]"
671692,7549372,652,0,"[0, 1]"
671692,7549372,511,0,"[0, 1]"
671692,7549372,634,0,"[0, 1]"
671692,7549372,989,0,"[0, 1]"
671692,7549372,838,0,"[0, 1]"
671692,7549372,951,0,"[0, 1]"
671692,7549372,1004,0,"[0, 1]"
671692,7549372,882,0,"[0, 1]"
671692,7549372,909,0,"[0, 1]"
671692,7549372,774,0,"[0, 1]"
671692,7549372,627,0,"[0, 1]"
671692,7549372,729,0,"[0, 1]"
671692,7549372,568,0,"[0, 1]"
671692,7549372,1332,0,"[0, 1]"
671692,7549372,1491,0,"[0, 1]"
671692,7549372,1180,0,"[0, 1]"
671692,7549372,1063,0,"[0, 1]"
671692,7549372,1229,0,"[0, 1]"
671692,7549372,1849,0,"[0, 1]"
671692,7549372,1754,0,"[0, 1]"
671692,7549372,1183,0,"[0, 1]"
671692,7549372,1756,0,"[0, 1]"
671692,7549372,1402,0,"[0, 1]"
671692,7549372,1123,0,"[0, 1]"
671692,7549372,1040,0,"[0, 1]"
671692,7549372,1967,0,"[0, 1]"
671692,7549372,1435,0,"[0, 1]"
671692,7549372,1577,0,"[0, 1]"
671692,7549372,1103,0,"[0, 1]"
671692,7549372,1075,0,"[0, 1]"
671692,7549372,1389,0,"[0, 1]"
671692,7549372,1202,0,"[0, 1]"
671692,7549372,1355,0,"[0, 1]"
671692,7549372,2645,0,"[0, 1]"
671692,7549372,3950,0,"[0, 1]"
671692,7549372,3619,0,"[0, 1]"
671692,7549372,3602,0,"[0, 1]"
671692,7549372,2459,0,"[0, 1]"
671692,7549372,3723,0,"[0, 1]"
671692,7549372,2875,0,"[0, 1]"
671692,7549372,2973,0,"[0, 1]"
671692,7549372,2261,0,"[0, 1]"
671692,7549372,3428,0,"[0, 1]"
671692,7549372,2407,0,"[0, 1]"
671692,7549372,3804,0,"[0, 1]"
671692,7549372,3247,0,"[0, 1]"
671692,7549372,3370,0,"[0, 1]"
671692,7549372,2662,0,"[0, 1]"
671692,7549372,3407,0,"[0, 1]"
671692,7549372,3117,0,"[0, 1]"
671692,7549372,2496,0,"[0, 1]"
671692,7549372,2229,0,"[0, 1]"
671692,7549372,3811,0,"[0, 1]"
671692,7549372,2838,0,"[0, 1]"
671692,7549372,3866,0,"[0, 1]"
671692,7549372,4151,0,"[0, 1]"
671692,7549372,4198,0,"[0, 1]"
671692,7549372,4113,0,"[0, 1]"
671692,7549372,7264376,1,"[0, 1]"
671692,7549372,7300747,1,"[0, 1]"
671692,7549372,7391920,1,"[0, 1]"
671692,7549372,7293481,1,"[0, 1]"
671692,7549372,7285710,1,"[0, 1]"
671692,7549372,7101742,1,"[0, 1]"
671692,7549372,4636,0,"[0, 1]"
671692,7549372,4160,0,"[0, 1]"
671692,7549372,7531069,1,"[0, 1]"
671692,7549372,7173406,1,"[0, 1]"
671692,7549372,7258070,1,"[0, 1]"
671692,7549372,4457,0,"[0, 1]"
671692,7549372,7259880,1,"[0, 1]"
671692,7549372,7258820,1,"[0, 1]"
671692,7549372,7201036,1,"[0, 1]"
671692,7549372,7671331,1,"[0, 1]"
671692,7549372,7286487,1,"[0, 1]"
671692,7549372,7261459,1,"[0, 1]"
671692,7549372,7162357,1,"[0, 1]"
671692,7549372,7381585,1,"[0, 1]"
671692,7549372,4803,0,"[0, 1]"
1095942,7549524,7549524,1,"[1, 0]"
1095942,7549524,4794,0,"[1, 0]"
1095942,7549524,3632,0,"[1, 0]"
1095942,7549524,1815,0,"[1, 0]"
1095942,7549524,907,0,"[1, 0]"
1095942,7549524,453,0,"[1, 0]"
1095942,7549524,226,0,"[1, 0]"
1095942,7549524,112,0,"[1, 0]"
1095942,7549524,55,0,"[1, 0]"
1095942,7549524,27,0,"[1, 0]"
1095942,7549524,13,0,"[1, 0]"
1095942,7549524,6,0,"[1, 0]"
1095942,7549524,2,0,"[1, 0]"
1095942,7549524,0,0,"[1, 0]"
1095942,7549524,2,0,"[0, 1]"
1095942,7549524,1,0,"[0, 1]"
1095942,7549524,4,0,"[0, 1]"
1095942,7549524,6,0,"[0, 1]"
1095942,7549524,5,0,"[0, 1]"
1095942,7549524,3,0,"[0, 1]"
1095942,7549524,9,0,"[0, 1]"
1095942,7549524,8,0,"[0, 1]"
1095942,7549524,10,0,"[0, 1]"
1095942,7549524,13,0,"[0, 1]"
1095942,7549524,11,0,"[0, 1]"
1095942,7549524,7,0,"[0, 1]"
1095942,7549524,21,0,"[0, 1]"
1095942,7549524,30,0,"[0, 1]"
1095942,7549524,25,0,"[0, 1]"
1095942,7549524,18,0,"[0, 1]"
1095942,7549524,28,0,"[0, 1]"
1095942,7549524,19,0,"[0, 1]"
1095942,7549524,17,0,"[0, 1]"
1095942,7549524,15,0,"[0, 1]"
1095942,7549524,43,0,"[0, 1]"
1095942,7549524,32,0,"[0, 1]"
1095942,7549524,62,0,"[0, 1]"
1095942,7549524,37,0,"[0, 1]"
1095942,7549524,52,0,"[0, 1]"
1095942,7549524,36,0,"[0, 1]"
1095942,7549524,38,0,"[0, 1]"
1095942,7549524,45,0,"[0, 1]"
1095942,7549524,54,0,"[0, 1]"
1095942,7549524,33,0,"[0, 1]"
1095942,7549524,116,0,"[0, 1]"
1095942,7549524,83,0,"[0, 1]"
1095942,7549524,100,0,"[0, 1]"
1095942,7549524,81,0,"[0, 1]"
1095942,7549524,79,0,"[0, 1]"
1095942,7549524,68,0,"[0, 1]"
1095942,7549524,106,0,"[0, 1]"
1095942,7549524,109,0,"[0, 1]"
1095942,7549524,74,0,"[0, 1]"
1095942,7549524,95,0,"[0, 1]"
1095942,7549524,94,0,"[0, 1]"
1095942,7549524,96,0,"[0, 1]"
1095942,7549524,173,0,"[0, 1]"
1095942,7549524,189,0,"[0, 1]"
1095942,7549524,244,0,"[0, 1]"
1095942,7549524,150,0,"[0, 1]"
1095942,7549524,139,0,"[0, 1]"
1095942,7549524,132,0,"[0, 1]"
1095942,7549524,134,0,"[0, 1]"
1095942,7549524,142,0,"[0, 1]"
1095942,7549524,226,0,"[0, 1]"
1095942,7549524,158,0,"[0, 1]"
1095942,7549524,196,0,"[0, 1]"
1095942,7549524,155,0,"[0, 1]"
1095942,7549524,200,0,"[0, 1]"
1095942,7549524,172,0,"[0, 1]"
1095942,7549524,337,0,"[0, 1]"
1095942,7549524,353,0,"[0, 1]"
1095942,7549524,427,0,"[0, 1]"
1095942,7549524,269,0,"[0, 1]"
1095942,7549524,413,0,"[0, 1]"
1095942,7549524,483,0,"[0, 1]"
1095942,7549524,499,0,"[0, 1]"
1095942,7549524,417,0,"[0, 1]"
1095942,7549524,360,0,"[0, 1]"
1095942,7549524,296,0,"[0, 1]"
1095942,7549524,471,0,"[0, 1]"
1095942,7549524,474,0,"[0, 1]"
1095942,7549524,435,0,"[0, 1]"
1095942,7549524,457,0,"[0, 1]"
1095942,7549524,405,0,"[0, 1]"
1095942,7549524,299,0,"[0, 1]"
1095942,7549524,568,0,"[0, 1]"
1095942,7549524,691,0,"[0, 1]"
1095942,7549524,985,0,"[0, 1]"
1095942,7549524,899,0,"[0, 1]"
1095942,7549524,622,0,"[0, 1]"
1095942,7549524,713,0,"[0, 1]"
1095942,7549524,903,0,"[0, 1]"
1095942,7549524,587,0,"[0, 1]"
1095942,7549524,646,0,"[0, 1]"
1095942,7549524,1009,0,"[0, 1]"
1095942,7549524,539,0,"[0, 1]"
1095942,7549524,592,0,"[0, 1]"
1095942,7549524,718,0,"[0, 1]"
1095942,7549524,926,0,"[0, 1]"
1095942,7549524,669,0,"[0, 1]"
1095942,7549524,594,0,"[0, 1]"
1095942,7549524,911,0,"[0, 1]"
1095942,7549524,586,0,"[0, 1]"
1095942,7549524,1494,0,"[0, 1]"
1095942,7549524,1491,0,"[0, 1]"
1095942,7549524,1600,0,"[0, 1]"
1095942,7549524,1187,0,"[0, 1]"
1095942,7549524,1180,0,"[0, 1]"
1095942,7549524,1572,0,"[0, 1]"
1095942,7549524,1231,0,"[0, 1]"
1095942,7549524,1256,0,"[0, 1]"
1095942,7549524,1939,0,"[0, 1]"
1095942,7549524,1346,0,"[0, 1]"
1095942,7549524,1028,0,"[0, 1]"
1095942,7549524,1662,0,"[0, 1]"
1095942,7549524,1762,0,"[0, 1]"
1095942,7549524,1356,0,"[0, 1]"
1095942,7549524,1355,0,"[0, 1]"
1095942,7549524,1360,0,"[0, 1]"
1095942,7549524,1176,0,"[0, 1]"
1095942,7549524,1483,0,"[0, 1]"
1095942,7549524,1210,0,"[0, 1]"
1095942,7549524,1205,0,"[0, 1]"
1095942,7549524,3930,0,"[0, 1]"
1095942,7549524,3882,0,"[0, 1]"
1095942,7549524,2935,0,"[0, 1]"
1095942,7549524,3088,0,"[0, 1]"
1095942,7549524,2644,0,"[0, 1]"
1095942,7549524,2400,0,"[0, 1]"
1095942,7549524,2557,0,"[0, 1]"
1095942,7549524,2823,0,"[0, 1]"
1095942,7549524,3925,0,"[0, 1]"
1095942,7549524,3783,0,"[0, 1]"
1095942,7549524,3324,0,"[0, 1]"
1095942,7549524,2466,0,"[0, 1]"
1095942,7549524,3518,0,"[0, 1]"
1095942,7549524,3872,0,"[0, 1]"
1095942,7549524,2948,0,"[0, 1]"
1095942,7549524,3040,0,"[0, 1]"
1095942,7549524,2394,0,"[0, 1]"
1095942,7549524,2937,0,"[0, 1]"
1095942,7549524,2981,0,"[0, 1]"
1095942,7549524,2118,0,"[0, 1]"
1095942,7549524,2834,0,"[0, 1]"
1095942,7549524,3911,0,"[0, 1]"
1095942,7549524,7212499,1,"[0, 1]"
1095942,7549524,7129076,1,"[0, 1]"
1095942,7549524,7377307,1,"[0, 1]"
1095942,7549524,7241157,1,"[0, 1]"
1095942,7549524,7466308,1,"[0, 1]"
1095942,7549524,7166234,1,"[0, 1]"
1095942,7549524,7176667,1,"[0, 1]"
1095942,7549524,7140503,1,"[0, 1]"
1095942,7549524,7136061,1,"[0, 1]"
1095942,7549524,7378243,1,"[0, 1]"
1095942,7549524,7223830,1,"[0, 1]"
1095942,7549524,7492225,1,"[0, 1]"
1095942,7549524,2026902,1,"[0, 1]"
1095942,7549524,7384896,1,"[0, 1]"
1095942,7549524,7177087,1,"[0, 1]"
1095942,7549524,7484923,1,"[0, 1]"
1095942,7549524,7321859,1,"[0, 1]"
1095942,7549524,7179178,1,"[0, 1]"
1095942,7549524,7153085,1,"[0, 1]"
1095942,7549524,7268866,1,"[0, 1]"
1095942,7549524,4451,0,"[0, 1]"
1095942,7549524,4524,0,"[0, 1]"
1095942,7549524,7676823,1,"[0, 1]"
1095942,7549524,4886,0,"[0, 1]"
1095942,7549524,7668448,1,"[0, 1]"
1095942,7549524,7476976,1,"[0, 1]"
1095942,7549524,7357580,1,"[0, 1]"
1095942,7549524,2094900,1,"[0, 1]"
1095942,7549524,7163603,1,"[0, 1]"
1095942,7549524,7246712,1,"[0, 1]"
1095942,7549524,7670233,1,"[0, 1]"
1095942,7549524,7516887,1,"[0, 1]"
1095942,7549524,7506336,1,"[0, 1]"
1095942,7549524,296158,1,"[0, 1]"
1095942,7549524,329164,1,"[0, 1]"
1095942,7549524,7160664,1,"[0, 1]"
1095942,7549524,7095129,1,"[0, 1]"
1095942,7549524,7680609,1,"[0, 1]"
1095942,7549524,7475195,1,"[0, 1]"
1095942,7549524,876066,1,"[0, 1]"
1095942,7549524,7669940,1,"[0, 1]"
1095942,7549524,395796,1,"[0, 1]"
1095942,7549524,7295399,1,"[0, 1]"
1095942,7549524,7578203,1,"[0, 1]"
1095942,7549524,7365361,1,"[0, 1]"
1095942,7549524,7684917,1,"[0, 1]"
1095942,7549524,7675788,1,"[0, 1]"
1095942,7549524,4452479,1,"[0, 1]"
1095942,7549524,6009067,1,"[0, 1]"
1095942,7549524,7674426,1,"[0, 1]"
556476,7549537,7549537,1,"[1, 0]"
556476,7549537,3453,0,"[1, 0]"
556476,7549537,1726,0,"[1, 0]"
556476,7549537,862,0,"[1, 0]"
556476,7549537,430,0,"[1, 0]"
556476,7549537,214,0,"[1, 0]"
556476,7549537,106,0,"[1, 0]"
556476,7549537,52,0,"[1, 0]"
556476,7549537,25,0,"[1, 0]"
556476,7549537,12,0,"[1, 0]"
556476,7549537,5,0,"[1, 0]"
556476,7549537,2,0,"[1, 0]"
556476,7549537,0,0,"[1, 0]"
556476,7549537,2,0,"[0, 1]"
556476,7549537,1,0,"[0, 1]"
556476,7549537,4,0,"[0, 1]"
556476,7549537,3,0,"[0, 1]"
556476,7549537,6,0,"[0, 1]"
556476,7549537,5,0,"[0, 1]"
556476,7549537,10,0,"[0, 1]"
556476,7549537,12,0,"[0, 1]"
556476,7549537,11,0,"[0, 1]"
556476,7549537,8,0,"[0, 1]"
556476,7549537,14,0,"[0, 1]"
556476,7549537,13,0,"[0, 1]"
556476,7549537,27,0,"[0, 1]"
556476,7549537,22,0,"[0, 1]"
556476,7549537,17,0,"[0, 1]"
556476,7549537,24,0,"[0, 1]"
556476,7549537,21,0,"[0, 1]"
556476,7549537,28,0,"[0, 1]"
556476,7549537,15,0,"[0, 1]"
556476,7549537,18,0,"[0, 1]"
556476,7549537,53,0,"[0, 1]"
556476,7549537,32,0,"[0, 1]"
556476,7549537,54,0,"[0, 1]"
556476,7549537,34,0,"[0, 1]"
556476,7549537,60,0,"[0, 1]"
556476,7549537,39,0,"[0, 1]"
556476,7549537,41,0,"[0, 1]"
556476,7549537,33,0,"[0, 1]"
556476,7549537,59,0,"[0, 1]"
556476,7549537,37,0,"[0, 1]"
556476,7549537,120,0,"[0, 1]"
556476,7549537,119,0,"[0, 1]"
556476,7549537,83,0,"[0, 1]"
556476,7549537,71,0,"[0, 1]"
556476,7549537,108,0,"[0, 1]"
556476,7549537,84,0,"[0, 1]"
556476,7549537,65,0,"[0, 1]"
556476,7549537,102,0,"[0, 1]"
556476,7549537,74,0,"[0, 1]"
556476,7549537,117,0,"[0, 1]"
556476,7549537,85,0,"[0, 1]"
556476,7549537,81,0,"[0, 1]"
556476,7549537,230,0,"[0, 1]"
556476,7549537,147,0,"[0, 1]"
556476,7549537,165,0,"[0, 1]"
556476,7549537,132,0,"[0, 1]"
556476,7549537,171,0,"[0, 1]"
556476,7549537,191,0,"[0, 1]"
556476,7549537,176,0,"[0, 1]"
556476,7549537,216,0,"[0, 1]"
556476,7549537,129,0,"[0, 1]"
556476,7549537,137,0,"[0, 1]"
556476,7549537,153,0,"[0, 1]"
556476,7549537,253,0,"[0, 1]"
556476,7549537,235,0,"[0, 1]"
556476,7549537,141,0,"[0, 1]"
556476,7549537,316,0,"[0, 1]"
556476,7549537,385,0,"[0, 1]"
556476,7549537,262,0,"[0, 1]"
556476,7549537,503,0,"[0, 1]"
556476,7549537,285,0,"[0, 1]"
556476,7549537,396,0,"[0, 1]"
556476,7549537,310,0,"[0, 1]"
556476,7549537,359,0,"[0, 1]"
556476,7549537,462,0,"[0, 1]"
556476,7549537,510,0,"[0, 1]"
556476,7549537,440,0,"[0, 1]"
556476,7549537,379,0,"[0, 1]"
556476,7549537,458,0,"[0, 1]"
556476,7549537,327,0,"[0, 1]"
556476,7549537,480,0,"[0, 1]"
556476,7549537,351,0,"[0, 1]"
556476,7549537,1021,0,"[0, 1]"
556476,7549537,1000,0,"[0, 1]"
556476,7549537,837,0,"[0, 1]"
556476,7549537,681,0,"[0, 1]"
556476,7549537,889,0,"[0, 1]"
556476,7549537,518,0,"[0, 1]"
556476,7549537,742,0,"[0, 1]"
556476,7549537,637,0,"[0, 1]"
556476,7549537,572,0,"[0, 1]"
556476,7549537,976,0,"[0, 1]"
556476,7549537,880,0,"[0, 1]"
556476,7549537,909,0,"[0, 1]"
556476,7549537,538,0,"[0, 1]"
556476,7549537,618,0,"[0, 1]"
556476,7549537,924,0,"[0, 1]"
556476,7549537,638,0,"[0, 1]"
556476,7549537,988,0,"[0, 1]"
556476,7549537,913,0,"[0, 1]"
556476,7549537,1130,0,"[0, 1]"
556476,7549537,1724,0,"[0, 1]"
556476,7549537,1325,0,"[0, 1]"
556476,7549537,1819,0,"[0, 1]"
556476,7549537,1119,0,"[0, 1]"
556476,7549537,2026,0,"[0, 1]"
556476,7549537,2030,0,"[0, 1]"
556476,7549537,1788,0,"[0, 1]"
556476,7549537,1290,0,"[0, 1]"
556476,7549537,1443,0,"[0, 1]"
556476,7549537,1849,0,"[0, 1]"
556476,7549537,1878,0,"[0, 1]"
556476,7549537,1279,0,"[0, 1]"
556476,7549537,1762,0,"[0, 1]"
556476,7549537,1917,0,"[0, 1]"
556476,7549537,1733,0,"[0, 1]"
556476,7549537,1126,0,"[0, 1]"
556476,7549537,2015,0,"[0, 1]"
556476,7549537,1711,0,"[0, 1]"
556476,7549537,1529,0,"[0, 1]"
556476,7549537,3289,0,"[0, 1]"
556476,7549537,2493,0,"[0, 1]"
556476,7549537,2281,0,"[0, 1]"
556476,7549537,3628,0,"[0, 1]"
556476,7549537,2469,0,"[0, 1]"
556476,7549537,3670,0,"[0, 1]"
556476,7549537,3553,0,"[0, 1]"
556476,7549537,2747,0,"[0, 1]"
556476,7549537,2806,0,"[0, 1]"
556476,7549537,3237,0,"[0, 1]"
556476,7549537,3087,0,"[0, 1]"
556476,7549537,2880,0,"[0, 1]"
556476,7549537,2378,0,"[0, 1]"
556476,7549537,3211,0,"[0, 1]"
556476,7549537,2375,0,"[0, 1]"
556476,7549537,3432,0,"[0, 1]"
556476,7549537,3627,0,"[0, 1]"
556476,7549537,3774,0,"[0, 1]"
556476,7549537,2094,0,"[0, 1]"
556476,7549537,2312,0,"[0, 1]"
556476,7549537,2815,0,"[0, 1]"
556476,7549537,3046,0,"[0, 1]"
556476,7549537,4356,0,"[0, 1]"
556476,7549537,187767,1,"[0, 1]"
556476,7549537,7297318,1,"[0, 1]"
556476,7549537,7365386,1,"[0, 1]"
556476,7549537,7129543,1,"[0, 1]"
556476,7549537,3367824,1,"[0, 1]"
556476,7549537,4916,0,"[0, 1]"
556476,7549537,7090090,1,"[0, 1]"
556476,7549537,7673468,1,"[0, 1]"
556476,7549537,7308132,1,"[0, 1]"
556476,7549537,7595707,1,"[0, 1]"
556476,7549537,7364850,1,"[0, 1]"
556476,7549537,7265471,1,"[0, 1]"
556476,7549537,7377683,1,"[0, 1]"
556476,7549537,7559244,1,"[0, 1]"
556476,7549537,7264701,1,"[0, 1]"
556476,7549537,7371294,1,"[0, 1]"
556476,7549537,7568615,1,"[0, 1]"
556476,7549537,7324982,1,"[0, 1]"
556476,7549537,7419865,1,"[0, 1]"
556476,7549537,7255058,1,"[0, 1]"
556476,7549537,7165265,1,"[0, 1]"
556476,7549537,4836,0,"[0, 1]"
556476,7549537,7153085,1,"[0, 1]"
409557,7549686,7549686,1,"[1, 0]"
409557,7549686,3651,0,"[1, 0]"
409557,7549686,1825,0,"[1, 0]"
409557,7549686,912,0,"[1, 0]"
409557,7549686,455,0,"[1, 0]"
409557,7549686,227,0,"[1, 0]"
409557,7549686,113,0,"[1, 0]"
409557,7549686,56,0,"[1, 0]"
409557,7549686,27,0,"[1, 0]"
409557,7549686,13,0,"[1, 0]"
409557,7549686,6,0,"[1, 0]"
409557,7549686,2,0,"[1, 0]"
409557,7549686,0,0,"[1, 0]"
409557,7549686,1,0,"[0, 1]"
409557,7549686,2,0,"[0, 1]"
409557,7549686,6,0,"[0, 1]"
409557,7549686,4,0,"[0, 1]"
409557,7549686,5,0,"[0, 1]"
409557,7549686,3,0,"[0, 1]"
409557,7549686,11,0,"[0, 1]"
409557,7549686,9,0,"[0, 1]"
409557,7549686,10,0,"[0, 1]"
409557,7549686,14,0,"[0, 1]"
409557,7549686,8,0,"[0, 1]"
409557,7549686,13,0,"[0, 1]"
409557,7549686,15,0,"[0, 1]"
409557,7549686,27,0,"[0, 1]"
409557,7549686,28,0,"[0, 1]"
409557,7549686,26,0,"[0, 1]"
409557,7549686,25,0,"[0, 1]"
409557,7549686,18,0,"[0, 1]"
409557,7549686,30,0,"[0, 1]"
409557,7549686,16,0,"[0, 1]"
409557,7549686,54,0,"[0, 1]"
409557,7549686,57,0,"[0, 1]"
409557,7549686,52,0,"[0, 1]"
409557,7549686,43,0,"[0, 1]"
409557,7549686,34,0,"[0, 1]"
409557,7549686,44,0,"[0, 1]"
409557,7549686,61,0,"[0, 1]"
409557,7549686,45,0,"[0, 1]"
409557,7549686,37,0,"[0, 1]"
409557,7549686,48,0,"[0, 1]"
409557,7549686,74,0,"[0, 1]"
409557,7549686,88,0,"[0, 1]"
409557,7549686,106,0,"[0, 1]"
409557,7549686,121,0,"[0, 1]"
409557,7549686,83,0,"[0, 1]"
409557,7549686,64,0,"[0, 1]"
409557,7549686,87,0,"[0, 1]"
409557,7549686,97,0,"[0, 1]"
409557,7549686,113,0,"[0, 1]"
409557,7549686,120,0,"[0, 1]"
409557,7549686,95,0,"[0, 1]"
409557,7549686,99,0,"[0, 1]"
409557,7549686,168,0,"[0, 1]"
409557,7549686,222,0,"[0, 1]"
409557,7549686,136,0,"[0, 1]"
409557,7549686,182,0,"[0, 1]"
409557,7549686,204,0,"[0, 1]"
409557,7549686,135,0,"[0, 1]"
409557,7549686,188,0,"[0, 1]"
409557,7549686,238,0,"[0, 1]"
409557,7549686,200,0,"[0, 1]"
409557,7549686,199,0,"[0, 1]"
409557,7549686,198,0,"[0, 1]"
409557,7549686,248,0,"[0, 1]"
409557,7549686,224,0,"[0, 1]"
409557,7549686,177,0,"[0, 1]"
409557,7549686,357,0,"[0, 1]"
409557,7549686,489,0,"[0, 1]"
409557,7549686,316,0,"[0, 1]"
409557,7549686,342,0,"[0, 1]"
409557,7549686,408,0,"[0, 1]"
409557,7549686,433,0,"[0, 1]"
409557,7549686,365,0,"[0, 1]"
409557,7549686,458,0,"[0, 1]"
409557,7549686,463,0,"[0, 1]"
409557,7549686,386,0,"[0, 1]"
409557,7549686,278,0,"[0, 1]"
409557,7549686,439,0,"[0, 1]"
409557,7549686,452,0,"[0, 1]"
409557,7549686,362,0,"[0, 1]"
409557,7549686,259,0,"[0, 1]"
409557,7549686,317,0,"[0, 1]"
409557,7549686,511,0,"[0, 1]"
409557,7549686,628,0,"[0, 1]"
409557,7549686,514,0,"[0, 1]"
409557,7549686,772,0,"[0, 1]"
409557,7549686,849,0,"[0, 1]"
409557,7549686,548,0,"[0, 1]"
409557,7549686,1013,0,"[0, 1]"
409557,7549686,715,0,"[0, 1]"
409557,7549686,817,0,"[0, 1]"
409557,7549686,668,0,"[0, 1]"
409557,7549686,762,0,"[0, 1]"
409557,7549686,758,0,"[0, 1]"
409557,7549686,946,0,"[0, 1]"
409557,7549686,685,0,"[0, 1]"
409557,7549686,757,0,"[0, 1]"
409557,7549686,884,0,"[0, 1]"
409557,7549686,625,0,"[0, 1]"
409557,7549686,703,0,"[0, 1]"
409557,7549686,1190,0,"[0, 1]"
409557,7549686,1208,0,"[0, 1]"
409557,7549686,1140,0,"[0, 1]"
409557,7549686,1266,0,"[0, 1]"
409557,7549686,1663,0,"[0, 1]"
409557,7549686,1502,0,"[0, 1]"
409557,7549686,1478,0,"[0, 1]"
409557,7549686,1711,0,"[0, 1]"
409557,7549686,1389,0,"[0, 1]"
409557,7549686,1144,0,"[0, 1]"
409557,7549686,1452,0,"[0, 1]"
409557,7549686,1561,0,"[0, 1]"
409557,7549686,1457,0,"[0, 1]"
409557,7549686,1370,0,"[0, 1]"
409557,7549686,1379,0,"[0, 1]"
409557,7549686,1571,0,"[0, 1]"
409557,7549686,1275,0,"[0, 1]"
409557,7549686,1767,0,"[0, 1]"
409557,7549686,1183,0,"[0, 1]"
409557,7549686,1540,0,"[0, 1]"
409557,7549686,2686,0,"[0, 1]"
409557,7549686,3151,0,"[0, 1]"
409557,7549686,3991,0,"[0, 1]"
409557,7549686,2565,0,"[0, 1]"
409557,7549686,2412,0,"[0, 1]"
409557,7549686,3844,0,"[0, 1]"
409557,7549686,2629,0,"[0, 1]"
409557,7549686,2408,0,"[0, 1]"
409557,7549686,3288,0,"[0, 1]"
409557,7549686,2384,0,"[0, 1]"
409557,7549686,2352,0,"[0, 1]"
409557,7549686,2591,0,"[0, 1]"
409557,7549686,2724,0,"[0, 1]"
409557,7549686,2063,0,"[0, 1]"
409557,7549686,2082,0,"[0, 1]"
409557,7549686,3955,0,"[0, 1]"
409557,7549686,3314,0,"[0, 1]"
409557,7549686,2709,0,"[0, 1]"
409557,7549686,3664,0,"[0, 1]"
409557,7549686,2808,0,"[0, 1]"
409557,7549686,3629,0,"[0, 1]"
409557,7549686,3862,0,"[0, 1]"
409557,7549686,7546744,1,"[0, 1]"
409557,7549686,4297,0,"[0, 1]"
409557,7549686,7241147,1,"[0, 1]"
409557,7549686,7264766,1,"[0, 1]"
409557,7549686,7543324,1,"[0, 1]"
409557,7549686,7476146,1,"[0, 1]"
409557,7549686,4658,0,"[0, 1]"
409557,7549686,4422,0,"[0, 1]"
409557,7549686,7172798,1,"[0, 1]"
409557,7549686,7352415,1,"[0, 1]"
409557,7549686,7193967,1,"[0, 1]"
409557,7549686,7351200,1,"[0, 1]"
409557,7549686,7327207,1,"[0, 1]"
409557,7549686,7495096,1,"[0, 1]"
409557,7549686,4317,0,"[0, 1]"
409557,7549686,7532930,1,"[0, 1]"
409557,7549686,7293395,1,"[0, 1]"
409557,7549686,7551972,1,"[0, 1]"
409557,7549686,7360809,1,"[0, 1]"
409557,7549686,7100555,1,"[0, 1]"
409557,7549686,7526879,1,"[0, 1]"
409557,7549686,4470,0,"[0, 1]"
409557,7549686,7292269,1,"[0, 1]"
409557,7549686,7537310,1,"[0, 1]"
273449,431349,431349,1,"[1, 0]"
273449,431349,3040,0,"[1, 0]"
273449,431349,1519,0,"[1, 0]"
273449,431349,759,0,"[1, 0]"
273449,431349,379,0,"[1, 0]"
273449,431349,189,0,"[1, 0]"
273449,431349,94,0,"[1, 0]"
273449,431349,46,0,"[1, 0]"
273449,431349,22,0,"[1, 0]"
273449,431349,10,0,"[1, 0]"
273449,431349,4,0,"[1, 0]"
273449,431349,1,0,"[1, 0]"
273449,431349,0,0,"[1, 0]"
273449,431349,1,0,"[0, 1]"
273449,431349,2,0,"[0, 1]"
273449,431349,4,0,"[0, 1]"
273449,431349,6,0,"[0, 1]"
273449,431349,3,0,"[0, 1]"
273449,431349,5,0,"[0, 1]"
273449,431349,7,0,"[0, 1]"
273449,431349,8,0,"[0, 1]"
273449,431349,10,0,"[0, 1]"
273449,431349,14,0,"[0, 1]"
273449,431349,9,0,"[0, 1]"
273449,431349,13,0,"[0, 1]"
273449,431349,21,0,"[0, 1]"
273449,431349,30,0,"[0, 1]"
273449,431349,15,0,"[0, 1]"
273449,431349,20,0,"[0, 1]"
273449,431349,18,0,"[0, 1]"
273449,431349,25,0,"[0, 1]"
273449,431349,29,0,"[0, 1]"
273449,431349,16,0,"[0, 1]"
273449,431349,32,0,"[0, 1]"
273449,431349,35,0,"[0, 1]"
273449,431349,44,0,"[0, 1]"
273449,431349,56,0,"[0, 1]"
273449,431349,50,0,"[0, 1]"
273449,431349,40,0,"[0, 1]"
273449,431349,46,0,"[0, 1]"
273449,431349,34,0,"[0, 1]"
273449,431349,33,0,"[0, 1]"
273449,431349,38,0,"[0, 1]"
273449,431349,116,0,"[0, 1]"
273449,431349,64,0,"[0, 1]"
273449,431349,68,0,"[0, 1]"
273449,431349,88,0,"[0, 1]"
273449,431349,110,0,"[0, 1]"
273449,431349,122,0,"[0, 1]"
273449,431349,76,0,"[0, 1]"
273449,431349,103,0,"[0, 1]"
273449,431349,100,0,"[0, 1]"
273449,431349,69,0,"[0, 1]"
273449,431349,73,0,"[0, 1]"
273449,431349,126,0,"[0, 1]"
273449,431349,212,0,"[0, 1]"
273449,431349,167,0,"[0, 1]"
273449,431349,224,0,"[0, 1]"
273449,431349,152,0,"[0, 1]"
273449,431349,244,0,"[0, 1]"
273449,431349,163,0,"[0, 1]"
273449,431349,204,0,"[0, 1]"
273449,431349,241,0,"[0, 1]"
273449,431349,216,0,"[0, 1]"
273449,431349,236,0,"[0, 1]"
273449,431349,145,0,"[0, 1]"
273449,431349,190,0,"[0, 1]"
273449,431349,205,0,"[0, 1]"
273449,431349,133,0,"[0, 1]"
273449,431349,451,0,"[0, 1]"
273449,431349,375,0,"[0, 1]"
273449,431349,377,0,"[0, 1]"
273449,431349,475,0,"[0, 1]"
273449,431349,374,0,"[0, 1]"
273449,431349,478,0,"[0, 1]"
273449,431349,425,0,"[0, 1]"
273449,431349,325,0,"[0, 1]"
273449,431349,485,0,"[0, 1]"
273449,431349,265,0,"[0, 1]"
273449,431349,310,0,"[0, 1]"
273449,431349,276,0,"[0, 1]"
273449,431349,331,0,"[0, 1]"
273449,431349,341,0,"[0, 1]"
273449,431349,383,0,"[0, 1]"
273449,431349,323,0,"[0, 1]"
273449,431349,995,0,"[0, 1]"
273449,431349,805,0,"[0, 1]"
273449,431349,1021,0,"[0, 1]"
273449,431349,858,0,"[0, 1]"
273449,431349,1020,0,"[0, 1]"
273449,431349,536,0,"[0, 1]"
273449,431349,816,0,"[0, 1]"
273449,431349,561,0,"[0, 1]"
273449,431349,751,0,"[0, 1]"
273449,431349,910,0,"[0, 1]"
273449,431349,531,0,"[0, 1]"
273449,431349,981,0,"[0, 1]"
273449,431349,893,0,"[0, 1]"
273449,431349,514,0,"[0, 1]"
273449,431349,589,0,"[0, 1]"
273449,431349,787,0,"[0, 1]"
273449,431349,812,0,"[0, 1]"
273449,431349,914,0,"[0, 1]"
273449,431349,1502,0,"[0, 1]"
273449,431349,1426,0,"[0, 1]"
273449,431349,1725,0,"[0, 1]"
273449,431349,1405,0,"[0, 1]"
273449,431349,1196,0,"[0, 1]"
273449,431349,1795,0,"[0, 1]"
273449,431349,1224,0,"[0, 1]"
273449,431349,1140,0,"[0, 1]"
273449,431349,1121,0,"[0, 1]"
273449,431349,1389,0,"[0, 1]"
273449,431349,1456,0,"[0, 1]"
273449,431349,1332,0,"[0, 1]"
273449,431349,2040,0,"[0, 1]"
273449,431349,1792,0,"[0, 1]"
273449,431349,1259,0,"[0, 1]"
273449,431349,1233,0,"[0, 1]"
273449,431349,1925,0,"[0, 1]"
273449,431349,1200,0,"[0, 1]"
273449,431349,1113,0,"[0, 1]"
273449,431349,1379,0,"[0, 1]"
273449,431349,3661,0,"[0, 1]"
273449,431349,2607,0,"[0, 1]"
273449,431349,2104,0,"[0, 1]"
273449,431349,2183,0,"[0, 1]"
273449,431349,3202,0,"[0, 1]"
273449,431349,2829,0,"[0, 1]"
273449,431349,2800,0,"[0, 1]"
273449,431349,3824,0,"[0, 1]"
273449,431349,2683,0,"[0, 1]"
273449,431349,3296,0,"[0, 1]"
273449,431349,3276,0,"[0, 1]"
273449,431349,2110,0,"[0, 1]"
273449,431349,2513,0,"[0, 1]"
273449,431349,3794,0,"[0, 1]"
273449,431349,2838,0,"[0, 1]"
273449,431349,3999,0,"[0, 1]"
273449,431349,3798,0,"[0, 1]"
273449,431349,3323,0,"[0, 1]"
273449,431349,2965,0,"[0, 1]"
273449,431349,3439,0,"[0, 1]"
273449,431349,4020,0,"[0, 1]"
273449,431349,3541,0,"[0, 1]"
273449,431349,4454,0,"[0, 1]"
273449,431349,7340968,1,"[0, 1]"
273449,431349,4923,0,"[0, 1]"
273449,431349,7191851,1,"[0, 1]"
273449,431349,7242060,1,"[0, 1]"
273449,431349,7405491,1,"[0, 1]"
273449,431349,4463,0,"[0, 1]"
273449,431349,7090963,1,"[0, 1]"
273449,431349,4965,0,"[0, 1]"
273449,431349,7414587,1,"[0, 1]"
273449,431349,7481432,1,"[0, 1]"
273449,431349,4921,0,"[0, 1]"
273449,431349,7594747,1,"[0, 1]"
273449,431349,7581991,1,"[0, 1]"
273449,431349,4513,0,"[0, 1]"
273449,431349,4945,0,"[0, 1]"
273449,431349,7106567,1,"[0, 1]"
273449,431349,4497,0,"[0, 1]"
273449,431349,7555346,1,"[0, 1]"
273449,431349,7071501,1,"[0, 1]"
273449,431349,7532374,1,"[0, 1]"
273449,431349,7282339,1,"[0, 1]"
273449,431349,7259260,1,"[0, 1]"
273449,431349,7237292,1,"[0, 1]"
358240,7549947,7549947,1,"[1, 0]"
358240,7549947,3754,0,"[1, 0]"
358240,7549947,1876,0,"[1, 0]"
358240,7549947,937,0,"[1, 0]"
358240,7549947,468,0,"[1, 0]"
358240,7549947,233,0,"[1, 0]"
358240,7549947,116,0,"[1, 0]"
358240,7549947,57,0,"[1, 0]"
358240,7549947,28,0,"[1, 0]"
358240,7549947,13,0,"[1, 0]"
358240,7549947,6,0,"[1, 0]"
358240,7549947,2,0,"[1, 0]"
358240,7549947,0,0,"[1, 0]"
358240,7549947,2,0,"[0, 1]"
358240,7549947,1,0,"[0, 1]"
358240,7549947,5,0,"[0, 1]"
358240,7549947,4,0,"[0, 1]"
358240,7549947,6,0,"[0, 1]"
358240,7549947,3,0,"[0, 1]"
358240,7549947,11,0,"[0, 1]"
358240,7549947,14,0,"[0, 1]"
358240,7549947,13,0,"[0, 1]"
358240,7549947,9,0,"[0, 1]"
358240,7549947,12,0,"[0, 1]"
358240,7549947,10,0,"[0, 1]"
358240,7549947,27,0,"[0, 1]"
358240,7549947,19,0,"[0, 1]"
358240,7549947,28,0,"[0, 1]"
358240,7549947,15,0,"[0, 1]"
358240,7549947,30,0,"[0, 1]"
358240,7549947,25,0,"[0, 1]"
358240,7549947,20,0,"[0, 1]"
358240,7549947,24,0,"[0, 1]"
358240,7549947,35,0,"[0, 1]"
358240,7549947,43,0,"[0, 1]"
358240,7549947,54,0,"[0, 1]"
358240,7549947,57,0,"[0, 1]"
358240,7549947,58,0,"[0, 1]"
358240,7549947,61,0,"[0, 1]"
358240,7549947,60,0,"[0, 1]"
358240,7549947,46,0,"[0, 1]"
358240,7549947,36,0,"[0, 1]"
358240,7549947,56,0,"[0, 1]"
358240,7549947,98,0,"[0, 1]"
358240,7549947,101,0,"[0, 1]"
358240,7549947,122,0,"[0, 1]"
358240,7549947,77,0,"[0, 1]"
358240,7549947,118,0,"[0, 1]"
358240,7549947,67,0,"[0, 1]"
358240,7549947,65,0,"[0, 1]"
358240,7549947,120,0,"[0, 1]"
358240,7549947,81,0,"[0, 1]"
358240,7549947,66,0,"[0, 1]"
358240,7549947,111,0,"[0, 1]"
358240,7549947,106,0,"[0, 1]"
358240,7549947,243,0,"[0, 1]"
358240,7549947,138,0,"[0, 1]"
358240,7549947,127,0,"[0, 1]"
358240,7549947,228,0,"[0, 1]"
358240,7549947,248,0,"[0, 1]"
358240,7549947,230,0,"[0, 1]"
358240,7549947,212,0,"[0, 1]"
358240,7549947,247,0,"[0, 1]"
358240,7549947,185,0,"[0, 1]"
358240,7549947,233,0,"[0, 1]"
358240,7549947,224,0,"[0, 1]"
358240,7549947,194,0,"[0, 1]"
358240,7549947,149,0,"[0, 1]"
358240,7549947,232,0,"[0, 1]"
358240,7549947,452,0,"[0, 1]"
358240,7549947,345,0,"[0, 1]"
358240,7549947,418,0,"[0, 1]"
358240,7549947,260,0,"[0, 1]"
358240,7549947,404,0,"[0, 1]"
358240,7549947,343,0,"[0, 1]"
358240,7549947,325,0,"[0, 1]"
358240,7549947,352,0,"[0, 1]"
358240,7549947,364,0,"[0, 1]"
358240,7549947,447,0,"[0, 1]"
358240,7549947,271,0,"[0, 1]"
358240,7549947,440,0,"[0, 1]"
358240,7549947,333,0,"[0, 1]"
358240,7549947,448,0,"[0, 1]"
358240,7549947,486,0,"[0, 1]"
358240,7549947,279,0,"[0, 1]"
358240,7549947,974,0,"[0, 1]"
358240,7549947,642,0,"[0, 1]"
358240,7549947,1017,0,"[0, 1]"
358240,7549947,628,0,"[0, 1]"
358240,7549947,695,0,"[0, 1]"
358240,7549947,700,0,"[0, 1]"
358240,7549947,904,0,"[0, 1]"
358240,7549947,549,0,"[0, 1]"
358240,7549947,1009,0,"[0, 1]"
358240,7549947,646,0,"[0, 1]"
358240,7549947,554,0,"[0, 1]"
358240,7549947,911,0,"[0, 1]"
358240,7549947,645,0,"[0, 1]"
358240,7549947,590,0,"[0, 1]"
358240,7549947,572,0,"[0, 1]"
358240,7549947,789,0,"[0, 1]"
358240,7549947,678,0,"[0, 1]"
358240,7549947,1008,0,"[0, 1]"
358240,7549947,1023,0,"[0, 1]"
358240,7549947,1631,0,"[0, 1]"
358240,7549947,1945,0,"[0, 1]"
358240,7549947,1329,0,"[0, 1]"
358240,7549947,1974,0,"[0, 1]"
358240,7549947,1214,0,"[0, 1]"
358240,7549947,1910,0,"[0, 1]"
358240,7549947,1059,0,"[0, 1]"
358240,7549947,1821,0,"[0, 1]"
358240,7549947,1467,0,"[0, 1]"
358240,7549947,1389,0,"[0, 1]"
358240,7549947,1847,0,"[0, 1]"
358240,7549947,1083,0,"[0, 1]"
358240,7549947,1385,0,"[0, 1]"
358240,7549947,1950,0,"[0, 1]"
358240,7549947,1262,0,"[0, 1]"
358240,7549947,1217,0,"[0, 1]"
358240,7549947,1238,0,"[0, 1]"
358240,7549947,1818,0,"[0, 1]"
358240,7549947,1584,0,"[0, 1]"
358240,7549947,2735,0,"[0, 1]"
358240,7549947,3733,0,"[0, 1]"
358240,7549947,4011,0,"[0, 1]"
358240,7549947,3675,0,"[0, 1]"
358240,7549947,3281,0,"[0, 1]"
358240,7549947,3648,0,"[0, 1]"
358240,7549947,2953,0,"[0, 1]"
358240,7549947,2818,0,"[0, 1]"
358240,7549947,3764,0,"[0, 1]"
358240,7549947,2488,0,"[0, 1]"
358240,7549947,2869,0,"[0, 1]"
358240,7549947,3370,0,"[0, 1]"
358240,7549947,3437,0,"[0, 1]"
358240,7549947,4089,0,"[0, 1]"
358240,7549947,2138,0,"[0, 1]"
358240,7549947,4010,0,"[0, 1]"
358240,7549947,3754,0,"[0, 1]"
358240,7549947,3916,0,"[0, 1]"
358240,7549947,3053,0,"[0, 1]"
358240,7549947,2271,0,"[0, 1]"
358240,7549947,2111,0,"[0, 1]"
358240,7549947,3272,0,"[0, 1]"
358240,7549947,4499,0,"[0, 1]"
358240,7549947,7640682,1,"[0, 1]"
358240,7549947,7474545,1,"[0, 1]"
358240,7549947,1916842,1,"[0, 1]"
358240,7549947,7225140,1,"[0, 1]"
358240,7549947,4156,0,"[0, 1]"
358240,7549947,7207793,1,"[0, 1]"
358240,7549947,1263638,1,"[0, 1]"
358240,7549947,7653899,1,"[0, 1]"
358240,7549947,1944454,1,"[0, 1]"
358240,7549947,105526,1,"[0, 1]"
358240,7549947,7429208,1,"[0, 1]"
358240,7549947,7617757,1,"[0, 1]"
358240,7549947,7654251,1,"[0, 1]"
358240,7549947,7070643,1,"[0, 1]"
358240,7549947,588235,1,"[0, 1]"
358240,7549947,187767,1,"[0, 1]"
358240,7549947,4107,0,"[0, 1]"
358240,7549947,7416980,1,"[0, 1]"
358240,7549947,7550499,1,"[0, 1]"
358240,7549947,7289144,1,"[0, 1]"
358240,7549947,7120427,1,"[0, 1]"
358240,7549947,7518489,1,"[0, 1]"
358240,7549947,7562444,1,"[0, 1]"
418423,7549977,7549977,1,"[1, 0]"
418423,7549977,4108,0,"[1, 0]"
418423,7549977,2076,0,"[1, 0]"
418423,7549977,1037,0,"[1, 0]"
418423,7549977,518,0,"[1, 0]"
418423,7549977,258,0,"[1, 0]"
418423,7549977,128,0,"[1, 0]"
418423,7549977,63,0,"[1, 0]"
418423,7549977,31,0,"[1, 0]"
418423,7549977,15,0,"[1, 0]"
418423,7549977,7,0,"[1, 0]"
418423,7549977,3,0,"[1, 0]"
418423,7549977,1,0,"[1, 0]"
418423,7549977,0,0,"[1, 0]"
418423,7549977,2,0,"[0, 1]"
418423,7549977,1,0,"[0, 1]"
418423,7549977,4,0,"[0, 1]"
418423,7549977,6,0,"[0, 1]"
418423,7549977,5,0,"[0, 1]"
418423,7549977,3,0,"[0, 1]"
418423,7549977,8,0,"[0, 1]"
418423,7549977,11,0,"[0, 1]"
418423,7549977,12,0,"[0, 1]"
418423,7549977,13,0,"[0, 1]"
418423,7549977,9,0,"[0, 1]"
418423,7549977,7,0,"[0, 1]"
418423,7549977,26,0,"[0, 1]"
418423,7549977,25,0,"[0, 1]"
418423,7549977,21,0,"[0, 1]"
418423,7549977,27,0,"[0, 1]"
418423,7549977,24,0,"[0, 1]"
418423,7549977,17,0,"[0, 1]"
418423,7549977,20,0,"[0, 1]"
418423,7549977,18,0,"[0, 1]"
418423,7549977,51,0,"[0, 1]"
418423,7549977,52,0,"[0, 1]"
418423,7549977,35,0,"[0, 1]"
418423,7549977,34,0,"[0, 1]"
418423,7549977,48,0,"[0, 1]"
418423,7549977,46,0,"[0, 1]"
418423,7549977,54,0,"[0, 1]"
418423,7549977,60,0,"[0, 1]"
418423,7549977,42,0,"[0, 1]"
418423,7549977,38,0,"[0, 1]"
418423,7549977,106,0,"[0, 1]"
418423,7549977,105,0,"[0, 1]"
418423,7549977,82,0,"[0, 1]"
418423,7549977,78,0,"[0, 1]"
418423,7549977,88,0,"[0, 1]"
418423,7549977,77,0,"[0, 1]"
418423,7549977,89,0,"[0, 1]"
418423,7549977,92,0,"[0, 1]"
418423,7549977,86,0,"[0, 1]"
418423,7549977,76,0,"[0, 1]"
418423,7549977,73,0,"[0, 1]"
418423,7549977,100,0,"[0, 1]"
418423,7549977,137,0,"[0, 1]"
418423,7549977,240,0,"[0, 1]"
418423,7549977,151,0,"[0, 1]"
418423,7549977,249,0,"[0, 1]"
418423,7549977,146,0,"[0, 1]"
418423,7549977,163,0,"[0, 1]"
418423,7549977,161,0,"[0, 1]"
418423,7549977,191,0,"[0, 1]"
418423,7549977,150,0,"[0, 1]"
418423,7549977,166,0,"[0, 1]"
418423,7549977,187,0,"[0, 1]"
418423,7549977,135,0,"[0, 1]"
418423,7549977,175,0,"[0, 1]"
418423,7549977,216,0,"[0, 1]"
418423,7549977,263,0,"[0, 1]"
418423,7549977,306,0,"[0, 1]"
418423,7549977,319,0,"[0, 1]"
418423,7549977,494,0,"[0, 1]"
418423,7549977,472,0,"[0, 1]"
418423,7549977,397,0,"[0, 1]"
418423,7549977,344,0,"[0, 1]"
418423,7549977,334,0,"[0, 1]"
418423,7549977,452,0,"[0, 1]"
418423,7549977,477,0,"[0, 1]"
418423,7549977,471,0,"[0, 1]"
418423,7549977,507,0,"[0, 1]"
418423,7549977,462,0,"[0, 1]"
418423,7549977,430,0,"[0, 1]"
418423,7549977,392,0,"[0, 1]"
418423,7549977,323,0,"[0, 1]"
418423,7549977,872,0,"[0, 1]"
418423,7549977,751,0,"[0, 1]"
418423,7549977,693,0,"[0, 1]"
418423,7549977,686,0,"[0, 1]"
418423,7549977,635,0,"[0, 1]"
418423,7549977,926,0,"[0, 1]"
418423,7549977,983,0,"[0, 1]"
418423,7549977,614,0,"[0, 1]"
418423,7549977,534,0,"[0, 1]"
418423,7549977,793,0,"[0, 1]"
418423,7549977,851,0,"[0, 1]"
418423,7549977,767,0,"[0, 1]"
418423,7549977,704,0,"[0, 1]"
418423,7549977,928,0,"[0, 1]"
418423,7549977,689,0,"[0, 1]"
418423,7549977,959,0,"[0, 1]"
418423,7549977,701,0,"[0, 1]"
418423,7549977,721,0,"[0, 1]"
418423,7549977,1873,0,"[0, 1]"
418423,7549977,1617,0,"[0, 1]"
418423,7549977,1541,0,"[0, 1]"
418423,7549977,1713,0,"[0, 1]"
418423,7549977,1612,0,"[0, 1]"
418423,7549977,1366,0,"[0, 1]"
418423,7549977,1660,0,"[0, 1]"
418423,7549977,1219,0,"[0, 1]"
418423,7549977,1891,0,"[0, 1]"
418423,7549977,1805,0,"[0, 1]"
418423,7549977,1629,0,"[0, 1]"
418423,7549977,1908,0,"[0, 1]"
418423,7549977,1189,0,"[0, 1]"
418423,7549977,1771,0,"[0, 1]"
418423,7549977,1205,0,"[0, 1]"
418423,7549977,1094,0,"[0, 1]"
418423,7549977,1141,0,"[0, 1]"
418423,7549977,1213,0,"[0, 1]"
418423,7549977,1108,0,"[0, 1]"
418423,7549977,1826,0,"[0, 1]"
418423,7549977,2096,0,"[0, 1]"
418423,7549977,4089,0,"[0, 1]"
418423,7549977,3235,0,"[0, 1]"
418423,7549977,2048,0,"[0, 1]"
418423,7549977,3642,0,"[0, 1]"
418423,7549977,2651,0,"[0, 1]"
418423,7549977,3016,0,"[0, 1]"
418423,7549977,2400,0,"[0, 1]"
418423,7549977,3661,0,"[0, 1]"
418423,7549977,3015,0,"[0, 1]"
418423,7549977,2269,0,"[0, 1]"
418423,7549977,2731,0,"[0, 1]"
418423,7549977,3462,0,"[0, 1]"
418423,7549977,2171,0,"[0, 1]"
418423,7549977,2726,0,"[0, 1]"
418423,7549977,3256,0,"[0, 1]"
418423,7549977,2877,0,"[0, 1]"
418423,7549977,2235,0,"[0, 1]"
418423,7549977,2321,0,"[0, 1]"
418423,7549977,2424,0,"[0, 1]"
418423,7549977,3581,0,"[0, 1]"
418423,7549977,3789,0,"[0, 1]"
418423,7549977,7116118,1,"[0, 1]"
418423,7549977,7644384,1,"[0, 1]"
418423,7549977,7170234,1,"[0, 1]"
418423,7549977,58347,1,"[0, 1]"
418423,7549977,7232730,1,"[0, 1]"
418423,7549977,4490,0,"[0, 1]"
418423,7549977,7576808,1,"[0, 1]"
418423,7549977,7212031,1,"[0, 1]"
418423,7549977,4485,0,"[0, 1]"
418423,7549977,7304676,1,"[0, 1]"
418423,7549977,7151669,1,"[0, 1]"
418423,7549977,7373639,1,"[0, 1]"
418423,7549977,7285101,1,"[0, 1]"
418423,7549977,7555346,1,"[0, 1]"
418423,7549977,7141552,1,"[0, 1]"
418423,7549977,7348274,1,"[0, 1]"
418423,7549977,5774598,1,"[0, 1]"
418423,7549977,7295424,1,"[0, 1]"
418423,7549977,4437,0,"[0, 1]"
418423,7549977,7275185,1,"[0, 1]"
418423,7549977,7076058,1,"[0, 1]"
418423,7549977,4430,0,"[0, 1]"
418423,7549977,7101703,1,"[0, 1]"
418423,7549977,7688092,1,"[0, 1]"
418423,7549977,7093592,1,"[0, 1]"
418423,7549977,7483117,1,"[0, 1]"
418423,7549977,787613,1,"[0, 1]"
418423,7549977,7234407,1,"[0, 1]"
418423,7549977,7165889,1,"[0, 1]"
418423,7549977,7067743,1,"[0, 1]"
418423,7549977,7216281,1,"[0, 1]"
418423,7549977,7368316,1,"[0, 1]"
418423,7549977,7156061,1,"[0, 1]"
418423,7549977,7107937,1,"[0, 1]"
418423,7549977,7416464,1,"[0, 1]"
418423,7549977,7189291,1,"[0, 1]"
418423,7549977,7461523,1,"[0, 1]"
418423,7549977,5783988,1,"[0, 1]"
418423,7549977,7330429,1,"[0, 1]"
418423,7549977,7476513,1,"[0, 1]"
418423,7549977,7231857,1,"[0, 1]"
418423,7549977,7075411,1,"[0, 1]"
418423,7549977,7143330,1,"[0, 1]"
418423,7549977,7406933,1,"[0, 1]"
418423,7549977,7496708,1,"[0, 1]"
418423,7549977,2651091,1,"[0, 1]"
418423,7549977,7406317,1,"[0, 1]"
418423,7549977,7322502,1,"[0, 1]"
418423,7549977,7306123,1,"[0, 1]"
418423,7549977,7522849,1,"[0, 1]"
485558,7550141,7550141,1,"[1, 0]"
485558,7550141,4948,0,"[1, 0]"
485558,7550141,3981,0,"[1, 0]"
485558,7550141,1990,0,"[1, 0]"
485558,7550141,994,0,"[1, 0]"
485558,7550141,496,0,"[1, 0]"
485558,7550141,247,0,"[1, 0]"
485558,7550141,123,0,"[1, 0]"
485558,7550141,61,0,"[1, 0]"
485558,7550141,30,0,"[1, 0]"
485558,7550141,14,0,"[1, 0]"
485558,7550141,6,0,"[1, 0]"
485558,7550141,2,0,"[1, 0]"
485558,7550141,0,0,"[1, 0]"
485558,7550141,2,0,"[0, 1]"
485558,7550141,1,0,"[0, 1]"
485558,7550141,3,0,"[0, 1]"
485558,7550141,6,0,"[0, 1]"
485558,7550141,5,0,"[0, 1]"
485558,7550141,4,0,"[0, 1]"
485558,7550141,7,0,"[0, 1]"
485558,7550141,11,0,"[0, 1]"
485558,7550141,9,0,"[0, 1]"
485558,7550141,13,0,"[0, 1]"
485558,7550141,10,0,"[0, 1]"
485558,7550141,12,0,"[0, 1]"
485558,7550141,22,0,"[0, 1]"
485558,7550141,20,0,"[0, 1]"
485558,7550141,29,0,"[0, 1]"
485558,7550141,19,0,"[0, 1]"
485558,7550141,15,0,"[0, 1]"
485558,7550141,23,0,"[0, 1]"
485558,7550141,26,0,"[0, 1]"
485558,7550141,25,0,"[0, 1]"
485558,7550141,48,0,"[0, 1]"
485558,7550141,61,0,"[0, 1]"
485558,7550141,51,0,"[0, 1]"
485558,7550141,36,0,"[0, 1]"
485558,7550141,56,0,"[0, 1]"
485558,7550141,31,0,"[0, 1]"
485558,7550141,54,0,"[0, 1]"
485558,7550141,34,0,"[0, 1]"
485558,7550141,62,0,"[0, 1]"
485558,7550141,33,0,"[0, 1]"
485558,7550141,76,0,"[0, 1]"
485558,7550141,119,0,"[0, 1]"
485558,7550141,101,0,"[0, 1]"
485558,7550141,114,0,"[0, 1]"
485558,7550141,97,0,"[0, 1]"
485558,7550141,74,0,"[0, 1]"
485558,7550141,64,0,"[0, 1]"
485558,7550141,89,0,"[0, 1]"
485558,7550141,82,0,"[0, 1]"
485558,7550141,92,0,"[0, 1]"
485558,7550141,93,0,"[0, 1]"
485558,7550141,77,0,"[0, 1]"
485558,7550141,147,0,"[0, 1]"
485558,7550141,132,0,"[0, 1]"
485558,7550141,207,0,"[0, 1]"
485558,7550141,136,0,"[0, 1]"
485558,7550141,172,0,"[0, 1]"
485558,7550141,201,0,"[0, 1]"
485558,7550141,244,0,"[0, 1]"
485558,7550141,249,0,"[0, 1]"
485558,7550141,158,0,"[0, 1]"
485558,7550141,169,0,"[0, 1]"
485558,7550141,187,0,"[0, 1]"
485558,7550141,224,0,"[0, 1]"
485558,7550141,175,0,"[0, 1]"
485558,7550141,251,0,"[0, 1]"
485558,7550141,495,0,"[0, 1]"
485558,7550141,503,0,"[0, 1]"
485558,7550141,407,0,"[0, 1]"
485558,7550141,282,0,"[0, 1]"
485558,7550141,348,0,"[0, 1]"
485558,7550141,298,0,"[0, 1]"
485558,7550141,506,0,"[0, 1]"
485558,7550141,463,0,"[0, 1]"
485558,7550141,365,0,"[0, 1]"
485558,7550141,279,0,"[0, 1]"
485558,7550141,492,0,"[0, 1]"
485558,7550141,324,0,"[0, 1]"
485558,7550141,305,0,"[0, 1]"
485558,7550141,440,0,"[0, 1]"
485558,7550141,367,0,"[0, 1]"
485558,7550141,344,0,"[0, 1]"
485558,7550141,992,0,"[0, 1]"
485558,7550141,706,0,"[0, 1]"
485558,7550141,530,0,"[0, 1]"
485558,7550141,586,0,"[0, 1]"
485558,7550141,995,0,"[0, 1]"
485558,7550141,790,0,"[0, 1]"
485558,7550141,946,0,"[0, 1]"
485558,7550141,937,0,"[0, 1]"
485558,7550141,809,0,"[0, 1]"
485558,7550141,993,0,"[0, 1]"
485558,7550141,855,0,"[0, 1]"
485558,7550141,957,0,"[0, 1]"
485558,7550141,636,0,"[0, 1]"
485558,7550141,828,0,"[0, 1]"
485558,7550141,596,0,"[0, 1]"
485558,7550141,950,0,"[0, 1]"
485558,7550141,653,0,"[0, 1]"
485558,7550141,1018,0,"[0, 1]"
485558,7550141,1886,0,"[0, 1]"
485558,7550141,1706,0,"[0, 1]"
485558,7550141,1091,0,"[0, 1]"
485558,7550141,1701,0,"[0, 1]"
485558,7550141,1683,0,"[0, 1]"
485558,7550141,1631,0,"[0, 1]"
485558,7550141,1556,0,"[0, 1]"
485558,7550141,1534,0,"[0, 1]"
485558,7550141,1518,0,"[0, 1]"
485558,7550141,1459,0,"[0, 1]"
485558,7550141,1882,0,"[0, 1]"
485558,7550141,1825,0,"[0, 1]"
485558,7550141,1866,0,"[0, 1]"
485558,7550141,1636,0,"[0, 1]"
485558,7550141,1881,0,"[0, 1]"
485558,7550141,1808,0,"[0, 1]"
485558,7550141,1256,0,"[0, 1]"
485558,7550141,1730,0,"[0, 1]"
485558,7550141,1080,0,"[0, 1]"
485558,7550141,1705,0,"[0, 1]"
485558,7550141,2849,0,"[0, 1]"
485558,7550141,3076,0,"[0, 1]"
485558,7550141,3996,0,"[0, 1]"
485558,7550141,2340,0,"[0, 1]"
485558,7550141,3820,0,"[0, 1]"
485558,7550141,3416,0,"[0, 1]"
485558,7550141,3154,0,"[0, 1]"
485558,7550141,3072,0,"[0, 1]"
485558,7550141,2191,0,"[0, 1]"
485558,7550141,3171,0,"[0, 1]"
485558,7550141,2801,0,"[0, 1]"
485558,7550141,3463,0,"[0, 1]"
485558,7550141,3582,0,"[0, 1]"
485558,7550141,3253,0,"[0, 1]"
485558,7550141,3776,0,"[0, 1]"
485558,7550141,3295,0,"[0, 1]"
485558,7550141,4009,0,"[0, 1]"
485558,7550141,2881,0,"[0, 1]"
485558,7550141,3870,0,"[0, 1]"
485558,7550141,3879,0,"[0, 1]"
485558,7550141,2273,0,"[0, 1]"
485558,7550141,2279,0,"[0, 1]"
485558,7550141,7138875,1,"[0, 1]"
485558,7550141,7103622,1,"[0, 1]"
485558,7550141,7565942,1,"[0, 1]"
485558,7550141,7305067,1,"[0, 1]"
485558,7550141,1133215,1,"[0, 1]"
485558,7550141,4679,0,"[0, 1]"
485558,7550141,7581592,1,"[0, 1]"
485558,7550141,7104483,1,"[0, 1]"
485558,7550141,4170,0,"[0, 1]"
485558,7550141,7273302,1,"[0, 1]"
485558,7550141,7388098,1,"[0, 1]"
485558,7550141,7076765,1,"[0, 1]"
485558,7550141,7419949,1,"[0, 1]"
485558,7550141,4727,0,"[0, 1]"
485558,7550141,7655357,1,"[0, 1]"
485558,7550141,4205,0,"[0, 1]"
485558,7550141,7627419,1,"[0, 1]"
485558,7550141,7276633,1,"[0, 1]"
485558,7550141,7188993,1,"[0, 1]"
485558,7550141,7352415,1,"[0, 1]"
485558,7550141,7682904,1,"[0, 1]"
485558,7550141,7226212,1,"[0, 1]"
485558,7550141,3367824,1,"[0, 1]"
485558,7550141,7255675,1,"[0, 1]"
485558,7550141,7588733,1,"[0, 1]"
485558,7550141,7579535,1,"[0, 1]"
485558,7550141,7686585,1,"[0, 1]"
485558,7550141,5649493,1,"[0, 1]"
485558,7550141,7371621,1,"[0, 1]"
485558,7550141,7468946,1,"[0, 1]"
485558,7550141,7289721,1,"[0, 1]"
485558,7550141,7461259,1,"[0, 1]"
485558,7550141,7556559,1,"[0, 1]"
485558,7550141,7620494,1,"[0, 1]"
485558,7550141,7544712,1,"[0, 1]"
485558,7550141,7216249,1,"[0, 1]"
485558,7550141,7554621,1,"[0, 1]"
485558,7550141,1781880,1,"[0, 1]"
485558,7550141,7229777,1,"[0, 1]"
485558,7550141,7573769,1,"[0, 1]"
485558,7550141,2673480,1,"[0, 1]"
485558,7550141,7520282,1,"[0, 1]"
485558,7550141,7499787,1,"[0, 1]"
485558,7550141,7267839,1,"[0, 1]"
485558,7550141,7067743,1,"[0, 1]"
485558,7550141,7251748,1,"[0, 1]"
485558,7550141,7608630,1,"[0, 1]"
485558,7550141,7413603,1,"[0, 1]"
485558,7550141,7586905,1,"[0, 1]"
485558,7550141,7216923,1,"[0, 1]"
485558,7550146,7550146,1,"[1, 0]"
485558,7550146,4984,0,"[1, 0]"
485558,7550146,4060,0,"[1, 0]"
485558,7550146,2029,0,"[1, 0]"
485558,7550146,1014,0,"[1, 0]"
485558,7550146,506,0,"[1, 0]"
485558,7550146,252,0,"[1, 0]"
485558,7550146,125,0,"[1, 0]"
485558,7550146,62,0,"[1, 0]"
485558,7550146,30,0,"[1, 0]"
485558,7550146,14,0,"[1, 0]"
485558,7550146,6,0,"[1, 0]"
485558,7550146,2,0,"[1, 0]"
485558,7550146,0,0,"[1, 0]"
485558,7550146,1,0,"[0, 1]"
485558,7550146,2,0,"[0, 1]"
485558,7550146,3,0,"[0, 1]"
485558,7550146,5,0,"[0, 1]"
485558,7550146,6,0,"[0, 1]"
485558,7550146,4,0,"[0, 1]"
485558,7550146,7,0,"[0, 1]"
485558,7550146,8,0,"[0, 1]"
485558,7550146,9,0,"[0, 1]"
485558,7550146,13,0,"[0, 1]"
485558,7550146,14,0,"[0, 1]"
485558,7550146,11,0,"[0, 1]"
485558,7550146,30,0,"[0, 1]"
485558,7550146,17,0,"[0, 1]"
485558,7550146,27,0,"[0, 1]"
485558,7550146,26,0,"[0, 1]"
485558,7550146,28,0,"[0, 1]"
485558,7550146,29,0,"[0, 1]"
485558,7550146,23,0,"[0, 1]"
485558,7550146,18,0,"[0, 1]"
485558,7550146,60,0,"[0, 1]"
485558,7550146,39,0,"[0, 1]"
485558,7550146,50,0,"[0, 1]"
485558,7550146,53,0,"[0, 1]"
485558,7550146,62,0,"[0, 1]"
485558,7550146,40,0,"[0, 1]"
485558,7550146,34,0,"[0, 1]"
485558,7550146,55,0,"[0, 1]"
485558,7550146,37,0,"[0, 1]"
485558,7550146,46,0,"[0, 1]"
485558,7550146,72,0,"[0, 1]"
485558,7550146,96,0,"[0, 1]"
485558,7550146,125,0,"[0, 1]"
485558,7550146,91,0,"[0, 1]"
485558,7550146,80,0,"[0, 1]"
485558,7550146,109,0,"[0, 1]"
485558,7550146,70,0,"[0, 1]"
485558,7550146,74,0,"[0, 1]"
485558,7550146,71,0,"[0, 1]"
485558,7550146,69,0,"[0, 1]"
485558,7550146,106,0,"[0, 1]"
485558,7550146,65,0,"[0, 1]"
485558,7550146,217,0,"[0, 1]"
485558,7550146,176,0,"[0, 1]"
485558,7550146,133,0,"[0, 1]"
485558,7550146,252,0,"[0, 1]"
485558,7550146,200,0,"[0, 1]"
485558,7550146,235,0,"[0, 1]"
485558,7550146,150,0,"[0, 1]"
485558,7550146,147,0,"[0, 1]"
485558,7550146,213,0,"[0, 1]"
485558,7550146,180,0,"[0, 1]"
485558,7550146,139,0,"[0, 1]"
485558,7550146,161,0,"[0, 1]"
485558,7550146,202,0,"[0, 1]"
485558,7550146,231,0,"[0, 1]"
485558,7550146,344,0,"[0, 1]"
485558,7550146,415,0,"[0, 1]"
485558,7550146,464,0,"[0, 1]"
485558,7550146,406,0,"[0, 1]"
485558,7550146,277,0,"[0, 1]"
485558,7550146,419,0,"[0, 1]"
485558,7550146,389,0,"[0, 1]"
485558,7550146,424,0,"[0, 1]"
485558,7550146,376,0,"[0, 1]"
485558,7550146,505,0,"[0, 1]"
485558,7550146,362,0,"[0, 1]"
485558,7550146,290,0,"[0, 1]"
485558,7550146,359,0,"[0, 1]"
485558,7550146,475,0,"[0, 1]"
485558,7550146,421,0,"[0, 1]"
485558,7550146,258,0,"[0, 1]"
485558,7550146,704,0,"[0, 1]"
485558,7550146,716,0,"[0, 1]"
485558,7550146,572,0,"[0, 1]"
485558,7550146,868,0,"[0, 1]"
485558,7550146,887,0,"[0, 1]"
485558,7550146,590,0,"[0, 1]"
485558,7550146,938,0,"[0, 1]"
485558,7550146,598,0,"[0, 1]"
485558,7550146,774,0,"[0, 1]"
485558,7550146,760,0,"[0, 1]"
485558,7550146,1016,0,"[0, 1]"
485558,7550146,937,0,"[0, 1]"
485558,7550146,526,0,"[0, 1]"
485558,7550146,701,0,"[0, 1]"
485558,7550146,549,0,"[0, 1]"
485558,7550146,693,0,"[0, 1]"
485558,7550146,640,0,"[0, 1]"
485558,7550146,978,0,"[0, 1]"
485558,7550146,1252,0,"[0, 1]"
485558,7550146,1459,0,"[0, 1]"
485558,7550146,2038,0,"[0, 1]"
485558,7550146,1610,0,"[0, 1]"
485558,7550146,1687,0,"[0, 1]"
485558,7550146,1853,0,"[0, 1]"
485558,7550146,1608,0,"[0, 1]"
485558,7550146,2006,0,"[0, 1]"
485558,7550146,2039,0,"[0, 1]"
485558,7550146,1344,0,"[0, 1]"
485558,7550146,1831,0,"[0, 1]"
485558,7550146,1204,0,"[0, 1]"
485558,7550146,1537,0,"[0, 1]"
485558,7550146,1210,0,"[0, 1]"
485558,7550146,1425,0,"[0, 1]"
485558,7550146,1048,0,"[0, 1]"
485558,7550146,1143,0,"[0, 1]"
485558,7550146,1151,0,"[0, 1]"
485558,7550146,1338,0,"[0, 1]"
485558,7550146,1118,0,"[0, 1]"
485558,7550146,2637,0,"[0, 1]"
485558,7550146,2627,0,"[0, 1]"
485558,7550146,3442,0,"[0, 1]"
485558,7550146,3190,0,"[0, 1]"
485558,7550146,2752,0,"[0, 1]"
485558,7550146,3953,0,"[0, 1]"
485558,7550146,2922,0,"[0, 1]"
485558,7550146,2678,0,"[0, 1]"
485558,7550146,3698,0,"[0, 1]"
485558,7550146,3587,0,"[0, 1]"
485558,7550146,3544,0,"[0, 1]"
485558,7550146,3361,0,"[0, 1]"
485558,7550146,2447,0,"[0, 1]"
485558,7550146,3340,0,"[0, 1]"
485558,7550146,2398,0,"[0, 1]"
485558,7550146,3588,0,"[0, 1]"
485558,7550146,2385,0,"[0, 1]"
485558,7550146,2914,0,"[0, 1]"
485558,7550146,3184,0,"[0, 1]"
485558,7550146,3568,0,"[0, 1]"
485558,7550146,2705,0,"[0, 1]"
485558,7550146,2424,0,"[0, 1]"
485558,7550146,7406660,1,"[0, 1]"
485558,7550146,7517764,1,"[0, 1]"
485558,7550146,7488652,1,"[0, 1]"
485558,7550146,7395888,1,"[0, 1]"
485558,7550146,7269564,1,"[0, 1]"
485558,7550146,7371320,1,"[0, 1]"
485558,7550146,7188469,1,"[0, 1]"
485558,7550146,7549947,1,"[0, 1]"
485558,7550146,4902,0,"[0, 1]"
485558,7550146,3058555,1,"[0, 1]"
485558,7550146,5080241,1,"[0, 1]"
485558,7550146,7201739,1,"[0, 1]"
485558,7550146,7201034,1,"[0, 1]"
485558,7550146,7320560,1,"[0, 1]"
485558,7550146,7189451,1,"[0, 1]"
485558,7550146,7440582,1,"[0, 1]"
485558,7550146,7166808,1,"[0, 1]"
485558,7550146,7183798,1,"[0, 1]"
485558,7550146,7637191,1,"[0, 1]"
485558,7550146,4535,0,"[0, 1]"
485558,7550146,7386094,1,"[0, 1]"
485558,7550146,7435833,1,"[0, 1]"
485558,7550146,1845958,1,"[0, 1]"
485558,7550146,7620979,1,"[0, 1]"
485558,7550146,7296396,1,"[0, 1]"
485558,7550146,7679349,1,"[0, 1]"
485558,7550146,7298312,1,"[0, 1]"
485558,7550146,6980249,1,"[0, 1]"
485558,7550146,7472685,1,"[0, 1]"
485558,7550146,7544458,1,"[0, 1]"
485558,7550146,7156466,1,"[0, 1]"
485558,7550146,7616104,1,"[0, 1]"
485558,7550146,7135569,1,"[0, 1]"
485558,7550146,7625308,1,"[0, 1]"
485558,7550146,7097061,1,"[0, 1]"
485558,7550146,7406317,1,"[0, 1]"
485558,7550146,7440310,1,"[0, 1]"
485558,7550146,7341792,1,"[0, 1]"
485558,7550146,7258172,1,"[0, 1]"
485558,7550146,7189386,1,"[0, 1]"
485558,7550146,383715,1,"[0, 1]"
485558,7550146,7675787,1,"[0, 1]"
485558,7550146,7123252,1,"[0, 1]"
485558,7550146,7516887,1,"[0, 1]"
485558,7550146,7288722,1,"[0, 1]"
485558,7550146,7258943,1,"[0, 1]"
485558,7550146,7210998,1,"[0, 1]"
485558,7550146,7594098,1,"[0, 1]"
485558,7550146,2673480,1,"[0, 1]"
485558,7550146,7207568,1,"[0, 1]"
545575,7550362,7550362,1,"[1, 0]"
545575,7550362,2279,0,"[1, 0]"
545575,7550362,1139,0,"[1, 0]"
545575,7550362,569,0,"[1, 0]"
545575,7550362,284,0,"[1, 0]"
545575,7550362,141,0,"[1, 0]"
545575,7550362,70,0,"[1, 0]"
545575,7550362,34,0,"[1, 0]"
545575,7550362,16,0,"[1, 0]"
545575,7550362,7,0,"[1, 0]"
545575,7550362,3,0,"[1, 0]"
545575,7550362,1,0,"[1, 0]"
545575,7550362,0,0,"[1, 0]"
545575,7550362,1,0,"[0, 1]"
545575,7550362,2,0,"[0, 1]"
545575,7550362,5,0,"[0, 1]"
545575,7550362,3,0,"[0, 1]"
545575,7550362,4,0,"[0, 1]"
545575,7550362,6,0,"[0, 1]"
545575,7550362,7,0,"[0, 1]"
545575,7550362,10,0,"[0, 1]"
545575,7550362,14,0,"[0, 1]"
545575,7550362,12,0,"[0, 1]"
545575,7550362,9,0,"[0, 1]"
545575,7550362,13,0,"[0, 1]"
545575,7550362,28,0,"[0, 1]"
545575,7550362,17,0,"[0, 1]"
545575,7550362,18,0,"[0, 1]"
545575,7550362,21,0,"[0, 1]"
545575,7550362,19,0,"[0, 1]"
545575,7550362,24,0,"[0, 1]"
545575,7550362,25,0,"[0, 1]"
545575,7550362,23,0,"[0, 1]"
545575,7550362,50,0,"[0, 1]"
545575,7550362,46,0,"[0, 1]"
545575,7550362,51,0,"[0, 1]"
545575,7550362,39,0,"[0, 1]"
545575,7550362,60,0,"[0, 1]"
545575,7550362,43,0,"[0, 1]"
545575,7550362,58,0,"[0, 1]"
545575,7550362,56,0,"[0, 1]"
545575,7550362,38,0,"[0, 1]"
545575,7550362,35,0,"[0, 1]"
545575,7550362,112,0,"[0, 1]"
545575,7550362,69,0,"[0, 1]"
545575,7550362,96,0,"[0, 1]"
545575,7550362,125,0,"[0, 1]"
545575,7550362,90,0,"[0, 1]"
545575,7550362,110,0,"[0, 1]"
545575,7550362,122,0,"[0, 1]"
545575,7550362,109,0,"[0, 1]"
545575,7550362,65,0,"[0, 1]"
545575,7550362,93,0,"[0, 1]"
545575,7550362,88,0,"[0, 1]"
545575,7550362,99,0,"[0, 1]"
545575,7550362,191,0,"[0, 1]"
545575,7550362,161,0,"[0, 1]"
545575,7550362,178,0,"[0, 1]"
545575,7550362,231,0,"[0, 1]"
545575,7550362,177,0,"[0, 1]"
545575,7550362,227,0,"[0, 1]"
545575,7550362,214,0,"[0, 1]"
545575,7550362,179,0,"[0, 1]"
545575,7550362,199,0,"[0, 1]"
545575,7550362,143,0,"[0, 1]"
545575,7550362,244,0,"[0, 1]"
545575,7550362,228,0,"[0, 1]"
545575,7550362,139,0,"[0, 1]"
545575,7550362,218,0,"[0, 1]"
545575,7550362,298,0,"[0, 1]"
545575,7550362,398,0,"[0, 1]"
545575,7550362,348,0,"[0, 1]"
545575,7550362,301,0,"[0, 1]"
545575,7550362,435,0,"[0, 1]"
545575,7550362,455,0,"[0, 1]"
545575,7550362,402,0,"[0, 1]"
545575,7550362,489,0,"[0, 1]"
545575,7550362,297,0,"[0, 1]"
545575,7550362,501,0,"[0, 1]"
545575,7550362,456,0,"[0, 1]"
545575,7550362,305,0,"[0, 1]"
545575,7550362,427,0,"[0, 1]"
545575,7550362,432,0,"[0, 1]"
545575,7550362,365,0,"[0, 1]"
545575,7550362,466,0,"[0, 1]"
545575,7550362,797,0,"[0, 1]"
545575,7550362,929,0,"[0, 1]"
545575,7550362,671,0,"[0, 1]"
545575,7550362,761,0,"[0, 1]"
545575,7550362,739,0,"[0, 1]"
545575,7550362,531,0,"[0, 1]"
545575,7550362,584,0,"[0, 1]"
545575,7550362,667,0,"[0, 1]"
545575,7550362,645,0,"[0, 1]"
545575,7550362,614,0,"[0, 1]"
545575,7550362,649,0,"[0, 1]"
545575,7550362,879,0,"[0, 1]"
545575,7550362,696,0,"[0, 1]"
545575,7550362,952,0,"[0, 1]"
545575,7550362,936,0,"[0, 1]"
545575,7550362,643,0,"[0, 1]"
545575,7550362,871,0,"[0, 1]"
545575,7550362,849,0,"[0, 1]"
545575,7550362,1036,0,"[0, 1]"
545575,7550362,1441,0,"[0, 1]"
545575,7550362,1937,0,"[0, 1]"
545575,7550362,1298,0,"[0, 1]"
545575,7550362,1153,0,"[0, 1]"
545575,7550362,1089,0,"[0, 1]"
545575,7550362,1256,0,"[0, 1]"
545575,7550362,1675,0,"[0, 1]"
545575,7550362,1186,0,"[0, 1]"
545575,7550362,1662,0,"[0, 1]"
545575,7550362,1308,0,"[0, 1]"
545575,7550362,1073,0,"[0, 1]"
545575,7550362,1986,0,"[0, 1]"
545575,7550362,1348,0,"[0, 1]"
545575,7550362,1486,0,"[0, 1]"
545575,7550362,1226,0,"[0, 1]"
545575,7550362,1513,0,"[0, 1]"
545575,7550362,1799,0,"[0, 1]"
545575,7550362,1944,0,"[0, 1]"
545575,7550362,1232,0,"[0, 1]"
545575,7550362,3478,0,"[0, 1]"
545575,7550362,2492,0,"[0, 1]"
545575,7550362,3916,0,"[0, 1]"
545575,7550362,3694,0,"[0, 1]"
545575,7550362,2543,0,"[0, 1]"
545575,7550362,3633,0,"[0, 1]"
545575,7550362,2886,0,"[0, 1]"
545575,7550362,3642,0,"[0, 1]"
545575,7550362,2321,0,"[0, 1]"
545575,7550362,2237,0,"[0, 1]"
545575,7550362,2850,0,"[0, 1]"
545575,7550362,3809,0,"[0, 1]"
545575,7550362,2977,0,"[0, 1]"
545575,7550362,2780,0,"[0, 1]"
545575,7550362,3903,0,"[0, 1]"
545575,7550362,2549,0,"[0, 1]"
545575,7550362,2656,0,"[0, 1]"
545575,7550362,2512,0,"[0, 1]"
545575,7550362,3644,0,"[0, 1]"
545575,7550362,2239,0,"[0, 1]"
545575,7550362,2137,0,"[0, 1]"
545575,7550362,2592,0,"[0, 1]"
545575,7550362,7110552,1,"[0, 1]"
545575,7550362,7089760,1,"[0, 1]"
545575,7550362,7683923,1,"[0, 1]"
545575,7550362,7219200,1,"[0, 1]"
545575,7550362,7138770,1,"[0, 1]"
545575,7550362,7290474,1,"[0, 1]"
545575,7550362,7453109,1,"[0, 1]"
545575,7550362,7074377,1,"[0, 1]"
545575,7550362,4868,0,"[0, 1]"
545575,7550362,7645681,1,"[0, 1]"
545575,7550362,4376,0,"[0, 1]"
545575,7550362,7304635,1,"[0, 1]"
545575,7550362,4684,0,"[0, 1]"
545575,7550362,7240379,1,"[0, 1]"
545575,7550362,7451812,1,"[0, 1]"
545575,7550362,7686516,1,"[0, 1]"
545575,7550362,4647,0,"[0, 1]"
545575,7550362,7606406,1,"[0, 1]"
545575,7550362,5631375,1,"[0, 1]"
545575,7550362,2495184,1,"[0, 1]"
545575,7550362,7124884,1,"[0, 1]"
545575,7550362,7593647,1,"[0, 1]"
545575,7550362,7280044,1,"[0, 1]"
545575,7550362,7152150,1,"[0, 1]"
392501,7550373,7550373,1,"[1, 0]"
392501,7550373,2652,0,"[1, 0]"
392501,7550373,1325,0,"[1, 0]"
392501,7550373,662,0,"[1, 0]"
392501,7550373,330,0,"[1, 0]"
392501,7550373,164,0,"[1, 0]"
392501,7550373,81,0,"[1, 0]"
392501,7550373,40,0,"[1, 0]"
392501,7550373,19,0,"[1, 0]"
392501,7550373,9,0,"[1, 0]"
392501,7550373,4,0,"[1, 0]"
392501,7550373,1,0,"[1, 0]"
392501,7550373,0,0,"[1, 0]"
392501,7550373,1,0,"[0, 1]"
392501,7550373,2,0,"[0, 1]"
392501,7550373,5,0,"[0, 1]"
392501,7550373,6,0,"[0, 1]"
392501,7550373,3,0,"[0, 1]"
392501,7550373,4,0,"[0, 1]"
392501,7550373,12,0,"[0, 1]"
392501,7550373,10,0,"[0, 1]"
392501,7550373,14,0,"[0, 1]"
392501,7550373,11,0,"[0, 1]"
392501,7550373,9,0,"[0, 1]"
392501,7550373,7,0,"[0, 1]"
392501,7550373,21,0,"[0, 1]"
392501,7550373,30,0,"[0, 1]"
392501,7550373,19,0,"[0, 1]"
392501,7550373,18,0,"[0, 1]"
392501,7550373,23,0,"[0, 1]"
392501,7550373,16,0,"[0, 1]"
392501,7550373,24,0,"[0, 1]"
392501,7550373,15,0,"[0, 1]"
392501,7550373,50,0,"[0, 1]"
392501,7550373,61,0,"[0, 1]"
392501,7550373,59,0,"[0, 1]"
392501,7550373,43,0,"[0, 1]"
392501,7550373,55,0,"[0, 1]"
392501,7550373,53,0,"[0, 1]"
392501,7550373,31,0,"[0, 1]"
392501,7550373,41,0,"[0, 1]"
392501,7550373,34,0,"[0, 1]"
392501,7550373,48,0,"[0, 1]"
392501,7550373,101,0,"[0, 1]"
392501,7550373,107,0,"[0, 1]"
392501,7550373,89,0,"[0, 1]"
392501,7550373,65,0,"[0, 1]"
392501,7550373,119,0,"[0, 1]"
392501,7550373,74,0,"[0, 1]"
392501,7550373,94,0,"[0, 1]"
392501,7550373,90,0,"[0, 1]"
392501,7550373,102,0,"[0, 1]"
392501,7550373,122,0,"[0, 1]"
392501,7550373,110,0,"[0, 1]"
392501,7550373,86,0,"[0, 1]"
392501,7550373,129,0,"[0, 1]"
392501,7550373,132,0,"[0, 1]"
392501,7550373,230,0,"[0, 1]"
392501,7550373,159,0,"[0, 1]"
392501,7550373,140,0,"[0, 1]"
392501,7550373,150,0,"[0, 1]"
392501,7550373,211,0,"[0, 1]"
392501,7550373,164,0,"[0, 1]"
392501,7550373,169,0,"[0, 1]"
392501,7550373,220,0,"[0, 1]"
392501,7550373,141,0,"[0, 1]"
392501,7550373,213,0,"[0, 1]"
392501,7550373,248,0,"[0, 1]"
392501,7550373,194,0,"[0, 1]"
392501,7550373,295,0,"[0, 1]"
392501,7550373,359,0,"[0, 1]"
392501,7550373,367,0,"[0, 1]"
392501,7550373,481,0,"[0, 1]"
392501,7550373,503,0,"[0, 1]"
392501,7550373,293,0,"[0, 1]"
392501,7550373,356,0,"[0, 1]"
392501,7550373,271,0,"[0, 1]"
392501,7550373,438,0,"[0, 1]"
392501,7550373,468,0,"[0, 1]"
392501,7550373,420,0,"[0, 1]"
392501,7550373,300,0,"[0, 1]"
392501,7550373,284,0,"[0, 1]"
392501,7550373,308,0,"[0, 1]"
392501,7550373,379,0,"[0, 1]"
392501,7550373,500,0,"[0, 1]"
392501,7550373,646,0,"[0, 1]"
392501,7550373,834,0,"[0, 1]"
392501,7550373,850,0,"[0, 1]"
392501,7550373,902,0,"[0, 1]"
392501,7550373,700,0,"[0, 1]"
392501,7550373,694,0,"[0, 1]"
392501,7550373,786,0,"[0, 1]"
392501,7550373,773,0,"[0, 1]"
392501,7550373,819,0,"[0, 1]"
392501,7550373,798,0,"[0, 1]"
392501,7550373,629,0,"[0, 1]"
392501,7550373,594,0,"[0, 1]"
392501,7550373,917,0,"[0, 1]"
392501,7550373,987,0,"[0, 1]"
392501,7550373,859,0,"[0, 1]"
392501,7550373,707,0,"[0, 1]"
392501,7550373,814,0,"[0, 1]"
392501,7550373,598,0,"[0, 1]"
392501,7550373,1514,0,"[0, 1]"
392501,7550373,1862,0,"[0, 1]"
392501,7550373,1973,0,"[0, 1]"
392501,7550373,2008,0,"[0, 1]"
392501,7550373,1870,0,"[0, 1]"
392501,7550373,1512,0,"[0, 1]"
392501,7550373,1784,0,"[0, 1]"
392501,7550373,1419,0,"[0, 1]"
392501,7550373,1107,0,"[0, 1]"
392501,7550373,1301,0,"[0, 1]"
392501,7550373,1849,0,"[0, 1]"
392501,7550373,1039,0,"[0, 1]"
392501,7550373,1350,0,"[0, 1]"
392501,7550373,1963,0,"[0, 1]"
392501,7550373,1028,0,"[0, 1]"
392501,7550373,1643,0,"[0, 1]"
392501,7550373,1495,0,"[0, 1]"
392501,7550373,1193,0,"[0, 1]"
392501,7550373,1663,0,"[0, 1]"
392501,7550373,1638,0,"[0, 1]"
392501,7550373,2141,0,"[0, 1]"
392501,7550373,2697,0,"[0, 1]"
392501,7550373,2915,0,"[0, 1]"
392501,7550373,2864,0,"[0, 1]"
392501,7550373,2942,0,"[0, 1]"
392501,7550373,3668,0,"[0, 1]"
392501,7550373,2763,0,"[0, 1]"
392501,7550373,3647,0,"[0, 1]"
392501,7550373,3483,0,"[0, 1]"
392501,7550373,3407,0,"[0, 1]"
392501,7550373,3973,0,"[0, 1]"
392501,7550373,3822,0,"[0, 1]"
392501,7550373,3371,0,"[0, 1]"
392501,7550373,3044,0,"[0, 1]"
392501,7550373,3719,0,"[0, 1]"
392501,7550373,3689,0,"[0, 1]"
392501,7550373,2907,0,"[0, 1]"
392501,7550373,3324,0,"[0, 1]"
392501,7550373,2125,0,"[0, 1]"
392501,7550373,3898,0,"[0, 1]"
392501,7550373,2077,0,"[0, 1]"
392501,7550373,2121,0,"[0, 1]"
392501,7550373,7289144,1,"[0, 1]"
392501,7550373,7133967,1,"[0, 1]"
392501,7550373,703507,1,"[0, 1]"
392501,7550373,7545830,1,"[0, 1]"
392501,7550373,7194223,1,"[0, 1]"
392501,7550373,4266,0,"[0, 1]"
392501,7550373,4339068,1,"[0, 1]"
392501,7550373,7493194,1,"[0, 1]"
392501,7550373,7418001,1,"[0, 1]"
392501,7550373,4253,0,"[0, 1]"
392501,7550373,4944453,1,"[0, 1]"
392501,7550373,7367183,1,"[0, 1]"
392501,7550373,7576526,1,"[0, 1]"
392501,7550373,7573435,1,"[0, 1]"
392501,7550373,7341285,1,"[0, 1]"
392501,7550373,7370295,1,"[0, 1]"
392501,7550373,7118637,1,"[0, 1]"
392501,7550373,7165375,1,"[0, 1]"
392501,7550373,7320544,1,"[0, 1]"
392501,7550373,4280,0,"[0, 1]"
392501,7550373,7206717,1,"[0, 1]"
392501,7550373,7255219,1,"[0, 1]"
392501,7550373,4585,0,"[0, 1]"
392501,7550373,7299410,1,"[0, 1]"
486370,5611684,5611684,1,"[1, 0]"
486370,5611684,4173,0,"[1, 0]"
486370,5611684,2224,0,"[1, 0]"
486370,5611684,1111,0,"[1, 0]"
486370,5611684,555,0,"[1, 0]"
486370,5611684,277,0,"[1, 0]"
486370,5611684,138,0,"[1, 0]"
486370,5611684,68,0,"[1, 0]"
486370,5611684,33,0,"[1, 0]"
486370,5611684,16,0,"[1, 0]"
486370,5611684,7,0,"[1, 0]"
486370,5611684,3,0,"[1, 0]"
486370,5611684,1,0,"[1, 0]"
486370,5611684,0,0,"[1, 0]"
486370,5611684,1,0,"[0, 1]"
486370,5611684,2,0,"[0, 1]"
486370,5611684,6,0,"[0, 1]"
486370,5611684,5,0,"[0, 1]"
486370,5611684,3,0,"[0, 1]"
486370,5611684,4,0,"[0, 1]"
486370,5611684,7,0,"[0, 1]"
486370,5611684,11,0,"[0, 1]"
486370,5611684,10,0,"[0, 1]"
486370,5611684,14,0,"[0, 1]"
486370,5611684,12,0,"[0, 1]"
486370,5611684,8,0,"[0, 1]"
486370,5611684,27,0,"[0, 1]"
486370,5611684,18,0,"[0, 1]"
486370,5611684,25,0,"[0, 1]"
486370,5611684,16,0,"[0, 1]"
486370,5611684,21,0,"[0, 1]"
486370,5611684,17,0,"[0, 1]"
486370,5611684,24,0,"[0, 1]"
486370,5611684,22,0,"[0, 1]"
486370,5611684,46,0,"[0, 1]"
486370,5611684,43,0,"[0, 1]"
486370,5611684,60,0,"[0, 1]"
486370,5611684,53,0,"[0, 1]"
486370,5611684,47,0,"[0, 1]"
486370,5611684,52,0,"[0, 1]"
486370,5611684,58,0,"[0, 1]"
486370,5611684,35,0,"[0, 1]"
486370,5611684,50,0,"[0, 1]"
486370,5611684,44,0,"[0, 1]"
486370,5611684,118,0,"[0, 1]"
486370,5611684,124,0,"[0, 1]"
486370,5611684,94,0,"[0, 1]"
486370,5611684,109,0,"[0, 1]"
486370,5611684,121,0,"[0, 1]"
486370,5611684,77,0,"[0, 1]"
486370,5611684,79,0,"[0, 1]"
486370,5611684,110,0,"[0, 1]"
486370,5611684,66,0,"[0, 1]"
486370,5611684,64,0,"[0, 1]"
486370,5611684,69,0,"[0, 1]"
486370,5611684,101,0,"[0, 1]"
486370,5611684,237,0,"[0, 1]"
486370,5611684,222,0,"[0, 1]"
486370,5611684,144,0,"[0, 1]"
486370,5611684,157,0,"[0, 1]"
486370,5611684,138,0,"[0, 1]"
486370,5611684,149,0,"[0, 1]"
486370,5611684,155,0,"[0, 1]"
486370,5611684,238,0,"[0, 1]"
486370,5611684,217,0,"[0, 1]"
486370,5611684,201,0,"[0, 1]"
486370,5611684,211,0,"[0, 1]"
486370,5611684,234,0,"[0, 1]"
486370,5611684,204,0,"[0, 1]"
486370,5611684,216,0,"[0, 1]"
486370,5611684,327,0,"[0, 1]"
486370,5611684,469,0,"[0, 1]"
486370,5611684,283,0,"[0, 1]"
486370,5611684,424,0,"[0, 1]"
486370,5611684,286,0,"[0, 1]"
486370,5611684,399,0,"[0, 1]"
486370,5611684,323,0,"[0, 1]"
486370,5611684,277,0,"[0, 1]"
486370,5611684,447,0,"[0, 1]"
486370,5611684,281,0,"[0, 1]"
486370,5611684,256,0,"[0, 1]"
486370,5611684,488,0,"[0, 1]"
486370,5611684,422,0,"[0, 1]"
486370,5611684,316,0,"[0, 1]"
486370,5611684,326,0,"[0, 1]"
486370,5611684,313,0,"[0, 1]"
486370,5611684,616,0,"[0, 1]"
486370,5611684,542,0,"[0, 1]"
486370,5611684,784,0,"[0, 1]"
486370,5611684,848,0,"[0, 1]"
486370,5611684,740,0,"[0, 1]"
486370,5611684,984,0,"[0, 1]"
486370,5611684,681,0,"[0, 1]"
486370,5611684,759,0,"[0, 1]"
486370,5611684,831,0,"[0, 1]"
486370,5611684,999,0,"[0, 1]"
486370,5611684,840,0,"[0, 1]"
486370,5611684,632,0,"[0, 1]"
486370,5611684,564,0,"[0, 1]"
486370,5611684,521,0,"[0, 1]"
486370,5611684,753,0,"[0, 1]"
486370,5611684,847,0,"[0, 1]"
486370,5611684,774,0,"[0, 1]"
486370,5611684,964,0,"[0, 1]"
486370,5611684,1701,0,"[0, 1]"
486370,5611684,1805,0,"[0, 1]"
486370,5611684,1575,0,"[0, 1]"
486370,5611684,1952,0,"[0, 1]"
486370,5611684,1618,0,"[0, 1]"
486370,5611684,1641,0,"[0, 1]"
486370,5611684,1802,0,"[0, 1]"
486370,5611684,1770,0,"[0, 1]"
486370,5611684,1754,0,"[0, 1]"
486370,5611684,1548,0,"[0, 1]"
486370,5611684,1843,0,"[0, 1]"
486370,5611684,1749,0,"[0, 1]"
486370,5611684,1547,0,"[0, 1]"
486370,5611684,1175,0,"[0, 1]"
486370,5611684,1468,0,"[0, 1]"
486370,5611684,1781,0,"[0, 1]"
486370,5611684,2030,0,"[0, 1]"
486370,5611684,1940,0,"[0, 1]"
486370,5611684,2024,0,"[0, 1]"
486370,5611684,1562,0,"[0, 1]"
486370,5611684,3339,0,"[0, 1]"
486370,5611684,3412,0,"[0, 1]"
486370,5611684,3911,0,"[0, 1]"
486370,5611684,3030,0,"[0, 1]"
486370,5611684,2619,0,"[0, 1]"
486370,5611684,4013,0,"[0, 1]"
486370,5611684,3059,0,"[0, 1]"
486370,5611684,3956,0,"[0, 1]"
486370,5611684,4071,0,"[0, 1]"
486370,5611684,4029,0,"[0, 1]"
486370,5611684,3694,0,"[0, 1]"
486370,5611684,3393,0,"[0, 1]"
486370,5611684,2283,0,"[0, 1]"
486370,5611684,4037,0,"[0, 1]"
486370,5611684,2110,0,"[0, 1]"
486370,5611684,2171,0,"[0, 1]"
486370,5611684,2218,0,"[0, 1]"
486370,5611684,3099,0,"[0, 1]"
486370,5611684,2860,0,"[0, 1]"
486370,5611684,3904,0,"[0, 1]"
486370,5611684,3003,0,"[0, 1]"
486370,5611684,3171,0,"[0, 1]"
486370,5611684,4296,0,"[0, 1]"
486370,5611684,7272750,1,"[0, 1]"
486370,5611684,4295,0,"[0, 1]"
486370,5611684,7669618,1,"[0, 1]"
486370,5611684,4773,0,"[0, 1]"
486370,5611684,7411777,1,"[0, 1]"
486370,5611684,7472819,1,"[0, 1]"
486370,5611684,4377,0,"[0, 1]"
486370,5611684,7322579,1,"[0, 1]"
486370,5611684,7090090,1,"[0, 1]"
486370,5611684,7461865,1,"[0, 1]"
486370,5611684,4291,0,"[0, 1]"
486370,5611684,7409576,1,"[0, 1]"
486370,5611684,7142190,1,"[0, 1]"
486370,5611684,7210146,1,"[0, 1]"
486370,5611684,2256696,1,"[0, 1]"
486370,5611684,7434553,1,"[0, 1]"
486370,5611684,7348461,1,"[0, 1]"
486370,5611684,4559,0,"[0, 1]"
486370,5611684,7667009,1,"[0, 1]"
486370,5611684,7071501,1,"[0, 1]"
486370,5611684,7359238,1,"[0, 1]"
486370,5611684,7490442,1,"[0, 1]"
486370,5611684,4629,0,"[0, 1]"
486370,5611684,7403506,1,"[0, 1]"
486370,5611684,7109165,1,"[0, 1]"
486370,5611684,7601337,1,"[0, 1]"
486370,5611684,7669940,1,"[0, 1]"
486370,5611684,7664456,1,"[0, 1]"
486370,5611684,7189195,1,"[0, 1]"
486370,5611684,4615954,1,"[0, 1]"
486370,5611684,7503594,1,"[0, 1]"
486370,5611684,7131995,1,"[0, 1]"
486370,5611684,7457249,1,"[0, 1]"
486370,5611684,7131962,1,"[0, 1]"
486370,5611684,7157398,1,"[0, 1]"
486370,5611684,7151820,1,"[0, 1]"
486370,5611684,7325668,1,"[0, 1]"
486370,5611684,7093987,1,"[0, 1]"
486370,5611684,7353502,1,"[0, 1]"
486370,5611684,7658766,1,"[0, 1]"
486370,5611684,7433120,1,"[0, 1]"
486370,5611684,7538938,1,"[0, 1]"
486370,5611684,2554035,1,"[0, 1]"
486370,5611684,7159370,1,"[0, 1]"
486370,5611684,7138502,1,"[0, 1]"
486370,5611684,7680327,1,"[0, 1]"
486370,5611684,7072156,1,"[0, 1]"
486370,5611684,7391949,1,"[0, 1]"
486370,5611684,7621782,1,"[0, 1]"
75698,7550499,7550499,1,"[1, 0]"
75698,7550499,2728,0,"[1, 0]"
75698,7550499,1363,0,"[1, 0]"
75698,7550499,681,0,"[1, 0]"
75698,7550499,340,0,"[1, 0]"
75698,7550499,169,0,"[1, 0]"
75698,7550499,84,0,"[1, 0]"
75698,7550499,41,0,"[1, 0]"
75698,7550499,20,0,"[1, 0]"
75698,7550499,9,0,"[1, 0]"
75698,7550499,4,0,"[1, 0]"
75698,7550499,1,0,"[1, 0]"
75698,7550499,0,0,"[1, 0]"
75698,7550499,1,0,"[0, 1]"
75698,7550499,2,0,"[0, 1]"
75698,7550499,4,0,"[0, 1]"
75698,7550499,5,0,"[0, 1]"
75698,7550499,3,0,"[0, 1]"
75698,7550499,6,0,"[0, 1]"
75698,7550499,9,0,"[0, 1]"
75698,7550499,11,0,"[0, 1]"
75698,7550499,14,0,"[0, 1]"
75698,7550499,7,0,"[0, 1]"
75698,7550499,12,0,"[0, 1]"
75698,7550499,13,0,"[0, 1]"
75698,7550499,23,0,"[0, 1]"
75698,7550499,19,0,"[0, 1]"
75698,7550499,26,0,"[0, 1]"
75698,7550499,17,0,"[0, 1]"
75698,7550499,27,0,"[0, 1]"
75698,7550499,28,0,"[0, 1]"
75698,7550499,30,0,"[0, 1]"
75698,7550499,16,0,"[0, 1]"
75698,7550499,43,0,"[0, 1]"
75698,7550499,58,0,"[0, 1]"
75698,7550499,42,0,"[0, 1]"
75698,7550499,49,0,"[0, 1]"
75698,7550499,60,0,"[0, 1]"
75698,7550499,33,0,"[0, 1]"
75698,7550499,52,0,"[0, 1]"
75698,7550499,50,0,"[0, 1]"
75698,7550499,38,0,"[0, 1]"
75698,7550499,61,0,"[0, 1]"
75698,7550499,106,0,"[0, 1]"
75698,7550499,83,0,"[0, 1]"
75698,7550499,121,0,"[0, 1]"
75698,7550499,90,0,"[0, 1]"
75698,7550499,117,0,"[0, 1]"
75698,7550499,65,0,"[0, 1]"
75698,7550499,87,0,"[0, 1]"
75698,7550499,122,0,"[0, 1]"
75698,7550499,74,0,"[0, 1]"
75698,7550499,64,0,"[0, 1]"
75698,7550499,94,0,"[0, 1]"
75698,7550499,70,0,"[0, 1]"
75698,7550499,200,0,"[0, 1]"
75698,7550499,230,0,"[0, 1]"
75698,7550499,165,0,"[0, 1]"
75698,7550499,198,0,"[0, 1]"
75698,7550499,220,0,"[0, 1]"
75698,7550499,156,0,"[0, 1]"
75698,7550499,222,0,"[0, 1]"
75698,7550499,225,0,"[0, 1]"
75698,7550499,242,0,"[0, 1]"
75698,7550499,248,0,"[0, 1]"
75698,7550499,150,0,"[0, 1]"
75698,7550499,249,0,"[0, 1]"
75698,7550499,157,0,"[0, 1]"
75698,7550499,178,0,"[0, 1]"
75698,7550499,261,0,"[0, 1]"
75698,7550499,413,0,"[0, 1]"
75698,7550499,474,0,"[0, 1]"
75698,7550499,497,0,"[0, 1]"
75698,7550499,395,0,"[0, 1]"
75698,7550499,384,0,"[0, 1]"
75698,7550499,333,0,"[0, 1]"
75698,7550499,507,0,"[0, 1]"
75698,7550499,353,0,"[0, 1]"
75698,7550499,365,0,"[0, 1]"
75698,7550499,425,0,"[0, 1]"
75698,7550499,347,0,"[0, 1]"
75698,7550499,428,0,"[0, 1]"
75698,7550499,424,0,"[0, 1]"
75698,7550499,387,0,"[0, 1]"
75698,7550499,278,0,"[0, 1]"
75698,7550499,777,0,"[0, 1]"
75698,7550499,520,0,"[0, 1]"
75698,7550499,761,0,"[0, 1]"
75698,7550499,1015,0,"[0, 1]"
75698,7550499,881,0,"[0, 1]"
75698,7550499,1011,0,"[0, 1]"
75698,7550499,631,0,"[0, 1]"
75698,7550499,566,0,"[0, 1]"
75698,7550499,561,0,"[0, 1]"
75698,7550499,753,0,"[0, 1]"
75698,7550499,852,0,"[0, 1]"
75698,7550499,531,0,"[0, 1]"
75698,7550499,812,0,"[0, 1]"
75698,7550499,782,0,"[0, 1]"
75698,7550499,537,0,"[0, 1]"
75698,7550499,789,0,"[0, 1]"
75698,7550499,924,0,"[0, 1]"
75698,7550499,575,0,"[0, 1]"
75698,7550499,1053,0,"[0, 1]"
75698,7550499,1986,0,"[0, 1]"
75698,7550499,1240,0,"[0, 1]"
75698,7550499,1503,0,"[0, 1]"
75698,7550499,1828,0,"[0, 1]"
75698,7550499,1264,0,"[0, 1]"
75698,7550499,1401,0,"[0, 1]"
75698,7550499,1232,0,"[0, 1]"
75698,7550499,1681,0,"[0, 1]"
75698,7550499,1097,0,"[0, 1]"
75698,7550499,1051,0,"[0, 1]"
75698,7550499,1816,0,"[0, 1]"
75698,7550499,1560,0,"[0, 1]"
75698,7550499,1211,0,"[0, 1]"
75698,7550499,1925,0,"[0, 1]"
75698,7550499,2008,0,"[0, 1]"
75698,7550499,1321,0,"[0, 1]"
75698,7550499,1101,0,"[0, 1]"
75698,7550499,1451,0,"[0, 1]"
75698,7550499,2027,0,"[0, 1]"
75698,7550499,2115,0,"[0, 1]"
75698,7550499,2986,0,"[0, 1]"
75698,7550499,3318,0,"[0, 1]"
75698,7550499,4050,0,"[0, 1]"
75698,7550499,3826,0,"[0, 1]"
75698,7550499,2603,0,"[0, 1]"
75698,7550499,3859,0,"[0, 1]"
75698,7550499,3487,0,"[0, 1]"
75698,7550499,3664,0,"[0, 1]"
75698,7550499,2233,0,"[0, 1]"
75698,7550499,2977,0,"[0, 1]"
75698,7550499,3890,0,"[0, 1]"
75698,7550499,2773,0,"[0, 1]"
75698,7550499,2132,0,"[0, 1]"
75698,7550499,2612,0,"[0, 1]"
75698,7550499,2793,0,"[0, 1]"
75698,7550499,3765,0,"[0, 1]"
75698,7550499,2709,0,"[0, 1]"
75698,7550499,3366,0,"[0, 1]"
75698,7550499,3287,0,"[0, 1]"
75698,7550499,2123,0,"[0, 1]"
75698,7550499,2682,0,"[0, 1]"
75698,7550499,7231005,1,"[0, 1]"
75698,7550499,7163703,1,"[0, 1]"
75698,7550499,7511027,1,"[0, 1]"
75698,7550499,7579416,1,"[0, 1]"
75698,7550499,4813,0,"[0, 1]"
75698,7550499,7198934,1,"[0, 1]"
75698,7550499,4585,0,"[0, 1]"
75698,7550499,7284874,1,"[0, 1]"
75698,7550499,7363701,1,"[0, 1]"
75698,7550499,7675991,1,"[0, 1]"
75698,7550499,4572,0,"[0, 1]"
75698,7550499,4224737,1,"[0, 1]"
75698,7550499,7465839,1,"[0, 1]"
75698,7550499,7124636,1,"[0, 1]"
75698,7550499,4420,0,"[0, 1]"
75698,7550499,4620,0,"[0, 1]"
75698,7550499,7372120,1,"[0, 1]"
75698,7550499,7090228,1,"[0, 1]"
75698,7550499,6552452,1,"[0, 1]"
75698,7550499,7321334,1,"[0, 1]"
75698,7550499,7129076,1,"[0, 1]"
75698,7550499,7431817,1,"[0, 1]"
75698,7550499,4287,0,"[0, 1]"
75698,7550499,4188,0,"[0, 1]"
738162,7550591,7550591,1,"[1, 0]"
738162,7550591,3077,0,"[1, 0]"
738162,7550591,1538,0,"[1, 0]"
738162,7550591,768,0,"[1, 0]"
738162,7550591,383,0,"[1, 0]"
738162,7550591,191,0,"[1, 0]"
738162,7550591,95,0,"[1, 0]"
738162,7550591,47,0,"[1, 0]"
738162,7550591,23,0,"[1, 0]"
738162,7550591,11,0,"[1, 0]"
738162,7550591,5,0,"[1, 0]"
738162,7550591,2,0,"[1, 0]"
738162,7550591,0,0,"[1, 0]"
738162,7550591,2,0,"[0, 1]"
738162,7550591,1,0,"[0, 1]"
738162,7550591,5,0,"[0, 1]"
738162,7550591,6,0,"[0, 1]"
738162,7550591,3,0,"[0, 1]"
738162,7550591,4,0,"[0, 1]"
738162,7550591,10,0,"[0, 1]"
738162,7550591,14,0,"[0, 1]"
738162,7550591,8,0,"[0, 1]"
738162,7550591,13,0,"[0, 1]"
738162,7550591,11,0,"[0, 1]"
738162,7550591,9,0,"[0, 1]"
738162,7550591,17,0,"[0, 1]"
738162,7550591,24,0,"[0, 1]"
738162,7550591,26,0,"[0, 1]"
738162,7550591,22,0,"[0, 1]"
738162,7550591,18,0,"[0, 1]"
738162,7550591,16,0,"[0, 1]"
738162,7550591,29,0,"[0, 1]"
738162,7550591,30,0,"[0, 1]"
738162,7550591,44,0,"[0, 1]"
738162,7550591,61,0,"[0, 1]"
738162,7550591,54,0,"[0, 1]"
738162,7550591,32,0,"[0, 1]"
738162,7550591,41,0,"[0, 1]"
738162,7550591,49,0,"[0, 1]"
738162,7550591,60,0,"[0, 1]"
738162,7550591,35,0,"[0, 1]"
738162,7550591,38,0,"[0, 1]"
738162,7550591,45,0,"[0, 1]"
738162,7550591,116,0,"[0, 1]"
738162,7550591,118,0,"[0, 1]"
738162,7550591,63,0,"[0, 1]"
738162,7550591,84,0,"[0, 1]"
738162,7550591,112,0,"[0, 1]"
738162,7550591,99,0,"[0, 1]"
738162,7550591,109,0,"[0, 1]"
738162,7550591,66,0,"[0, 1]"
738162,7550591,68,0,"[0, 1]"
738162,7550591,76,0,"[0, 1]"
738162,7550591,105,0,"[0, 1]"
738162,7550591,75,0,"[0, 1]"
738162,7550591,148,0,"[0, 1]"
738162,7550591,235,0,"[0, 1]"
738162,7550591,192,0,"[0, 1]"
738162,7550591,227,0,"[0, 1]"
738162,7550591,163,0,"[0, 1]"
738162,7550591,211,0,"[0, 1]"
738162,7550591,183,0,"[0, 1]"
738162,7550591,239,0,"[0, 1]"
738162,7550591,161,0,"[0, 1]"
738162,7550591,177,0,"[0, 1]"
738162,7550591,244,0,"[0, 1]"
738162,7550591,212,0,"[0, 1]"
738162,7550591,128,0,"[0, 1]"
738162,7550591,198,0,"[0, 1]"
738162,7550591,262,0,"[0, 1]"
738162,7550591,271,0,"[0, 1]"
738162,7550591,320,0,"[0, 1]"
738162,7550591,283,0,"[0, 1]"
738162,7550591,315,0,"[0, 1]"
738162,7550591,347,0,"[0, 1]"
738162,7550591,313,0,"[0, 1]"
738162,7550591,409,0,"[0, 1]"
738162,7550591,258,0,"[0, 1]"
738162,7550591,471,0,"[0, 1]"
738162,7550591,256,0,"[0, 1]"
738162,7550591,447,0,"[0, 1]"
738162,7550591,371,0,"[0, 1]"
738162,7550591,269,0,"[0, 1]"
738162,7550591,443,0,"[0, 1]"
738162,7550591,485,0,"[0, 1]"
738162,7550591,922,0,"[0, 1]"
738162,7550591,640,0,"[0, 1]"
738162,7550591,571,0,"[0, 1]"
738162,7550591,790,0,"[0, 1]"
738162,7550591,931,0,"[0, 1]"
738162,7550591,959,0,"[0, 1]"
738162,7550591,673,0,"[0, 1]"
738162,7550591,590,0,"[0, 1]"
738162,7550591,767,0,"[0, 1]"
738162,7550591,984,0,"[0, 1]"
738162,7550591,641,0,"[0, 1]"
738162,7550591,835,0,"[0, 1]"
738162,7550591,694,0,"[0, 1]"
738162,7550591,699,0,"[0, 1]"
738162,7550591,855,0,"[0, 1]"
738162,7550591,781,0,"[0, 1]"
738162,7550591,591,0,"[0, 1]"
738162,7550591,779,0,"[0, 1]"
738162,7550591,1837,0,"[0, 1]"
738162,7550591,1059,0,"[0, 1]"
738162,7550591,1626,0,"[0, 1]"
738162,7550591,1487,0,"[0, 1]"
738162,7550591,1295,0,"[0, 1]"
738162,7550591,1036,0,"[0, 1]"
738162,7550591,1667,0,"[0, 1]"
738162,7550591,1232,0,"[0, 1]"
738162,7550591,1921,0,"[0, 1]"
738162,7550591,1813,0,"[0, 1]"
738162,7550591,1949,0,"[0, 1]"
738162,7550591,2006,0,"[0, 1]"
738162,7550591,1615,0,"[0, 1]"
738162,7550591,1537,0,"[0, 1]"
738162,7550591,1891,0,"[0, 1]"
738162,7550591,1378,0,"[0, 1]"
738162,7550591,1347,0,"[0, 1]"
738162,7550591,1188,0,"[0, 1]"
738162,7550591,1763,0,"[0, 1]"
738162,7550591,1964,0,"[0, 1]"
738162,7550591,2745,0,"[0, 1]"
738162,7550591,3786,0,"[0, 1]"
738162,7550591,2974,0,"[0, 1]"
738162,7550591,2220,0,"[0, 1]"
738162,7550591,3276,0,"[0, 1]"
738162,7550591,3970,0,"[0, 1]"
738162,7550591,2909,0,"[0, 1]"
738162,7550591,3077,0,"[0, 1]"
738162,7550591,3209,0,"[0, 1]"
738162,7550591,2868,0,"[0, 1]"
738162,7550591,2775,0,"[0, 1]"
738162,7550591,2398,0,"[0, 1]"
738162,7550591,2072,0,"[0, 1]"
738162,7550591,3660,0,"[0, 1]"
738162,7550591,2194,0,"[0, 1]"
738162,7550591,3272,0,"[0, 1]"
738162,7550591,2737,0,"[0, 1]"
738162,7550591,3454,0,"[0, 1]"
738162,7550591,2126,0,"[0, 1]"
738162,7550591,2760,0,"[0, 1]"
738162,7550591,2215,0,"[0, 1]"
738162,7550591,3442,0,"[0, 1]"
738162,7550591,7506366,1,"[0, 1]"
738162,7550591,7140503,1,"[0, 1]"
738162,7550591,7627391,1,"[0, 1]"
738162,7550591,4378,0,"[0, 1]"
738162,7550591,7172447,1,"[0, 1]"
738162,7550591,4129,0,"[0, 1]"
738162,7550591,7070556,1,"[0, 1]"
738162,7550591,7079658,1,"[0, 1]"
738162,7550591,7298671,1,"[0, 1]"
738162,7550591,7234958,1,"[0, 1]"
738162,7550591,7237302,1,"[0, 1]"
738162,7550591,7597593,1,"[0, 1]"
738162,7550591,7187158,1,"[0, 1]"
738162,7550591,7611443,1,"[0, 1]"
738162,7550591,7465775,1,"[0, 1]"
738162,7550591,7296437,1,"[0, 1]"
738162,7550591,7411246,1,"[0, 1]"
738162,7550591,7289647,1,"[0, 1]"
738162,7550591,7267491,1,"[0, 1]"
738162,7550591,7329009,1,"[0, 1]"
738162,7550591,4766,0,"[0, 1]"
738162,7550591,7353377,1,"[0, 1]"
738162,7550591,7141450,1,"[0, 1]"
738162,7550591,7166455,1,"[0, 1]"
586740,298259,298259,1,"[1, 0]"
586740,298259,4036,0,"[1, 0]"
586740,298259,2017,0,"[1, 0]"
586740,298259,1008,0,"[1, 0]"
586740,298259,503,0,"[1, 0]"
586740,298259,251,0,"[1, 0]"
586740,298259,125,0,"[1, 0]"
586740,298259,62,0,"[1, 0]"
586740,298259,30,0,"[1, 0]"
586740,298259,14,0,"[1, 0]"
586740,298259,6,0,"[1, 0]"
586740,298259,2,0,"[1, 0]"
586740,298259,0,0,"[1, 0]"
586740,298259,2,0,"[0, 1]"
586740,298259,1,0,"[0, 1]"
586740,298259,5,0,"[0, 1]"
586740,298259,4,0,"[0, 1]"
586740,298259,6,0,"[0, 1]"
586740,298259,3,0,"[0, 1]"
586740,298259,7,0,"[0, 1]"
586740,298259,10,0,"[0, 1]"
586740,298259,13,0,"[0, 1]"
586740,298259,8,0,"[0, 1]"
586740,298259,14,0,"[0, 1]"
586740,298259,12,0,"[0, 1]"
586740,298259,21,0,"[0, 1]"
586740,298259,15,0,"[0, 1]"
586740,298259,26,0,"[0, 1]"
586740,298259,16,0,"[0, 1]"
586740,298259,19,0,"[0, 1]"
586740,298259,20,0,"[0, 1]"
586740,298259,17,0,"[0, 1]"
586740,298259,25,0,"[0, 1]"
586740,298259,40,0,"[0, 1]"
586740,298259,42,0,"[0, 1]"
586740,298259,53,0,"[0, 1]"
586740,298259,45,0,"[0, 1]"
586740,298259,34,0,"[0, 1]"
586740,298259,52,0,"[0, 1]"
586740,298259,50,0,"[0, 1]"
586740,298259,35,0,"[0, 1]"
586740,298259,36,0,"[0, 1]"
586740,298259,58,0,"[0, 1]"
586740,298259,111,0,"[0, 1]"
586740,298259,80,0,"[0, 1]"
586740,298259,82,0,"[0, 1]"
586740,298259,117,0,"[0, 1]"
586740,298259,107,0,"[0, 1]"
586740,298259,113,0,"[0, 1]"
586740,298259,92,0,"[0, 1]"
586740,298259,115,0,"[0, 1]"
586740,298259,109,0,"[0, 1]"
586740,298259,85,0,"[0, 1]"
586740,298259,119,0,"[0, 1]"
586740,298259,75,0,"[0, 1]"
586740,298259,239,0,"[0, 1]"
586740,298259,155,0,"[0, 1]"
586740,298259,161,0,"[0, 1]"
586740,298259,253,0,"[0, 1]"
586740,298259,134,0,"[0, 1]"
586740,298259,152,0,"[0, 1]"
586740,298259,189,0,"[0, 1]"
586740,298259,252,0,"[0, 1]"
586740,298259,138,0,"[0, 1]"
586740,298259,232,0,"[0, 1]"
586740,298259,150,0,"[0, 1]"
586740,298259,247,0,"[0, 1]"
586740,298259,206,0,"[0, 1]"
586740,298259,129,0,"[0, 1]"
586740,298259,326,0,"[0, 1]"
586740,298259,270,0,"[0, 1]"
586740,298259,262,0,"[0, 1]"
586740,298259,396,0,"[0, 1]"
586740,298259,333,0,"[0, 1]"
586740,298259,303,0,"[0, 1]"
586740,298259,319,0,"[0, 1]"
586740,298259,275,0,"[0, 1]"
586740,298259,260,0,"[0, 1]"
586740,298259,433,0,"[0, 1]"
586740,298259,465,0,"[0, 1]"
586740,298259,469,0,"[0, 1]"
586740,298259,404,0,"[0, 1]"
586740,298259,460,0,"[0, 1]"
586740,298259,423,0,"[0, 1]"
586740,298259,279,0,"[0, 1]"
586740,298259,613,0,"[0, 1]"
586740,298259,820,0,"[0, 1]"
586740,298259,541,0,"[0, 1]"
586740,298259,887,0,"[0, 1]"
586740,298259,921,0,"[0, 1]"
586740,298259,999,0,"[0, 1]"
586740,298259,888,0,"[0, 1]"
586740,298259,512,0,"[0, 1]"
586740,298259,630,0,"[0, 1]"
586740,298259,753,0,"[0, 1]"
586740,298259,718,0,"[0, 1]"
586740,298259,534,0,"[0, 1]"
586740,298259,579,0,"[0, 1]"
586740,298259,572,0,"[0, 1]"
586740,298259,701,0,"[0, 1]"
586740,298259,804,0,"[0, 1]"
586740,298259,902,0,"[0, 1]"
586740,298259,660,0,"[0, 1]"
586740,298259,1716,0,"[0, 1]"
586740,298259,1245,0,"[0, 1]"
586740,298259,1598,0,"[0, 1]"
586740,298259,1135,0,"[0, 1]"
586740,298259,1337,0,"[0, 1]"
586740,298259,1647,0,"[0, 1]"
586740,298259,1177,0,"[0, 1]"
586740,298259,1219,0,"[0, 1]"
586740,298259,1635,0,"[0, 1]"
586740,298259,1544,0,"[0, 1]"
586740,298259,1189,0,"[0, 1]"
586740,298259,2033,0,"[0, 1]"
586740,298259,1442,0,"[0, 1]"
586740,298259,1256,0,"[0, 1]"
586740,298259,1244,0,"[0, 1]"
586740,298259,1099,0,"[0, 1]"
586740,298259,1296,0,"[0, 1]"
586740,298259,1927,0,"[0, 1]"
586740,298259,1585,0,"[0, 1]"
586740,298259,1080,0,"[0, 1]"
586740,298259,3334,0,"[0, 1]"
586740,298259,3156,0,"[0, 1]"
586740,298259,3606,0,"[0, 1]"
586740,298259,2225,0,"[0, 1]"
586740,298259,3887,0,"[0, 1]"
586740,298259,3151,0,"[0, 1]"
586740,298259,3547,0,"[0, 1]"
586740,298259,2773,0,"[0, 1]"
586740,298259,2750,0,"[0, 1]"
586740,298259,4087,0,"[0, 1]"
586740,298259,2199,0,"[0, 1]"
586740,298259,2605,0,"[0, 1]"
586740,298259,2170,0,"[0, 1]"
586740,298259,2540,0,"[0, 1]"
586740,298259,2772,0,"[0, 1]"
586740,298259,2260,0,"[0, 1]"
586740,298259,3481,0,"[0, 1]"
586740,298259,2453,0,"[0, 1]"
586740,298259,3060,0,"[0, 1]"
586740,298259,3159,0,"[0, 1]"
586740,298259,3738,0,"[0, 1]"
586740,298259,3423,0,"[0, 1]"
586740,298259,4729788,1,"[0, 1]"
586740,298259,4840,0,"[0, 1]"
586740,298259,3072082,1,"[0, 1]"
586740,298259,7525244,1,"[0, 1]"
586740,298259,7214212,1,"[0, 1]"
586740,298259,4917,0,"[0, 1]"
586740,298259,7316188,1,"[0, 1]"
586740,298259,7277958,1,"[0, 1]"
586740,298259,4121,0,"[0, 1]"
586740,298259,4312,0,"[0, 1]"
586740,298259,7253369,1,"[0, 1]"
586740,298259,7268725,1,"[0, 1]"
586740,298259,7161960,1,"[0, 1]"
586740,298259,7149425,1,"[0, 1]"
586740,298259,7650375,1,"[0, 1]"
586740,298259,7557306,1,"[0, 1]"
586740,298259,2322244,1,"[0, 1]"
586740,298259,7494365,1,"[0, 1]"
586740,298259,7078754,1,"[0, 1]"
586740,298259,7368724,1,"[0, 1]"
586740,298259,7457652,1,"[0, 1]"
586740,298259,7585569,1,"[0, 1]"
586740,298259,7584172,1,"[0, 1]"
586740,298259,7665992,1,"[0, 1]"
1095928,2041081,2041081,1,"[1, 0]"
1095928,2041081,4438,0,"[1, 0]"
1095928,2041081,2826,0,"[1, 0]"
1095928,2041081,1412,0,"[1, 0]"
1095928,2041081,705,0,"[1, 0]"
1095928,2041081,352,0,"[1, 0]"
1095928,2041081,175,0,"[1, 0]"
1095928,2041081,87,0,"[1, 0]"
1095928,2041081,43,0,"[1, 0]"
1095928,2041081,21,0,"[1, 0]"
1095928,2041081,10,0,"[1, 0]"
1095928,2041081,4,0,"[1, 0]"
1095928,2041081,1,0,"[1, 0]"
1095928,2041081,0,0,"[1, 0]"
1095928,2041081,2,0,"[0, 1]"
1095928,2041081,1,0,"[0, 1]"
1095928,2041081,4,0,"[0, 1]"
1095928,2041081,5,0,"[0, 1]"
1095928,2041081,3,0,"[0, 1]"
1095928,2041081,6,0,"[0, 1]"
1095928,2041081,10,0,"[0, 1]"
1095928,2041081,9,0,"[0, 1]"
1095928,2041081,12,0,"[0, 1]"
1095928,2041081,7,0,"[0, 1]"
1095928,2041081,11,0,"[0, 1]"
1095928,2041081,13,0,"[0, 1]"
1095928,2041081,19,0,"[0, 1]"
1095928,2041081,27,0,"[0, 1]"
1095928,2041081,25,0,"[0, 1]"
1095928,2041081,22,0,"[0, 1]"
1095928,2041081,20,0,"[0, 1]"
1095928,2041081,18,0,"[0, 1]"
1095928,2041081,28,0,"[0, 1]"
1095928,2041081,17,0,"[0, 1]"
1095928,2041081,60,0,"[0, 1]"
1095928,2041081,44,0,"[0, 1]"
1095928,2041081,55,0,"[0, 1]"
1095928,2041081,61,0,"[0, 1]"
1095928,2041081,38,0,"[0, 1]"
1095928,2041081,41,0,"[0, 1]"
1095928,2041081,54,0,"[0, 1]"
1095928,2041081,37,0,"[0, 1]"
1095928,2041081,34,0,"[0, 1]"
1095928,2041081,35,0,"[0, 1]"
1095928,2041081,105,0,"[0, 1]"
1095928,2041081,69,0,"[0, 1]"
1095928,2041081,106,0,"[0, 1]"
1095928,2041081,120,0,"[0, 1]"
1095928,2041081,118,0,"[0, 1]"
1095928,2041081,117,0,"[0, 1]"
1095928,2041081,119,0,"[0, 1]"
1095928,2041081,85,0,"[0, 1]"
1095928,2041081,89,0,"[0, 1]"
1095928,2041081,110,0,"[0, 1]"
1095928,2041081,95,0,"[0, 1]"
1095928,2041081,115,0,"[0, 1]"
1095928,2041081,229,0,"[0, 1]"
1095928,2041081,210,0,"[0, 1]"
1095928,2041081,152,0,"[0, 1]"
1095928,2041081,199,0,"[0, 1]"
1095928,2041081,179,0,"[0, 1]"
1095928,2041081,146,0,"[0, 1]"
1095928,2041081,196,0,"[0, 1]"
1095928,2041081,131,0,"[0, 1]"
1095928,2041081,168,0,"[0, 1]"
1095928,2041081,236,0,"[0, 1]"
1095928,2041081,242,0,"[0, 1]"
1095928,2041081,254,0,"[0, 1]"
1095928,2041081,136,0,"[0, 1]"
1095928,2041081,231,0,"[0, 1]"
1095928,2041081,473,0,"[0, 1]"
1095928,2041081,277,0,"[0, 1]"
1095928,2041081,384,0,"[0, 1]"
1095928,2041081,428,0,"[0, 1]"
1095928,2041081,287,0,"[0, 1]"
1095928,2041081,436,0,"[0, 1]"
1095928,2041081,412,0,"[0, 1]"
1095928,2041081,289,0,"[0, 1]"
1095928,2041081,346,0,"[0, 1]"
1095928,2041081,495,0,"[0, 1]"
1095928,2041081,336,0,"[0, 1]"
1095928,2041081,369,0,"[0, 1]"
1095928,2041081,401,0,"[0, 1]"
1095928,2041081,396,0,"[0, 1]"
1095928,2041081,408,0,"[0, 1]"
1095928,2041081,418,0,"[0, 1]"
1095928,2041081,540,0,"[0, 1]"
1095928,2041081,671,0,"[0, 1]"
1095928,2041081,674,0,"[0, 1]"
1095928,2041081,963,0,"[0, 1]"
1095928,2041081,628,0,"[0, 1]"
1095928,2041081,920,0,"[0, 1]"
1095928,2041081,527,0,"[0, 1]"
1095928,2041081,955,0,"[0, 1]"
1095928,2041081,779,0,"[0, 1]"
1095928,2041081,829,0,"[0, 1]"
1095928,2041081,974,0,"[0, 1]"
1095928,2041081,815,0,"[0, 1]"
1095928,2041081,729,0,"[0, 1]"
1095928,2041081,889,0,"[0, 1]"
1095928,2041081,722,0,"[0, 1]"
1095928,2041081,791,0,"[0, 1]"
1095928,2041081,596,0,"[0, 1]"
1095928,2041081,726,0,"[0, 1]"
1095928,2041081,1041,0,"[0, 1]"
1095928,2041081,1165,0,"[0, 1]"
1095928,2041081,1241,0,"[0, 1]"
1095928,2041081,1316,0,"[0, 1]"
1095928,2041081,1808,0,"[0, 1]"
1095928,2041081,1888,0,"[0, 1]"
1095928,2041081,1281,0,"[0, 1]"
1095928,2041081,1252,0,"[0, 1]"
1095928,2041081,1371,0,"[0, 1]"
1095928,2041081,1742,0,"[0, 1]"
1095928,2041081,1350,0,"[0, 1]"
1095928,2041081,1046,0,"[0, 1]"
1095928,2041081,1640,0,"[0, 1]"
1095928,2041081,1367,0,"[0, 1]"
1095928,2041081,1270,0,"[0, 1]"
1095928,2041081,1363,0,"[0, 1]"
1095928,2041081,1227,0,"[0, 1]"
1095928,2041081,1649,0,"[0, 1]"
1095928,2041081,1797,0,"[0, 1]"
1095928,2041081,1859,0,"[0, 1]"
1095928,2041081,3426,0,"[0, 1]"
1095928,2041081,3123,0,"[0, 1]"
1095928,2041081,4005,0,"[0, 1]"
1095928,2041081,3653,0,"[0, 1]"
1095928,2041081,3736,0,"[0, 1]"
1095928,2041081,3626,0,"[0, 1]"
1095928,2041081,3193,0,"[0, 1]"
1095928,2041081,2501,0,"[0, 1]"
1095928,2041081,2259,0,"[0, 1]"
1095928,2041081,2563,0,"[0, 1]"
1095928,2041081,2384,0,"[0, 1]"
1095928,2041081,3217,0,"[0, 1]"
1095928,2041081,2620,0,"[0, 1]"
1095928,2041081,3927,0,"[0, 1]"
1095928,2041081,2160,0,"[0, 1]"
1095928,2041081,2913,0,"[0, 1]"
1095928,2041081,2344,0,"[0, 1]"
1095928,2041081,2838,0,"[0, 1]"
1095928,2041081,2686,0,"[0, 1]"
1095928,2041081,2689,0,"[0, 1]"
1095928,2041081,2395,0,"[0, 1]"
1095928,2041081,2779,0,"[0, 1]"
1095928,2041081,4404,0,"[0, 1]"
1095928,2041081,4526,0,"[0, 1]"
1095928,2041081,7231200,1,"[0, 1]"
1095928,2041081,7519104,1,"[0, 1]"
1095928,2041081,7430503,1,"[0, 1]"
1095928,2041081,7488354,1,"[0, 1]"
1095928,2041081,7313297,1,"[0, 1]"
1095928,2041081,7454451,1,"[0, 1]"
1095928,2041081,7587115,1,"[0, 1]"
1095928,2041081,7409861,1,"[0, 1]"
1095928,2041081,7493194,1,"[0, 1]"
1095928,2041081,2985362,1,"[0, 1]"
1095928,2041081,7216310,1,"[0, 1]"
1095928,2041081,7114795,1,"[0, 1]"
1095928,2041081,7321334,1,"[0, 1]"
1095928,2041081,4632,0,"[0, 1]"
1095928,2041081,7199549,1,"[0, 1]"
1095928,2041081,4928,0,"[0, 1]"
1095928,2041081,7198180,1,"[0, 1]"
1095928,2041081,4881,0,"[0, 1]"
1095928,2041081,4360,0,"[0, 1]"
1095928,2041081,4213956,1,"[0, 1]"
1095928,2041081,7371677,1,"[0, 1]"
1095928,2041081,7539156,1,"[0, 1]"
1095928,2041081,7472654,1,"[0, 1]"
1095928,2041081,7373037,1,"[0, 1]"
1095928,2041081,7290503,1,"[0, 1]"
1095928,2041081,7647720,1,"[0, 1]"
1095928,2041081,7283414,1,"[0, 1]"
1095928,2041081,7516973,1,"[0, 1]"
1095928,2041081,7632217,1,"[0, 1]"
1095928,2041081,7629696,1,"[0, 1]"
1095928,2041081,2972884,1,"[0, 1]"
1095928,2041081,7490272,1,"[0, 1]"
1095928,2041081,7686549,1,"[0, 1]"
1095928,2041081,7092353,1,"[0, 1]"
1095928,2041081,7580864,1,"[0, 1]"
1095928,2041081,7440310,1,"[0, 1]"
1095928,2041081,7503594,1,"[0, 1]"
1095928,2041081,7597704,1,"[0, 1]"
1095928,2041081,7413603,1,"[0, 1]"
1095928,2041081,7246722,1,"[0, 1]"
1095928,2041081,7267718,1,"[0, 1]"
1095928,2041081,7233354,1,"[0, 1]"
1095928,2041081,7447407,1,"[0, 1]"
1095928,2041081,6034688,1,"[0, 1]"
1095928,2041081,7281400,1,"[0, 1]"
1095928,2041081,7426898,1,"[0, 1]"
1095928,2041081,1374917,1,"[0, 1]"
1095928,2041081,7149789,1,"[0, 1]"
676454,7550998,7550998,1,"[1, 0]"
676454,7550998,3349,0,"[1, 0]"
676454,7550998,1674,0,"[1, 0]"
676454,7550998,836,0,"[1, 0]"
676454,7550998,417,0,"[1, 0]"
676454,7550998,208,0,"[1, 0]"
676454,7550998,103,0,"[1, 0]"
676454,7550998,51,0,"[1, 0]"
676454,7550998,25,0,"[1, 0]"
676454,7550998,12,0,"[1, 0]"
676454,7550998,5,0,"[1, 0]"
676454,7550998,2,0,"[1, 0]"
676454,7550998,0,0,"[1, 0]"
676454,7550998,2,0,"[0, 1]"
676454,7550998,1,0,"[0, 1]"
676454,7550998,4,0,"[0, 1]"
676454,7550998,6,0,"[0, 1]"
676454,7550998,3,0,"[0, 1]"
676454,7550998,5,0,"[0, 1]"
676454,7550998,13,0,"[0, 1]"
676454,7550998,9,0,"[0, 1]"
676454,7550998,11,0,"[0, 1]"
676454,7550998,10,0,"[0, 1]"
676454,7550998,12,0,"[0, 1]"
676454,7550998,14,0,"[0, 1]"
676454,7550998,16,0,"[0, 1]"
676454,7550998,28,0,"[0, 1]"
676454,7550998,27,0,"[0, 1]"
676454,7550998,20,0,"[0, 1]"
676454,7550998,17,0,"[0, 1]"
676454,7550998,23,0,"[0, 1]"
676454,7550998,21,0,"[0, 1]"
676454,7550998,30,0,"[0, 1]"
676454,7550998,31,0,"[0, 1]"
676454,7550998,35,0,"[0, 1]"
676454,7550998,49,0,"[0, 1]"
676454,7550998,55,0,"[0, 1]"
676454,7550998,33,0,"[0, 1]"
676454,7550998,60,0,"[0, 1]"
676454,7550998,54,0,"[0, 1]"
676454,7550998,61,0,"[0, 1]"
676454,7550998,62,0,"[0, 1]"
676454,7550998,48,0,"[0, 1]"
676454,7550998,64,0,"[0, 1]"
676454,7550998,88,0,"[0, 1]"
676454,7550998,72,0,"[0, 1]"
676454,7550998,101,0,"[0, 1]"
676454,7550998,110,0,"[0, 1]"
676454,7550998,86,0,"[0, 1]"
676454,7550998,93,0,"[0, 1]"
676454,7550998,116,0,"[0, 1]"
676454,7550998,100,0,"[0, 1]"
676454,7550998,114,0,"[0, 1]"
676454,7550998,102,0,"[0, 1]"
676454,7550998,120,0,"[0, 1]"
676454,7550998,133,0,"[0, 1]"
676454,7550998,141,0,"[0, 1]"
676454,7550998,161,0,"[0, 1]"
676454,7550998,237,0,"[0, 1]"
676454,7550998,239,0,"[0, 1]"
676454,7550998,225,0,"[0, 1]"
676454,7550998,224,0,"[0, 1]"
676454,7550998,216,0,"[0, 1]"
676454,7550998,157,0,"[0, 1]"
676454,7550998,246,0,"[0, 1]"
676454,7550998,195,0,"[0, 1]"
676454,7550998,228,0,"[0, 1]"
676454,7550998,248,0,"[0, 1]"
676454,7550998,160,0,"[0, 1]"
676454,7550998,402,0,"[0, 1]"
676454,7550998,362,0,"[0, 1]"
676454,7550998,386,0,"[0, 1]"
676454,7550998,292,0,"[0, 1]"
676454,7550998,503,0,"[0, 1]"
676454,7550998,255,0,"[0, 1]"
676454,7550998,426,0,"[0, 1]"
676454,7550998,272,0,"[0, 1]"
676454,7550998,390,0,"[0, 1]"
676454,7550998,346,0,"[0, 1]"
676454,7550998,373,0,"[0, 1]"
676454,7550998,262,0,"[0, 1]"
676454,7550998,263,0,"[0, 1]"
676454,7550998,431,0,"[0, 1]"
676454,7550998,458,0,"[0, 1]"
676454,7550998,281,0,"[0, 1]"
676454,7550998,586,0,"[0, 1]"
676454,7550998,1009,0,"[0, 1]"
676454,7550998,657,0,"[0, 1]"
676454,7550998,968,0,"[0, 1]"
676454,7550998,928,0,"[0, 1]"
676454,7550998,519,0,"[0, 1]"
676454,7550998,712,0,"[0, 1]"
676454,7550998,738,0,"[0, 1]"
676454,7550998,720,0,"[0, 1]"
676454,7550998,913,0,"[0, 1]"
676454,7550998,831,0,"[0, 1]"
676454,7550998,568,0,"[0, 1]"
676454,7550998,514,0,"[0, 1]"
676454,7550998,873,0,"[0, 1]"
676454,7550998,886,0,"[0, 1]"
676454,7550998,675,0,"[0, 1]"
676454,7550998,699,0,"[0, 1]"
676454,7550998,607,0,"[0, 1]"
676454,7550998,1841,0,"[0, 1]"
676454,7550998,1646,0,"[0, 1]"
676454,7550998,1733,0,"[0, 1]"
676454,7550998,1121,0,"[0, 1]"
676454,7550998,1529,0,"[0, 1]"
676454,7550998,1233,0,"[0, 1]"
676454,7550998,1748,0,"[0, 1]"
676454,7550998,1133,0,"[0, 1]"
676454,7550998,1500,0,"[0, 1]"
676454,7550998,1447,0,"[0, 1]"
676454,7550998,1125,0,"[0, 1]"
676454,7550998,1379,0,"[0, 1]"
676454,7550998,1972,0,"[0, 1]"
676454,7550998,1229,0,"[0, 1]"
676454,7550998,1767,0,"[0, 1]"
676454,7550998,1228,0,"[0, 1]"
676454,7550998,1386,0,"[0, 1]"
676454,7550998,1088,0,"[0, 1]"
676454,7550998,1711,0,"[0, 1]"
676454,7550998,1572,0,"[0, 1]"
676454,7550998,3105,0,"[0, 1]"
676454,7550998,3835,0,"[0, 1]"
676454,7550998,2404,0,"[0, 1]"
676454,7550998,2594,0,"[0, 1]"
676454,7550998,2316,0,"[0, 1]"
676454,7550998,3352,0,"[0, 1]"
676454,7550998,2925,0,"[0, 1]"
676454,7550998,2983,0,"[0, 1]"
676454,7550998,2430,0,"[0, 1]"
676454,7550998,2868,0,"[0, 1]"
676454,7550998,2972,0,"[0, 1]"
676454,7550998,2677,0,"[0, 1]"
676454,7550998,3947,0,"[0, 1]"
676454,7550998,2445,0,"[0, 1]"
676454,7550998,3909,0,"[0, 1]"
676454,7550998,2291,0,"[0, 1]"
676454,7550998,3895,0,"[0, 1]"
676454,7550998,3184,0,"[0, 1]"
676454,7550998,3934,0,"[0, 1]"
676454,7550998,3555,0,"[0, 1]"
676454,7550998,3262,0,"[0, 1]"
676454,7550998,2081,0,"[0, 1]"
676454,7550998,7454642,1,"[0, 1]"
676454,7550998,7212184,1,"[0, 1]"
676454,7550998,7684635,1,"[0, 1]"
676454,7550998,7287868,1,"[0, 1]"
676454,7550998,4822,0,"[0, 1]"
676454,7550998,7435833,1,"[0, 1]"
676454,7550998,7351093,1,"[0, 1]"
676454,7550998,4422,0,"[0, 1]"
676454,7550998,5779254,1,"[0, 1]"
676454,7550998,7311598,1,"[0, 1]"
676454,7550998,4549,0,"[0, 1]"
676454,7550998,7226373,1,"[0, 1]"
676454,7550998,7635938,1,"[0, 1]"
676454,7550998,7305710,1,"[0, 1]"
676454,7550998,7547624,1,"[0, 1]"
676454,7550998,7289333,1,"[0, 1]"
676454,7550998,7668487,1,"[0, 1]"
676454,7550998,7109836,1,"[0, 1]"
676454,7550998,7165265,1,"[0, 1]"
676454,7550998,7377517,1,"[0, 1]"
676454,7550998,490992,1,"[0, 1]"
676454,7550998,4931,0,"[0, 1]"
676454,7550998,7239766,1,"[0, 1]"
676454,7550998,7313683,1,"[0, 1]"
641284,7551052,7551052,1,"[1, 0]"
641284,7551052,4637,0,"[1, 0]"
641284,7551052,3273,0,"[1, 0]"
641284,7551052,1636,0,"[1, 0]"
641284,7551052,817,0,"[1, 0]"
641284,7551052,408,0,"[1, 0]"
641284,7551052,203,0,"[1, 0]"
641284,7551052,101,0,"[1, 0]"
641284,7551052,50,0,"[1, 0]"
641284,7551052,24,0,"[1, 0]"
641284,7551052,11,0,"[1, 0]"
641284,7551052,5,0,"[1, 0]"
641284,7551052,2,0,"[1, 0]"
641284,7551052,0,0,"[1, 0]"
641284,7551052,2,0,"[0, 1]"
641284,7551052,1,0,"[0, 1]"
641284,7551052,6,0,"[0, 1]"
641284,7551052,4,0,"[0, 1]"
641284,7551052,5,0,"[0, 1]"
641284,7551052,3,0,"[0, 1]"
641284,7551052,14,0,"[0, 1]"
641284,7551052,11,0,"[0, 1]"
641284,7551052,7,0,"[0, 1]"
641284,7551052,9,0,"[0, 1]"
641284,7551052,13,0,"[0, 1]"
641284,7551052,8,0,"[0, 1]"
641284,7551052,25,0,"[0, 1]"
641284,7551052,26,0,"[0, 1]"
641284,7551052,22,0,"[0, 1]"
641284,7551052,23,0,"[0, 1]"
641284,7551052,27,0,"[0, 1]"
641284,7551052,19,0,"[0, 1]"
641284,7551052,21,0,"[0, 1]"
641284,7551052,18,0,"[0, 1]"
641284,7551052,52,0,"[0, 1]"
641284,7551052,35,0,"[0, 1]"
641284,7551052,43,0,"[0, 1]"
641284,7551052,31,0,"[0, 1]"
641284,7551052,49,0,"[0, 1]"
641284,7551052,44,0,"[0, 1]"
641284,7551052,38,0,"[0, 1]"
641284,7551052,41,0,"[0, 1]"
641284,7551052,47,0,"[0, 1]"
641284,7551052,34,0,"[0, 1]"
641284,7551052,99,0,"[0, 1]"
641284,7551052,66,0,"[0, 1]"
641284,7551052,71,0,"[0, 1]"
641284,7551052,112,0,"[0, 1]"
641284,7551052,89,0,"[0, 1]"
641284,7551052,123,0,"[0, 1]"
641284,7551052,98,0,"[0, 1]"
641284,7551052,97,0,"[0, 1]"
641284,7551052,109,0,"[0, 1]"
641284,7551052,105,0,"[0, 1]"
641284,7551052,90,0,"[0, 1]"
641284,7551052,120,0,"[0, 1]"
641284,7551052,131,0,"[0, 1]"
641284,7551052,250,0,"[0, 1]"
641284,7551052,228,0,"[0, 1]"
641284,7551052,168,0,"[0, 1]"
641284,7551052,234,0,"[0, 1]"
641284,7551052,192,0,"[0, 1]"
641284,7551052,236,0,"[0, 1]"
641284,7551052,198,0,"[0, 1]"
641284,7551052,217,0,"[0, 1]"
641284,7551052,191,0,"[0, 1]"
641284,7551052,241,0,"[0, 1]"
641284,7551052,127,0,"[0, 1]"
641284,7551052,172,0,"[0, 1]"
641284,7551052,215,0,"[0, 1]"
641284,7551052,275,0,"[0, 1]"
641284,7551052,348,0,"[0, 1]"
641284,7551052,474,0,"[0, 1]"
641284,7551052,260,0,"[0, 1]"
641284,7551052,478,0,"[0, 1]"
641284,7551052,439,0,"[0, 1]"
641284,7551052,382,0,"[0, 1]"
641284,7551052,452,0,"[0, 1]"
641284,7551052,424,0,"[0, 1]"
641284,7551052,385,0,"[0, 1]"
641284,7551052,286,0,"[0, 1]"
641284,7551052,372,0,"[0, 1]"
641284,7551052,346,0,"[0, 1]"
641284,7551052,451,0,"[0, 1]"
641284,7551052,458,0,"[0, 1]"
641284,7551052,471,0,"[0, 1]"
641284,7551052,984,0,"[0, 1]"
641284,7551052,548,0,"[0, 1]"
641284,7551052,688,0,"[0, 1]"
641284,7551052,862,0,"[0, 1]"
641284,7551052,648,0,"[0, 1]"
641284,7551052,923,0,"[0, 1]"
641284,7551052,1004,0,"[0, 1]"
641284,7551052,649,0,"[0, 1]"
641284,7551052,924,0,"[0, 1]"
641284,7551052,690,0,"[0, 1]"
641284,7551052,711,0,"[0, 1]"
641284,7551052,944,0,"[0, 1]"
641284,7551052,708,0,"[0, 1]"
641284,7551052,537,0,"[0, 1]"
641284,7551052,630,0,"[0, 1]"
641284,7551052,769,0,"[0, 1]"
641284,7551052,512,0,"[0, 1]"
641284,7551052,609,0,"[0, 1]"
641284,7551052,1593,0,"[0, 1]"
641284,7551052,1118,0,"[0, 1]"
641284,7551052,1279,0,"[0, 1]"
641284,7551052,1996,0,"[0, 1]"
641284,7551052,1984,0,"[0, 1]"
641284,7551052,1938,0,"[0, 1]"
641284,7551052,1057,0,"[0, 1]"
641284,7551052,1374,0,"[0, 1]"
641284,7551052,1332,0,"[0, 1]"
641284,7551052,1483,0,"[0, 1]"
641284,7551052,2035,0,"[0, 1]"
641284,7551052,1295,0,"[0, 1]"
641284,7551052,1685,0,"[0, 1]"
641284,7551052,1732,0,"[0, 1]"
641284,7551052,1252,0,"[0, 1]"
641284,7551052,1238,0,"[0, 1]"
641284,7551052,1227,0,"[0, 1]"
641284,7551052,1503,0,"[0, 1]"
641284,7551052,1059,0,"[0, 1]"
641284,7551052,1677,0,"[0, 1]"
641284,7551052,3472,0,"[0, 1]"
641284,7551052,3631,0,"[0, 1]"
641284,7551052,3641,0,"[0, 1]"
641284,7551052,2532,0,"[0, 1]"
641284,7551052,2280,0,"[0, 1]"
641284,7551052,2686,0,"[0, 1]"
641284,7551052,2258,0,"[0, 1]"
641284,7551052,3809,0,"[0, 1]"
641284,7551052,3687,0,"[0, 1]"
641284,7551052,2644,0,"[0, 1]"
641284,7551052,3381,0,"[0, 1]"
641284,7551052,2926,0,"[0, 1]"
641284,7551052,3373,0,"[0, 1]"
641284,7551052,3271,0,"[0, 1]"
641284,7551052,3455,0,"[0, 1]"
641284,7551052,3656,0,"[0, 1]"
641284,7551052,2474,0,"[0, 1]"
641284,7551052,2267,0,"[0, 1]"
641284,7551052,3444,0,"[0, 1]"
641284,7551052,3068,0,"[0, 1]"
641284,7551052,2370,0,"[0, 1]"
641284,7551052,2523,0,"[0, 1]"
641284,7551052,7408281,1,"[0, 1]"
641284,7551052,7419865,1,"[0, 1]"
641284,7551052,4627,0,"[0, 1]"
641284,7551052,4106,0,"[0, 1]"
641284,7551052,7345262,1,"[0, 1]"
641284,7551052,5770375,1,"[0, 1]"
641284,7551052,7151920,1,"[0, 1]"
641284,7551052,7199549,1,"[0, 1]"
641284,7551052,7227997,1,"[0, 1]"
641284,7551052,4621,0,"[0, 1]"
641284,7551052,7450500,1,"[0, 1]"
641284,7551052,7209485,1,"[0, 1]"
641284,7551052,7458120,1,"[0, 1]"
641284,7551052,4215,0,"[0, 1]"
641284,7551052,7472728,1,"[0, 1]"
641284,7551052,7643825,1,"[0, 1]"
641284,7551052,7574541,1,"[0, 1]"
641284,7551052,7104007,1,"[0, 1]"
641284,7551052,4431,0,"[0, 1]"
641284,7551052,7149452,1,"[0, 1]"
641284,7551052,7314108,1,"[0, 1]"
641284,7551052,4943,0,"[0, 1]"
641284,7551052,7083723,1,"[0, 1]"
641284,7551052,7249525,1,"[0, 1]"
641284,7551052,7088053,1,"[0, 1]"
641284,7551052,7370138,1,"[0, 1]"
641284,7551052,526189,1,"[0, 1]"
641284,7551052,7194950,1,"[0, 1]"
641284,7551052,7519905,1,"[0, 1]"
641284,7551052,7539040,1,"[0, 1]"
641284,7551052,7625308,1,"[0, 1]"
641284,7551052,7105204,1,"[0, 1]"
641284,7551052,1433239,1,"[0, 1]"
641284,7551052,1186091,1,"[0, 1]"
641284,7551052,7565711,1,"[0, 1]"
641284,7551052,7558571,1,"[0, 1]"
641284,7551052,7624295,1,"[0, 1]"
641284,7551052,7187757,1,"[0, 1]"
641284,7551052,7080300,1,"[0, 1]"
641284,7551052,7632239,1,"[0, 1]"
641284,7551052,7471037,1,"[0, 1]"
641284,7551052,7676610,1,"[0, 1]"
641284,7551052,7437867,1,"[0, 1]"
641284,7551052,7108813,1,"[0, 1]"
641284,7551052,7614155,1,"[0, 1]"
641284,7551052,6743770,1,"[0, 1]"
641284,7551052,7448805,1,"[0, 1]"
641284,7551052,7131601,1,"[0, 1]"
641284,7551052,7273555,1,"[0, 1]"
641284,7551052,1136320,1,"[0, 1]"
123859,7551078,7551078,1,"[1, 0]"
123859,7551078,2585,0,"[1, 0]"
123859,7551078,1292,0,"[1, 0]"
123859,7551078,645,0,"[1, 0]"
123859,7551078,322,0,"[1, 0]"
123859,7551078,160,0,"[1, 0]"
123859,7551078,79,0,"[1, 0]"
123859,7551078,39,0,"[1, 0]"
123859,7551078,19,0,"[1, 0]"
123859,7551078,9,0,"[1, 0]"
123859,7551078,4,0,"[1, 0]"
123859,7551078,1,0,"[1, 0]"
123859,7551078,0,0,"[1, 0]"
123859,7551078,1,0,"[0, 1]"
123859,7551078,2,0,"[0, 1]"
123859,7551078,5,0,"[0, 1]"
123859,7551078,4,0,"[0, 1]"
123859,7551078,6,0,"[0, 1]"
123859,7551078,3,0,"[0, 1]"
123859,7551078,7,0,"[0, 1]"
123859,7551078,9,0,"[0, 1]"
123859,7551078,8,0,"[0, 1]"
123859,7551078,10,0,"[0, 1]"
123859,7551078,14,0,"[0, 1]"
123859,7551078,12,0,"[0, 1]"
123859,7551078,19,0,"[0, 1]"
123859,7551078,30,0,"[0, 1]"
123859,7551078,17,0,"[0, 1]"
123859,7551078,27,0,"[0, 1]"
123859,7551078,29,0,"[0, 1]"
123859,7551078,20,0,"[0, 1]"
123859,7551078,25,0,"[0, 1]"
123859,7551078,18,0,"[0, 1]"
123859,7551078,45,0,"[0, 1]"
123859,7551078,43,0,"[0, 1]"
123859,7551078,60,0,"[0, 1]"
123859,7551078,59,0,"[0, 1]"
123859,7551078,50,0,"[0, 1]"
123859,7551078,56,0,"[0, 1]"
123859,7551078,39,0,"[0, 1]"
123859,7551078,47,0,"[0, 1]"
123859,7551078,54,0,"[0, 1]"
123859,7551078,35,0,"[0, 1]"
123859,7551078,93,0,"[0, 1]"
123859,7551078,69,0,"[0, 1]"
123859,7551078,79,0,"[0, 1]"
123859,7551078,120,0,"[0, 1]"
123859,7551078,103,0,"[0, 1]"
123859,7551078,84,0,"[0, 1]"
123859,7551078,117,0,"[0, 1]"
123859,7551078,90,0,"[0, 1]"
123859,7551078,98,0,"[0, 1]"
123859,7551078,74,0,"[0, 1]"
123859,7551078,115,0,"[0, 1]"
123859,7551078,63,0,"[0, 1]"
123859,7551078,185,0,"[0, 1]"
123859,7551078,246,0,"[0, 1]"
123859,7551078,217,0,"[0, 1]"
123859,7551078,171,0,"[0, 1]"
123859,7551078,136,0,"[0, 1]"
123859,7551078,155,0,"[0, 1]"
123859,7551078,174,0,"[0, 1]"
123859,7551078,244,0,"[0, 1]"
123859,7551078,247,0,"[0, 1]"
123859,7551078,211,0,"[0, 1]"
123859,7551078,157,0,"[0, 1]"
123859,7551078,206,0,"[0, 1]"
123859,7551078,152,0,"[0, 1]"
123859,7551078,141,0,"[0, 1]"
123859,7551078,270,0,"[0, 1]"
123859,7551078,391,0,"[0, 1]"
123859,7551078,368,0,"[0, 1]"
123859,7551078,449,0,"[0, 1]"
123859,7551078,479,0,"[0, 1]"
123859,7551078,322,0,"[0, 1]"
123859,7551078,387,0,"[0, 1]"
123859,7551078,493,0,"[0, 1]"
123859,7551078,329,0,"[0, 1]"
123859,7551078,470,0,"[0, 1]"
123859,7551078,256,0,"[0, 1]"
123859,7551078,408,0,"[0, 1]"
123859,7551078,452,0,"[0, 1]"
123859,7551078,340,0,"[0, 1]"
123859,7551078,501,0,"[0, 1]"
123859,7551078,413,0,"[0, 1]"
123859,7551078,609,0,"[0, 1]"
123859,7551078,969,0,"[0, 1]"
123859,7551078,627,0,"[0, 1]"
123859,7551078,755,0,"[0, 1]"
123859,7551078,599,0,"[0, 1]"
123859,7551078,601,0,"[0, 1]"
123859,7551078,812,0,"[0, 1]"
123859,7551078,579,0,"[0, 1]"
123859,7551078,556,0,"[0, 1]"
123859,7551078,1017,0,"[0, 1]"
123859,7551078,667,0,"[0, 1]"
123859,7551078,558,0,"[0, 1]"
123859,7551078,593,0,"[0, 1]"
123859,7551078,690,0,"[0, 1]"
123859,7551078,655,0,"[0, 1]"
123859,7551078,809,0,"[0, 1]"
123859,7551078,857,0,"[0, 1]"
123859,7551078,610,0,"[0, 1]"
123859,7551078,1744,0,"[0, 1]"
123859,7551078,1043,0,"[0, 1]"
123859,7551078,1816,0,"[0, 1]"
123859,7551078,1738,0,"[0, 1]"
123859,7551078,1940,0,"[0, 1]"
123859,7551078,1314,0,"[0, 1]"
123859,7551078,2024,0,"[0, 1]"
123859,7551078,2029,0,"[0, 1]"
123859,7551078,1807,0,"[0, 1]"
123859,7551078,1127,0,"[0, 1]"
123859,7551078,1566,0,"[0, 1]"
123859,7551078,1028,0,"[0, 1]"
123859,7551078,1170,0,"[0, 1]"
123859,7551078,1849,0,"[0, 1]"
123859,7551078,1824,0,"[0, 1]"
123859,7551078,1961,0,"[0, 1]"
123859,7551078,1895,0,"[0, 1]"
123859,7551078,1842,0,"[0, 1]"
123859,7551078,1430,0,"[0, 1]"
123859,7551078,1810,0,"[0, 1]"
123859,7551078,2110,0,"[0, 1]"
123859,7551078,3541,0,"[0, 1]"
123859,7551078,3512,0,"[0, 1]"
123859,7551078,3836,0,"[0, 1]"
123859,7551078,3205,0,"[0, 1]"
123859,7551078,3646,0,"[0, 1]"
123859,7551078,3816,0,"[0, 1]"
123859,7551078,2557,0,"[0, 1]"
123859,7551078,2888,0,"[0, 1]"
123859,7551078,2141,0,"[0, 1]"
123859,7551078,2349,0,"[0, 1]"
123859,7551078,3277,0,"[0, 1]"
123859,7551078,3844,0,"[0, 1]"
123859,7551078,3698,0,"[0, 1]"
123859,7551078,3943,0,"[0, 1]"
123859,7551078,3150,0,"[0, 1]"
123859,7551078,3256,0,"[0, 1]"
123859,7551078,3656,0,"[0, 1]"
123859,7551078,2231,0,"[0, 1]"
123859,7551078,3254,0,"[0, 1]"
123859,7551078,2767,0,"[0, 1]"
123859,7551078,3651,0,"[0, 1]"
123859,7551078,1990785,1,"[0, 1]"
123859,7551078,7075870,1,"[0, 1]"
123859,7551078,7124139,1,"[0, 1]"
123859,7551078,4554,0,"[0, 1]"
123859,7551078,7555414,1,"[0, 1]"
123859,7551078,7125772,1,"[0, 1]"
123859,7551078,7172696,1,"[0, 1]"
123859,7551078,7670356,1,"[0, 1]"
123859,7551078,6225607,1,"[0, 1]"
123859,7551078,4392,0,"[0, 1]"
123859,7551078,7319322,1,"[0, 1]"
123859,7551078,7119548,1,"[0, 1]"
123859,7551078,7094524,1,"[0, 1]"
123859,7551078,7275185,1,"[0, 1]"
123859,7551078,7636793,1,"[0, 1]"
123859,7551078,7681665,1,"[0, 1]"
123859,7551078,7523050,1,"[0, 1]"
123859,7551078,7575259,1,"[0, 1]"
123859,7551078,5616677,1,"[0, 1]"
123859,7551078,7539872,1,"[0, 1]"
123859,7551078,7644294,1,"[0, 1]"
123859,7551078,7087159,1,"[0, 1]"
123859,7551078,7106746,1,"[0, 1]"
123859,7551078,7117859,1,"[0, 1]"
601629,2609809,2609809,1,"[1, 0]"
601629,2609809,2120,0,"[1, 0]"
601629,2609809,1059,0,"[1, 0]"
601629,2609809,529,0,"[1, 0]"
601629,2609809,264,0,"[1, 0]"
601629,2609809,131,0,"[1, 0]"
601629,2609809,65,0,"[1, 0]"
601629,2609809,32,0,"[1, 0]"
601629,2609809,15,0,"[1, 0]"
601629,2609809,7,0,"[1, 0]"
601629,2609809,3,0,"[1, 0]"
601629,2609809,1,0,"[1, 0]"
601629,2609809,0,0,"[1, 0]"
601629,2609809,2,0,"[0, 1]"
601629,2609809,1,0,"[0, 1]"
601629,2609809,6,0,"[0, 1]"
601629,2609809,5,0,"[0, 1]"
601629,2609809,3,0,"[0, 1]"
601629,2609809,4,0,"[0, 1]"
601629,2609809,8,0,"[0, 1]"
601629,2609809,12,0,"[0, 1]"
601629,2609809,9,0,"[0, 1]"
601629,2609809,11,0,"[0, 1]"
601629,2609809,13,0,"[0, 1]"
601629,2609809,10,0,"[0, 1]"
601629,2609809,28,0,"[0, 1]"
601629,2609809,26,0,"[0, 1]"
601629,2609809,29,0,"[0, 1]"
601629,2609809,16,0,"[0, 1]"
601629,2609809,22,0,"[0, 1]"
601629,2609809,18,0,"[0, 1]"
601629,2609809,15,0,"[0, 1]"
601629,2609809,19,0,"[0, 1]"
601629,2609809,48,0,"[0, 1]"
601629,2609809,46,0,"[0, 1]"
601629,2609809,61,0,"[0, 1]"
601629,2609809,49,0,"[0, 1]"
601629,2609809,41,0,"[0, 1]"
601629,2609809,51,0,"[0, 1]"
601629,2609809,35,0,"[0, 1]"
601629,2609809,50,0,"[0, 1]"
601629,2609809,52,0,"[0, 1]"
601629,2609809,42,0,"[0, 1]"
601629,2609809,98,0,"[0, 1]"
601629,2609809,76,0,"[0, 1]"
601629,2609809,96,0,"[0, 1]"
601629,2609809,111,0,"[0, 1]"
601629,2609809,64,0,"[0, 1]"
601629,2609809,115,0,"[0, 1]"
601629,2609809,80,0,"[0, 1]"
601629,2609809,116,0,"[0, 1]"
601629,2609809,72,0,"[0, 1]"
601629,2609809,66,0,"[0, 1]"
601629,2609809,101,0,"[0, 1]"
601629,2609809,119,0,"[0, 1]"
601629,2609809,208,0,"[0, 1]"
601629,2609809,242,0,"[0, 1]"
601629,2609809,247,0,"[0, 1]"
601629,2609809,248,0,"[0, 1]"
601629,2609809,235,0,"[0, 1]"
601629,2609809,182,0,"[0, 1]"
601629,2609809,233,0,"[0, 1]"
601629,2609809,142,0,"[0, 1]"
601629,2609809,185,0,"[0, 1]"
601629,2609809,181,0,"[0, 1]"
601629,2609809,210,0,"[0, 1]"
601629,2609809,184,0,"[0, 1]"
601629,2609809,196,0,"[0, 1]"
601629,2609809,137,0,"[0, 1]"
601629,2609809,463,0,"[0, 1]"
601629,2609809,311,0,"[0, 1]"
601629,2609809,315,0,"[0, 1]"
601629,2609809,377,0,"[0, 1]"
601629,2609809,344,0,"[0, 1]"
601629,2609809,334,0,"[0, 1]"
601629,2609809,306,0,"[0, 1]"
601629,2609809,483,0,"[0, 1]"
601629,2609809,387,0,"[0, 1]"
601629,2609809,468,0,"[0, 1]"
601629,2609809,419,0,"[0, 1]"
601629,2609809,464,0,"[0, 1]"
601629,2609809,506,0,"[0, 1]"
601629,2609809,451,0,"[0, 1]"
601629,2609809,448,0,"[0, 1]"
601629,2609809,370,0,"[0, 1]"
601629,2609809,899,0,"[0, 1]"
601629,2609809,625,0,"[0, 1]"
601629,2609809,554,0,"[0, 1]"
601629,2609809,700,0,"[0, 1]"
601629,2609809,521,0,"[0, 1]"
601629,2609809,722,0,"[0, 1]"
601629,2609809,594,0,"[0, 1]"
601629,2609809,618,0,"[0, 1]"
601629,2609809,604,0,"[0, 1]"
601629,2609809,1014,0,"[0, 1]"
601629,2609809,577,0,"[0, 1]"
601629,2609809,513,0,"[0, 1]"
601629,2609809,923,0,"[0, 1]"
601629,2609809,532,0,"[0, 1]"
601629,2609809,786,0,"[0, 1]"
601629,2609809,617,0,"[0, 1]"
601629,2609809,667,0,"[0, 1]"
601629,2609809,575,0,"[0, 1]"
601629,2609809,1739,0,"[0, 1]"
601629,2609809,1475,0,"[0, 1]"
601629,2609809,1940,0,"[0, 1]"
601629,2609809,1115,0,"[0, 1]"
601629,2609809,1830,0,"[0, 1]"
601629,2609809,1447,0,"[0, 1]"
601629,2609809,1624,0,"[0, 1]"
601629,2609809,1539,0,"[0, 1]"
601629,2609809,1132,0,"[0, 1]"
601629,2609809,1416,0,"[0, 1]"
601629,2609809,1398,0,"[0, 1]"
601629,2609809,2021,0,"[0, 1]"
601629,2609809,1259,0,"[0, 1]"
601629,2609809,1117,0,"[0, 1]"
601629,2609809,1581,0,"[0, 1]"
601629,2609809,1547,0,"[0, 1]"
601629,2609809,1047,0,"[0, 1]"
601629,2609809,1502,0,"[0, 1]"
601629,2609809,2024,0,"[0, 1]"
601629,2609809,1203,0,"[0, 1]"
601629,2609809,2884,0,"[0, 1]"
601629,2609809,2823,0,"[0, 1]"
601629,2609809,2553,0,"[0, 1]"
601629,2609809,2833,0,"[0, 1]"
601629,2609809,2727,0,"[0, 1]"
601629,2609809,2101,0,"[0, 1]"
601629,2609809,2166,0,"[0, 1]"
601629,2609809,2783,0,"[0, 1]"
601629,2609809,3657,0,"[0, 1]"
601629,2609809,3466,0,"[0, 1]"
601629,2609809,3366,0,"[0, 1]"
601629,2609809,3424,0,"[0, 1]"
601629,2609809,2357,0,"[0, 1]"
601629,2609809,3729,0,"[0, 1]"
601629,2609809,3244,0,"[0, 1]"
601629,2609809,3105,0,"[0, 1]"
601629,2609809,3458,0,"[0, 1]"
601629,2609809,2716,0,"[0, 1]"
601629,2609809,2632,0,"[0, 1]"
601629,2609809,3452,0,"[0, 1]"
601629,2609809,2949,0,"[0, 1]"
601629,2609809,2353,0,"[0, 1]"
601629,2609809,4962,0,"[0, 1]"
601629,2609809,7664995,1,"[0, 1]"
601629,2609809,7541711,1,"[0, 1]"
601629,2609809,7099045,1,"[0, 1]"
601629,2609809,1549440,1,"[0, 1]"
601629,2609809,7542697,1,"[0, 1]"
601629,2609809,7159357,1,"[0, 1]"
601629,2609809,7319314,1,"[0, 1]"
601629,2609809,7468513,1,"[0, 1]"
601629,2609809,7257177,1,"[0, 1]"
601629,2609809,7688925,1,"[0, 1]"
601629,2609809,7593647,1,"[0, 1]"
601629,2609809,7681196,1,"[0, 1]"
601629,2609809,4613,0,"[0, 1]"
601629,2609809,7288132,1,"[0, 1]"
601629,2609809,4608,0,"[0, 1]"
601629,2609809,7189902,1,"[0, 1]"
601629,2609809,7377517,1,"[0, 1]"
601629,2609809,2339676,1,"[0, 1]"
601629,2609809,4264,0,"[0, 1]"
601629,2609809,4396,0,"[0, 1]"
601629,2609809,2177965,1,"[0, 1]"
601629,2609809,7359292,1,"[0, 1]"
601629,2609809,537325,1,"[0, 1]"
50498,7551261,7551261,1,"[1, 0]"
50498,7551261,3584,0,"[1, 0]"
50498,7551261,1791,0,"[1, 0]"
50498,7551261,895,0,"[1, 0]"
50498,7551261,447,0,"[1, 0]"
50498,7551261,223,0,"[1, 0]"
50498,7551261,111,0,"[1, 0]"
50498,7551261,55,0,"[1, 0]"
50498,7551261,27,0,"[1, 0]"
50498,7551261,13,0,"[1, 0]"
50498,7551261,6,0,"[1, 0]"
50498,7551261,2,0,"[1, 0]"
50498,7551261,0,0,"[1, 0]"
50498,7551261,2,0,"[0, 1]"
50498,7551261,1,0,"[0, 1]"
50498,7551261,3,0,"[0, 1]"
50498,7551261,4,0,"[0, 1]"
50498,7551261,5,0,"[0, 1]"
50498,7551261,6,0,"[0, 1]"
50498,7551261,13,0,"[0, 1]"
50498,7551261,11,0,"[0, 1]"
50498,7551261,10,0,"[0, 1]"
50498,7551261,8,0,"[0, 1]"
50498,7551261,12,0,"[0, 1]"
50498,7551261,7,0,"[0, 1]"
50498,7551261,22,0,"[0, 1]"
50498,7551261,24,0,"[0, 1]"
50498,7551261,20,0,"[0, 1]"
50498,7551261,28,0,"[0, 1]"
50498,7551261,16,0,"[0, 1]"
50498,7551261,15,0,"[0, 1]"
50498,7551261,30,0,"[0, 1]"
50498,7551261,19,0,"[0, 1]"
50498,7551261,39,0,"[0, 1]"
50498,7551261,36,0,"[0, 1]"
50498,7551261,53,0,"[0, 1]"
50498,7551261,60,0,"[0, 1]"
50498,7551261,35,0,"[0, 1]"
50498,7551261,37,0,"[0, 1]"
50498,7551261,40,0,"[0, 1]"
50498,7551261,33,0,"[0, 1]"
50498,7551261,47,0,"[0, 1]"
50498,7551261,50,0,"[0, 1]"
50498,7551261,107,0,"[0, 1]"
50498,7551261,115,0,"[0, 1]"
50498,7551261,116,0,"[0, 1]"
50498,7551261,118,0,"[0, 1]"
50498,7551261,72,0,"[0, 1]"
50498,7551261,67,0,"[0, 1]"
50498,7551261,86,0,"[0, 1]"
50498,7551261,113,0,"[0, 1]"
50498,7551261,88,0,"[0, 1]"
50498,7551261,120,0,"[0, 1]"
50498,7551261,83,0,"[0, 1]"
50498,7551261,97,0,"[0, 1]"
50498,7551261,138,0,"[0, 1]"
50498,7551261,253,0,"[0, 1]"
50498,7551261,210,0,"[0, 1]"
50498,7551261,206,0,"[0, 1]"
50498,7551261,244,0,"[0, 1]"
50498,7551261,252,0,"[0, 1]"
50498,7551261,158,0,"[0, 1]"
50498,7551261,236,0,"[0, 1]"
50498,7551261,223,0,"[0, 1]"
50498,7551261,142,0,"[0, 1]"
50498,7551261,243,0,"[0, 1]"
50498,7551261,182,0,"[0, 1]"
50498,7551261,167,0,"[0, 1]"
50498,7551261,248,0,"[0, 1]"
50498,7551261,267,0,"[0, 1]"
50498,7551261,495,0,"[0, 1]"
50498,7551261,485,0,"[0, 1]"
50498,7551261,510,0,"[0, 1]"
50498,7551261,416,0,"[0, 1]"
50498,7551261,400,0,"[0, 1]"
50498,7551261,496,0,"[0, 1]"
50498,7551261,447,0,"[0, 1]"
50498,7551261,401,0,"[0, 1]"
50498,7551261,318,0,"[0, 1]"
50498,7551261,385,0,"[0, 1]"
50498,7551261,467,0,"[0, 1]"
50498,7551261,323,0,"[0, 1]"
50498,7551261,498,0,"[0, 1]"
50498,7551261,325,0,"[0, 1]"
50498,7551261,487,0,"[0, 1]"
50498,7551261,713,0,"[0, 1]"
50498,7551261,903,0,"[0, 1]"
50498,7551261,948,0,"[0, 1]"
50498,7551261,702,0,"[0, 1]"
50498,7551261,530,0,"[0, 1]"
50498,7551261,619,0,"[0, 1]"
50498,7551261,770,0,"[0, 1]"
50498,7551261,567,0,"[0, 1]"
50498,7551261,511,0,"[0, 1]"
50498,7551261,895,0,"[0, 1]"
50498,7551261,951,0,"[0, 1]"
50498,7551261,794,0,"[0, 1]"
50498,7551261,518,0,"[0, 1]"
50498,7551261,557,0,"[0, 1]"
50498,7551261,976,0,"[0, 1]"
50498,7551261,904,0,"[0, 1]"
50498,7551261,944,0,"[0, 1]"
50498,7551261,965,0,"[0, 1]"
50498,7551261,1537,0,"[0, 1]"
50498,7551261,1822,0,"[0, 1]"
50498,7551261,1839,0,"[0, 1]"
50498,7551261,1239,0,"[0, 1]"
50498,7551261,1342,0,"[0, 1]"
50498,7551261,1783,0,"[0, 1]"
50498,7551261,1133,0,"[0, 1]"
50498,7551261,1515,0,"[0, 1]"
50498,7551261,1255,0,"[0, 1]"
50498,7551261,1288,0,"[0, 1]"
50498,7551261,1536,0,"[0, 1]"
50498,7551261,1959,0,"[0, 1]"
50498,7551261,1339,0,"[0, 1]"
50498,7551261,1485,0,"[0, 1]"
50498,7551261,1232,0,"[0, 1]"
50498,7551261,2016,0,"[0, 1]"
50498,7551261,1678,0,"[0, 1]"
50498,7551261,1768,0,"[0, 1]"
50498,7551261,1599,0,"[0, 1]"
50498,7551261,1948,0,"[0, 1]"
50498,7551261,3621,0,"[0, 1]"
50498,7551261,2871,0,"[0, 1]"
50498,7551261,3480,0,"[0, 1]"
50498,7551261,2709,0,"[0, 1]"
50498,7551261,3180,0,"[0, 1]"
50498,7551261,2465,0,"[0, 1]"
50498,7551261,2291,0,"[0, 1]"
50498,7551261,3079,0,"[0, 1]"
50498,7551261,2669,0,"[0, 1]"
50498,7551261,2475,0,"[0, 1]"
50498,7551261,3950,0,"[0, 1]"
50498,7551261,4006,0,"[0, 1]"
50498,7551261,4009,0,"[0, 1]"
50498,7551261,2056,0,"[0, 1]"
50498,7551261,2378,0,"[0, 1]"
50498,7551261,3666,0,"[0, 1]"
50498,7551261,3809,0,"[0, 1]"
50498,7551261,2256,0,"[0, 1]"
50498,7551261,4019,0,"[0, 1]"
50498,7551261,2221,0,"[0, 1]"
50498,7551261,3388,0,"[0, 1]"
50498,7551261,2491,0,"[0, 1]"
50498,7551261,7231901,1,"[0, 1]"
50498,7551261,7146502,1,"[0, 1]"
50498,7551261,4340,0,"[0, 1]"
50498,7551261,3296704,1,"[0, 1]"
50498,7551261,1142797,1,"[0, 1]"
50498,7551261,4758,0,"[0, 1]"
50498,7551261,4389,0,"[0, 1]"
50498,7551261,4525,0,"[0, 1]"
50498,7551261,7476956,1,"[0, 1]"
50498,7551261,4820,0,"[0, 1]"
50498,7551261,7569018,1,"[0, 1]"
50498,7551261,7072160,1,"[0, 1]"
50498,7551261,2488243,1,"[0, 1]"
50498,7551261,4693,0,"[0, 1]"
50498,7551261,100163,1,"[0, 1]"
50498,7551261,4601,0,"[0, 1]"
50498,7551261,4147,0,"[0, 1]"
50498,7551261,7221033,1,"[0, 1]"
50498,7551261,4618,0,"[0, 1]"
50498,7551261,7138288,1,"[0, 1]"
50498,7551261,7519106,1,"[0, 1]"
50498,7551261,7232021,1,"[0, 1]"
50498,7551261,7249525,1,"[0, 1]"
50498,7551261,7430864,1,"[0, 1]"
1095922,7551337,7551337,1,"[1, 0]"
1095922,7551337,2816,0,"[1, 0]"
1095922,7551337,1407,0,"[1, 0]"
1095922,7551337,703,0,"[1, 0]"
1095922,7551337,351,0,"[1, 0]"
1095922,7551337,175,0,"[1, 0]"
1095922,7551337,87,0,"[1, 0]"
1095922,7551337,43,0,"[1, 0]"
1095922,7551337,21,0,"[1, 0]"
1095922,7551337,10,0,"[1, 0]"
1095922,7551337,4,0,"[1, 0]"
1095922,7551337,1,0,"[1, 0]"
1095922,7551337,0,0,"[1, 0]"
1095922,7551337,2,0,"[0, 1]"
1095922,7551337,1,0,"[0, 1]"
1095922,7551337,4,0,"[0, 1]"
1095922,7551337,5,0,"[0, 1]"
1095922,7551337,6,0,"[0, 1]"
1095922,7551337,3,0,"[0, 1]"
1095922,7551337,7,0,"[0, 1]"
1095922,7551337,10,0,"[0, 1]"
1095922,7551337,12,0,"[0, 1]"
1095922,7551337,8,0,"[0, 1]"
1095922,7551337,9,0,"[0, 1]"
1095922,7551337,11,0,"[0, 1]"
1095922,7551337,25,0,"[0, 1]"
1095922,7551337,18,0,"[0, 1]"
1095922,7551337,19,0,"[0, 1]"
1095922,7551337,27,0,"[0, 1]"
1095922,7551337,26,0,"[0, 1]"
1095922,7551337,24,0,"[0, 1]"
1095922,7551337,30,0,"[0, 1]"
1095922,7551337,29,0,"[0, 1]"
1095922,7551337,59,0,"[0, 1]"
1095922,7551337,44,0,"[0, 1]"
1095922,7551337,46,0,"[0, 1]"
1095922,7551337,62,0,"[0, 1]"
1095922,7551337,35,0,"[0, 1]"
1095922,7551337,37,0,"[0, 1]"
1095922,7551337,41,0,"[0, 1]"
1095922,7551337,32,0,"[0, 1]"
1095922,7551337,47,0,"[0, 1]"
1095922,7551337,42,0,"[0, 1]"
1095922,7551337,107,0,"[0, 1]"
1095922,7551337,93,0,"[0, 1]"
1095922,7551337,78,0,"[0, 1]"
1095922,7551337,64,0,"[0, 1]"
1095922,7551337,94,0,"[0, 1]"
1095922,7551337,116,0,"[0, 1]"
1095922,7551337,88,0,"[0, 1]"
1095922,7551337,102,0,"[0, 1]"
1095922,7551337,91,0,"[0, 1]"
1095922,7551337,68,0,"[0, 1]"
1095922,7551337,112,0,"[0, 1]"
1095922,7551337,85,0,"[0, 1]"
1095922,7551337,223,0,"[0, 1]"
1095922,7551337,242,0,"[0, 1]"
1095922,7551337,184,0,"[0, 1]"
1095922,7551337,143,0,"[0, 1]"
1095922,7551337,160,0,"[0, 1]"
1095922,7551337,132,0,"[0, 1]"
1095922,7551337,151,0,"[0, 1]"
1095922,7551337,189,0,"[0, 1]"
1095922,7551337,245,0,"[0, 1]"
1095922,7551337,212,0,"[0, 1]"
1095922,7551337,169,0,"[0, 1]"
1095922,7551337,219,0,"[0, 1]"
1095922,7551337,244,0,"[0, 1]"
1095922,7551337,179,0,"[0, 1]"
1095922,7551337,286,0,"[0, 1]"
1095922,7551337,345,0,"[0, 1]"
1095922,7551337,298,0,"[0, 1]"
1095922,7551337,313,0,"[0, 1]"
1095922,7551337,332,0,"[0, 1]"
1095922,7551337,287,0,"[0, 1]"
1095922,7551337,437,0,"[0, 1]"
1095922,7551337,355,0,"[0, 1]"
1095922,7551337,358,0,"[0, 1]"
1095922,7551337,420,0,"[0, 1]"
1095922,7551337,368,0,"[0, 1]"
1095922,7551337,445,0,"[0, 1]"
1095922,7551337,280,0,"[0, 1]"
1095922,7551337,460,0,"[0, 1]"
1095922,7551337,447,0,"[0, 1]"
1095922,7551337,272,0,"[0, 1]"
1095922,7551337,666,0,"[0, 1]"
1095922,7551337,529,0,"[0, 1]"
1095922,7551337,766,0,"[0, 1]"
1095922,7551337,1000,0,"[0, 1]"
1095922,7551337,676,0,"[0, 1]"
1095922,7551337,650,0,"[0, 1]"
1095922,7551337,727,0,"[0, 1]"
1095922,7551337,656,0,"[0, 1]"
1095922,7551337,905,0,"[0, 1]"
1095922,7551337,753,0,"[0, 1]"
1095922,7551337,625,0,"[0, 1]"
1095922,7551337,924,0,"[0, 1]"
1095922,7551337,807,0,"[0, 1]"
1095922,7551337,556,0,"[0, 1]"
1095922,7551337,813,0,"[0, 1]"
1095922,7551337,1011,0,"[0, 1]"
1095922,7551337,558,0,"[0, 1]"
1095922,7551337,636,0,"[0, 1]"
1095922,7551337,1563,0,"[0, 1]"
1095922,7551337,1037,0,"[0, 1]"
1095922,7551337,1101,0,"[0, 1]"
1095922,7551337,1166,0,"[0, 1]"
1095922,7551337,1309,0,"[0, 1]"
1095922,7551337,1344,0,"[0, 1]"
1095922,7551337,1474,0,"[0, 1]"
1095922,7551337,1050,0,"[0, 1]"
1095922,7551337,1227,0,"[0, 1]"
1095922,7551337,1405,0,"[0, 1]"
1095922,7551337,1594,0,"[0, 1]"
1095922,7551337,1628,0,"[0, 1]"
1095922,7551337,1854,0,"[0, 1]"
1095922,7551337,1994,0,"[0, 1]"
1095922,7551337,1442,0,"[0, 1]"
1095922,7551337,1694,0,"[0, 1]"
1095922,7551337,1216,0,"[0, 1]"
1095922,7551337,1671,0,"[0, 1]"
1095922,7551337,1586,0,"[0, 1]"
1095922,7551337,1389,0,"[0, 1]"
1095922,7551337,2344,0,"[0, 1]"
1095922,7551337,3671,0,"[0, 1]"
1095922,7551337,4078,0,"[0, 1]"
1095922,7551337,2306,0,"[0, 1]"
1095922,7551337,2688,0,"[0, 1]"
1095922,7551337,4018,0,"[0, 1]"
1095922,7551337,3123,0,"[0, 1]"
1095922,7551337,3026,0,"[0, 1]"
1095922,7551337,2092,0,"[0, 1]"
1095922,7551337,2165,0,"[0, 1]"
1095922,7551337,3834,0,"[0, 1]"
1095922,7551337,3133,0,"[0, 1]"
1095922,7551337,2109,0,"[0, 1]"
1095922,7551337,2699,0,"[0, 1]"
1095922,7551337,2974,0,"[0, 1]"
1095922,7551337,3339,0,"[0, 1]"
1095922,7551337,3767,0,"[0, 1]"
1095922,7551337,2441,0,"[0, 1]"
1095922,7551337,3740,0,"[0, 1]"
1095922,7551337,2382,0,"[0, 1]"
1095922,7551337,3691,0,"[0, 1]"
1095922,7551337,3912,0,"[0, 1]"
1095922,7551337,7586101,1,"[0, 1]"
1095922,7551337,7635087,1,"[0, 1]"
1095922,7551337,4653,0,"[0, 1]"
1095922,7551337,4303,0,"[0, 1]"
1095922,7551337,2177965,1,"[0, 1]"
1095922,7551337,7578450,1,"[0, 1]"
1095922,7551337,4794,0,"[0, 1]"
1095922,7551337,4922,0,"[0, 1]"
1095922,7551337,7455864,1,"[0, 1]"
1095922,7551337,4671,0,"[0, 1]"
1095922,7551337,7686944,1,"[0, 1]"
1095922,7551337,4356,0,"[0, 1]"
1095922,7551337,4443,0,"[0, 1]"
1095922,7551337,4932,0,"[0, 1]"
1095922,7551337,7302992,1,"[0, 1]"
1095922,7551337,7562944,1,"[0, 1]"
1095922,7551337,7401497,1,"[0, 1]"
1095922,7551337,4442,0,"[0, 1]"
1095922,7551337,4538702,1,"[0, 1]"
1095922,7551337,7650090,1,"[0, 1]"
1095922,7551337,7625246,1,"[0, 1]"
1095922,7551337,7079501,1,"[0, 1]"
1095922,7551337,7144010,1,"[0, 1]"
1095922,7551337,4367,0,"[0, 1]"
646623,7551418,7551418,1,"[1, 0]"
646623,7551418,2587,0,"[1, 0]"
646623,7551418,1293,0,"[1, 0]"
646623,7551418,646,0,"[1, 0]"
646623,7551418,322,0,"[1, 0]"
646623,7551418,160,0,"[1, 0]"
646623,7551418,79,0,"[1, 0]"
646623,7551418,39,0,"[1, 0]"
646623,7551418,19,0,"[1, 0]"
646623,7551418,9,0,"[1, 0]"
646623,7551418,4,0,"[1, 0]"
646623,7551418,1,0,"[1, 0]"
646623,7551418,0,0,"[1, 0]"
646623,7551418,1,0,"[0, 1]"
646623,7551418,2,0,"[0, 1]"
646623,7551418,3,0,"[0, 1]"
646623,7551418,5,0,"[0, 1]"
646623,7551418,6,0,"[0, 1]"
646623,7551418,4,0,"[0, 1]"
646623,7551418,9,0,"[0, 1]"
646623,7551418,12,0,"[0, 1]"
646623,7551418,10,0,"[0, 1]"
646623,7551418,8,0,"[0, 1]"
646623,7551418,14,0,"[0, 1]"
646623,7551418,11,0,"[0, 1]"
646623,7551418,30,0,"[0, 1]"
646623,7551418,25,0,"[0, 1]"
646623,7551418,16,0,"[0, 1]"
646623,7551418,22,0,"[0, 1]"
646623,7551418,20,0,"[0, 1]"
646623,7551418,27,0,"[0, 1]"
646623,7551418,28,0,"[0, 1]"
646623,7551418,29,0,"[0, 1]"
646623,7551418,37,0,"[0, 1]"
646623,7551418,44,0,"[0, 1]"
646623,7551418,59,0,"[0, 1]"
646623,7551418,35,0,"[0, 1]"
646623,7551418,52,0,"[0, 1]"
646623,7551418,39,0,"[0, 1]"
646623,7551418,53,0,"[0, 1]"
646623,7551418,40,0,"[0, 1]"
646623,7551418,42,0,"[0, 1]"
646623,7551418,56,0,"[0, 1]"
646623,7551418,70,0,"[0, 1]"
646623,7551418,95,0,"[0, 1]"
646623,7551418,86,0,"[0, 1]"
646623,7551418,99,0,"[0, 1]"
646623,7551418,82,0,"[0, 1]"
646623,7551418,111,0,"[0, 1]"
646623,7551418,63,0,"[0, 1]"
646623,7551418,114,0,"[0, 1]"
646623,7551418,73,0,"[0, 1]"
646623,7551418,100,0,"[0, 1]"
646623,7551418,92,0,"[0, 1]"
646623,7551418,68,0,"[0, 1]"
646623,7551418,240,0,"[0, 1]"
646623,7551418,206,0,"[0, 1]"
646623,7551418,128,0,"[0, 1]"
646623,7551418,200,0,"[0, 1]"
646623,7551418,252,0,"[0, 1]"
646623,7551418,178,0,"[0, 1]"
646623,7551418,155,0,"[0, 1]"
646623,7551418,203,0,"[0, 1]"
646623,7551418,172,0,"[0, 1]"
646623,7551418,211,0,"[0, 1]"
646623,7551418,249,0,"[0, 1]"
646623,7551418,152,0,"[0, 1]"
646623,7551418,201,0,"[0, 1]"
646623,7551418,191,0,"[0, 1]"
646623,7551418,494,0,"[0, 1]"
646623,7551418,317,0,"[0, 1]"
646623,7551418,389,0,"[0, 1]"
646623,7551418,256,0,"[0, 1]"
646623,7551418,374,0,"[0, 1]"
646623,7551418,303,0,"[0, 1]"
646623,7551418,390,0,"[0, 1]"
646623,7551418,504,0,"[0, 1]"
646623,7551418,358,0,"[0, 1]"
646623,7551418,496,0,"[0, 1]"
646623,7551418,266,0,"[0, 1]"
646623,7551418,422,0,"[0, 1]"
646623,7551418,278,0,"[0, 1]"
646623,7551418,341,0,"[0, 1]"
646623,7551418,314,0,"[0, 1]"
646623,7551418,453,0,"[0, 1]"
646623,7551418,879,0,"[0, 1]"
646623,7551418,654,0,"[0, 1]"
646623,7551418,538,0,"[0, 1]"
646623,7551418,900,0,"[0, 1]"
646623,7551418,695,0,"[0, 1]"
646623,7551418,547,0,"[0, 1]"
646623,7551418,696,0,"[0, 1]"
646623,7551418,574,0,"[0, 1]"
646623,7551418,660,0,"[0, 1]"
646623,7551418,856,0,"[0, 1]"
646623,7551418,788,0,"[0, 1]"
646623,7551418,924,0,"[0, 1]"
646623,7551418,650,0,"[0, 1]"
646623,7551418,619,0,"[0, 1]"
646623,7551418,532,0,"[0, 1]"
646623,7551418,999,0,"[0, 1]"
646623,7551418,808,0,"[0, 1]"
646623,7551418,798,0,"[0, 1]"
646623,7551418,1140,0,"[0, 1]"
646623,7551418,1759,0,"[0, 1]"
646623,7551418,1439,0,"[0, 1]"
646623,7551418,1466,0,"[0, 1]"
646623,7551418,1124,0,"[0, 1]"
646623,7551418,1784,0,"[0, 1]"
646623,7551418,1100,0,"[0, 1]"
646623,7551418,1941,0,"[0, 1]"
646623,7551418,1458,0,"[0, 1]"
646623,7551418,1471,0,"[0, 1]"
646623,7551418,1958,0,"[0, 1]"
646623,7551418,1814,0,"[0, 1]"
646623,7551418,1392,0,"[0, 1]"
646623,7551418,1947,0,"[0, 1]"
646623,7551418,1523,0,"[0, 1]"
646623,7551418,2001,0,"[0, 1]"
646623,7551418,1404,0,"[0, 1]"
646623,7551418,1550,0,"[0, 1]"
646623,7551418,1883,0,"[0, 1]"
646623,7551418,1852,0,"[0, 1]"
646623,7551418,2498,0,"[0, 1]"
646623,7551418,3185,0,"[0, 1]"
646623,7551418,2567,0,"[0, 1]"
646623,7551418,3677,0,"[0, 1]"
646623,7551418,2893,0,"[0, 1]"
646623,7551418,2278,0,"[0, 1]"
646623,7551418,2263,0,"[0, 1]"
646623,7551418,2651,0,"[0, 1]"
646623,7551418,2258,0,"[0, 1]"
646623,7551418,2544,0,"[0, 1]"
646623,7551418,2880,0,"[0, 1]"
646623,7551418,2728,0,"[0, 1]"
646623,7551418,2255,0,"[0, 1]"
646623,7551418,2204,0,"[0, 1]"
646623,7551418,2454,0,"[0, 1]"
646623,7551418,2666,0,"[0, 1]"
646623,7551418,2053,0,"[0, 1]"
646623,7551418,4057,0,"[0, 1]"
646623,7551418,3174,0,"[0, 1]"
646623,7551418,3175,0,"[0, 1]"
646623,7551418,2367,0,"[0, 1]"
646623,7551418,3911,0,"[0, 1]"
646623,7551418,7136987,1,"[0, 1]"
646623,7551418,1218301,1,"[0, 1]"
646623,7551418,7466906,1,"[0, 1]"
646623,7551418,404219,1,"[0, 1]"
646623,7551418,7225897,1,"[0, 1]"
646623,7551418,2985362,1,"[0, 1]"
646623,7551418,7285745,1,"[0, 1]"
646623,7551418,7555346,1,"[0, 1]"
646623,7551418,7160750,1,"[0, 1]"
646623,7551418,4740,0,"[0, 1]"
646623,7551418,7262837,1,"[0, 1]"
646623,7551418,7088895,1,"[0, 1]"
646623,7551418,7678784,1,"[0, 1]"
646623,7551418,4805,0,"[0, 1]"
646623,7551418,7093297,1,"[0, 1]"
646623,7551418,7268476,1,"[0, 1]"
646623,7551418,7120828,1,"[0, 1]"
646623,7551418,4793,0,"[0, 1]"
646623,7551418,7403311,1,"[0, 1]"
646623,7551418,7440582,1,"[0, 1]"
646623,7551418,7451812,1,"[0, 1]"
646623,7551418,7121818,1,"[0, 1]"
646623,7551418,7281645,1,"[0, 1]"
646623,7551418,4642,0,"[0, 1]"
1095921,7198517,7198517,1,"[1, 0]"
1095921,7198517,4428,0,"[1, 0]"
1095921,7198517,2802,0,"[1, 0]"
1095921,7198517,1400,0,"[1, 0]"
1095921,7198517,699,0,"[1, 0]"
1095921,7198517,349,0,"[1, 0]"
1095921,7198517,174,0,"[1, 0]"
1095921,7198517,86,0,"[1, 0]"
1095921,7198517,42,0,"[1, 0]"
1095921,7198517,20,0,"[1, 0]"
1095921,7198517,9,0,"[1, 0]"
1095921,7198517,4,0,"[1, 0]"
1095921,7198517,1,0,"[1, 0]"
1095921,7198517,0,0,"[1, 0]"
1095921,7198517,1,0,"[0, 1]"
1095921,7198517,2,0,"[0, 1]"
1095921,7198517,6,0,"[0, 1]"
1095921,7198517,4,0,"[0, 1]"
1095921,7198517,3,0,"[0, 1]"
1095921,7198517,5,0,"[0, 1]"
1095921,7198517,10,0,"[0, 1]"
1095921,7198517,9,0,"[0, 1]"
1095921,7198517,11,0,"[0, 1]"
1095921,7198517,8,0,"[0, 1]"
1095921,7198517,7,0,"[0, 1]"
1095921,7198517,14,0,"[0, 1]"
1095921,7198517,15,0,"[0, 1]"
1095921,7198517,28,0,"[0, 1]"
1095921,7198517,25,0,"[0, 1]"
1095921,7198517,30,0,"[0, 1]"
1095921,7198517,26,0,"[0, 1]"
1095921,7198517,17,0,"[0, 1]"
1095921,7198517,22,0,"[0, 1]"
1095921,7198517,20,0,"[0, 1]"
1095921,7198517,48,0,"[0, 1]"
1095921,7198517,55,0,"[0, 1]"
1095921,7198517,54,0,"[0, 1]"
1095921,7198517,42,0,"[0, 1]"
1095921,7198517,33,0,"[0, 1]"
1095921,7198517,51,0,"[0, 1]"
1095921,7198517,41,0,"[0, 1]"
1095921,7198517,58,0,"[0, 1]"
1095921,7198517,46,0,"[0, 1]"
1095921,7198517,34,0,"[0, 1]"
1095921,7198517,102,0,"[0, 1]"
1095921,7198517,96,0,"[0, 1]"
1095921,7198517,88,0,"[0, 1]"
1095921,7198517,101,0,"[0, 1]"
1095921,7198517,121,0,"[0, 1]"
1095921,7198517,97,0,"[0, 1]"
1095921,7198517,112,0,"[0, 1]"
1095921,7198517,110,0,"[0, 1]"
1095921,7198517,68,0,"[0, 1]"
1095921,7198517,63,0,"[0, 1]"
1095921,7198517,99,0,"[0, 1]"
1095921,7198517,69,0,"[0, 1]"
1095921,7198517,156,0,"[0, 1]"
1095921,7198517,213,0,"[0, 1]"
1095921,7198517,184,0,"[0, 1]"
1095921,7198517,164,0,"[0, 1]"
1095921,7198517,140,0,"[0, 1]"
1095921,7198517,225,0,"[0, 1]"
1095921,7198517,141,0,"[0, 1]"
1095921,7198517,219,0,"[0, 1]"
1095921,7198517,145,0,"[0, 1]"
1095921,7198517,172,0,"[0, 1]"
1095921,7198517,201,0,"[0, 1]"
1095921,7198517,181,0,"[0, 1]"
1095921,7198517,187,0,"[0, 1]"
1095921,7198517,136,0,"[0, 1]"
1095921,7198517,320,0,"[0, 1]"
1095921,7198517,322,0,"[0, 1]"
1095921,7198517,336,0,"[0, 1]"
1095921,7198517,384,0,"[0, 1]"
1095921,7198517,506,0,"[0, 1]"
1095921,7198517,408,0,"[0, 1]"
1095921,7198517,406,0,"[0, 1]"
1095921,7198517,443,0,"[0, 1]"
1095921,7198517,399,0,"[0, 1]"
1095921,7198517,370,0,"[0, 1]"
1095921,7198517,359,0,"[0, 1]"
1095921,7198517,405,0,"[0, 1]"
1095921,7198517,435,0,"[0, 1]"
1095921,7198517,342,0,"[0, 1]"
1095921,7198517,350,0,"[0, 1]"
1095921,7198517,324,0,"[0, 1]"
1095921,7198517,737,0,"[0, 1]"
1095921,7198517,525,0,"[0, 1]"
1095921,7198517,704,0,"[0, 1]"
1095921,7198517,746,0,"[0, 1]"
1095921,7198517,630,0,"[0, 1]"
1095921,7198517,636,0,"[0, 1]"
1095921,7198517,565,0,"[0, 1]"
1095921,7198517,720,0,"[0, 1]"
1095921,7198517,887,0,"[0, 1]"
1095921,7198517,541,0,"[0, 1]"
1095921,7198517,668,0,"[0, 1]"
1095921,7198517,701,0,"[0, 1]"
1095921,7198517,973,0,"[0, 1]"
1095921,7198517,968,0,"[0, 1]"
1095921,7198517,590,0,"[0, 1]"
1095921,7198517,1001,0,"[0, 1]"
1095921,7198517,974,0,"[0, 1]"
1095921,7198517,953,0,"[0, 1]"
1095921,7198517,1769,0,"[0, 1]"
1095921,7198517,1495,0,"[0, 1]"
1095921,7198517,1922,0,"[0, 1]"
1095921,7198517,1549,0,"[0, 1]"
1095921,7198517,1247,0,"[0, 1]"
1095921,7198517,1867,0,"[0, 1]"
1095921,7198517,1391,0,"[0, 1]"
1095921,7198517,1252,0,"[0, 1]"
1095921,7198517,1496,0,"[0, 1]"
1095921,7198517,1928,0,"[0, 1]"
1095921,7198517,1679,0,"[0, 1]"
1095921,7198517,1666,0,"[0, 1]"
1095921,7198517,1641,0,"[0, 1]"
1095921,7198517,1856,0,"[0, 1]"
1095921,7198517,1605,0,"[0, 1]"
1095921,7198517,1439,0,"[0, 1]"
1095921,7198517,1233,0,"[0, 1]"
1095921,7198517,1165,0,"[0, 1]"
1095921,7198517,1388,0,"[0, 1]"
1095921,7198517,1349,0,"[0, 1]"
1095921,7198517,2189,0,"[0, 1]"
1095921,7198517,3782,0,"[0, 1]"
1095921,7198517,3678,0,"[0, 1]"
1095921,7198517,4023,0,"[0, 1]"
1095921,7198517,3999,0,"[0, 1]"
1095921,7198517,3085,0,"[0, 1]"
1095921,7198517,3295,0,"[0, 1]"
1095921,7198517,2210,0,"[0, 1]"
1095921,7198517,3215,0,"[0, 1]"
1095921,7198517,3969,0,"[0, 1]"
1095921,7198517,3010,0,"[0, 1]"
1095921,7198517,3040,0,"[0, 1]"
1095921,7198517,4062,0,"[0, 1]"
1095921,7198517,3680,0,"[0, 1]"
1095921,7198517,2891,0,"[0, 1]"
1095921,7198517,2380,0,"[0, 1]"
1095921,7198517,3079,0,"[0, 1]"
1095921,7198517,3220,0,"[0, 1]"
1095921,7198517,3995,0,"[0, 1]"
1095921,7198517,2726,0,"[0, 1]"
1095921,7198517,2218,0,"[0, 1]"
1095921,7198517,3095,0,"[0, 1]"
1095921,7198517,7512908,1,"[0, 1]"
1095921,7198517,4223,0,"[0, 1]"
1095921,7198517,312683,1,"[0, 1]"
1095921,7198517,7223929,1,"[0, 1]"
1095921,7198517,4671299,1,"[0, 1]"
1095921,7198517,4436,0,"[0, 1]"
1095921,7198517,7371801,1,"[0, 1]"
1095921,7198517,4622456,1,"[0, 1]"
1095921,7198517,7407951,1,"[0, 1]"
1095921,7198517,7395044,1,"[0, 1]"
1095921,7198517,4481,0,"[0, 1]"
1095921,7198517,7587602,1,"[0, 1]"
1095921,7198517,2488243,1,"[0, 1]"
1095921,7198517,7211181,1,"[0, 1]"
1095921,7198517,7153921,1,"[0, 1]"
1095921,7198517,7364279,1,"[0, 1]"
1095921,7198517,7179185,1,"[0, 1]"
1095921,7198517,7682771,1,"[0, 1]"
1095921,7198517,7348666,1,"[0, 1]"
1095921,7198517,7424148,1,"[0, 1]"
1095921,7198517,7294736,1,"[0, 1]"
1095921,7198517,7259880,1,"[0, 1]"
1095921,7198517,7292470,1,"[0, 1]"
1095921,7198517,7466906,1,"[0, 1]"
1095921,7198517,7426822,1,"[0, 1]"
1095921,7198517,7670720,1,"[0, 1]"
1095921,7198517,2102572,1,"[0, 1]"
1095921,7198517,382588,1,"[0, 1]"
1095921,7198517,7370908,1,"[0, 1]"
1095921,7198517,4647944,1,"[0, 1]"
1095921,7198517,5751034,1,"[0, 1]"
1095921,7198517,5475009,1,"[0, 1]"
1095921,7198517,7422558,1,"[0, 1]"
1095921,7198517,85696,1,"[0, 1]"
1095921,7198517,7578959,1,"[0, 1]"
1095921,7198517,7455907,1,"[0, 1]"
1095921,7198517,3595128,1,"[0, 1]"
1095921,7198517,49241,1,"[0, 1]"
1095921,7198517,7483627,1,"[0, 1]"
1095921,7198517,7080466,1,"[0, 1]"
1095921,7198517,7165819,1,"[0, 1]"
1095921,7198517,7148569,1,"[0, 1]"
1095921,7198517,173764,1,"[0, 1]"
1095921,7198517,7175875,1,"[0, 1]"
1095921,7198517,7153381,1,"[0, 1]"
1095921,7198517,7212314,1,"[0, 1]"
1095921,7198517,7433180,1,"[0, 1]"
1095921,7198517,7092353,1,"[0, 1]"
1095921,7198517,7665448,1,"[0, 1]"
1095921,7198517,7479809,1,"[0, 1]"
758720,7551487,7551487,1,"[1, 0]"
758720,7551487,3572,0,"[1, 0]"
758720,7551487,1785,0,"[1, 0]"
758720,7551487,892,0,"[1, 0]"
758720,7551487,445,0,"[1, 0]"
758720,7551487,222,0,"[1, 0]"
758720,7551487,110,0,"[1, 0]"
758720,7551487,54,0,"[1, 0]"
758720,7551487,26,0,"[1, 0]"
758720,7551487,12,0,"[1, 0]"
758720,7551487,5,0,"[1, 0]"
758720,7551487,2,0,"[1, 0]"
758720,7551487,0,0,"[1, 0]"
758720,7551487,2,0,"[0, 1]"
758720,7551487,1,0,"[0, 1]"
758720,7551487,4,0,"[0, 1]"
758720,7551487,5,0,"[0, 1]"
758720,7551487,3,0,"[0, 1]"
758720,7551487,6,0,"[0, 1]"
758720,7551487,11,0,"[0, 1]"
758720,7551487,9,0,"[0, 1]"
758720,7551487,13,0,"[0, 1]"
758720,7551487,7,0,"[0, 1]"
758720,7551487,8,0,"[0, 1]"
758720,7551487,14,0,"[0, 1]"
758720,7551487,21,0,"[0, 1]"
758720,7551487,26,0,"[0, 1]"
758720,7551487,24,0,"[0, 1]"
758720,7551487,22,0,"[0, 1]"
758720,7551487,27,0,"[0, 1]"
758720,7551487,17,0,"[0, 1]"
758720,7551487,15,0,"[0, 1]"
758720,7551487,29,0,"[0, 1]"
758720,7551487,39,0,"[0, 1]"
758720,7551487,38,0,"[0, 1]"
758720,7551487,42,0,"[0, 1]"
758720,7551487,43,0,"[0, 1]"
758720,7551487,31,0,"[0, 1]"
758720,7551487,61,0,"[0, 1]"
758720,7551487,59,0,"[0, 1]"
758720,7551487,60,0,"[0, 1]"
758720,7551487,40,0,"[0, 1]"
758720,7551487,34,0,"[0, 1]"
758720,7551487,82,0,"[0, 1]"
758720,7551487,71,0,"[0, 1]"
758720,7551487,106,0,"[0, 1]"
758720,7551487,119,0,"[0, 1]"
758720,7551487,79,0,"[0, 1]"
758720,7551487,89,0,"[0, 1]"
758720,7551487,64,0,"[0, 1]"
758720,7551487,81,0,"[0, 1]"
758720,7551487,97,0,"[0, 1]"
758720,7551487,103,0,"[0, 1]"
758720,7551487,100,0,"[0, 1]"
758720,7551487,111,0,"[0, 1]"
758720,7551487,239,0,"[0, 1]"
758720,7551487,144,0,"[0, 1]"
758720,7551487,182,0,"[0, 1]"
758720,7551487,179,0,"[0, 1]"
758720,7551487,203,0,"[0, 1]"
758720,7551487,165,0,"[0, 1]"
758720,7551487,133,0,"[0, 1]"
758720,7551487,163,0,"[0, 1]"
758720,7551487,198,0,"[0, 1]"
758720,7551487,201,0,"[0, 1]"
758720,7551487,127,0,"[0, 1]"
758720,7551487,140,0,"[0, 1]"
758720,7551487,235,0,"[0, 1]"
758720,7551487,129,0,"[0, 1]"
758720,7551487,258,0,"[0, 1]"
758720,7551487,409,0,"[0, 1]"
758720,7551487,360,0,"[0, 1]"
758720,7551487,459,0,"[0, 1]"
758720,7551487,434,0,"[0, 1]"
758720,7551487,358,0,"[0, 1]"
758720,7551487,481,0,"[0, 1]"
758720,7551487,446,0,"[0, 1]"
758720,7551487,503,0,"[0, 1]"
758720,7551487,420,0,"[0, 1]"
758720,7551487,267,0,"[0, 1]"
758720,7551487,421,0,"[0, 1]"
758720,7551487,385,0,"[0, 1]"
758720,7551487,348,0,"[0, 1]"
758720,7551487,317,0,"[0, 1]"
758720,7551487,447,0,"[0, 1]"
758720,7551487,658,0,"[0, 1]"
758720,7551487,530,0,"[0, 1]"
758720,7551487,794,0,"[0, 1]"
758720,7551487,587,0,"[0, 1]"
758720,7551487,808,0,"[0, 1]"
758720,7551487,914,0,"[0, 1]"
758720,7551487,803,0,"[0, 1]"
758720,7551487,681,0,"[0, 1]"
758720,7551487,674,0,"[0, 1]"
758720,7551487,858,0,"[0, 1]"
758720,7551487,548,0,"[0, 1]"
758720,7551487,601,0,"[0, 1]"
758720,7551487,554,0,"[0, 1]"
758720,7551487,895,0,"[0, 1]"
758720,7551487,718,0,"[0, 1]"
758720,7551487,990,0,"[0, 1]"
758720,7551487,910,0,"[0, 1]"
758720,7551487,563,0,"[0, 1]"
758720,7551487,1797,0,"[0, 1]"
758720,7551487,1874,0,"[0, 1]"
758720,7551487,1222,0,"[0, 1]"
758720,7551487,1120,0,"[0, 1]"
758720,7551487,1855,0,"[0, 1]"
758720,7551487,1475,0,"[0, 1]"
758720,7551487,1592,0,"[0, 1]"
758720,7551487,1334,0,"[0, 1]"
758720,7551487,1690,0,"[0, 1]"
758720,7551487,1705,0,"[0, 1]"
758720,7551487,1491,0,"[0, 1]"
758720,7551487,1875,0,"[0, 1]"
758720,7551487,1433,0,"[0, 1]"
758720,7551487,1436,0,"[0, 1]"
758720,7551487,1993,0,"[0, 1]"
758720,7551487,1221,0,"[0, 1]"
758720,7551487,1574,0,"[0, 1]"
758720,7551487,1883,0,"[0, 1]"
758720,7551487,1067,0,"[0, 1]"
758720,7551487,1240,0,"[0, 1]"
758720,7551487,2440,0,"[0, 1]"
758720,7551487,2268,0,"[0, 1]"
758720,7551487,3123,0,"[0, 1]"
758720,7551487,2215,0,"[0, 1]"
758720,7551487,3030,0,"[0, 1]"
758720,7551487,3828,0,"[0, 1]"
758720,7551487,2079,0,"[0, 1]"
758720,7551487,4083,0,"[0, 1]"
758720,7551487,3626,0,"[0, 1]"
758720,7551487,3872,0,"[0, 1]"
758720,7551487,3931,0,"[0, 1]"
758720,7551487,3521,0,"[0, 1]"
758720,7551487,3108,0,"[0, 1]"
758720,7551487,2348,0,"[0, 1]"
758720,7551487,2709,0,"[0, 1]"
758720,7551487,2747,0,"[0, 1]"
758720,7551487,3717,0,"[0, 1]"
758720,7551487,3540,0,"[0, 1]"
758720,7551487,2991,0,"[0, 1]"
758720,7551487,3546,0,"[0, 1]"
758720,7551487,3201,0,"[0, 1]"
758720,7551487,3524,0,"[0, 1]"
758720,7551487,7499577,1,"[0, 1]"
758720,7551487,7497736,1,"[0, 1]"
758720,7551487,6575181,1,"[0, 1]"
758720,7551487,7430667,1,"[0, 1]"
758720,7551487,7371270,1,"[0, 1]"
758720,7551487,4526,0,"[0, 1]"
758720,7551487,7299104,1,"[0, 1]"
758720,7551487,4424,0,"[0, 1]"
758720,7551487,4850,0,"[0, 1]"
758720,7551487,7500532,1,"[0, 1]"
758720,7551487,7649287,1,"[0, 1]"
758720,7551487,7385292,1,"[0, 1]"
758720,7551487,4166,0,"[0, 1]"
758720,7551487,7293395,1,"[0, 1]"
758720,7551487,7461891,1,"[0, 1]"
758720,7551487,7101044,1,"[0, 1]"
758720,7551487,4283626,1,"[0, 1]"
758720,7551487,7434268,1,"[0, 1]"
758720,7551487,7514459,1,"[0, 1]"
758720,7551487,1890218,1,"[0, 1]"
758720,7551487,4414,0,"[0, 1]"
758720,7551487,7089124,1,"[0, 1]"
758720,7551487,7274620,1,"[0, 1]"
758720,7551487,7187373,1,"[0, 1]"
548673,7551972,7551972,1,"[1, 0]"
548673,7551972,3954,0,"[1, 0]"
548673,7551972,1976,0,"[1, 0]"
548673,7551972,987,0,"[1, 0]"
548673,7551972,493,0,"[1, 0]"
548673,7551972,246,0,"[1, 0]"
548673,7551972,122,0,"[1, 0]"
548673,7551972,60,0,"[1, 0]"
548673,7551972,29,0,"[1, 0]"
548673,7551972,14,0,"[1, 0]"
548673,7551972,6,0,"[1, 0]"
548673,7551972,2,0,"[1, 0]"
548673,7551972,0,0,"[1, 0]"
548673,7551972,2,0,"[0, 1]"
548673,7551972,1,0,"[0, 1]"
548673,7551972,6,0,"[0, 1]"
548673,7551972,3,0,"[0, 1]"
548673,7551972,5,0,"[0, 1]"
548673,7551972,4,0,"[0, 1]"
548673,7551972,13,0,"[0, 1]"
548673,7551972,10,0,"[0, 1]"
548673,7551972,8,0,"[0, 1]"
548673,7551972,7,0,"[0, 1]"
548673,7551972,11,0,"[0, 1]"
548673,7551972,14,0,"[0, 1]"
548673,7551972,20,0,"[0, 1]"
548673,7551972,17,0,"[0, 1]"
548673,7551972,18,0,"[0, 1]"
548673,7551972,29,0,"[0, 1]"
548673,7551972,23,0,"[0, 1]"
548673,7551972,21,0,"[0, 1]"
548673,7551972,30,0,"[0, 1]"
548673,7551972,22,0,"[0, 1]"
548673,7551972,36,0,"[0, 1]"
548673,7551972,47,0,"[0, 1]"
548673,7551972,32,0,"[0, 1]"
548673,7551972,31,0,"[0, 1]"
548673,7551972,60,0,"[0, 1]"
548673,7551972,33,0,"[0, 1]"
548673,7551972,61,0,"[0, 1]"
548673,7551972,48,0,"[0, 1]"
548673,7551972,59,0,"[0, 1]"
548673,7551972,39,0,"[0, 1]"
548673,7551972,75,0,"[0, 1]"
548673,7551972,97,0,"[0, 1]"
548673,7551972,74,0,"[0, 1]"
548673,7551972,79,0,"[0, 1]"
548673,7551972,91,0,"[0, 1]"
548673,7551972,93,0,"[0, 1]"
548673,7551972,98,0,"[0, 1]"
548673,7551972,69,0,"[0, 1]"
548673,7551972,102,0,"[0, 1]"
548673,7551972,99,0,"[0, 1]"
548673,7551972,113,0,"[0, 1]"
548673,7551972,115,0,"[0, 1]"
548673,7551972,209,0,"[0, 1]"
548673,7551972,175,0,"[0, 1]"
548673,7551972,253,0,"[0, 1]"
548673,7551972,215,0,"[0, 1]"
548673,7551972,187,0,"[0, 1]"
548673,7551972,162,0,"[0, 1]"
548673,7551972,149,0,"[0, 1]"
548673,7551972,251,0,"[0, 1]"
548673,7551972,179,0,"[0, 1]"
548673,7551972,196,0,"[0, 1]"
548673,7551972,221,0,"[0, 1]"
548673,7551972,237,0,"[0, 1]"
548673,7551972,191,0,"[0, 1]"
548673,7551972,135,0,"[0, 1]"
548673,7551972,431,0,"[0, 1]"
548673,7551972,321,0,"[0, 1]"
548673,7551972,312,0,"[0, 1]"
548673,7551972,497,0,"[0, 1]"
548673,7551972,378,0,"[0, 1]"
548673,7551972,379,0,"[0, 1]"
548673,7551972,300,0,"[0, 1]"
548673,7551972,476,0,"[0, 1]"
548673,7551972,434,0,"[0, 1]"
548673,7551972,406,0,"[0, 1]"
548673,7551972,350,0,"[0, 1]"
548673,7551972,327,0,"[0, 1]"
548673,7551972,448,0,"[0, 1]"
548673,7551972,287,0,"[0, 1]"
548673,7551972,344,0,"[0, 1]"
548673,7551972,413,0,"[0, 1]"
548673,7551972,659,0,"[0, 1]"
548673,7551972,556,0,"[0, 1]"
548673,7551972,592,0,"[0, 1]"
548673,7551972,774,0,"[0, 1]"
548673,7551972,682,0,"[0, 1]"
548673,7551972,732,0,"[0, 1]"
548673,7551972,1015,0,"[0, 1]"
548673,7551972,901,0,"[0, 1]"
548673,7551972,790,0,"[0, 1]"
548673,7551972,562,0,"[0, 1]"
548673,7551972,978,0,"[0, 1]"
548673,7551972,857,0,"[0, 1]"
548673,7551972,657,0,"[0, 1]"
548673,7551972,582,0,"[0, 1]"
548673,7551972,730,0,"[0, 1]"
548673,7551972,541,0,"[0, 1]"
548673,7551972,675,0,"[0, 1]"
548673,7551972,1009,0,"[0, 1]"
548673,7551972,1118,0,"[0, 1]"
548673,7551972,1059,0,"[0, 1]"
548673,7551972,1833,0,"[0, 1]"
548673,7551972,1227,0,"[0, 1]"
548673,7551972,1527,0,"[0, 1]"
548673,7551972,1435,0,"[0, 1]"
548673,7551972,1421,0,"[0, 1]"
548673,7551972,1509,0,"[0, 1]"
548673,7551972,1265,0,"[0, 1]"
548673,7551972,1419,0,"[0, 1]"
548673,7551972,1500,0,"[0, 1]"
548673,7551972,1986,0,"[0, 1]"
548673,7551972,1528,0,"[0, 1]"
548673,7551972,1490,0,"[0, 1]"
548673,7551972,1982,0,"[0, 1]"
548673,7551972,1267,0,"[0, 1]"
548673,7551972,1729,0,"[0, 1]"
548673,7551972,1496,0,"[0, 1]"
548673,7551972,1223,0,"[0, 1]"
548673,7551972,1653,0,"[0, 1]"
548673,7551972,2541,0,"[0, 1]"
548673,7551972,2739,0,"[0, 1]"
548673,7551972,2652,0,"[0, 1]"
548673,7551972,3095,0,"[0, 1]"
548673,7551972,2355,0,"[0, 1]"
548673,7551972,3480,0,"[0, 1]"
548673,7551972,3864,0,"[0, 1]"
548673,7551972,3197,0,"[0, 1]"
548673,7551972,2843,0,"[0, 1]"
548673,7551972,3084,0,"[0, 1]"
548673,7551972,3163,0,"[0, 1]"
548673,7551972,3473,0,"[0, 1]"
548673,7551972,3824,0,"[0, 1]"
548673,7551972,2453,0,"[0, 1]"
548673,7551972,3591,0,"[0, 1]"
548673,7551972,3810,0,"[0, 1]"
548673,7551972,2712,0,"[0, 1]"
548673,7551972,4066,0,"[0, 1]"
548673,7551972,3068,0,"[0, 1]"
548673,7551972,2464,0,"[0, 1]"
548673,7551972,3933,0,"[0, 1]"
548673,7551972,2725,0,"[0, 1]"
548673,7551972,7158640,1,"[0, 1]"
548673,7551972,7508004,1,"[0, 1]"
548673,7551972,4991,0,"[0, 1]"
548673,7551972,4765,0,"[0, 1]"
548673,7551972,7235073,1,"[0, 1]"
548673,7551972,7359292,1,"[0, 1]"
548673,7551972,7126756,1,"[0, 1]"
548673,7551972,7558093,1,"[0, 1]"
548673,7551972,7154492,1,"[0, 1]"
548673,7551972,7358322,1,"[0, 1]"
548673,7551972,7228990,1,"[0, 1]"
548673,7551972,4738,0,"[0, 1]"
548673,7551972,7158303,1,"[0, 1]"
548673,7551972,2056386,1,"[0, 1]"
548673,7551972,7596461,1,"[0, 1]"
548673,7551972,588235,1,"[0, 1]"
548673,7551972,7526095,1,"[0, 1]"
548673,7551972,4108,0,"[0, 1]"
548673,7551972,7418012,1,"[0, 1]"
548673,7551972,7563026,1,"[0, 1]"
548673,7551972,7659054,1,"[0, 1]"
548673,7551972,4934,0,"[0, 1]"
548673,7551972,7495322,1,"[0, 1]"
548673,7551972,297647,1,"[0, 1]"
641618,4102612,4102612,1,"[1, 0]"
641618,4102612,4780,0,"[1, 0]"
641618,4102612,3599,0,"[1, 0]"
641618,4102612,1799,0,"[1, 0]"
641618,4102612,899,0,"[1, 0]"
641618,4102612,449,0,"[1, 0]"
641618,4102612,224,0,"[1, 0]"
641618,4102612,111,0,"[1, 0]"
641618,4102612,55,0,"[1, 0]"
641618,4102612,27,0,"[1, 0]"
641618,4102612,13,0,"[1, 0]"
641618,4102612,6,0,"[1, 0]"
641618,4102612,2,0,"[1, 0]"
641618,4102612,0,0,"[1, 0]"
641618,4102612,2,0,"[0, 1]"
641618,4102612,1,0,"[0, 1]"
641618,4102612,6,0,"[0, 1]"
641618,4102612,3,0,"[0, 1]"
641618,4102612,4,0,"[0, 1]"
641618,4102612,5,0,"[0, 1]"
641618,4102612,11,0,"[0, 1]"
641618,4102612,13,0,"[0, 1]"
641618,4102612,8,0,"[0, 1]"
641618,4102612,12,0,"[0, 1]"
641618,4102612,7,0,"[0, 1]"
641618,4102612,14,0,"[0, 1]"
641618,4102612,21,0,"[0, 1]"
641618,4102612,20,0,"[0, 1]"
641618,4102612,30,0,"[0, 1]"
641618,4102612,25,0,"[0, 1]"
641618,4102612,27,0,"[0, 1]"
641618,4102612,24,0,"[0, 1]"
641618,4102612,19,0,"[0, 1]"
641618,4102612,28,0,"[0, 1]"
641618,4102612,44,0,"[0, 1]"
641618,4102612,40,0,"[0, 1]"
641618,4102612,39,0,"[0, 1]"
641618,4102612,53,0,"[0, 1]"
641618,4102612,54,0,"[0, 1]"
641618,4102612,50,0,"[0, 1]"
641618,4102612,34,0,"[0, 1]"
641618,4102612,61,0,"[0, 1]"
641618,4102612,52,0,"[0, 1]"
641618,4102612,43,0,"[0, 1]"
641618,4102612,75,0,"[0, 1]"
641618,4102612,70,0,"[0, 1]"
641618,4102612,104,0,"[0, 1]"
641618,4102612,73,0,"[0, 1]"
641618,4102612,68,0,"[0, 1]"
641618,4102612,87,0,"[0, 1]"
641618,4102612,67,0,"[0, 1]"
641618,4102612,112,0,"[0, 1]"
641618,4102612,69,0,"[0, 1]"
641618,4102612,122,0,"[0, 1]"
641618,4102612,118,0,"[0, 1]"
641618,4102612,107,0,"[0, 1]"
641618,4102612,139,0,"[0, 1]"
641618,4102612,189,0,"[0, 1]"
641618,4102612,212,0,"[0, 1]"
641618,4102612,188,0,"[0, 1]"
641618,4102612,127,0,"[0, 1]"
641618,4102612,210,0,"[0, 1]"
641618,4102612,220,0,"[0, 1]"
641618,4102612,147,0,"[0, 1]"
641618,4102612,146,0,"[0, 1]"
641618,4102612,149,0,"[0, 1]"
641618,4102612,209,0,"[0, 1]"
641618,4102612,203,0,"[0, 1]"
641618,4102612,145,0,"[0, 1]"
641618,4102612,157,0,"[0, 1]"
641618,4102612,367,0,"[0, 1]"
641618,4102612,321,0,"[0, 1]"
641618,4102612,312,0,"[0, 1]"
641618,4102612,417,0,"[0, 1]"
641618,4102612,377,0,"[0, 1]"
641618,4102612,296,0,"[0, 1]"
641618,4102612,396,0,"[0, 1]"
641618,4102612,298,0,"[0, 1]"
641618,4102612,318,0,"[0, 1]"
641618,4102612,347,0,"[0, 1]"
641618,4102612,282,0,"[0, 1]"
641618,4102612,493,0,"[0, 1]"
641618,4102612,432,0,"[0, 1]"
641618,4102612,343,0,"[0, 1]"
641618,4102612,360,0,"[0, 1]"
641618,4102612,345,0,"[0, 1]"
641618,4102612,511,0,"[0, 1]"
641618,4102612,581,0,"[0, 1]"
641618,4102612,991,0,"[0, 1]"
641618,4102612,970,0,"[0, 1]"
641618,4102612,772,0,"[0, 1]"
641618,4102612,621,0,"[0, 1]"
641618,4102612,659,0,"[0, 1]"
641618,4102612,910,0,"[0, 1]"
641618,4102612,651,0,"[0, 1]"
641618,4102612,817,0,"[0, 1]"
641618,4102612,542,0,"[0, 1]"
641618,4102612,714,0,"[0, 1]"
641618,4102612,698,0,"[0, 1]"
641618,4102612,719,0,"[0, 1]"
641618,4102612,1018,0,"[0, 1]"
641618,4102612,746,0,"[0, 1]"
641618,4102612,644,0,"[0, 1]"
641618,4102612,657,0,"[0, 1]"
641618,4102612,1681,0,"[0, 1]"
641618,4102612,1584,0,"[0, 1]"
641618,4102612,1813,0,"[0, 1]"
641618,4102612,1872,0,"[0, 1]"
641618,4102612,1735,0,"[0, 1]"
641618,4102612,1136,0,"[0, 1]"
641618,4102612,1780,0,"[0, 1]"
641618,4102612,2043,0,"[0, 1]"
641618,4102612,1799,0,"[0, 1]"
641618,4102612,1936,0,"[0, 1]"
641618,4102612,1463,0,"[0, 1]"
641618,4102612,1914,0,"[0, 1]"
641618,4102612,1360,0,"[0, 1]"
641618,4102612,1590,0,"[0, 1]"
641618,4102612,1095,0,"[0, 1]"
641618,4102612,1668,0,"[0, 1]"
641618,4102612,1459,0,"[0, 1]"
641618,4102612,1627,0,"[0, 1]"
641618,4102612,1396,0,"[0, 1]"
641618,4102612,1285,0,"[0, 1]"
641618,4102612,2203,0,"[0, 1]"
641618,4102612,2519,0,"[0, 1]"
641618,4102612,2260,0,"[0, 1]"
641618,4102612,3098,0,"[0, 1]"
641618,4102612,3629,0,"[0, 1]"
641618,4102612,2057,0,"[0, 1]"
641618,4102612,3176,0,"[0, 1]"
641618,4102612,2051,0,"[0, 1]"
641618,4102612,2438,0,"[0, 1]"
641618,4102612,2503,0,"[0, 1]"
641618,4102612,3772,0,"[0, 1]"
641618,4102612,2846,0,"[0, 1]"
641618,4102612,2417,0,"[0, 1]"
641618,4102612,3026,0,"[0, 1]"
641618,4102612,2224,0,"[0, 1]"
641618,4102612,3870,0,"[0, 1]"
641618,4102612,4062,0,"[0, 1]"
641618,4102612,3999,0,"[0, 1]"
641618,4102612,3301,0,"[0, 1]"
641618,4102612,2937,0,"[0, 1]"
641618,4102612,3188,0,"[0, 1]"
641618,4102612,2152,0,"[0, 1]"
641618,4102612,4309,0,"[0, 1]"
641618,4102612,4280,0,"[0, 1]"
641618,4102612,7598139,1,"[0, 1]"
641618,4102612,4408,0,"[0, 1]"
641618,4102612,7124884,1,"[0, 1]"
641618,4102612,4467,0,"[0, 1]"
641618,4102612,7351093,1,"[0, 1]"
641618,4102612,7297666,1,"[0, 1]"
641618,4102612,7080202,1,"[0, 1]"
641618,4102612,58347,1,"[0, 1]"
641618,4102612,7371294,1,"[0, 1]"
641618,4102612,7216310,1,"[0, 1]"
641618,4102612,3200880,1,"[0, 1]"
641618,4102612,7440274,1,"[0, 1]"
641618,4102612,3624309,1,"[0, 1]"
641618,4102612,4788,0,"[0, 1]"
641618,4102612,7108247,1,"[0, 1]"
641618,4102612,7627578,1,"[0, 1]"
641618,4102612,7454330,1,"[0, 1]"
641618,4102612,4892,0,"[0, 1]"
641618,4102612,7210550,1,"[0, 1]"
641618,4102612,7068519,1,"[0, 1]"
641618,4102612,7143318,1,"[0, 1]"
641618,4102612,7079883,1,"[0, 1]"
641618,4102612,7486859,1,"[0, 1]"
641618,4102612,7580864,1,"[0, 1]"
641618,4102612,2646237,1,"[0, 1]"
641618,4102612,7535859,1,"[0, 1]"
641618,4102612,7099149,1,"[0, 1]"
641618,4102612,7093089,1,"[0, 1]"
641618,4102612,2459114,1,"[0, 1]"
641618,4102612,7083912,1,"[0, 1]"
641618,4102612,7088053,1,"[0, 1]"
641618,4102612,7153793,1,"[0, 1]"
641618,4102612,7157398,1,"[0, 1]"
641618,4102612,7495348,1,"[0, 1]"
641618,4102612,6368810,1,"[0, 1]"
641618,4102612,7571063,1,"[0, 1]"
641618,4102612,7373037,1,"[0, 1]"
641618,4102612,7318114,1,"[0, 1]"
641618,4102612,73242,1,"[0, 1]"
641618,4102612,7078956,1,"[0, 1]"
641618,4102612,7661499,1,"[0, 1]"
641618,4102612,7207568,1,"[0, 1]"
641618,4102612,7629139,1,"[0, 1]"
641618,4102612,7081198,1,"[0, 1]"
641618,4102612,7551236,1,"[0, 1]"
641618,4102612,7601414,1,"[0, 1]"
641618,4102612,7194681,1,"[0, 1]"
641618,4102612,1213268,1,"[0, 1]"
29416,7552094,7552094,1,"[1, 0]"
29416,7552094,4366,0,"[1, 0]"
29416,7552094,2664,0,"[1, 0]"
29416,7552094,1331,0,"[1, 0]"
29416,7552094,665,0,"[1, 0]"
29416,7552094,332,0,"[1, 0]"
29416,7552094,165,0,"[1, 0]"
29416,7552094,82,0,"[1, 0]"
29416,7552094,40,0,"[1, 0]"
29416,7552094,19,0,"[1, 0]"
29416,7552094,9,0,"[1, 0]"
29416,7552094,4,0,"[1, 0]"
29416,7552094,1,0,"[1, 0]"
29416,7552094,0,0,"[1, 0]"
29416,7552094,2,0,"[0, 1]"
29416,7552094,1,0,"[0, 1]"
29416,7552094,5,0,"[0, 1]"
29416,7552094,3,0,"[0, 1]"
29416,7552094,4,0,"[0, 1]"
29416,7552094,6,0,"[0, 1]"
29416,7552094,7,0,"[0, 1]"
29416,7552094,11,0,"[0, 1]"
29416,7552094,8,0,"[0, 1]"
29416,7552094,13,0,"[0, 1]"
29416,7552094,10,0,"[0, 1]"
29416,7552094,9,0,"[0, 1]"
29416,7552094,21,0,"[0, 1]"
29416,7552094,15,0,"[0, 1]"
29416,7552094,26,0,"[0, 1]"
29416,7552094,18,0,"[0, 1]"
29416,7552094,25,0,"[0, 1]"
29416,7552094,30,0,"[0, 1]"
29416,7552094,27,0,"[0, 1]"
29416,7552094,16,0,"[0, 1]"
29416,7552094,36,0,"[0, 1]"
29416,7552094,51,0,"[0, 1]"
29416,7552094,44,0,"[0, 1]"
29416,7552094,34,0,"[0, 1]"
29416,7552094,37,0,"[0, 1]"
29416,7552094,39,0,"[0, 1]"
29416,7552094,55,0,"[0, 1]"
29416,7552094,35,0,"[0, 1]"
29416,7552094,32,0,"[0, 1]"
29416,7552094,48,0,"[0, 1]"
29416,7552094,77,0,"[0, 1]"
29416,7552094,89,0,"[0, 1]"
29416,7552094,84,0,"[0, 1]"
29416,7552094,80,0,"[0, 1]"
29416,7552094,92,0,"[0, 1]"
29416,7552094,100,0,"[0, 1]"
29416,7552094,76,0,"[0, 1]"
29416,7552094,108,0,"[0, 1]"
29416,7552094,124,0,"[0, 1]"
29416,7552094,65,0,"[0, 1]"
29416,7552094,86,0,"[0, 1]"
29416,7552094,113,0,"[0, 1]"
29416,7552094,178,0,"[0, 1]"
29416,7552094,133,0,"[0, 1]"
29416,7552094,144,0,"[0, 1]"
29416,7552094,244,0,"[0, 1]"
29416,7552094,177,0,"[0, 1]"
29416,7552094,136,0,"[0, 1]"
29416,7552094,192,0,"[0, 1]"
29416,7552094,208,0,"[0, 1]"
29416,7552094,161,0,"[0, 1]"
29416,7552094,246,0,"[0, 1]"
29416,7552094,138,0,"[0, 1]"
29416,7552094,197,0,"[0, 1]"
29416,7552094,179,0,"[0, 1]"
29416,7552094,224,0,"[0, 1]"
29416,7552094,427,0,"[0, 1]"
29416,7552094,442,0,"[0, 1]"
29416,7552094,301,0,"[0, 1]"
29416,7552094,414,0,"[0, 1]"
29416,7552094,509,0,"[0, 1]"
29416,7552094,508,0,"[0, 1]"
29416,7552094,471,0,"[0, 1]"
29416,7552094,479,0,"[0, 1]"
29416,7552094,422,0,"[0, 1]"
29416,7552094,319,0,"[0, 1]"
29416,7552094,396,0,"[0, 1]"
29416,7552094,406,0,"[0, 1]"
29416,7552094,255,0,"[0, 1]"
29416,7552094,449,0,"[0, 1]"
29416,7552094,293,0,"[0, 1]"
29416,7552094,331,0,"[0, 1]"
29416,7552094,641,0,"[0, 1]"
29416,7552094,628,0,"[0, 1]"
29416,7552094,688,0,"[0, 1]"
29416,7552094,579,0,"[0, 1]"
29416,7552094,797,0,"[0, 1]"
29416,7552094,569,0,"[0, 1]"
29416,7552094,855,0,"[0, 1]"
29416,7552094,552,0,"[0, 1]"
29416,7552094,709,0,"[0, 1]"
29416,7552094,973,0,"[0, 1]"
29416,7552094,633,0,"[0, 1]"
29416,7552094,640,0,"[0, 1]"
29416,7552094,744,0,"[0, 1]"
29416,7552094,658,0,"[0, 1]"
29416,7552094,1010,0,"[0, 1]"
29416,7552094,917,0,"[0, 1]"
29416,7552094,770,0,"[0, 1]"
29416,7552094,572,0,"[0, 1]"
29416,7552094,1454,0,"[0, 1]"
29416,7552094,1801,0,"[0, 1]"
29416,7552094,1876,0,"[0, 1]"
29416,7552094,1968,0,"[0, 1]"
29416,7552094,1739,0,"[0, 1]"
29416,7552094,1441,0,"[0, 1]"
29416,7552094,1469,0,"[0, 1]"
29416,7552094,1320,0,"[0, 1]"
29416,7552094,1786,0,"[0, 1]"
29416,7552094,1487,0,"[0, 1]"
29416,7552094,1333,0,"[0, 1]"
29416,7552094,1229,0,"[0, 1]"
29416,7552094,1045,0,"[0, 1]"
29416,7552094,1345,0,"[0, 1]"
29416,7552094,1340,0,"[0, 1]"
29416,7552094,1966,0,"[0, 1]"
29416,7552094,1733,0,"[0, 1]"
29416,7552094,1518,0,"[0, 1]"
29416,7552094,1751,0,"[0, 1]"
29416,7552094,1101,0,"[0, 1]"
29416,7552094,2311,0,"[0, 1]"
29416,7552094,3658,0,"[0, 1]"
29416,7552094,4067,0,"[0, 1]"
29416,7552094,2817,0,"[0, 1]"
29416,7552094,3871,0,"[0, 1]"
29416,7552094,2802,0,"[0, 1]"
29416,7552094,3190,0,"[0, 1]"
29416,7552094,3959,0,"[0, 1]"
29416,7552094,2490,0,"[0, 1]"
29416,7552094,2522,0,"[0, 1]"
29416,7552094,2396,0,"[0, 1]"
29416,7552094,2946,0,"[0, 1]"
29416,7552094,2560,0,"[0, 1]"
29416,7552094,3504,0,"[0, 1]"
29416,7552094,3148,0,"[0, 1]"
29416,7552094,4086,0,"[0, 1]"
29416,7552094,2581,0,"[0, 1]"
29416,7552094,3881,0,"[0, 1]"
29416,7552094,3577,0,"[0, 1]"
29416,7552094,2108,0,"[0, 1]"
29416,7552094,3806,0,"[0, 1]"
29416,7552094,3015,0,"[0, 1]"
29416,7552094,7269879,1,"[0, 1]"
29416,7552094,5501299,1,"[0, 1]"
29416,7552094,1452156,1,"[0, 1]"
29416,7552094,4257,0,"[0, 1]"
29416,7552094,7689536,1,"[0, 1]"
29416,7552094,4955,0,"[0, 1]"
29416,7552094,7488621,1,"[0, 1]"
29416,7552094,4372,0,"[0, 1]"
29416,7552094,7085194,1,"[0, 1]"
29416,7552094,7350402,1,"[0, 1]"
29416,7552094,7676295,1,"[0, 1]"
29416,7552094,7444061,1,"[0, 1]"
29416,7552094,7294715,1,"[0, 1]"
29416,7552094,4268,0,"[0, 1]"
29416,7552094,7581655,1,"[0, 1]"
29416,7552094,4670,0,"[0, 1]"
29416,7552094,614329,1,"[0, 1]"
29416,7552094,7484982,1,"[0, 1]"
29416,7552094,7256703,1,"[0, 1]"
29416,7552094,7644294,1,"[0, 1]"
29416,7552094,4172,0,"[0, 1]"
29416,7552094,7478541,1,"[0, 1]"
29416,7552094,4752,0,"[0, 1]"
29416,7552094,7495487,1,"[0, 1]"
29416,7552094,7329439,1,"[0, 1]"
29416,7552094,7089653,1,"[0, 1]"
29416,7552094,7275505,1,"[0, 1]"
29416,7552094,7229202,1,"[0, 1]"
29416,7552094,7568614,1,"[0, 1]"
29416,7552094,7403592,1,"[0, 1]"
29416,7552094,7547622,1,"[0, 1]"
29416,7552094,7390629,1,"[0, 1]"
29416,7552094,5323651,1,"[0, 1]"
29416,7552094,7107986,1,"[0, 1]"
29416,7552094,7576706,1,"[0, 1]"
29416,7552094,7453303,1,"[0, 1]"
29416,7552094,7159633,1,"[0, 1]"
29416,7552094,4288842,1,"[0, 1]"
29416,7552094,7238461,1,"[0, 1]"
29416,7552094,7539981,1,"[0, 1]"
29416,7552094,7384360,1,"[0, 1]"
29416,7552094,7078204,1,"[0, 1]"
29416,7552094,7407089,1,"[0, 1]"
29416,7552094,7208259,1,"[0, 1]"
29416,7552094,5492263,1,"[0, 1]"
29416,7552094,4984328,1,"[0, 1]"
29416,7552094,7594098,1,"[0, 1]"
29416,7552094,7406241,1,"[0, 1]"
29416,7552094,7430712,1,"[0, 1]"
29416,7552094,4794763,1,"[0, 1]"
212435,7552313,7552313,1,"[1, 0]"
212435,7552313,3064,0,"[1, 0]"
212435,7552313,1531,0,"[1, 0]"
212435,7552313,765,0,"[1, 0]"
212435,7552313,382,0,"[1, 0]"
212435,7552313,190,0,"[1, 0]"
212435,7552313,94,0,"[1, 0]"
212435,7552313,46,0,"[1, 0]"
212435,7552313,22,0,"[1, 0]"
212435,7552313,10,0,"[1, 0]"
212435,7552313,4,0,"[1, 0]"
212435,7552313,1,0,"[1, 0]"
212435,7552313,0,0,"[1, 0]"
212435,7552313,1,0,"[0, 1]"
212435,7552313,2,0,"[0, 1]"
212435,7552313,4,0,"[0, 1]"
212435,7552313,3,0,"[0, 1]"
212435,7552313,6,0,"[0, 1]"
212435,7552313,5,0,"[0, 1]"
212435,7552313,13,0,"[0, 1]"
212435,7552313,7,0,"[0, 1]"
212435,7552313,14,0,"[0, 1]"
212435,7552313,8,0,"[0, 1]"
212435,7552313,11,0,"[0, 1]"
212435,7552313,12,0,"[0, 1]"
212435,7552313,19,0,"[0, 1]"
212435,7552313,22,0,"[0, 1]"
212435,7552313,15,0,"[0, 1]"
212435,7552313,27,0,"[0, 1]"
212435,7552313,30,0,"[0, 1]"
212435,7552313,28,0,"[0, 1]"
212435,7552313,24,0,"[0, 1]"
212435,7552313,25,0,"[0, 1]"
212435,7552313,41,0,"[0, 1]"
212435,7552313,51,0,"[0, 1]"
212435,7552313,50,0,"[0, 1]"
212435,7552313,40,0,"[0, 1]"
212435,7552313,52,0,"[0, 1]"
212435,7552313,53,0,"[0, 1]"
212435,7552313,49,0,"[0, 1]"
212435,7552313,32,0,"[0, 1]"
212435,7552313,47,0,"[0, 1]"
212435,7552313,56,0,"[0, 1]"
212435,7552313,89,0,"[0, 1]"
212435,7552313,123,0,"[0, 1]"
212435,7552313,100,0,"[0, 1]"
212435,7552313,124,0,"[0, 1]"
212435,7552313,107,0,"[0, 1]"
212435,7552313,109,0,"[0, 1]"
212435,7552313,96,0,"[0, 1]"
212435,7552313,82,0,"[0, 1]"
212435,7552313,81,0,"[0, 1]"
212435,7552313,78,0,"[0, 1]"
212435,7552313,63,0,"[0, 1]"
212435,7552313,66,0,"[0, 1]"
212435,7552313,252,0,"[0, 1]"
212435,7552313,242,0,"[0, 1]"
212435,7552313,184,0,"[0, 1]"
212435,7552313,192,0,"[0, 1]"
212435,7552313,218,0,"[0, 1]"
212435,7552313,220,0,"[0, 1]"
212435,7552313,241,0,"[0, 1]"
212435,7552313,127,0,"[0, 1]"
212435,7552313,198,0,"[0, 1]"
212435,7552313,147,0,"[0, 1]"
212435,7552313,188,0,"[0, 1]"
212435,7552313,227,0,"[0, 1]"
212435,7552313,176,0,"[0, 1]"
212435,7552313,222,0,"[0, 1]"
212435,7552313,399,0,"[0, 1]"
212435,7552313,459,0,"[0, 1]"
212435,7552313,387,0,"[0, 1]"
212435,7552313,460,0,"[0, 1]"
212435,7552313,312,0,"[0, 1]"
212435,7552313,269,0,"[0, 1]"
212435,7552313,438,0,"[0, 1]"
212435,7552313,356,0,"[0, 1]"
212435,7552313,355,0,"[0, 1]"
212435,7552313,347,0,"[0, 1]"
212435,7552313,362,0,"[0, 1]"
212435,7552313,416,0,"[0, 1]"
212435,7552313,494,0,"[0, 1]"
212435,7552313,308,0,"[0, 1]"
212435,7552313,498,0,"[0, 1]"
212435,7552313,397,0,"[0, 1]"
212435,7552313,776,0,"[0, 1]"
212435,7552313,666,0,"[0, 1]"
212435,7552313,534,0,"[0, 1]"
212435,7552313,610,0,"[0, 1]"
212435,7552313,905,0,"[0, 1]"
212435,7552313,620,0,"[0, 1]"
212435,7552313,685,0,"[0, 1]"
212435,7552313,883,0,"[0, 1]"
212435,7552313,985,0,"[0, 1]"
212435,7552313,912,0,"[0, 1]"
212435,7552313,643,0,"[0, 1]"
212435,7552313,705,0,"[0, 1]"
212435,7552313,949,0,"[0, 1]"
212435,7552313,930,0,"[0, 1]"
212435,7552313,678,0,"[0, 1]"
212435,7552313,663,0,"[0, 1]"
212435,7552313,693,0,"[0, 1]"
212435,7552313,906,0,"[0, 1]"
212435,7552313,1436,0,"[0, 1]"
212435,7552313,1633,0,"[0, 1]"
212435,7552313,1672,0,"[0, 1]"
212435,7552313,1289,0,"[0, 1]"
212435,7552313,1826,0,"[0, 1]"
212435,7552313,1305,0,"[0, 1]"
212435,7552313,1973,0,"[0, 1]"
212435,7552313,1656,0,"[0, 1]"
212435,7552313,1693,0,"[0, 1]"
212435,7552313,1037,0,"[0, 1]"
212435,7552313,1061,0,"[0, 1]"
212435,7552313,1516,0,"[0, 1]"
212435,7552313,1431,0,"[0, 1]"
212435,7552313,1128,0,"[0, 1]"
212435,7552313,1783,0,"[0, 1]"
212435,7552313,1196,0,"[0, 1]"
212435,7552313,1911,0,"[0, 1]"
212435,7552313,1547,0,"[0, 1]"
212435,7552313,1463,0,"[0, 1]"
212435,7552313,1753,0,"[0, 1]"
212435,7552313,3925,0,"[0, 1]"
212435,7552313,2369,0,"[0, 1]"
212435,7552313,3924,0,"[0, 1]"
212435,7552313,2739,0,"[0, 1]"
212435,7552313,3756,0,"[0, 1]"
212435,7552313,3874,0,"[0, 1]"
212435,7552313,3428,0,"[0, 1]"
212435,7552313,2848,0,"[0, 1]"
212435,7552313,2076,0,"[0, 1]"
212435,7552313,2155,0,"[0, 1]"
212435,7552313,3937,0,"[0, 1]"
212435,7552313,3304,0,"[0, 1]"
212435,7552313,3611,0,"[0, 1]"
212435,7552313,2708,0,"[0, 1]"
212435,7552313,4068,0,"[0, 1]"
212435,7552313,3904,0,"[0, 1]"
212435,7552313,3746,0,"[0, 1]"
212435,7552313,3871,0,"[0, 1]"
212435,7552313,3526,0,"[0, 1]"
212435,7552313,3959,0,"[0, 1]"
212435,7552313,2731,0,"[0, 1]"
212435,7552313,3164,0,"[0, 1]"
212435,7552313,7208842,1,"[0, 1]"
212435,7552313,4095,0,"[0, 1]"
212435,7552313,7611386,1,"[0, 1]"
212435,7552313,7277958,1,"[0, 1]"
212435,7552313,4607,0,"[0, 1]"
212435,7552313,7681665,1,"[0, 1]"
212435,7552313,7436153,1,"[0, 1]"
212435,7552313,7659712,1,"[0, 1]"
212435,7552313,4247,0,"[0, 1]"
212435,7552313,4344,0,"[0, 1]"
212435,7552313,7529087,1,"[0, 1]"
212435,7552313,4353583,1,"[0, 1]"
212435,7552313,7458120,1,"[0, 1]"
212435,7552313,7544209,1,"[0, 1]"
212435,7552313,3403837,1,"[0, 1]"
212435,7552313,7092272,1,"[0, 1]"
212435,7552313,7577350,1,"[0, 1]"
212435,7552313,1484018,1,"[0, 1]"
212435,7552313,7555276,1,"[0, 1]"
212435,7552313,7269235,1,"[0, 1]"
212435,7552313,7646548,1,"[0, 1]"
212435,7552313,7689281,1,"[0, 1]"
212435,7552313,1696122,1,"[0, 1]"
212435,7552313,7345262,1,"[0, 1]"
528841,7552368,7552368,1,"[1, 0]"
528841,7552368,2193,0,"[1, 0]"
528841,7552368,1096,0,"[1, 0]"
528841,7552368,547,0,"[1, 0]"
528841,7552368,273,0,"[1, 0]"
528841,7552368,136,0,"[1, 0]"
528841,7552368,67,0,"[1, 0]"
528841,7552368,33,0,"[1, 0]"
528841,7552368,16,0,"[1, 0]"
528841,7552368,7,0,"[1, 0]"
528841,7552368,3,0,"[1, 0]"
528841,7552368,1,0,"[1, 0]"
528841,7552368,0,0,"[1, 0]"
528841,7552368,1,0,"[0, 1]"
528841,7552368,2,0,"[0, 1]"
528841,7552368,5,0,"[0, 1]"
528841,7552368,3,0,"[0, 1]"
528841,7552368,4,0,"[0, 1]"
528841,7552368,6,0,"[0, 1]"
528841,7552368,7,0,"[0, 1]"
528841,7552368,9,0,"[0, 1]"
528841,7552368,13,0,"[0, 1]"
528841,7552368,11,0,"[0, 1]"
528841,7552368,10,0,"[0, 1]"
528841,7552368,8,0,"[0, 1]"
528841,7552368,30,0,"[0, 1]"
528841,7552368,22,0,"[0, 1]"
528841,7552368,26,0,"[0, 1]"
528841,7552368,24,0,"[0, 1]"
528841,7552368,27,0,"[0, 1]"
528841,7552368,23,0,"[0, 1]"
528841,7552368,20,0,"[0, 1]"
528841,7552368,19,0,"[0, 1]"
528841,7552368,41,0,"[0, 1]"
528841,7552368,62,0,"[0, 1]"
528841,7552368,32,0,"[0, 1]"
528841,7552368,38,0,"[0, 1]"
528841,7552368,55,0,"[0, 1]"
528841,7552368,43,0,"[0, 1]"
528841,7552368,52,0,"[0, 1]"
528841,7552368,37,0,"[0, 1]"
528841,7552368,40,0,"[0, 1]"
528841,7552368,54,0,"[0, 1]"
528841,7552368,81,0,"[0, 1]"
528841,7552368,65,0,"[0, 1]"
528841,7552368,72,0,"[0, 1]"
528841,7552368,109,0,"[0, 1]"
528841,7552368,69,0,"[0, 1]"
528841,7552368,106,0,"[0, 1]"
528841,7552368,103,0,"[0, 1]"
528841,7552368,101,0,"[0, 1]"
528841,7552368,90,0,"[0, 1]"
528841,7552368,119,0,"[0, 1]"
528841,7552368,92,0,"[0, 1]"
528841,7552368,74,0,"[0, 1]"
528841,7552368,144,0,"[0, 1]"
528841,7552368,191,0,"[0, 1]"
528841,7552368,201,0,"[0, 1]"
528841,7552368,168,0,"[0, 1]"
528841,7552368,226,0,"[0, 1]"
528841,7552368,244,0,"[0, 1]"
528841,7552368,189,0,"[0, 1]"
528841,7552368,169,0,"[0, 1]"
528841,7552368,167,0,"[0, 1]"
528841,7552368,139,0,"[0, 1]"
528841,7552368,192,0,"[0, 1]"
528841,7552368,141,0,"[0, 1]"
528841,7552368,185,0,"[0, 1]"
528841,7552368,190,0,"[0, 1]"
528841,7552368,439,0,"[0, 1]"
528841,7552368,508,0,"[0, 1]"
528841,7552368,376,0,"[0, 1]"
528841,7552368,269,0,"[0, 1]"
528841,7552368,352,0,"[0, 1]"
528841,7552368,469,0,"[0, 1]"
528841,7552368,311,0,"[0, 1]"
528841,7552368,286,0,"[0, 1]"
528841,7552368,372,0,"[0, 1]"
528841,7552368,495,0,"[0, 1]"
528841,7552368,276,0,"[0, 1]"
528841,7552368,260,0,"[0, 1]"
528841,7552368,310,0,"[0, 1]"
528841,7552368,451,0,"[0, 1]"
528841,7552368,364,0,"[0, 1]"
528841,7552368,486,0,"[0, 1]"
528841,7552368,953,0,"[0, 1]"
528841,7552368,833,0,"[0, 1]"
528841,7552368,659,0,"[0, 1]"
528841,7552368,725,0,"[0, 1]"
528841,7552368,799,0,"[0, 1]"
528841,7552368,794,0,"[0, 1]"
528841,7552368,572,0,"[0, 1]"
528841,7552368,696,0,"[0, 1]"
528841,7552368,932,0,"[0, 1]"
528841,7552368,789,0,"[0, 1]"
528841,7552368,702,0,"[0, 1]"
528841,7552368,1022,0,"[0, 1]"
528841,7552368,871,0,"[0, 1]"
528841,7552368,814,0,"[0, 1]"
528841,7552368,671,0,"[0, 1]"
528841,7552368,1011,0,"[0, 1]"
528841,7552368,777,0,"[0, 1]"
528841,7552368,864,0,"[0, 1]"
528841,7552368,1875,0,"[0, 1]"
528841,7552368,1279,0,"[0, 1]"
528841,7552368,1696,0,"[0, 1]"
528841,7552368,1416,0,"[0, 1]"
528841,7552368,1518,0,"[0, 1]"
528841,7552368,1035,0,"[0, 1]"
528841,7552368,1026,0,"[0, 1]"
528841,7552368,1228,0,"[0, 1]"
528841,7552368,1360,0,"[0, 1]"
528841,7552368,1097,0,"[0, 1]"
528841,7552368,1088,0,"[0, 1]"
528841,7552368,1563,0,"[0, 1]"
528841,7552368,1419,0,"[0, 1]"
528841,7552368,1861,0,"[0, 1]"
528841,7552368,1835,0,"[0, 1]"
528841,7552368,1886,0,"[0, 1]"
528841,7552368,2010,0,"[0, 1]"
528841,7552368,1662,0,"[0, 1]"
528841,7552368,1412,0,"[0, 1]"
528841,7552368,1273,0,"[0, 1]"
528841,7552368,2325,0,"[0, 1]"
528841,7552368,3921,0,"[0, 1]"
528841,7552368,3955,0,"[0, 1]"
528841,7552368,3515,0,"[0, 1]"
528841,7552368,2304,0,"[0, 1]"
528841,7552368,3361,0,"[0, 1]"
528841,7552368,3401,0,"[0, 1]"
528841,7552368,3540,0,"[0, 1]"
528841,7552368,2497,0,"[0, 1]"
528841,7552368,3781,0,"[0, 1]"
528841,7552368,3172,0,"[0, 1]"
528841,7552368,3989,0,"[0, 1]"
528841,7552368,3011,0,"[0, 1]"
528841,7552368,2982,0,"[0, 1]"
528841,7552368,2851,0,"[0, 1]"
528841,7552368,3858,0,"[0, 1]"
528841,7552368,3944,0,"[0, 1]"
528841,7552368,4079,0,"[0, 1]"
528841,7552368,3217,0,"[0, 1]"
528841,7552368,2541,0,"[0, 1]"
528841,7552368,2902,0,"[0, 1]"
528841,7552368,3876,0,"[0, 1]"
528841,7552368,7427824,1,"[0, 1]"
528841,7552368,7492039,1,"[0, 1]"
528841,7552368,7247204,1,"[0, 1]"
528841,7552368,7471189,1,"[0, 1]"
528841,7552368,7453570,1,"[0, 1]"
528841,7552368,7223830,1,"[0, 1]"
528841,7552368,4816,0,"[0, 1]"
528841,7552368,7433031,1,"[0, 1]"
528841,7552368,4602,0,"[0, 1]"
528841,7552368,7304788,1,"[0, 1]"
528841,7552368,7464139,1,"[0, 1]"
528841,7552368,7597457,1,"[0, 1]"
528841,7552368,7405491,1,"[0, 1]"
528841,7552368,262205,1,"[0, 1]"
528841,7552368,7494778,1,"[0, 1]"
528841,7552368,7094594,1,"[0, 1]"
528841,7552368,7494365,1,"[0, 1]"
528841,7552368,7298209,1,"[0, 1]"
528841,7552368,7611089,1,"[0, 1]"
528841,7552368,7148643,1,"[0, 1]"
528841,7552368,4447,0,"[0, 1]"
528841,7552368,7187373,1,"[0, 1]"
528841,7552368,4934,0,"[0, 1]"
528841,7552368,7684215,1,"[0, 1]"
528841,7552369,7552369,1,"[1, 0]"
528841,7552369,2388,0,"[1, 0]"
528841,7552369,1193,0,"[1, 0]"
528841,7552369,596,0,"[1, 0]"
528841,7552369,297,0,"[1, 0]"
528841,7552369,148,0,"[1, 0]"
528841,7552369,73,0,"[1, 0]"
528841,7552369,36,0,"[1, 0]"
528841,7552369,17,0,"[1, 0]"
528841,7552369,8,0,"[1, 0]"
528841,7552369,3,0,"[1, 0]"
528841,7552369,1,0,"[1, 0]"
528841,7552369,0,0,"[1, 0]"
528841,7552369,2,0,"[0, 1]"
528841,7552369,1,0,"[0, 1]"
528841,7552369,4,0,"[0, 1]"
528841,7552369,3,0,"[0, 1]"
528841,7552369,6,0,"[0, 1]"
528841,7552369,5,0,"[0, 1]"
528841,7552369,9,0,"[0, 1]"
528841,7552369,13,0,"[0, 1]"
528841,7552369,8,0,"[0, 1]"
528841,7552369,11,0,"[0, 1]"
528841,7552369,7,0,"[0, 1]"
528841,7552369,10,0,"[0, 1]"
528841,7552369,20,0,"[0, 1]"
528841,7552369,16,0,"[0, 1]"
528841,7552369,26,0,"[0, 1]"
528841,7552369,24,0,"[0, 1]"
528841,7552369,15,0,"[0, 1]"
528841,7552369,18,0,"[0, 1]"
528841,7552369,19,0,"[0, 1]"
528841,7552369,23,0,"[0, 1]"
528841,7552369,41,0,"[0, 1]"
528841,7552369,38,0,"[0, 1]"
528841,7552369,61,0,"[0, 1]"
528841,7552369,43,0,"[0, 1]"
528841,7552369,49,0,"[0, 1]"
528841,7552369,54,0,"[0, 1]"
528841,7552369,32,0,"[0, 1]"
528841,7552369,46,0,"[0, 1]"
528841,7552369,58,0,"[0, 1]"
528841,7552369,52,0,"[0, 1]"
528841,7552369,97,0,"[0, 1]"
528841,7552369,106,0,"[0, 1]"
528841,7552369,105,0,"[0, 1]"
528841,7552369,92,0,"[0, 1]"
528841,7552369,67,0,"[0, 1]"
528841,7552369,89,0,"[0, 1]"
528841,7552369,113,0,"[0, 1]"
528841,7552369,63,0,"[0, 1]"
528841,7552369,73,0,"[0, 1]"
528841,7552369,75,0,"[0, 1]"
528841,7552369,108,0,"[0, 1]"
528841,7552369,102,0,"[0, 1]"
528841,7552369,139,0,"[0, 1]"
528841,7552369,243,0,"[0, 1]"
528841,7552369,166,0,"[0, 1]"
528841,7552369,206,0,"[0, 1]"
528841,7552369,152,0,"[0, 1]"
528841,7552369,165,0,"[0, 1]"
528841,7552369,221,0,"[0, 1]"
528841,7552369,246,0,"[0, 1]"
528841,7552369,202,0,"[0, 1]"
528841,7552369,188,0,"[0, 1]"
528841,7552369,170,0,"[0, 1]"
528841,7552369,127,0,"[0, 1]"
528841,7552369,133,0,"[0, 1]"
528841,7552369,191,0,"[0, 1]"
528841,7552369,327,0,"[0, 1]"
528841,7552369,446,0,"[0, 1]"
528841,7552369,303,0,"[0, 1]"
528841,7552369,454,0,"[0, 1]"
528841,7552369,395,0,"[0, 1]"
528841,7552369,365,0,"[0, 1]"
528841,7552369,291,0,"[0, 1]"
528841,7552369,413,0,"[0, 1]"
528841,7552369,381,0,"[0, 1]"
528841,7552369,415,0,"[0, 1]"
528841,7552369,373,0,"[0, 1]"
528841,7552369,257,0,"[0, 1]"
528841,7552369,371,0,"[0, 1]"
528841,7552369,389,0,"[0, 1]"
528841,7552369,267,0,"[0, 1]"
528841,7552369,473,0,"[0, 1]"
528841,7552369,535,0,"[0, 1]"
528841,7552369,525,0,"[0, 1]"
528841,7552369,568,0,"[0, 1]"
528841,7552369,894,0,"[0, 1]"
528841,7552369,888,0,"[0, 1]"
528841,7552369,597,0,"[0, 1]"
528841,7552369,963,0,"[0, 1]"
528841,7552369,573,0,"[0, 1]"
528841,7552369,829,0,"[0, 1]"
528841,7552369,536,0,"[0, 1]"
528841,7552369,868,0,"[0, 1]"
528841,7552369,690,0,"[0, 1]"
528841,7552369,753,0,"[0, 1]"
528841,7552369,913,0,"[0, 1]"
528841,7552369,795,0,"[0, 1]"
528841,7552369,838,0,"[0, 1]"
528841,7552369,759,0,"[0, 1]"
528841,7552369,649,0,"[0, 1]"
528841,7552369,1118,0,"[0, 1]"
528841,7552369,1750,0,"[0, 1]"
528841,7552369,1769,0,"[0, 1]"
528841,7552369,1483,0,"[0, 1]"
528841,7552369,2037,0,"[0, 1]"
528841,7552369,1697,0,"[0, 1]"
528841,7552369,1827,0,"[0, 1]"
528841,7552369,1034,0,"[0, 1]"
528841,7552369,1973,0,"[0, 1]"
528841,7552369,1153,0,"[0, 1]"
528841,7552369,1149,0,"[0, 1]"
528841,7552369,1032,0,"[0, 1]"
528841,7552369,2016,0,"[0, 1]"
528841,7552369,2028,0,"[0, 1]"
528841,7552369,1860,0,"[0, 1]"
528841,7552369,1650,0,"[0, 1]"
528841,7552369,1696,0,"[0, 1]"
528841,7552369,1882,0,"[0, 1]"
528841,7552369,1612,0,"[0, 1]"
528841,7552369,1608,0,"[0, 1]"
528841,7552369,3141,0,"[0, 1]"
528841,7552369,4056,0,"[0, 1]"
528841,7552369,2418,0,"[0, 1]"
528841,7552369,2741,0,"[0, 1]"
528841,7552369,4027,0,"[0, 1]"
528841,7552369,2724,0,"[0, 1]"
528841,7552369,3461,0,"[0, 1]"
528841,7552369,3142,0,"[0, 1]"
528841,7552369,2384,0,"[0, 1]"
528841,7552369,3027,0,"[0, 1]"
528841,7552369,3989,0,"[0, 1]"
528841,7552369,2112,0,"[0, 1]"
528841,7552369,2549,0,"[0, 1]"
528841,7552369,2825,0,"[0, 1]"
528841,7552369,2961,0,"[0, 1]"
528841,7552369,3292,0,"[0, 1]"
528841,7552369,3149,0,"[0, 1]"
528841,7552369,2336,0,"[0, 1]"
528841,7552369,2749,0,"[0, 1]"
528841,7552369,4062,0,"[0, 1]"
528841,7552369,3152,0,"[0, 1]"
528841,7552369,3721,0,"[0, 1]"
528841,7552369,7186156,1,"[0, 1]"
528841,7552369,7293312,1,"[0, 1]"
528841,7552369,7424071,1,"[0, 1]"
528841,7552369,6225607,1,"[0, 1]"
528841,7552369,7290481,1,"[0, 1]"
528841,7552369,7284567,1,"[0, 1]"
528841,7552369,7601418,1,"[0, 1]"
528841,7552369,7611386,1,"[0, 1]"
528841,7552369,7239766,1,"[0, 1]"
528841,7552369,7304788,1,"[0, 1]"
528841,7552369,7319308,1,"[0, 1]"
528841,7552369,4731,0,"[0, 1]"
528841,7552369,7346838,1,"[0, 1]"
528841,7552369,7127588,1,"[0, 1]"
528841,7552369,7348666,1,"[0, 1]"
528841,7552369,7220310,1,"[0, 1]"
528841,7552369,114752,1,"[0, 1]"
528841,7552369,4645,0,"[0, 1]"
528841,7552369,7589844,1,"[0, 1]"
528841,7552369,7174952,1,"[0, 1]"
528841,7552369,2294786,1,"[0, 1]"
528841,7552369,7327314,1,"[0, 1]"
528841,7552369,4184,0,"[0, 1]"
528841,7552369,7107100,1,"[0, 1]"
277556,3655235,3655235,1,"[1, 0]"
277556,3655235,2962,0,"[1, 0]"
277556,3655235,1480,0,"[1, 0]"
277556,3655235,739,0,"[1, 0]"
277556,3655235,369,0,"[1, 0]"
277556,3655235,184,0,"[1, 0]"
277556,3655235,91,0,"[1, 0]"
277556,3655235,45,0,"[1, 0]"
277556,3655235,22,0,"[1, 0]"
277556,3655235,10,0,"[1, 0]"
277556,3655235,4,0,"[1, 0]"
277556,3655235,1,0,"[1, 0]"
277556,3655235,0,0,"[1, 0]"
277556,3655235,2,0,"[0, 1]"
277556,3655235,1,0,"[0, 1]"
277556,3655235,4,0,"[0, 1]"
277556,3655235,3,0,"[0, 1]"
277556,3655235,5,0,"[0, 1]"
277556,3655235,6,0,"[0, 1]"
277556,3655235,14,0,"[0, 1]"
277556,3655235,13,0,"[0, 1]"
277556,3655235,8,0,"[0, 1]"
277556,3655235,11,0,"[0, 1]"
277556,3655235,7,0,"[0, 1]"
277556,3655235,10,0,"[0, 1]"
277556,3655235,21,0,"[0, 1]"
277556,3655235,19,0,"[0, 1]"
277556,3655235,25,0,"[0, 1]"
277556,3655235,17,0,"[0, 1]"
277556,3655235,27,0,"[0, 1]"
277556,3655235,24,0,"[0, 1]"
277556,3655235,20,0,"[0, 1]"
277556,3655235,18,0,"[0, 1]"
277556,3655235,39,0,"[0, 1]"
277556,3655235,38,0,"[0, 1]"
277556,3655235,46,0,"[0, 1]"
277556,3655235,62,0,"[0, 1]"
277556,3655235,52,0,"[0, 1]"
277556,3655235,42,0,"[0, 1]"
277556,3655235,50,0,"[0, 1]"
277556,3655235,32,0,"[0, 1]"
277556,3655235,33,0,"[0, 1]"
277556,3655235,40,0,"[0, 1]"
277556,3655235,93,0,"[0, 1]"
277556,3655235,124,0,"[0, 1]"
277556,3655235,111,0,"[0, 1]"
277556,3655235,91,0,"[0, 1]"
277556,3655235,121,0,"[0, 1]"
277556,3655235,109,0,"[0, 1]"
277556,3655235,120,0,"[0, 1]"
277556,3655235,90,0,"[0, 1]"
277556,3655235,100,0,"[0, 1]"
277556,3655235,75,0,"[0, 1]"
277556,3655235,80,0,"[0, 1]"
277556,3655235,97,0,"[0, 1]"
277556,3655235,157,0,"[0, 1]"
277556,3655235,246,0,"[0, 1]"
277556,3655235,237,0,"[0, 1]"
277556,3655235,148,0,"[0, 1]"
277556,3655235,238,0,"[0, 1]"
277556,3655235,199,0,"[0, 1]"
277556,3655235,226,0,"[0, 1]"
277556,3655235,167,0,"[0, 1]"
277556,3655235,241,0,"[0, 1]"
277556,3655235,204,0,"[0, 1]"
277556,3655235,169,0,"[0, 1]"
277556,3655235,174,0,"[0, 1]"
277556,3655235,183,0,"[0, 1]"
277556,3655235,233,0,"[0, 1]"
277556,3655235,324,0,"[0, 1]"
277556,3655235,309,0,"[0, 1]"
277556,3655235,360,0,"[0, 1]"
277556,3655235,445,0,"[0, 1]"
277556,3655235,351,0,"[0, 1]"
277556,3655235,397,0,"[0, 1]"
277556,3655235,470,0,"[0, 1]"
277556,3655235,374,0,"[0, 1]"
277556,3655235,267,0,"[0, 1]"
277556,3655235,268,0,"[0, 1]"
277556,3655235,338,0,"[0, 1]"
277556,3655235,383,0,"[0, 1]"
277556,3655235,373,0,"[0, 1]"
277556,3655235,416,0,"[0, 1]"
277556,3655235,341,0,"[0, 1]"
277556,3655235,438,0,"[0, 1]"
277556,3655235,584,0,"[0, 1]"
277556,3655235,991,0,"[0, 1]"
277556,3655235,638,0,"[0, 1]"
277556,3655235,870,0,"[0, 1]"
277556,3655235,656,0,"[0, 1]"
277556,3655235,893,0,"[0, 1]"
277556,3655235,614,0,"[0, 1]"
277556,3655235,771,0,"[0, 1]"
277556,3655235,895,0,"[0, 1]"
277556,3655235,1003,0,"[0, 1]"
277556,3655235,916,0,"[0, 1]"
277556,3655235,832,0,"[0, 1]"
277556,3655235,692,0,"[0, 1]"
277556,3655235,951,0,"[0, 1]"
277556,3655235,530,0,"[0, 1]"
277556,3655235,823,0,"[0, 1]"
277556,3655235,580,0,"[0, 1]"
277556,3655235,936,0,"[0, 1]"
277556,3655235,1206,0,"[0, 1]"
277556,3655235,1271,0,"[0, 1]"
277556,3655235,1908,0,"[0, 1]"
277556,3655235,1376,0,"[0, 1]"
277556,3655235,1846,0,"[0, 1]"
277556,3655235,1901,0,"[0, 1]"
277556,3655235,1578,0,"[0, 1]"
277556,3655235,1157,0,"[0, 1]"
277556,3655235,1843,0,"[0, 1]"
277556,3655235,1344,0,"[0, 1]"
277556,3655235,1269,0,"[0, 1]"
277556,3655235,1857,0,"[0, 1]"
277556,3655235,1343,0,"[0, 1]"
277556,3655235,1475,0,"[0, 1]"
277556,3655235,1276,0,"[0, 1]"
277556,3655235,1541,0,"[0, 1]"
277556,3655235,1465,0,"[0, 1]"
277556,3655235,1682,0,"[0, 1]"
277556,3655235,1528,0,"[0, 1]"
277556,3655235,1495,0,"[0, 1]"
277556,3655235,3561,0,"[0, 1]"
277556,3655235,3829,0,"[0, 1]"
277556,3655235,3776,0,"[0, 1]"
277556,3655235,2461,0,"[0, 1]"
277556,3655235,3300,0,"[0, 1]"
277556,3655235,3789,0,"[0, 1]"
277556,3655235,3841,0,"[0, 1]"
277556,3655235,3608,0,"[0, 1]"
277556,3655235,2289,0,"[0, 1]"
277556,3655235,2276,0,"[0, 1]"
277556,3655235,3303,0,"[0, 1]"
277556,3655235,3147,0,"[0, 1]"
277556,3655235,3239,0,"[0, 1]"
277556,3655235,3599,0,"[0, 1]"
277556,3655235,2514,0,"[0, 1]"
277556,3655235,2904,0,"[0, 1]"
277556,3655235,3924,0,"[0, 1]"
277556,3655235,3062,0,"[0, 1]"
277556,3655235,3026,0,"[0, 1]"
277556,3655235,3514,0,"[0, 1]"
277556,3655235,2100,0,"[0, 1]"
277556,3655235,2712,0,"[0, 1]"
277556,3655235,7120331,1,"[0, 1]"
277556,3655235,7197436,1,"[0, 1]"
277556,3655235,7268282,1,"[0, 1]"
277556,3655235,7402425,1,"[0, 1]"
277556,3655235,7400409,1,"[0, 1]"
277556,3655235,7208842,1,"[0, 1]"
277556,3655235,3551968,1,"[0, 1]"
277556,3655235,7637574,1,"[0, 1]"
277556,3655235,7278395,1,"[0, 1]"
277556,3655235,7146139,1,"[0, 1]"
277556,3655235,7255219,1,"[0, 1]"
277556,3655235,7644827,1,"[0, 1]"
277556,3655235,4106,0,"[0, 1]"
277556,3655235,7638774,1,"[0, 1]"
277556,3655235,7386485,1,"[0, 1]"
277556,3655235,7562245,1,"[0, 1]"
277556,3655235,4205,0,"[0, 1]"
277556,3655235,4902,0,"[0, 1]"
277556,3655235,4151,0,"[0, 1]"
277556,3655235,2390356,1,"[0, 1]"
277556,3655235,7365853,1,"[0, 1]"
277556,3655235,7207097,1,"[0, 1]"
277556,3655235,4306,0,"[0, 1]"
277556,3655235,7125687,1,"[0, 1]"
467612,7552919,7552919,1,"[1, 0]"
467612,7552919,2684,0,"[1, 0]"
467612,7552919,1341,0,"[1, 0]"
467612,7552919,670,0,"[1, 0]"
467612,7552919,334,0,"[1, 0]"
467612,7552919,166,0,"[1, 0]"
467612,7552919,82,0,"[1, 0]"
467612,7552919,40,0,"[1, 0]"
467612,7552919,19,0,"[1, 0]"
467612,7552919,9,0,"[1, 0]"
467612,7552919,4,0,"[1, 0]"
467612,7552919,1,0,"[1, 0]"
467612,7552919,0,0,"[1, 0]"
467612,7552919,2,0,"[0, 1]"
467612,7552919,1,0,"[0, 1]"
467612,7552919,6,0,"[0, 1]"
467612,7552919,4,0,"[0, 1]"
467612,7552919,3,0,"[0, 1]"
467612,7552919,5,0,"[0, 1]"
467612,7552919,7,0,"[0, 1]"
467612,7552919,9,0,"[0, 1]"
467612,7552919,10,0,"[0, 1]"
467612,7552919,13,0,"[0, 1]"
467612,7552919,14,0,"[0, 1]"
467612,7552919,12,0,"[0, 1]"
467612,7552919,29,0,"[0, 1]"
467612,7552919,28,0,"[0, 1]"
467612,7552919,24,0,"[0, 1]"
467612,7552919,21,0,"[0, 1]"
467612,7552919,20,0,"[0, 1]"
467612,7552919,30,0,"[0, 1]"
467612,7552919,22,0,"[0, 1]"
467612,7552919,26,0,"[0, 1]"
467612,7552919,34,0,"[0, 1]"
467612,7552919,57,0,"[0, 1]"
467612,7552919,38,0,"[0, 1]"
467612,7552919,43,0,"[0, 1]"
467612,7552919,35,0,"[0, 1]"
467612,7552919,53,0,"[0, 1]"
467612,7552919,58,0,"[0, 1]"
467612,7552919,61,0,"[0, 1]"
467612,7552919,37,0,"[0, 1]"
467612,7552919,59,0,"[0, 1]"
467612,7552919,108,0,"[0, 1]"
467612,7552919,68,0,"[0, 1]"
467612,7552919,98,0,"[0, 1]"
467612,7552919,99,0,"[0, 1]"
467612,7552919,81,0,"[0, 1]"
467612,7552919,82,0,"[0, 1]"
467612,7552919,111,0,"[0, 1]"
467612,7552919,71,0,"[0, 1]"
467612,7552919,100,0,"[0, 1]"
467612,7552919,107,0,"[0, 1]"
467612,7552919,117,0,"[0, 1]"
467612,7552919,96,0,"[0, 1]"
467612,7552919,174,0,"[0, 1]"
467612,7552919,131,0,"[0, 1]"
467612,7552919,195,0,"[0, 1]"
467612,7552919,164,0,"[0, 1]"
467612,7552919,249,0,"[0, 1]"
467612,7552919,247,0,"[0, 1]"
467612,7552919,158,0,"[0, 1]"
467612,7552919,137,0,"[0, 1]"
467612,7552919,230,0,"[0, 1]"
467612,7552919,204,0,"[0, 1]"
467612,7552919,226,0,"[0, 1]"
467612,7552919,130,0,"[0, 1]"
467612,7552919,199,0,"[0, 1]"
467612,7552919,243,0,"[0, 1]"
467612,7552919,452,0,"[0, 1]"
467612,7552919,358,0,"[0, 1]"
467612,7552919,473,0,"[0, 1]"
467612,7552919,468,0,"[0, 1]"
467612,7552919,408,0,"[0, 1]"
467612,7552919,307,0,"[0, 1]"
467612,7552919,353,0,"[0, 1]"
467612,7552919,435,0,"[0, 1]"
467612,7552919,310,0,"[0, 1]"
467612,7552919,397,0,"[0, 1]"
467612,7552919,480,0,"[0, 1]"
467612,7552919,507,0,"[0, 1]"
467612,7552919,391,0,"[0, 1]"
467612,7552919,379,0,"[0, 1]"
467612,7552919,484,0,"[0, 1]"
467612,7552919,327,0,"[0, 1]"
467612,7552919,858,0,"[0, 1]"
467612,7552919,650,0,"[0, 1]"
467612,7552919,552,0,"[0, 1]"
467612,7552919,956,0,"[0, 1]"
467612,7552919,754,0,"[0, 1]"
467612,7552919,931,0,"[0, 1]"
467612,7552919,1019,0,"[0, 1]"
467612,7552919,904,0,"[0, 1]"
467612,7552919,511,0,"[0, 1]"
467612,7552919,750,0,"[0, 1]"
467612,7552919,518,0,"[0, 1]"
467612,7552919,691,0,"[0, 1]"
467612,7552919,876,0,"[0, 1]"
467612,7552919,867,0,"[0, 1]"
467612,7552919,701,0,"[0, 1]"
467612,7552919,944,0,"[0, 1]"
467612,7552919,580,0,"[0, 1]"
467612,7552919,946,0,"[0, 1]"
467612,7552919,1901,0,"[0, 1]"
467612,7552919,1436,0,"[0, 1]"
467612,7552919,1088,0,"[0, 1]"
467612,7552919,1478,0,"[0, 1]"
467612,7552919,1487,0,"[0, 1]"
467612,7552919,1815,0,"[0, 1]"
467612,7552919,1383,0,"[0, 1]"
467612,7552919,1260,0,"[0, 1]"
467612,7552919,1491,0,"[0, 1]"
467612,7552919,1263,0,"[0, 1]"
467612,7552919,1338,0,"[0, 1]"
467612,7552919,1748,0,"[0, 1]"
467612,7552919,1659,0,"[0, 1]"
467612,7552919,1241,0,"[0, 1]"
467612,7552919,1711,0,"[0, 1]"
467612,7552919,2041,0,"[0, 1]"
467612,7552919,1654,0,"[0, 1]"
467612,7552919,1956,0,"[0, 1]"
467612,7552919,1032,0,"[0, 1]"
467612,7552919,1917,0,"[0, 1]"
467612,7552919,3703,0,"[0, 1]"
467612,7552919,2427,0,"[0, 1]"
467612,7552919,3735,0,"[0, 1]"
467612,7552919,2780,0,"[0, 1]"
467612,7552919,3176,0,"[0, 1]"
467612,7552919,2403,0,"[0, 1]"
467612,7552919,3782,0,"[0, 1]"
467612,7552919,4090,0,"[0, 1]"
467612,7552919,2686,0,"[0, 1]"
467612,7552919,2613,0,"[0, 1]"
467612,7552919,2205,0,"[0, 1]"
467612,7552919,3470,0,"[0, 1]"
467612,7552919,3785,0,"[0, 1]"
467612,7552919,3805,0,"[0, 1]"
467612,7552919,3824,0,"[0, 1]"
467612,7552919,3536,0,"[0, 1]"
467612,7552919,2634,0,"[0, 1]"
467612,7552919,3098,0,"[0, 1]"
467612,7552919,2513,0,"[0, 1]"
467612,7552919,2771,0,"[0, 1]"
467612,7552919,3654,0,"[0, 1]"
467612,7552919,2130,0,"[0, 1]"
467612,7552919,7230403,1,"[0, 1]"
467612,7552919,7600257,1,"[0, 1]"
467612,7552919,614329,1,"[0, 1]"
467612,7552919,7346319,1,"[0, 1]"
467612,7552919,4834,0,"[0, 1]"
467612,7552919,4731,0,"[0, 1]"
467612,7552919,7093297,1,"[0, 1]"
467612,7552919,4902,0,"[0, 1]"
467612,7552919,7274589,1,"[0, 1]"
467612,7552919,7494365,1,"[0, 1]"
467612,7552919,4117,0,"[0, 1]"
467612,7552919,7295281,1,"[0, 1]"
467612,7552919,7141450,1,"[0, 1]"
467612,7552919,7530546,1,"[0, 1]"
467612,7552919,4584,0,"[0, 1]"
467612,7552919,7140503,1,"[0, 1]"
467612,7552919,7270023,1,"[0, 1]"
467612,7552919,7495326,1,"[0, 1]"
467612,7552919,7634139,1,"[0, 1]"
467612,7552919,4567,0,"[0, 1]"
467612,7552919,6519900,1,"[0, 1]"
467612,7552919,7384896,1,"[0, 1]"
467612,7552919,7353185,1,"[0, 1]"
467612,7552919,1693502,1,"[0, 1]"
437671,7553018,7553018,1,"[1, 0]"
437671,7553018,2051,0,"[1, 0]"
437671,7553018,1025,0,"[1, 0]"
437671,7553018,512,0,"[1, 0]"
437671,7553018,255,0,"[1, 0]"
437671,7553018,127,0,"[1, 0]"
437671,7553018,63,0,"[1, 0]"
437671,7553018,31,0,"[1, 0]"
437671,7553018,15,0,"[1, 0]"
437671,7553018,7,0,"[1, 0]"
437671,7553018,3,0,"[1, 0]"
437671,7553018,1,0,"[1, 0]"
437671,7553018,0,0,"[1, 0]"
437671,7553018,2,0,"[0, 1]"
437671,7553018,1,0,"[0, 1]"
437671,7553018,3,0,"[0, 1]"
437671,7553018,4,0,"[0, 1]"
437671,7553018,5,0,"[0, 1]"
437671,7553018,6,0,"[0, 1]"
437671,7553018,8,0,"[0, 1]"
437671,7553018,12,0,"[0, 1]"
437671,7553018,11,0,"[0, 1]"
437671,7553018,10,0,"[0, 1]"
437671,7553018,14,0,"[0, 1]"
437671,7553018,7,0,"[0, 1]"
437671,7553018,16,0,"[0, 1]"
437671,7553018,28,0,"[0, 1]"
437671,7553018,19,0,"[0, 1]"
437671,7553018,21,0,"[0, 1]"
437671,7553018,26,0,"[0, 1]"
437671,7553018,23,0,"[0, 1]"
437671,7553018,20,0,"[0, 1]"
437671,7553018,27,0,"[0, 1]"
437671,7553018,48,0,"[0, 1]"
437671,7553018,52,0,"[0, 1]"
437671,7553018,54,0,"[0, 1]"
437671,7553018,40,0,"[0, 1]"
437671,7553018,44,0,"[0, 1]"
437671,7553018,56,0,"[0, 1]"
437671,7553018,32,0,"[0, 1]"
437671,7553018,35,0,"[0, 1]"
437671,7553018,59,0,"[0, 1]"
437671,7553018,55,0,"[0, 1]"
437671,7553018,113,0,"[0, 1]"
437671,7553018,84,0,"[0, 1]"
437671,7553018,68,0,"[0, 1]"
437671,7553018,77,0,"[0, 1]"
437671,7553018,100,0,"[0, 1]"
437671,7553018,72,0,"[0, 1]"
437671,7553018,94,0,"[0, 1]"
437671,7553018,107,0,"[0, 1]"
437671,7553018,66,0,"[0, 1]"
437671,7553018,108,0,"[0, 1]"
437671,7553018,78,0,"[0, 1]"
437671,7553018,73,0,"[0, 1]"
437671,7553018,175,0,"[0, 1]"
437671,7553018,241,0,"[0, 1]"
437671,7553018,157,0,"[0, 1]"
437671,7553018,227,0,"[0, 1]"
437671,7553018,208,0,"[0, 1]"
437671,7553018,252,0,"[0, 1]"
437671,7553018,217,0,"[0, 1]"
437671,7553018,189,0,"[0, 1]"
437671,7553018,209,0,"[0, 1]"
437671,7553018,184,0,"[0, 1]"
437671,7553018,138,0,"[0, 1]"
437671,7553018,135,0,"[0, 1]"
437671,7553018,159,0,"[0, 1]"
437671,7553018,233,0,"[0, 1]"
437671,7553018,326,0,"[0, 1]"
437671,7553018,500,0,"[0, 1]"
437671,7553018,293,0,"[0, 1]"
437671,7553018,268,0,"[0, 1]"
437671,7553018,382,0,"[0, 1]"
437671,7553018,507,0,"[0, 1]"
437671,7553018,371,0,"[0, 1]"
437671,7553018,413,0,"[0, 1]"
437671,7553018,327,0,"[0, 1]"
437671,7553018,503,0,"[0, 1]"
437671,7553018,447,0,"[0, 1]"
437671,7553018,457,0,"[0, 1]"
437671,7553018,291,0,"[0, 1]"
437671,7553018,315,0,"[0, 1]"
437671,7553018,314,0,"[0, 1]"
437671,7553018,284,0,"[0, 1]"
437671,7553018,718,0,"[0, 1]"
437671,7553018,687,0,"[0, 1]"
437671,7553018,983,0,"[0, 1]"
437671,7553018,812,0,"[0, 1]"
437671,7553018,695,0,"[0, 1]"
437671,7553018,548,0,"[0, 1]"
437671,7553018,924,0,"[0, 1]"
437671,7553018,980,0,"[0, 1]"
437671,7553018,708,0,"[0, 1]"
437671,7553018,877,0,"[0, 1]"
437671,7553018,683,0,"[0, 1]"
437671,7553018,965,0,"[0, 1]"
437671,7553018,991,0,"[0, 1]"
437671,7553018,896,0,"[0, 1]"
437671,7553018,995,0,"[0, 1]"
437671,7553018,634,0,"[0, 1]"
437671,7553018,534,0,"[0, 1]"
437671,7553018,745,0,"[0, 1]"
437671,7553018,1415,0,"[0, 1]"
437671,7553018,1963,0,"[0, 1]"
437671,7553018,1910,0,"[0, 1]"
437671,7553018,1912,0,"[0, 1]"
437671,7553018,1766,0,"[0, 1]"
437671,7553018,1056,0,"[0, 1]"
437671,7553018,1402,0,"[0, 1]"
437671,7553018,1921,0,"[0, 1]"
437671,7553018,1755,0,"[0, 1]"
437671,7553018,1891,0,"[0, 1]"
437671,7553018,1446,0,"[0, 1]"
437671,7553018,1981,0,"[0, 1]"
437671,7553018,1481,0,"[0, 1]"
437671,7553018,1420,0,"[0, 1]"
437671,7553018,1903,0,"[0, 1]"
437671,7553018,1680,0,"[0, 1]"
437671,7553018,1939,0,"[0, 1]"
437671,7553018,1409,0,"[0, 1]"
437671,7553018,1088,0,"[0, 1]"
437671,7553018,1799,0,"[0, 1]"
437671,7553018,3905,0,"[0, 1]"
437671,7553018,2436,0,"[0, 1]"
437671,7553018,3960,0,"[0, 1]"
437671,7553018,2407,0,"[0, 1]"
437671,7553018,4026,0,"[0, 1]"
437671,7553018,3463,0,"[0, 1]"
437671,7553018,3492,0,"[0, 1]"
437671,7553018,2280,0,"[0, 1]"
437671,7553018,3686,0,"[0, 1]"
437671,7553018,3239,0,"[0, 1]"
437671,7553018,3488,0,"[0, 1]"
437671,7553018,2192,0,"[0, 1]"
437671,7553018,3740,0,"[0, 1]"
437671,7553018,3924,0,"[0, 1]"
437671,7553018,3784,0,"[0, 1]"
437671,7553018,2780,0,"[0, 1]"
437671,7553018,2834,0,"[0, 1]"
437671,7553018,3144,0,"[0, 1]"
437671,7553018,2638,0,"[0, 1]"
437671,7553018,3033,0,"[0, 1]"
437671,7553018,3233,0,"[0, 1]"
437671,7553018,2495,0,"[0, 1]"
437671,7553018,7496466,1,"[0, 1]"
437671,7553018,7441373,1,"[0, 1]"
437671,7553018,4460,0,"[0, 1]"
437671,7553018,7529540,1,"[0, 1]"
437671,7553018,7089215,1,"[0, 1]"
437671,7553018,4395,0,"[0, 1]"
437671,7553018,4208,0,"[0, 1]"
437671,7553018,7598139,1,"[0, 1]"
437671,7553018,4567,0,"[0, 1]"
437671,7553018,4799,0,"[0, 1]"
437671,7553018,7091855,1,"[0, 1]"
437671,7553018,7584372,1,"[0, 1]"
437671,7553018,7102878,1,"[0, 1]"
437671,7553018,4456,0,"[0, 1]"
437671,7553018,4522,0,"[0, 1]"
437671,7553018,4268,0,"[0, 1]"
437671,7553018,7346838,1,"[0, 1]"
437671,7553018,7462871,1,"[0, 1]"
437671,7553018,7585274,1,"[0, 1]"
437671,7553018,4322,0,"[0, 1]"
437671,7553018,7360402,1,"[0, 1]"
437671,7553018,7481700,1,"[0, 1]"
437671,7553018,7517764,1,"[0, 1]"
437671,7553018,7542623,1,"[0, 1]"
739913,4215483,4215483,1,"[1, 0]"
739913,4215483,3214,0,"[1, 0]"
739913,4215483,1606,0,"[1, 0]"
739913,4215483,802,0,"[1, 0]"
739913,4215483,400,0,"[1, 0]"
739913,4215483,199,0,"[1, 0]"
739913,4215483,99,0,"[1, 0]"
739913,4215483,49,0,"[1, 0]"
739913,4215483,24,0,"[1, 0]"
739913,4215483,11,0,"[1, 0]"
739913,4215483,5,0,"[1, 0]"
739913,4215483,2,0,"[1, 0]"
739913,4215483,0,0,"[1, 0]"
739913,4215483,1,0,"[0, 1]"
739913,4215483,2,0,"[0, 1]"
739913,4215483,5,0,"[0, 1]"
739913,4215483,6,0,"[0, 1]"
739913,4215483,3,0,"[0, 1]"
739913,4215483,4,0,"[0, 1]"
739913,4215483,9,0,"[0, 1]"
739913,4215483,13,0,"[0, 1]"
739913,4215483,11,0,"[0, 1]"
739913,4215483,10,0,"[0, 1]"
739913,4215483,12,0,"[0, 1]"
739913,4215483,7,0,"[0, 1]"
739913,4215483,23,0,"[0, 1]"
739913,4215483,15,0,"[0, 1]"
739913,4215483,21,0,"[0, 1]"
739913,4215483,28,0,"[0, 1]"
739913,4215483,24,0,"[0, 1]"
739913,4215483,20,0,"[0, 1]"
739913,4215483,26,0,"[0, 1]"
739913,4215483,16,0,"[0, 1]"
739913,4215483,61,0,"[0, 1]"
739913,4215483,59,0,"[0, 1]"
739913,4215483,55,0,"[0, 1]"
739913,4215483,38,0,"[0, 1]"
739913,4215483,43,0,"[0, 1]"
739913,4215483,54,0,"[0, 1]"
739913,4215483,52,0,"[0, 1]"
739913,4215483,44,0,"[0, 1]"
739913,4215483,62,0,"[0, 1]"
739913,4215483,35,0,"[0, 1]"
739913,4215483,71,0,"[0, 1]"
739913,4215483,94,0,"[0, 1]"
739913,4215483,90,0,"[0, 1]"
739913,4215483,69,0,"[0, 1]"
739913,4215483,68,0,"[0, 1]"
739913,4215483,120,0,"[0, 1]"
739913,4215483,104,0,"[0, 1]"
739913,4215483,125,0,"[0, 1]"
739913,4215483,73,0,"[0, 1]"
739913,4215483,63,0,"[0, 1]"
739913,4215483,72,0,"[0, 1]"
739913,4215483,116,0,"[0, 1]"
739913,4215483,153,0,"[0, 1]"
739913,4215483,159,0,"[0, 1]"
739913,4215483,168,0,"[0, 1]"
739913,4215483,213,0,"[0, 1]"
739913,4215483,230,0,"[0, 1]"
739913,4215483,135,0,"[0, 1]"
739913,4215483,198,0,"[0, 1]"
739913,4215483,166,0,"[0, 1]"
739913,4215483,250,0,"[0, 1]"
739913,4215483,209,0,"[0, 1]"
739913,4215483,210,0,"[0, 1]"
739913,4215483,220,0,"[0, 1]"
739913,4215483,174,0,"[0, 1]"
739913,4215483,182,0,"[0, 1]"
739913,4215483,392,0,"[0, 1]"
739913,4215483,484,0,"[0, 1]"
739913,4215483,272,0,"[0, 1]"
739913,4215483,395,0,"[0, 1]"
739913,4215483,433,0,"[0, 1]"
739913,4215483,269,0,"[0, 1]"
739913,4215483,365,0,"[0, 1]"
739913,4215483,264,0,"[0, 1]"
739913,4215483,487,0,"[0, 1]"
739913,4215483,329,0,"[0, 1]"
739913,4215483,325,0,"[0, 1]"
739913,4215483,256,0,"[0, 1]"
739913,4215483,461,0,"[0, 1]"
739913,4215483,263,0,"[0, 1]"
739913,4215483,310,0,"[0, 1]"
739913,4215483,257,0,"[0, 1]"
739913,4215483,560,0,"[0, 1]"
739913,4215483,956,0,"[0, 1]"
739913,4215483,882,0,"[0, 1]"
739913,4215483,670,0,"[0, 1]"
739913,4215483,544,0,"[0, 1]"
739913,4215483,966,0,"[0, 1]"
739913,4215483,1017,0,"[0, 1]"
739913,4215483,833,0,"[0, 1]"
739913,4215483,825,0,"[0, 1]"
739913,4215483,949,0,"[0, 1]"
739913,4215483,781,0,"[0, 1]"
739913,4215483,736,0,"[0, 1]"
739913,4215483,796,0,"[0, 1]"
739913,4215483,772,0,"[0, 1]"
739913,4215483,641,0,"[0, 1]"
739913,4215483,813,0,"[0, 1]"
739913,4215483,896,0,"[0, 1]"
739913,4215483,921,0,"[0, 1]"
739913,4215483,1609,0,"[0, 1]"
739913,4215483,1271,0,"[0, 1]"
739913,4215483,2017,0,"[0, 1]"
739913,4215483,1869,0,"[0, 1]"
739913,4215483,2036,0,"[0, 1]"
739913,4215483,1400,0,"[0, 1]"
739913,4215483,2025,0,"[0, 1]"
739913,4215483,1403,0,"[0, 1]"
739913,4215483,1354,0,"[0, 1]"
739913,4215483,1886,0,"[0, 1]"
739913,4215483,1421,0,"[0, 1]"
739913,4215483,1141,0,"[0, 1]"
739913,4215483,1339,0,"[0, 1]"
739913,4215483,1083,0,"[0, 1]"
739913,4215483,1361,0,"[0, 1]"
739913,4215483,1901,0,"[0, 1]"
739913,4215483,1491,0,"[0, 1]"
739913,4215483,1849,0,"[0, 1]"
739913,4215483,1726,0,"[0, 1]"
739913,4215483,1652,0,"[0, 1]"
739913,4215483,2301,0,"[0, 1]"
739913,4215483,3595,0,"[0, 1]"
739913,4215483,2060,0,"[0, 1]"
739913,4215483,2074,0,"[0, 1]"
739913,4215483,3149,0,"[0, 1]"
739913,4215483,2646,0,"[0, 1]"
739913,4215483,2282,0,"[0, 1]"
739913,4215483,2701,0,"[0, 1]"
739913,4215483,3759,0,"[0, 1]"
739913,4215483,3815,0,"[0, 1]"
739913,4215483,2258,0,"[0, 1]"
739913,4215483,3874,0,"[0, 1]"
739913,4215483,2438,0,"[0, 1]"
739913,4215483,3190,0,"[0, 1]"
739913,4215483,2592,0,"[0, 1]"
739913,4215483,2987,0,"[0, 1]"
739913,4215483,3575,0,"[0, 1]"
739913,4215483,2719,0,"[0, 1]"
739913,4215483,2792,0,"[0, 1]"
739913,4215483,3337,0,"[0, 1]"
739913,4215483,2595,0,"[0, 1]"
739913,4215483,3386,0,"[0, 1]"
739913,4215483,7320560,1,"[0, 1]"
739913,4215483,7556122,1,"[0, 1]"
739913,4215483,7264266,1,"[0, 1]"
739913,4215483,7555802,1,"[0, 1]"
739913,4215483,3087523,1,"[0, 1]"
739913,4215483,7677906,1,"[0, 1]"
739913,4215483,4287,0,"[0, 1]"
739913,4215483,7106232,1,"[0, 1]"
739913,4215483,7092485,1,"[0, 1]"
739913,4215483,7268866,1,"[0, 1]"
739913,4215483,7673468,1,"[0, 1]"
739913,4215483,4539,0,"[0, 1]"
739913,4215483,7668615,1,"[0, 1]"
739913,4215483,4103,0,"[0, 1]"
739913,4215483,7104908,1,"[0, 1]"
739913,4215483,7429208,1,"[0, 1]"
739913,4215483,7290763,1,"[0, 1]"
739913,4215483,105526,1,"[0, 1]"
739913,4215483,4127,0,"[0, 1]"
739913,4215483,7512854,1,"[0, 1]"
739913,4215483,7466202,1,"[0, 1]"
739913,4215483,7093109,1,"[0, 1]"
739913,4215483,7631636,1,"[0, 1]"
739913,4215483,4179,0,"[0, 1]"
390813,2699347,2699347,1,"[1, 0]"
390813,2699347,2298,0,"[1, 0]"
390813,2699347,1148,0,"[1, 0]"
390813,2699347,573,0,"[1, 0]"
390813,2699347,286,0,"[1, 0]"
390813,2699347,142,0,"[1, 0]"
390813,2699347,70,0,"[1, 0]"
390813,2699347,34,0,"[1, 0]"
390813,2699347,16,0,"[1, 0]"
390813,2699347,7,0,"[1, 0]"
390813,2699347,3,0,"[1, 0]"
390813,2699347,1,0,"[1, 0]"
390813,2699347,0,0,"[1, 0]"
390813,2699347,2,0,"[0, 1]"
390813,2699347,1,0,"[0, 1]"
390813,2699347,3,0,"[0, 1]"
390813,2699347,4,0,"[0, 1]"
390813,2699347,6,0,"[0, 1]"
390813,2699347,5,0,"[0, 1]"
390813,2699347,12,0,"[0, 1]"
390813,2699347,7,0,"[0, 1]"
390813,2699347,13,0,"[0, 1]"
390813,2699347,9,0,"[0, 1]"
390813,2699347,10,0,"[0, 1]"
390813,2699347,8,0,"[0, 1]"
390813,2699347,23,0,"[0, 1]"
390813,2699347,28,0,"[0, 1]"
390813,2699347,21,0,"[0, 1]"
390813,2699347,18,0,"[0, 1]"
390813,2699347,30,0,"[0, 1]"
390813,2699347,25,0,"[0, 1]"
390813,2699347,24,0,"[0, 1]"
390813,2699347,16,0,"[0, 1]"
390813,2699347,56,0,"[0, 1]"
390813,2699347,58,0,"[0, 1]"
390813,2699347,31,0,"[0, 1]"
390813,2699347,47,0,"[0, 1]"
390813,2699347,49,0,"[0, 1]"
390813,2699347,50,0,"[0, 1]"
390813,2699347,38,0,"[0, 1]"
390813,2699347,41,0,"[0, 1]"
390813,2699347,33,0,"[0, 1]"
390813,2699347,42,0,"[0, 1]"
390813,2699347,65,0,"[0, 1]"
390813,2699347,117,0,"[0, 1]"
390813,2699347,88,0,"[0, 1]"
390813,2699347,69,0,"[0, 1]"
390813,2699347,111,0,"[0, 1]"
390813,2699347,113,0,"[0, 1]"
390813,2699347,106,0,"[0, 1]"
390813,2699347,116,0,"[0, 1]"
390813,2699347,93,0,"[0, 1]"
390813,2699347,122,0,"[0, 1]"
390813,2699347,74,0,"[0, 1]"
390813,2699347,84,0,"[0, 1]"
390813,2699347,196,0,"[0, 1]"
390813,2699347,231,0,"[0, 1]"
390813,2699347,187,0,"[0, 1]"
390813,2699347,253,0,"[0, 1]"
390813,2699347,242,0,"[0, 1]"
390813,2699347,146,0,"[0, 1]"
390813,2699347,225,0,"[0, 1]"
390813,2699347,200,0,"[0, 1]"
390813,2699347,133,0,"[0, 1]"
390813,2699347,181,0,"[0, 1]"
390813,2699347,162,0,"[0, 1]"
390813,2699347,179,0,"[0, 1]"
390813,2699347,141,0,"[0, 1]"
390813,2699347,224,0,"[0, 1]"
390813,2699347,390,0,"[0, 1]"
390813,2699347,331,0,"[0, 1]"
390813,2699347,461,0,"[0, 1]"
390813,2699347,318,0,"[0, 1]"
390813,2699347,289,0,"[0, 1]"
390813,2699347,378,0,"[0, 1]"
390813,2699347,387,0,"[0, 1]"
390813,2699347,296,0,"[0, 1]"
390813,2699347,433,0,"[0, 1]"
390813,2699347,505,0,"[0, 1]"
390813,2699347,458,0,"[0, 1]"
390813,2699347,352,0,"[0, 1]"
390813,2699347,310,0,"[0, 1]"
390813,2699347,441,0,"[0, 1]"
390813,2699347,345,0,"[0, 1]"
390813,2699347,432,0,"[0, 1]"
390813,2699347,547,0,"[0, 1]"
390813,2699347,665,0,"[0, 1]"
390813,2699347,913,0,"[0, 1]"
390813,2699347,555,0,"[0, 1]"
390813,2699347,725,0,"[0, 1]"
390813,2699347,568,0,"[0, 1]"
390813,2699347,969,0,"[0, 1]"
390813,2699347,733,0,"[0, 1]"
390813,2699347,965,0,"[0, 1]"
390813,2699347,572,0,"[0, 1]"
390813,2699347,950,0,"[0, 1]"
390813,2699347,650,0,"[0, 1]"
390813,2699347,938,0,"[0, 1]"
390813,2699347,687,0,"[0, 1]"
390813,2699347,936,0,"[0, 1]"
390813,2699347,939,0,"[0, 1]"
390813,2699347,968,0,"[0, 1]"
390813,2699347,916,0,"[0, 1]"
390813,2699347,1602,0,"[0, 1]"
390813,2699347,1210,0,"[0, 1]"
390813,2699347,1742,0,"[0, 1]"
390813,2699347,1985,0,"[0, 1]"
390813,2699347,1377,0,"[0, 1]"
390813,2699347,1120,0,"[0, 1]"
390813,2699347,1739,0,"[0, 1]"
390813,2699347,1680,0,"[0, 1]"
390813,2699347,1074,0,"[0, 1]"
390813,2699347,1947,0,"[0, 1]"
390813,2699347,1821,0,"[0, 1]"
390813,2699347,2002,0,"[0, 1]"
390813,2699347,1734,0,"[0, 1]"
390813,2699347,1146,0,"[0, 1]"
390813,2699347,1644,0,"[0, 1]"
390813,2699347,1060,0,"[0, 1]"
390813,2699347,1265,0,"[0, 1]"
390813,2699347,1436,0,"[0, 1]"
390813,2699347,1855,0,"[0, 1]"
390813,2699347,1915,0,"[0, 1]"
390813,2699347,3182,0,"[0, 1]"
390813,2699347,2847,0,"[0, 1]"
390813,2699347,3620,0,"[0, 1]"
390813,2699347,3665,0,"[0, 1]"
390813,2699347,3017,0,"[0, 1]"
390813,2699347,3680,0,"[0, 1]"
390813,2699347,2676,0,"[0, 1]"
390813,2699347,2465,0,"[0, 1]"
390813,2699347,2322,0,"[0, 1]"
390813,2699347,3086,0,"[0, 1]"
390813,2699347,3516,0,"[0, 1]"
390813,2699347,3685,0,"[0, 1]"
390813,2699347,3308,0,"[0, 1]"
390813,2699347,2839,0,"[0, 1]"
390813,2699347,3703,0,"[0, 1]"
390813,2699347,3974,0,"[0, 1]"
390813,2699347,3407,0,"[0, 1]"
390813,2699347,2126,0,"[0, 1]"
390813,2699347,2223,0,"[0, 1]"
390813,2699347,3768,0,"[0, 1]"
390813,2699347,2831,0,"[0, 1]"
390813,2699347,2936,0,"[0, 1]"
390813,2699347,1091906,1,"[0, 1]"
390813,2699347,4539,0,"[0, 1]"
390813,2699347,7272351,1,"[0, 1]"
390813,2699347,7247338,1,"[0, 1]"
390813,2699347,7643825,1,"[0, 1]"
390813,2699347,7407926,1,"[0, 1]"
390813,2699347,7471828,1,"[0, 1]"
390813,2699347,4873,0,"[0, 1]"
390813,2699347,7463460,1,"[0, 1]"
390813,2699347,7083723,1,"[0, 1]"
390813,2699347,7392104,1,"[0, 1]"
390813,2699347,7167609,1,"[0, 1]"
390813,2699347,7681665,1,"[0, 1]"
390813,2699347,4476,0,"[0, 1]"
390813,2699347,7095212,1,"[0, 1]"
390813,2699347,7659054,1,"[0, 1]"
390813,2699347,7557471,1,"[0, 1]"
390813,2699347,7111590,1,"[0, 1]"
390813,2699347,7624955,1,"[0, 1]"
390813,2699347,7204887,1,"[0, 1]"
390813,2699347,7321796,1,"[0, 1]"
390813,2699347,7094260,1,"[0, 1]"
390813,2699347,7440274,1,"[0, 1]"
390813,2699347,1916842,1,"[0, 1]"
708438,7553263,7553263,1,"[1, 0]"
708438,7553263,3478,0,"[1, 0]"
708438,7553263,1738,0,"[1, 0]"
708438,7553263,868,0,"[1, 0]"
708438,7553263,433,0,"[1, 0]"
708438,7553263,216,0,"[1, 0]"
708438,7553263,107,0,"[1, 0]"
708438,7553263,53,0,"[1, 0]"
708438,7553263,26,0,"[1, 0]"
708438,7553263,12,0,"[1, 0]"
708438,7553263,5,0,"[1, 0]"
708438,7553263,2,0,"[1, 0]"
708438,7553263,0,0,"[1, 0]"
708438,7553263,2,0,"[0, 1]"
708438,7553263,1,0,"[0, 1]"
708438,7553263,5,0,"[0, 1]"
708438,7553263,6,0,"[0, 1]"
708438,7553263,4,0,"[0, 1]"
708438,7553263,3,0,"[0, 1]"
708438,7553263,11,0,"[0, 1]"
708438,7553263,9,0,"[0, 1]"
708438,7553263,7,0,"[0, 1]"
708438,7553263,13,0,"[0, 1]"
708438,7553263,14,0,"[0, 1]"
708438,7553263,12,0,"[0, 1]"
708438,7553263,17,0,"[0, 1]"
708438,7553263,18,0,"[0, 1]"
708438,7553263,25,0,"[0, 1]"
708438,7553263,19,0,"[0, 1]"
708438,7553263,22,0,"[0, 1]"
708438,7553263,30,0,"[0, 1]"
708438,7553263,15,0,"[0, 1]"
708438,7553263,24,0,"[0, 1]"
708438,7553263,52,0,"[0, 1]"
708438,7553263,37,0,"[0, 1]"
708438,7553263,53,0,"[0, 1]"
708438,7553263,56,0,"[0, 1]"
708438,7553263,34,0,"[0, 1]"
708438,7553263,50,0,"[0, 1]"
708438,7553263,58,0,"[0, 1]"
708438,7553263,31,0,"[0, 1]"
708438,7553263,46,0,"[0, 1]"
708438,7553263,59,0,"[0, 1]"
708438,7553263,65,0,"[0, 1]"
708438,7553263,122,0,"[0, 1]"
708438,7553263,78,0,"[0, 1]"
708438,7553263,120,0,"[0, 1]"
708438,7553263,75,0,"[0, 1]"
708438,7553263,112,0,"[0, 1]"
708438,7553263,92,0,"[0, 1]"
708438,7553263,88,0,"[0, 1]"
708438,7553263,113,0,"[0, 1]"
708438,7553263,116,0,"[0, 1]"
708438,7553263,100,0,"[0, 1]"
708438,7553263,66,0,"[0, 1]"
708438,7553263,149,0,"[0, 1]"
708438,7553263,241,0,"[0, 1]"
708438,7553263,184,0,"[0, 1]"
708438,7553263,226,0,"[0, 1]"
708438,7553263,156,0,"[0, 1]"
708438,7553263,142,0,"[0, 1]"
708438,7553263,251,0,"[0, 1]"
708438,7553263,172,0,"[0, 1]"
708438,7553263,227,0,"[0, 1]"
708438,7553263,211,0,"[0, 1]"
708438,7553263,201,0,"[0, 1]"
708438,7553263,187,0,"[0, 1]"
708438,7553263,133,0,"[0, 1]"
708438,7553263,207,0,"[0, 1]"
708438,7553263,383,0,"[0, 1]"
708438,7553263,433,0,"[0, 1]"
708438,7553263,384,0,"[0, 1]"
708438,7553263,296,0,"[0, 1]"
708438,7553263,440,0,"[0, 1]"
708438,7553263,405,0,"[0, 1]"
708438,7553263,364,0,"[0, 1]"
708438,7553263,349,0,"[0, 1]"
708438,7553263,260,0,"[0, 1]"
708438,7553263,467,0,"[0, 1]"
708438,7553263,374,0,"[0, 1]"
708438,7553263,371,0,"[0, 1]"
708438,7553263,350,0,"[0, 1]"
708438,7553263,353,0,"[0, 1]"
708438,7553263,325,0,"[0, 1]"
708438,7553263,453,0,"[0, 1]"
708438,7553263,827,0,"[0, 1]"
708438,7553263,603,0,"[0, 1]"
708438,7553263,872,0,"[0, 1]"
708438,7553263,887,0,"[0, 1]"
708438,7553263,554,0,"[0, 1]"
708438,7553263,658,0,"[0, 1]"
708438,7553263,999,0,"[0, 1]"
708438,7553263,710,0,"[0, 1]"
708438,7553263,916,0,"[0, 1]"
708438,7553263,796,0,"[0, 1]"
708438,7553263,989,0,"[0, 1]"
708438,7553263,531,0,"[0, 1]"
708438,7553263,808,0,"[0, 1]"
708438,7553263,956,0,"[0, 1]"
708438,7553263,563,0,"[0, 1]"
708438,7553263,994,0,"[0, 1]"
708438,7553263,804,0,"[0, 1]"
708438,7553263,686,0,"[0, 1]"
708438,7553263,1240,0,"[0, 1]"
708438,7553263,1423,0,"[0, 1]"
708438,7553263,1187,0,"[0, 1]"
708438,7553263,1993,0,"[0, 1]"
708438,7553263,1724,0,"[0, 1]"
708438,7553263,1781,0,"[0, 1]"
708438,7553263,1461,0,"[0, 1]"
708438,7553263,2023,0,"[0, 1]"
708438,7553263,1279,0,"[0, 1]"
708438,7553263,1038,0,"[0, 1]"
708438,7553263,1392,0,"[0, 1]"
708438,7553263,1761,0,"[0, 1]"
708438,7553263,1978,0,"[0, 1]"
708438,7553263,1862,0,"[0, 1]"
708438,7553263,1228,0,"[0, 1]"
708438,7553263,1853,0,"[0, 1]"
708438,7553263,1082,0,"[0, 1]"
708438,7553263,1233,0,"[0, 1]"
708438,7553263,1780,0,"[0, 1]"
708438,7553263,1790,0,"[0, 1]"
708438,7553263,2400,0,"[0, 1]"
708438,7553263,3405,0,"[0, 1]"
708438,7553263,2643,0,"[0, 1]"
708438,7553263,3682,0,"[0, 1]"
708438,7553263,3513,0,"[0, 1]"
708438,7553263,2574,0,"[0, 1]"
708438,7553263,2619,0,"[0, 1]"
708438,7553263,2339,0,"[0, 1]"
708438,7553263,3192,0,"[0, 1]"
708438,7553263,2130,0,"[0, 1]"
708438,7553263,3566,0,"[0, 1]"
708438,7553263,3094,0,"[0, 1]"
708438,7553263,2983,0,"[0, 1]"
708438,7553263,3365,0,"[0, 1]"
708438,7553263,2621,0,"[0, 1]"
708438,7553263,2313,0,"[0, 1]"
708438,7553263,3128,0,"[0, 1]"
708438,7553263,4041,0,"[0, 1]"
708438,7553263,2500,0,"[0, 1]"
708438,7553263,3216,0,"[0, 1]"
708438,7553263,3073,0,"[0, 1]"
708438,7553263,3619,0,"[0, 1]"
708438,7553263,3408903,1,"[0, 1]"
708438,7553263,7211302,1,"[0, 1]"
708438,7553263,7285885,1,"[0, 1]"
708438,7553263,7499806,1,"[0, 1]"
708438,7553263,7267611,1,"[0, 1]"
708438,7553263,7368020,1,"[0, 1]"
708438,7553263,7162062,1,"[0, 1]"
708438,7553263,7386585,1,"[0, 1]"
708438,7553263,4836,0,"[0, 1]"
708438,7553263,7686458,1,"[0, 1]"
708438,7553263,7576671,1,"[0, 1]"
708438,7553263,4119,0,"[0, 1]"
708438,7553263,7411535,1,"[0, 1]"
708438,7553263,7072843,1,"[0, 1]"
708438,7553263,4888,0,"[0, 1]"
708438,7553263,7101448,1,"[0, 1]"
708438,7553263,7152784,1,"[0, 1]"
708438,7553263,4455,0,"[0, 1]"
708438,7553263,7503445,1,"[0, 1]"
708438,7553263,7314108,1,"[0, 1]"
708438,7553263,7672252,1,"[0, 1]"
708438,7553263,4640,0,"[0, 1]"
708438,7553263,7673777,1,"[0, 1]"
708438,7553263,4529,0,"[0, 1]"
1095899,7553481,7553481,1,"[1, 0]"
1095899,7553481,2941,0,"[1, 0]"
1095899,7553481,1470,0,"[1, 0]"
1095899,7553481,734,0,"[1, 0]"
1095899,7553481,366,0,"[1, 0]"
1095899,7553481,182,0,"[1, 0]"
1095899,7553481,90,0,"[1, 0]"
1095899,7553481,44,0,"[1, 0]"
1095899,7553481,21,0,"[1, 0]"
1095899,7553481,10,0,"[1, 0]"
1095899,7553481,4,0,"[1, 0]"
1095899,7553481,1,0,"[1, 0]"
1095899,7553481,0,0,"[1, 0]"
1095899,7553481,1,0,"[0, 1]"
1095899,7553481,2,0,"[0, 1]"
1095899,7553481,3,0,"[0, 1]"
1095899,7553481,5,0,"[0, 1]"
1095899,7553481,6,0,"[0, 1]"
1095899,7553481,4,0,"[0, 1]"
1095899,7553481,9,0,"[0, 1]"
1095899,7553481,11,0,"[0, 1]"
1095899,7553481,13,0,"[0, 1]"
1095899,7553481,8,0,"[0, 1]"
1095899,7553481,12,0,"[0, 1]"
1095899,7553481,7,0,"[0, 1]"
1095899,7553481,20,0,"[0, 1]"
1095899,7553481,18,0,"[0, 1]"
1095899,7553481,26,0,"[0, 1]"
1095899,7553481,21,0,"[0, 1]"
1095899,7553481,24,0,"[0, 1]"
1095899,7553481,25,0,"[0, 1]"
1095899,7553481,30,0,"[0, 1]"
1095899,7553481,16,0,"[0, 1]"
1095899,7553481,51,0,"[0, 1]"
1095899,7553481,54,0,"[0, 1]"
1095899,7553481,35,0,"[0, 1]"
1095899,7553481,33,0,"[0, 1]"
1095899,7553481,37,0,"[0, 1]"
1095899,7553481,48,0,"[0, 1]"
1095899,7553481,32,0,"[0, 1]"
1095899,7553481,41,0,"[0, 1]"
1095899,7553481,61,0,"[0, 1]"
1095899,7553481,38,0,"[0, 1]"
1095899,7553481,106,0,"[0, 1]"
1095899,7553481,120,0,"[0, 1]"
1095899,7553481,64,0,"[0, 1]"
1095899,7553481,89,0,"[0, 1]"
1095899,7553481,73,0,"[0, 1]"
1095899,7553481,90,0,"[0, 1]"
1095899,7553481,77,0,"[0, 1]"
1095899,7553481,114,0,"[0, 1]"
1095899,7553481,66,0,"[0, 1]"
1095899,7553481,125,0,"[0, 1]"
1095899,7553481,118,0,"[0, 1]"
1095899,7553481,94,0,"[0, 1]"
1095899,7553481,205,0,"[0, 1]"
1095899,7553481,180,0,"[0, 1]"
1095899,7553481,230,0,"[0, 1]"
1095899,7553481,254,0,"[0, 1]"
1095899,7553481,193,0,"[0, 1]"
1095899,7553481,185,0,"[0, 1]"
1095899,7553481,149,0,"[0, 1]"
1095899,7553481,144,0,"[0, 1]"
1095899,7553481,155,0,"[0, 1]"
1095899,7553481,191,0,"[0, 1]"
1095899,7553481,134,0,"[0, 1]"
1095899,7553481,224,0,"[0, 1]"
1095899,7553481,168,0,"[0, 1]"
1095899,7553481,246,0,"[0, 1]"
1095899,7553481,501,0,"[0, 1]"
1095899,7553481,479,0,"[0, 1]"
1095899,7553481,323,0,"[0, 1]"
1095899,7553481,477,0,"[0, 1]"
1095899,7553481,502,0,"[0, 1]"
1095899,7553481,320,0,"[0, 1]"
1095899,7553481,441,0,"[0, 1]"
1095899,7553481,306,0,"[0, 1]"
1095899,7553481,445,0,"[0, 1]"
1095899,7553481,300,0,"[0, 1]"
1095899,7553481,285,0,"[0, 1]"
1095899,7553481,461,0,"[0, 1]"
1095899,7553481,387,0,"[0, 1]"
1095899,7553481,368,0,"[0, 1]"
1095899,7553481,278,0,"[0, 1]"
1095899,7553481,462,0,"[0, 1]"
1095899,7553481,574,0,"[0, 1]"
1095899,7553481,600,0,"[0, 1]"
1095899,7553481,886,0,"[0, 1]"
1095899,7553481,552,0,"[0, 1]"
1095899,7553481,516,0,"[0, 1]"
1095899,7553481,841,0,"[0, 1]"
1095899,7553481,936,0,"[0, 1]"
1095899,7553481,608,0,"[0, 1]"
1095899,7553481,665,0,"[0, 1]"
1095899,7553481,610,0,"[0, 1]"
1095899,7553481,838,0,"[0, 1]"
1095899,7553481,804,0,"[0, 1]"
1095899,7553481,630,0,"[0, 1]"
1095899,7553481,658,0,"[0, 1]"
1095899,7553481,751,0,"[0, 1]"
1095899,7553481,810,0,"[0, 1]"
1095899,7553481,862,0,"[0, 1]"
1095899,7553481,691,0,"[0, 1]"
1095899,7553481,1588,0,"[0, 1]"
1095899,7553481,1047,0,"[0, 1]"
1095899,7553481,1550,0,"[0, 1]"
1095899,7553481,1831,0,"[0, 1]"
1095899,7553481,1675,0,"[0, 1]"
1095899,7553481,1274,0,"[0, 1]"
1095899,7553481,1451,0,"[0, 1]"
1095899,7553481,1292,0,"[0, 1]"
1095899,7553481,1059,0,"[0, 1]"
1095899,7553481,1251,0,"[0, 1]"
1095899,7553481,1564,0,"[0, 1]"
1095899,7553481,1258,0,"[0, 1]"
1095899,7553481,1081,0,"[0, 1]"
1095899,7553481,1027,0,"[0, 1]"
1095899,7553481,1263,0,"[0, 1]"
1095899,7553481,1070,0,"[0, 1]"
1095899,7553481,1293,0,"[0, 1]"
1095899,7553481,1871,0,"[0, 1]"
1095899,7553481,1808,0,"[0, 1]"
1095899,7553481,1238,0,"[0, 1]"
1095899,7553481,3315,0,"[0, 1]"
1095899,7553481,2314,0,"[0, 1]"
1095899,7553481,4079,0,"[0, 1]"
1095899,7553481,2190,0,"[0, 1]"
1095899,7553481,2986,0,"[0, 1]"
1095899,7553481,3412,0,"[0, 1]"
1095899,7553481,4049,0,"[0, 1]"
1095899,7553481,3473,0,"[0, 1]"
1095899,7553481,3398,0,"[0, 1]"
1095899,7553481,3297,0,"[0, 1]"
1095899,7553481,3527,0,"[0, 1]"
1095899,7553481,3632,0,"[0, 1]"
1095899,7553481,2319,0,"[0, 1]"
1095899,7553481,2242,0,"[0, 1]"
1095899,7553481,4068,0,"[0, 1]"
1095899,7553481,3787,0,"[0, 1]"
1095899,7553481,2420,0,"[0, 1]"
1095899,7553481,3464,0,"[0, 1]"
1095899,7553481,3644,0,"[0, 1]"
1095899,7553481,3624,0,"[0, 1]"
1095899,7553481,3057,0,"[0, 1]"
1095899,7553481,3094,0,"[0, 1]"
1095899,7553481,7396173,1,"[0, 1]"
1095899,7553481,7539216,1,"[0, 1]"
1095899,7553481,7543899,1,"[0, 1]"
1095899,7553481,7086051,1,"[0, 1]"
1095899,7553481,7643183,1,"[0, 1]"
1095899,7553481,4679,0,"[0, 1]"
1095899,7553481,4603,0,"[0, 1]"
1095899,7553481,716033,1,"[0, 1]"
1095899,7553481,7165265,1,"[0, 1]"
1095899,7553481,4196,0,"[0, 1]"
1095899,7553481,7621906,1,"[0, 1]"
1095899,7553481,7250988,1,"[0, 1]"
1095899,7553481,7280067,1,"[0, 1]"
1095899,7553481,4765747,1,"[0, 1]"
1095899,7553481,7423831,1,"[0, 1]"
1095899,7553481,4358,0,"[0, 1]"
1095899,7553481,7190154,1,"[0, 1]"
1095899,7553481,7107100,1,"[0, 1]"
1095899,7553481,7191851,1,"[0, 1]"
1095899,7553481,4637,0,"[0, 1]"
1095899,7553481,7624224,1,"[0, 1]"
1095899,7553481,4929,0,"[0, 1]"
1095899,7553481,7399606,1,"[0, 1]"
1095899,7553481,7188494,1,"[0, 1]"
530611,7553527,7553527,1,"[1, 0]"
530611,7553527,2742,0,"[1, 0]"
530611,7553527,1370,0,"[1, 0]"
530611,7553527,684,0,"[1, 0]"
530611,7553527,341,0,"[1, 0]"
530611,7553527,170,0,"[1, 0]"
530611,7553527,84,0,"[1, 0]"
530611,7553527,41,0,"[1, 0]"
530611,7553527,20,0,"[1, 0]"
530611,7553527,9,0,"[1, 0]"
530611,7553527,4,0,"[1, 0]"
530611,7553527,1,0,"[1, 0]"
530611,7553527,0,0,"[1, 0]"
530611,7553527,2,0,"[0, 1]"
530611,7553527,1,0,"[0, 1]"
530611,7553527,3,0,"[0, 1]"
530611,7553527,4,0,"[0, 1]"
530611,7553527,6,0,"[0, 1]"
530611,7553527,5,0,"[0, 1]"
530611,7553527,9,0,"[0, 1]"
530611,7553527,10,0,"[0, 1]"
530611,7553527,14,0,"[0, 1]"
530611,7553527,11,0,"[0, 1]"
530611,7553527,8,0,"[0, 1]"
530611,7553527,7,0,"[0, 1]"
530611,7553527,15,0,"[0, 1]"
530611,7553527,20,0,"[0, 1]"
530611,7553527,22,0,"[0, 1]"
530611,7553527,18,0,"[0, 1]"
530611,7553527,25,0,"[0, 1]"
530611,7553527,27,0,"[0, 1]"
530611,7553527,26,0,"[0, 1]"
530611,7553527,29,0,"[0, 1]"
530611,7553527,60,0,"[0, 1]"
530611,7553527,38,0,"[0, 1]"
530611,7553527,40,0,"[0, 1]"
530611,7553527,32,0,"[0, 1]"
530611,7553527,33,0,"[0, 1]"
530611,7553527,57,0,"[0, 1]"
530611,7553527,45,0,"[0, 1]"
530611,7553527,59,0,"[0, 1]"
530611,7553527,56,0,"[0, 1]"
530611,7553527,54,0,"[0, 1]"
530611,7553527,107,0,"[0, 1]"
530611,7553527,81,0,"[0, 1]"
530611,7553527,114,0,"[0, 1]"
530611,7553527,69,0,"[0, 1]"
530611,7553527,105,0,"[0, 1]"
530611,7553527,116,0,"[0, 1]"
530611,7553527,85,0,"[0, 1]"
530611,7553527,91,0,"[0, 1]"
530611,7553527,70,0,"[0, 1]"
530611,7553527,110,0,"[0, 1]"
530611,7553527,120,0,"[0, 1]"
530611,7553527,87,0,"[0, 1]"
530611,7553527,199,0,"[0, 1]"
530611,7553527,130,0,"[0, 1]"
530611,7553527,241,0,"[0, 1]"
530611,7553527,189,0,"[0, 1]"
530611,7553527,143,0,"[0, 1]"
530611,7553527,147,0,"[0, 1]"
530611,7553527,166,0,"[0, 1]"
530611,7553527,195,0,"[0, 1]"
530611,7553527,227,0,"[0, 1]"
530611,7553527,250,0,"[0, 1]"
530611,7553527,134,0,"[0, 1]"
530611,7553527,252,0,"[0, 1]"
530611,7553527,202,0,"[0, 1]"
530611,7553527,198,0,"[0, 1]"
530611,7553527,446,0,"[0, 1]"
530611,7553527,314,0,"[0, 1]"
530611,7553527,354,0,"[0, 1]"
530611,7553527,483,0,"[0, 1]"
530611,7553527,486,0,"[0, 1]"
530611,7553527,408,0,"[0, 1]"
530611,7553527,431,0,"[0, 1]"
530611,7553527,364,0,"[0, 1]"
530611,7553527,428,0,"[0, 1]"
530611,7553527,331,0,"[0, 1]"
530611,7553527,425,0,"[0, 1]"
530611,7553527,258,0,"[0, 1]"
530611,7553527,452,0,"[0, 1]"
530611,7553527,402,0,"[0, 1]"
530611,7553527,279,0,"[0, 1]"
530611,7553527,373,0,"[0, 1]"
530611,7553527,645,0,"[0, 1]"
530611,7553527,815,0,"[0, 1]"
530611,7553527,783,0,"[0, 1]"
530611,7553527,785,0,"[0, 1]"
530611,7553527,539,0,"[0, 1]"
530611,7553527,574,0,"[0, 1]"
530611,7553527,778,0,"[0, 1]"
530611,7553527,830,0,"[0, 1]"
530611,7553527,573,0,"[0, 1]"
530611,7553527,817,0,"[0, 1]"
530611,7553527,997,0,"[0, 1]"
530611,7553527,590,0,"[0, 1]"
530611,7553527,670,0,"[0, 1]"
530611,7553527,600,0,"[0, 1]"
530611,7553527,589,0,"[0, 1]"
530611,7553527,801,0,"[0, 1]"
530611,7553527,597,0,"[0, 1]"
530611,7553527,873,0,"[0, 1]"
530611,7553527,1116,0,"[0, 1]"
530611,7553527,1873,0,"[0, 1]"
530611,7553527,1843,0,"[0, 1]"
530611,7553527,1951,0,"[0, 1]"
530611,7553527,1063,0,"[0, 1]"
530611,7553527,1702,0,"[0, 1]"
530611,7553527,1868,0,"[0, 1]"
530611,7553527,1684,0,"[0, 1]"
530611,7553527,1717,0,"[0, 1]"
530611,7553527,1379,0,"[0, 1]"
530611,7553527,1699,0,"[0, 1]"
530611,7553527,1639,0,"[0, 1]"
530611,7553527,1203,0,"[0, 1]"
530611,7553527,1417,0,"[0, 1]"
530611,7553527,1808,0,"[0, 1]"
530611,7553527,1784,0,"[0, 1]"
530611,7553527,1757,0,"[0, 1]"
530611,7553527,1629,0,"[0, 1]"
530611,7553527,1318,0,"[0, 1]"
530611,7553527,1769,0,"[0, 1]"
530611,7553527,2426,0,"[0, 1]"
530611,7553527,2387,0,"[0, 1]"
530611,7553527,4017,0,"[0, 1]"
530611,7553527,2869,0,"[0, 1]"
530611,7553527,2635,0,"[0, 1]"
530611,7553527,3984,0,"[0, 1]"
530611,7553527,3240,0,"[0, 1]"
530611,7553527,3758,0,"[0, 1]"
530611,7553527,2190,0,"[0, 1]"
530611,7553527,2949,0,"[0, 1]"
530611,7553527,2183,0,"[0, 1]"
530611,7553527,2905,0,"[0, 1]"
530611,7553527,2948,0,"[0, 1]"
530611,7553527,3255,0,"[0, 1]"
530611,7553527,2901,0,"[0, 1]"
530611,7553527,4007,0,"[0, 1]"
530611,7553527,3793,0,"[0, 1]"
530611,7553527,2149,0,"[0, 1]"
530611,7553527,2182,0,"[0, 1]"
530611,7553527,2260,0,"[0, 1]"
530611,7553527,2998,0,"[0, 1]"
530611,7553527,3504,0,"[0, 1]"
530611,7553527,2745456,1,"[0, 1]"
530611,7553527,4200,0,"[0, 1]"
530611,7553527,7329090,1,"[0, 1]"
530611,7553527,3098712,1,"[0, 1]"
530611,7553527,4771283,1,"[0, 1]"
530611,7553527,7168992,1,"[0, 1]"
530611,7553527,7297024,1,"[0, 1]"
530611,7553527,4348,0,"[0, 1]"
530611,7553527,7677192,1,"[0, 1]"
530611,7553527,7214212,1,"[0, 1]"
530611,7553527,7495096,1,"[0, 1]"
530611,7553527,7430131,1,"[0, 1]"
530611,7553527,7465605,1,"[0, 1]"
530611,7553527,7230049,1,"[0, 1]"
530611,7553527,7252662,1,"[0, 1]"
530611,7553527,7184656,1,"[0, 1]"
530611,7553527,7454698,1,"[0, 1]"
530611,7553527,4738,0,"[0, 1]"
530611,7553527,7492091,1,"[0, 1]"
530611,7553527,7159381,1,"[0, 1]"
530611,7553527,7478866,1,"[0, 1]"
530611,7553527,7274990,1,"[0, 1]"
530611,7553527,7532930,1,"[0, 1]"
530611,7553527,4764,0,"[0, 1]"
530611,7553529,7553529,1,"[1, 0]"
530611,7553529,2742,0,"[1, 0]"
530611,7553529,1370,0,"[1, 0]"
530611,7553529,684,0,"[1, 0]"
530611,7553529,341,0,"[1, 0]"
530611,7553529,170,0,"[1, 0]"
530611,7553529,84,0,"[1, 0]"
530611,7553529,41,0,"[1, 0]"
530611,7553529,20,0,"[1, 0]"
530611,7553529,9,0,"[1, 0]"
530611,7553529,4,0,"[1, 0]"
530611,7553529,1,0,"[1, 0]"
530611,7553529,0,0,"[1, 0]"
530611,7553529,2,0,"[0, 1]"
530611,7553529,1,0,"[0, 1]"
530611,7553529,3,0,"[0, 1]"
530611,7553529,4,0,"[0, 1]"
530611,7553529,5,0,"[0, 1]"
530611,7553529,6,0,"[0, 1]"
530611,7553529,8,0,"[0, 1]"
530611,7553529,13,0,"[0, 1]"
530611,7553529,9,0,"[0, 1]"
530611,7553529,7,0,"[0, 1]"
530611,7553529,14,0,"[0, 1]"
530611,7553529,12,0,"[0, 1]"
530611,7553529,29,0,"[0, 1]"
530611,7553529,15,0,"[0, 1]"
530611,7553529,23,0,"[0, 1]"
530611,7553529,27,0,"[0, 1]"
530611,7553529,20,0,"[0, 1]"
530611,7553529,30,0,"[0, 1]"
530611,7553529,28,0,"[0, 1]"
530611,7553529,16,0,"[0, 1]"
530611,7553529,52,0,"[0, 1]"
530611,7553529,32,0,"[0, 1]"
530611,7553529,45,0,"[0, 1]"
530611,7553529,60,0,"[0, 1]"
530611,7553529,49,0,"[0, 1]"
530611,7553529,43,0,"[0, 1]"
530611,7553529,50,0,"[0, 1]"
530611,7553529,42,0,"[0, 1]"
530611,7553529,59,0,"[0, 1]"
530611,7553529,44,0,"[0, 1]"
530611,7553529,103,0,"[0, 1]"
530611,7553529,95,0,"[0, 1]"
530611,7553529,99,0,"[0, 1]"
530611,7553529,82,0,"[0, 1]"
530611,7553529,78,0,"[0, 1]"
530611,7553529,88,0,"[0, 1]"
530611,7553529,70,0,"[0, 1]"
530611,7553529,117,0,"[0, 1]"
530611,7553529,68,0,"[0, 1]"
530611,7553529,100,0,"[0, 1]"
530611,7553529,77,0,"[0, 1]"
530611,7553529,63,0,"[0, 1]"
530611,7553529,207,0,"[0, 1]"
530611,7553529,206,0,"[0, 1]"
530611,7553529,197,0,"[0, 1]"
530611,7553529,177,0,"[0, 1]"
530611,7553529,194,0,"[0, 1]"
530611,7553529,230,0,"[0, 1]"
530611,7553529,166,0,"[0, 1]"
530611,7553529,235,0,"[0, 1]"
530611,7553529,165,0,"[0, 1]"
530611,7553529,158,0,"[0, 1]"
530611,7553529,142,0,"[0, 1]"
530611,7553529,228,0,"[0, 1]"
530611,7553529,182,0,"[0, 1]"
530611,7553529,147,0,"[0, 1]"
530611,7553529,356,0,"[0, 1]"
530611,7553529,464,0,"[0, 1]"
530611,7553529,351,0,"[0, 1]"
530611,7553529,439,0,"[0, 1]"
530611,7553529,424,0,"[0, 1]"
530611,7553529,309,0,"[0, 1]"
530611,7553529,500,0,"[0, 1]"
530611,7553529,296,0,"[0, 1]"
530611,7553529,486,0,"[0, 1]"
530611,7553529,461,0,"[0, 1]"
530611,7553529,482,0,"[0, 1]"
530611,7553529,329,0,"[0, 1]"
530611,7553529,426,0,"[0, 1]"
530611,7553529,415,0,"[0, 1]"
530611,7553529,316,0,"[0, 1]"
530611,7553529,455,0,"[0, 1]"
530611,7553529,558,0,"[0, 1]"
530611,7553529,539,0,"[0, 1]"
530611,7553529,929,0,"[0, 1]"
530611,7553529,931,0,"[0, 1]"
530611,7553529,639,0,"[0, 1]"
530611,7553529,570,0,"[0, 1]"
530611,7553529,548,0,"[0, 1]"
530611,7553529,559,0,"[0, 1]"
530611,7553529,670,0,"[0, 1]"
530611,7553529,717,0,"[0, 1]"
530611,7553529,983,0,"[0, 1]"
530611,7553529,615,0,"[0, 1]"
530611,7553529,542,0,"[0, 1]"
530611,7553529,767,0,"[0, 1]"
530611,7553529,763,0,"[0, 1]"
530611,7553529,948,0,"[0, 1]"
530611,7553529,603,0,"[0, 1]"
530611,7553529,722,0,"[0, 1]"
530611,7553529,1811,0,"[0, 1]"
530611,7553529,1139,0,"[0, 1]"
530611,7553529,1915,0,"[0, 1]"
530611,7553529,1136,0,"[0, 1]"
530611,7553529,1405,0,"[0, 1]"
530611,7553529,1375,0,"[0, 1]"
530611,7553529,1932,0,"[0, 1]"
530611,7553529,1194,0,"[0, 1]"
530611,7553529,1950,0,"[0, 1]"
530611,7553529,1859,0,"[0, 1]"
530611,7553529,1469,0,"[0, 1]"
530611,7553529,1400,0,"[0, 1]"
530611,7553529,1640,0,"[0, 1]"
530611,7553529,1358,0,"[0, 1]"
530611,7553529,1974,0,"[0, 1]"
530611,7553529,1066,0,"[0, 1]"
530611,7553529,2040,0,"[0, 1]"
530611,7553529,1295,0,"[0, 1]"
530611,7553529,1226,0,"[0, 1]"
530611,7553529,1927,0,"[0, 1]"
530611,7553529,2410,0,"[0, 1]"
530611,7553529,2944,0,"[0, 1]"
530611,7553529,3163,0,"[0, 1]"
530611,7553529,3086,0,"[0, 1]"
530611,7553529,2478,0,"[0, 1]"
530611,7553529,4071,0,"[0, 1]"
530611,7553529,3091,0,"[0, 1]"
530611,7553529,3135,0,"[0, 1]"
530611,7553529,2158,0,"[0, 1]"
530611,7553529,3773,0,"[0, 1]"
530611,7553529,2756,0,"[0, 1]"
530611,7553529,3156,0,"[0, 1]"
530611,7553529,3394,0,"[0, 1]"
530611,7553529,2467,0,"[0, 1]"
530611,7553529,3364,0,"[0, 1]"
530611,7553529,3167,0,"[0, 1]"
530611,7553529,2349,0,"[0, 1]"
530611,7553529,2625,0,"[0, 1]"
530611,7553529,4029,0,"[0, 1]"
530611,7553529,2513,0,"[0, 1]"
530611,7553529,3593,0,"[0, 1]"
530611,7553529,2077,0,"[0, 1]"
530611,7553529,7319513,1,"[0, 1]"
530611,7553529,7588841,1,"[0, 1]"
530611,7553529,4568,0,"[0, 1]"
530611,7553529,7556859,1,"[0, 1]"
530611,7553529,4186,0,"[0, 1]"
530611,7553529,7627391,1,"[0, 1]"
530611,7553529,4789,0,"[0, 1]"
530611,7553529,7686516,1,"[0, 1]"
530611,7553529,7359307,1,"[0, 1]"
530611,7553529,7239443,1,"[0, 1]"
530611,7553529,7386094,1,"[0, 1]"
530611,7553529,7620979,1,"[0, 1]"
530611,7553529,7499076,1,"[0, 1]"
530611,7553529,7545852,1,"[0, 1]"
530611,7553529,7629481,1,"[0, 1]"
530611,7553529,7341497,1,"[0, 1]"
530611,7553529,7543899,1,"[0, 1]"
530611,7553529,7179178,1,"[0, 1]"
530611,7553529,4705,0,"[0, 1]"
530611,7553529,4834,0,"[0, 1]"
530611,7553529,7604262,1,"[0, 1]"
530611,7553529,7162062,1,"[0, 1]"
530611,7553529,7229653,1,"[0, 1]"
530611,7553529,4287,0,"[0, 1]"
503401,1491391,1491391,1,"[1, 0]"
503401,1491391,4756,0,"[1, 0]"
503401,1491391,3543,0,"[1, 0]"
503401,1491391,1771,0,"[1, 0]"
503401,1491391,885,0,"[1, 0]"
503401,1491391,442,0,"[1, 0]"
503401,1491391,220,0,"[1, 0]"
503401,1491391,109,0,"[1, 0]"
503401,1491391,54,0,"[1, 0]"
503401,1491391,26,0,"[1, 0]"
503401,1491391,12,0,"[1, 0]"
503401,1491391,5,0,"[1, 0]"
503401,1491391,2,0,"[1, 0]"
503401,1491391,0,0,"[1, 0]"
503401,1491391,2,0,"[0, 1]"
503401,1491391,1,0,"[0, 1]"
503401,1491391,4,0,"[0, 1]"
503401,1491391,5,0,"[0, 1]"
503401,1491391,6,0,"[0, 1]"
503401,1491391,3,0,"[0, 1]"
503401,1491391,12,0,"[0, 1]"
503401,1491391,7,0,"[0, 1]"
503401,1491391,8,0,"[0, 1]"
503401,1491391,9,0,"[0, 1]"
503401,1491391,14,0,"[0, 1]"
503401,1491391,10,0,"[0, 1]"
503401,1491391,16,0,"[0, 1]"
503401,1491391,19,0,"[0, 1]"
503401,1491391,20,0,"[0, 1]"
503401,1491391,28,0,"[0, 1]"
503401,1491391,30,0,"[0, 1]"
503401,1491391,29,0,"[0, 1]"
503401,1491391,18,0,"[0, 1]"
503401,1491391,22,0,"[0, 1]"
503401,1491391,37,0,"[0, 1]"
503401,1491391,54,0,"[0, 1]"
503401,1491391,62,0,"[0, 1]"
503401,1491391,45,0,"[0, 1]"
503401,1491391,51,0,"[0, 1]"
503401,1491391,39,0,"[0, 1]"
503401,1491391,36,0,"[0, 1]"
503401,1491391,31,0,"[0, 1]"
503401,1491391,35,0,"[0, 1]"
503401,1491391,57,0,"[0, 1]"
503401,1491391,125,0,"[0, 1]"
503401,1491391,110,0,"[0, 1]"
503401,1491391,89,0,"[0, 1]"
503401,1491391,67,0,"[0, 1]"
503401,1491391,85,0,"[0, 1]"
503401,1491391,76,0,"[0, 1]"
503401,1491391,93,0,"[0, 1]"
503401,1491391,123,0,"[0, 1]"
503401,1491391,107,0,"[0, 1]"
503401,1491391,88,0,"[0, 1]"
503401,1491391,92,0,"[0, 1]"
503401,1491391,100,0,"[0, 1]"
503401,1491391,216,0,"[0, 1]"
503401,1491391,205,0,"[0, 1]"
503401,1491391,176,0,"[0, 1]"
503401,1491391,195,0,"[0, 1]"
503401,1491391,150,0,"[0, 1]"
503401,1491391,142,0,"[0, 1]"
503401,1491391,207,0,"[0, 1]"
503401,1491391,238,0,"[0, 1]"
503401,1491391,206,0,"[0, 1]"
503401,1491391,174,0,"[0, 1]"
503401,1491391,232,0,"[0, 1]"
503401,1491391,161,0,"[0, 1]"
503401,1491391,154,0,"[0, 1]"
503401,1491391,183,0,"[0, 1]"
503401,1491391,478,0,"[0, 1]"
503401,1491391,337,0,"[0, 1]"
503401,1491391,336,0,"[0, 1]"
503401,1491391,494,0,"[0, 1]"
503401,1491391,459,0,"[0, 1]"
503401,1491391,307,0,"[0, 1]"
503401,1491391,294,0,"[0, 1]"
503401,1491391,498,0,"[0, 1]"
503401,1491391,442,0,"[0, 1]"
503401,1491391,311,0,"[0, 1]"
503401,1491391,284,0,"[0, 1]"
503401,1491391,506,0,"[0, 1]"
503401,1491391,417,0,"[0, 1]"
503401,1491391,382,0,"[0, 1]"
503401,1491391,365,0,"[0, 1]"
503401,1491391,443,0,"[0, 1]"
503401,1491391,908,0,"[0, 1]"
503401,1491391,519,0,"[0, 1]"
503401,1491391,909,0,"[0, 1]"
503401,1491391,887,0,"[0, 1]"
503401,1491391,886,0,"[0, 1]"
503401,1491391,682,0,"[0, 1]"
503401,1491391,938,0,"[0, 1]"
503401,1491391,990,0,"[0, 1]"
503401,1491391,700,0,"[0, 1]"
503401,1491391,1005,0,"[0, 1]"
503401,1491391,971,0,"[0, 1]"
503401,1491391,595,0,"[0, 1]"
503401,1491391,802,0,"[0, 1]"
503401,1491391,555,0,"[0, 1]"
503401,1491391,671,0,"[0, 1]"
503401,1491391,1011,0,"[0, 1]"
503401,1491391,771,0,"[0, 1]"
503401,1491391,998,0,"[0, 1]"
503401,1491391,1382,0,"[0, 1]"
503401,1491391,1874,0,"[0, 1]"
503401,1491391,1221,0,"[0, 1]"
503401,1491391,2025,0,"[0, 1]"
503401,1491391,1376,0,"[0, 1]"
503401,1491391,1919,0,"[0, 1]"
503401,1491391,1399,0,"[0, 1]"
503401,1491391,1432,0,"[0, 1]"
503401,1491391,1303,0,"[0, 1]"
503401,1491391,1506,0,"[0, 1]"
503401,1491391,1702,0,"[0, 1]"
503401,1491391,1425,0,"[0, 1]"
503401,1491391,1331,0,"[0, 1]"
503401,1491391,1363,0,"[0, 1]"
503401,1491391,1931,0,"[0, 1]"
503401,1491391,1862,0,"[0, 1]"
503401,1491391,1634,0,"[0, 1]"
503401,1491391,1502,0,"[0, 1]"
503401,1491391,1346,0,"[0, 1]"
503401,1491391,1126,0,"[0, 1]"
503401,1491391,3016,0,"[0, 1]"
503401,1491391,3008,0,"[0, 1]"
503401,1491391,3391,0,"[0, 1]"
503401,1491391,2155,0,"[0, 1]"
503401,1491391,2592,0,"[0, 1]"
503401,1491391,2432,0,"[0, 1]"
503401,1491391,4040,0,"[0, 1]"
503401,1491391,2496,0,"[0, 1]"
503401,1491391,2195,0,"[0, 1]"
503401,1491391,2844,0,"[0, 1]"
503401,1491391,3515,0,"[0, 1]"
503401,1491391,3937,0,"[0, 1]"
503401,1491391,3367,0,"[0, 1]"
503401,1491391,2777,0,"[0, 1]"
503401,1491391,2318,0,"[0, 1]"
503401,1491391,3493,0,"[0, 1]"
503401,1491391,2727,0,"[0, 1]"
503401,1491391,2573,0,"[0, 1]"
503401,1491391,3905,0,"[0, 1]"
503401,1491391,2584,0,"[0, 1]"
503401,1491391,2551,0,"[0, 1]"
503401,1491391,3183,0,"[0, 1]"
503401,1491391,7436847,1,"[0, 1]"
503401,1491391,7078350,1,"[0, 1]"
503401,1491391,4138,0,"[0, 1]"
503401,1491391,4163,0,"[0, 1]"
503401,1491391,7487828,1,"[0, 1]"
503401,1491391,7386094,1,"[0, 1]"
503401,1491391,7290847,1,"[0, 1]"
503401,1491391,7403687,1,"[0, 1]"
503401,1491391,7094594,1,"[0, 1]"
503401,1491391,4436,0,"[0, 1]"
503401,1491391,6796477,1,"[0, 1]"
503401,1491391,7620979,1,"[0, 1]"
503401,1491391,7183652,1,"[0, 1]"
503401,1491391,4904,0,"[0, 1]"
503401,1491391,6359963,1,"[0, 1]"
503401,1491391,4714,0,"[0, 1]"
503401,1491391,7354370,1,"[0, 1]"
503401,1491391,7354184,1,"[0, 1]"
503401,1491391,7264701,1,"[0, 1]"
503401,1491391,7496622,1,"[0, 1]"
503401,1491391,1990785,1,"[0, 1]"
503401,1491391,7132812,1,"[0, 1]"
503401,1491391,7667595,1,"[0, 1]"
503401,1491391,7295424,1,"[0, 1]"
503401,1491391,7640001,1,"[0, 1]"
503401,1491391,991589,1,"[0, 1]"
503401,1491391,7676121,1,"[0, 1]"
503401,1491391,7236941,1,"[0, 1]"
503401,1491391,7653998,1,"[0, 1]"
503401,1491391,7673341,1,"[0, 1]"
503401,1491391,7144926,1,"[0, 1]"
503401,1491391,7254368,1,"[0, 1]"
503401,1491391,7227866,1,"[0, 1]"
503401,1491391,7078672,1,"[0, 1]"
503401,1491391,7685719,1,"[0, 1]"
503401,1491391,7489237,1,"[0, 1]"
503401,1491391,7496708,1,"[0, 1]"
503401,1491391,7204742,1,"[0, 1]"
503401,1491391,7470999,1,"[0, 1]"
503401,1491391,7459670,1,"[0, 1]"
503401,1491391,7221489,1,"[0, 1]"
503401,1491391,7236403,1,"[0, 1]"
503401,1491391,7423796,1,"[0, 1]"
503401,1491391,7611187,1,"[0, 1]"
503401,1491391,7551052,1,"[0, 1]"
503401,1491391,7192436,1,"[0, 1]"
503401,1491391,7370867,1,"[0, 1]"
503401,1491391,7248023,1,"[0, 1]"
503401,1491391,3194503,1,"[0, 1]"
503401,1491391,7675199,1,"[0, 1]"
724887,7554170,7554170,1,"[1, 0]"
724887,7554170,2185,0,"[1, 0]"
724887,7554170,1092,0,"[1, 0]"
724887,7554170,545,0,"[1, 0]"
724887,7554170,272,0,"[1, 0]"
724887,7554170,135,0,"[1, 0]"
724887,7554170,67,0,"[1, 0]"
724887,7554170,33,0,"[1, 0]"
724887,7554170,16,0,"[1, 0]"
724887,7554170,7,0,"[1, 0]"
724887,7554170,3,0,"[1, 0]"
724887,7554170,1,0,"[1, 0]"
724887,7554170,0,0,"[1, 0]"
724887,7554170,1,0,"[0, 1]"
724887,7554170,2,0,"[0, 1]"
724887,7554170,3,0,"[0, 1]"
724887,7554170,6,0,"[0, 1]"
724887,7554170,4,0,"[0, 1]"
724887,7554170,5,0,"[0, 1]"
724887,7554170,12,0,"[0, 1]"
724887,7554170,7,0,"[0, 1]"
724887,7554170,11,0,"[0, 1]"
724887,7554170,13,0,"[0, 1]"
724887,7554170,14,0,"[0, 1]"
724887,7554170,10,0,"[0, 1]"
724887,7554170,19,0,"[0, 1]"
724887,7554170,30,0,"[0, 1]"
724887,7554170,20,0,"[0, 1]"
724887,7554170,16,0,"[0, 1]"
724887,7554170,26,0,"[0, 1]"
724887,7554170,25,0,"[0, 1]"
724887,7554170,28,0,"[0, 1]"
724887,7554170,23,0,"[0, 1]"
724887,7554170,41,0,"[0, 1]"
724887,7554170,49,0,"[0, 1]"
724887,7554170,33,0,"[0, 1]"
724887,7554170,61,0,"[0, 1]"
724887,7554170,59,0,"[0, 1]"
724887,7554170,32,0,"[0, 1]"
724887,7554170,39,0,"[0, 1]"
724887,7554170,53,0,"[0, 1]"
724887,7554170,50,0,"[0, 1]"
724887,7554170,43,0,"[0, 1]"
724887,7554170,109,0,"[0, 1]"
724887,7554170,89,0,"[0, 1]"
724887,7554170,123,0,"[0, 1]"
724887,7554170,84,0,"[0, 1]"
724887,7554170,98,0,"[0, 1]"
724887,7554170,74,0,"[0, 1]"
724887,7554170,118,0,"[0, 1]"
724887,7554170,122,0,"[0, 1]"
724887,7554170,83,0,"[0, 1]"
724887,7554170,68,0,"[0, 1]"
724887,7554170,115,0,"[0, 1]"
724887,7554170,72,0,"[0, 1]"
724887,7554170,249,0,"[0, 1]"
724887,7554170,252,0,"[0, 1]"
724887,7554170,144,0,"[0, 1]"
724887,7554170,204,0,"[0, 1]"
724887,7554170,181,0,"[0, 1]"
724887,7554170,182,0,"[0, 1]"
724887,7554170,193,0,"[0, 1]"
724887,7554170,177,0,"[0, 1]"
724887,7554170,186,0,"[0, 1]"
724887,7554170,151,0,"[0, 1]"
724887,7554170,215,0,"[0, 1]"
724887,7554170,133,0,"[0, 1]"
724887,7554170,240,0,"[0, 1]"
724887,7554170,138,0,"[0, 1]"
724887,7554170,416,0,"[0, 1]"
724887,7554170,470,0,"[0, 1]"
724887,7554170,318,0,"[0, 1]"
724887,7554170,505,0,"[0, 1]"
724887,7554170,397,0,"[0, 1]"
724887,7554170,467,0,"[0, 1]"
724887,7554170,285,0,"[0, 1]"
724887,7554170,478,0,"[0, 1]"
724887,7554170,351,0,"[0, 1]"
724887,7554170,264,0,"[0, 1]"
724887,7554170,484,0,"[0, 1]"
724887,7554170,499,0,"[0, 1]"
724887,7554170,375,0,"[0, 1]"
724887,7554170,262,0,"[0, 1]"
724887,7554170,408,0,"[0, 1]"
724887,7554170,468,0,"[0, 1]"
724887,7554170,871,0,"[0, 1]"
724887,7554170,704,0,"[0, 1]"
724887,7554170,816,0,"[0, 1]"
724887,7554170,573,0,"[0, 1]"
724887,7554170,930,0,"[0, 1]"
724887,7554170,572,0,"[0, 1]"
724887,7554170,828,0,"[0, 1]"
724887,7554170,740,0,"[0, 1]"
724887,7554170,726,0,"[0, 1]"
724887,7554170,674,0,"[0, 1]"
724887,7554170,561,0,"[0, 1]"
724887,7554170,823,0,"[0, 1]"
724887,7554170,515,0,"[0, 1]"
724887,7554170,748,0,"[0, 1]"
724887,7554170,777,0,"[0, 1]"
724887,7554170,921,0,"[0, 1]"
724887,7554170,581,0,"[0, 1]"
724887,7554170,643,0,"[0, 1]"
724887,7554170,1632,0,"[0, 1]"
724887,7554170,1968,0,"[0, 1]"
724887,7554170,1192,0,"[0, 1]"
724887,7554170,1689,0,"[0, 1]"
724887,7554170,1042,0,"[0, 1]"
724887,7554170,1120,0,"[0, 1]"
724887,7554170,1295,0,"[0, 1]"
724887,7554170,1565,0,"[0, 1]"
724887,7554170,2042,0,"[0, 1]"
724887,7554170,1902,0,"[0, 1]"
724887,7554170,1905,0,"[0, 1]"
724887,7554170,1783,0,"[0, 1]"
724887,7554170,2003,0,"[0, 1]"
724887,7554170,1866,0,"[0, 1]"
724887,7554170,1236,0,"[0, 1]"
724887,7554170,1822,0,"[0, 1]"
724887,7554170,1744,0,"[0, 1]"
724887,7554170,1147,0,"[0, 1]"
724887,7554170,1401,0,"[0, 1]"
724887,7554170,1168,0,"[0, 1]"
724887,7554170,3812,0,"[0, 1]"
724887,7554170,2288,0,"[0, 1]"
724887,7554170,3735,0,"[0, 1]"
724887,7554170,3239,0,"[0, 1]"
724887,7554170,2463,0,"[0, 1]"
724887,7554170,2872,0,"[0, 1]"
724887,7554170,2070,0,"[0, 1]"
724887,7554170,2202,0,"[0, 1]"
724887,7554170,2690,0,"[0, 1]"
724887,7554170,2881,0,"[0, 1]"
724887,7554170,2318,0,"[0, 1]"
724887,7554170,2117,0,"[0, 1]"
724887,7554170,2558,0,"[0, 1]"
724887,7554170,4051,0,"[0, 1]"
724887,7554170,3038,0,"[0, 1]"
724887,7554170,3931,0,"[0, 1]"
724887,7554170,2536,0,"[0, 1]"
724887,7554170,2432,0,"[0, 1]"
724887,7554170,2964,0,"[0, 1]"
724887,7554170,2224,0,"[0, 1]"
724887,7554170,3741,0,"[0, 1]"
724887,7554170,3303,0,"[0, 1]"
724887,7554170,7414432,1,"[0, 1]"
724887,7554170,7196268,1,"[0, 1]"
724887,7554170,7518857,1,"[0, 1]"
724887,7554170,4514,0,"[0, 1]"
724887,7554170,4900,0,"[0, 1]"
724887,7554170,7523496,1,"[0, 1]"
724887,7554170,4885,0,"[0, 1]"
724887,7554170,7160805,1,"[0, 1]"
724887,7554170,7177568,1,"[0, 1]"
724887,7554170,5382338,1,"[0, 1]"
724887,7554170,7674619,1,"[0, 1]"
724887,7554170,2459032,1,"[0, 1]"
724887,7554170,6975555,1,"[0, 1]"
724887,7554170,7426348,1,"[0, 1]"
724887,7554170,7136547,1,"[0, 1]"
724887,7554170,4719,0,"[0, 1]"
724887,7554170,7294838,1,"[0, 1]"
724887,7554170,7079883,1,"[0, 1]"
724887,7554170,7378243,1,"[0, 1]"
724887,7554170,7407926,1,"[0, 1]"
724887,7554170,5779254,1,"[0, 1]"
724887,7554170,1824038,1,"[0, 1]"
724887,7554170,7682902,1,"[0, 1]"
724887,7554170,7214316,1,"[0, 1]"
290830,691855,691855,1,"[1, 0]"
290830,691855,2473,0,"[1, 0]"
290830,691855,1236,0,"[1, 0]"
290830,691855,617,0,"[1, 0]"
290830,691855,308,0,"[1, 0]"
290830,691855,153,0,"[1, 0]"
290830,691855,76,0,"[1, 0]"
290830,691855,37,0,"[1, 0]"
290830,691855,18,0,"[1, 0]"
290830,691855,8,0,"[1, 0]"
290830,691855,3,0,"[1, 0]"
290830,691855,1,0,"[1, 0]"
290830,691855,0,0,"[1, 0]"
290830,691855,2,0,"[0, 1]"
290830,691855,1,0,"[0, 1]"
290830,691855,4,0,"[0, 1]"
290830,691855,6,0,"[0, 1]"
290830,691855,5,0,"[0, 1]"
290830,691855,3,0,"[0, 1]"
290830,691855,10,0,"[0, 1]"
290830,691855,12,0,"[0, 1]"
290830,691855,8,0,"[0, 1]"
290830,691855,14,0,"[0, 1]"
290830,691855,9,0,"[0, 1]"
290830,691855,11,0,"[0, 1]"
290830,691855,21,0,"[0, 1]"
290830,691855,29,0,"[0, 1]"
290830,691855,19,0,"[0, 1]"
290830,691855,17,0,"[0, 1]"
290830,691855,22,0,"[0, 1]"
290830,691855,25,0,"[0, 1]"
290830,691855,26,0,"[0, 1]"
290830,691855,24,0,"[0, 1]"
290830,691855,32,0,"[0, 1]"
290830,691855,55,0,"[0, 1]"
290830,691855,41,0,"[0, 1]"
290830,691855,51,0,"[0, 1]"
290830,691855,45,0,"[0, 1]"
290830,691855,37,0,"[0, 1]"
290830,691855,52,0,"[0, 1]"
290830,691855,50,0,"[0, 1]"
290830,691855,35,0,"[0, 1]"
290830,691855,48,0,"[0, 1]"
290830,691855,97,0,"[0, 1]"
290830,691855,76,0,"[0, 1]"
290830,691855,117,0,"[0, 1]"
290830,691855,125,0,"[0, 1]"
290830,691855,116,0,"[0, 1]"
290830,691855,126,0,"[0, 1]"
290830,691855,83,0,"[0, 1]"
290830,691855,109,0,"[0, 1]"
290830,691855,79,0,"[0, 1]"
290830,691855,96,0,"[0, 1]"
290830,691855,74,0,"[0, 1]"
290830,691855,67,0,"[0, 1]"
290830,691855,137,0,"[0, 1]"
290830,691855,131,0,"[0, 1]"
290830,691855,153,0,"[0, 1]"
290830,691855,156,0,"[0, 1]"
290830,691855,228,0,"[0, 1]"
290830,691855,216,0,"[0, 1]"
290830,691855,186,0,"[0, 1]"
290830,691855,140,0,"[0, 1]"
290830,691855,170,0,"[0, 1]"
290830,691855,180,0,"[0, 1]"
290830,691855,247,0,"[0, 1]"
290830,691855,217,0,"[0, 1]"
290830,691855,243,0,"[0, 1]"
290830,691855,250,0,"[0, 1]"
290830,691855,416,0,"[0, 1]"
290830,691855,332,0,"[0, 1]"
290830,691855,306,0,"[0, 1]"
290830,691855,301,0,"[0, 1]"
290830,691855,308,0,"[0, 1]"
290830,691855,486,0,"[0, 1]"
290830,691855,331,0,"[0, 1]"
290830,691855,391,0,"[0, 1]"
290830,691855,294,0,"[0, 1]"
290830,691855,483,0,"[0, 1]"
290830,691855,467,0,"[0, 1]"
290830,691855,358,0,"[0, 1]"
290830,691855,326,0,"[0, 1]"
290830,691855,408,0,"[0, 1]"
290830,691855,290,0,"[0, 1]"
290830,691855,468,0,"[0, 1]"
290830,691855,696,0,"[0, 1]"
290830,691855,862,0,"[0, 1]"
290830,691855,901,0,"[0, 1]"
290830,691855,770,0,"[0, 1]"
290830,691855,566,0,"[0, 1]"
290830,691855,665,0,"[0, 1]"
290830,691855,791,0,"[0, 1]"
290830,691855,851,0,"[0, 1]"
290830,691855,748,0,"[0, 1]"
290830,691855,848,0,"[0, 1]"
290830,691855,947,0,"[0, 1]"
290830,691855,826,0,"[0, 1]"
290830,691855,855,0,"[0, 1]"
290830,691855,528,0,"[0, 1]"
290830,691855,813,0,"[0, 1]"
290830,691855,894,0,"[0, 1]"
290830,691855,746,0,"[0, 1]"
290830,691855,935,0,"[0, 1]"
290830,691855,1852,0,"[0, 1]"
290830,691855,1220,0,"[0, 1]"
290830,691855,1740,0,"[0, 1]"
290830,691855,1546,0,"[0, 1]"
290830,691855,1098,0,"[0, 1]"
290830,691855,1700,0,"[0, 1]"
290830,691855,1079,0,"[0, 1]"
290830,691855,1510,0,"[0, 1]"
290830,691855,1401,0,"[0, 1]"
290830,691855,1270,0,"[0, 1]"
290830,691855,1584,0,"[0, 1]"
290830,691855,1327,0,"[0, 1]"
290830,691855,1499,0,"[0, 1]"
290830,691855,1612,0,"[0, 1]"
290830,691855,1202,0,"[0, 1]"
290830,691855,1540,0,"[0, 1]"
290830,691855,1635,0,"[0, 1]"
290830,691855,1402,0,"[0, 1]"
290830,691855,1842,0,"[0, 1]"
290830,691855,1278,0,"[0, 1]"
290830,691855,2831,0,"[0, 1]"
290830,691855,2504,0,"[0, 1]"
290830,691855,3465,0,"[0, 1]"
290830,691855,3987,0,"[0, 1]"
290830,691855,3288,0,"[0, 1]"
290830,691855,2545,0,"[0, 1]"
290830,691855,3171,0,"[0, 1]"
290830,691855,2966,0,"[0, 1]"
290830,691855,2283,0,"[0, 1]"
290830,691855,3563,0,"[0, 1]"
290830,691855,2844,0,"[0, 1]"
290830,691855,3927,0,"[0, 1]"
290830,691855,3361,0,"[0, 1]"
290830,691855,3654,0,"[0, 1]"
290830,691855,2998,0,"[0, 1]"
290830,691855,3781,0,"[0, 1]"
290830,691855,2159,0,"[0, 1]"
290830,691855,3474,0,"[0, 1]"
290830,691855,3698,0,"[0, 1]"
290830,691855,3821,0,"[0, 1]"
290830,691855,2342,0,"[0, 1]"
290830,691855,3326,0,"[0, 1]"
290830,691855,7237598,1,"[0, 1]"
290830,691855,7269447,1,"[0, 1]"
290830,691855,7165319,1,"[0, 1]"
290830,691855,303786,1,"[0, 1]"
290830,691855,7498584,1,"[0, 1]"
290830,691855,7596886,1,"[0, 1]"
290830,691855,7186309,1,"[0, 1]"
290830,691855,7208363,1,"[0, 1]"
290830,691855,7664187,1,"[0, 1]"
290830,691855,7497322,1,"[0, 1]"
290830,691855,4204,0,"[0, 1]"
290830,691855,7143439,1,"[0, 1]"
290830,691855,7603149,1,"[0, 1]"
290830,691855,2297633,1,"[0, 1]"
290830,691855,4554,0,"[0, 1]"
290830,691855,4994,0,"[0, 1]"
290830,691855,4570,0,"[0, 1]"
290830,691855,7365439,1,"[0, 1]"
290830,691855,7548990,1,"[0, 1]"
290830,691855,7687385,1,"[0, 1]"
290830,691855,7446792,1,"[0, 1]"
290830,691855,7646548,1,"[0, 1]"
290830,691855,4173,0,"[0, 1]"
290830,691855,7484982,1,"[0, 1]"
749267,7554621,7554621,1,"[1, 0]"
749267,7554621,4855,0,"[1, 0]"
749267,7554621,3770,0,"[1, 0]"
749267,7554621,1884,0,"[1, 0]"
749267,7554621,941,0,"[1, 0]"
749267,7554621,470,0,"[1, 0]"
749267,7554621,234,0,"[1, 0]"
749267,7554621,116,0,"[1, 0]"
749267,7554621,57,0,"[1, 0]"
749267,7554621,28,0,"[1, 0]"
749267,7554621,13,0,"[1, 0]"
749267,7554621,6,0,"[1, 0]"
749267,7554621,2,0,"[1, 0]"
749267,7554621,0,0,"[1, 0]"
749267,7554621,2,0,"[0, 1]"
749267,7554621,1,0,"[0, 1]"
749267,7554621,4,0,"[0, 1]"
749267,7554621,3,0,"[0, 1]"
749267,7554621,6,0,"[0, 1]"
749267,7554621,5,0,"[0, 1]"
749267,7554621,13,0,"[0, 1]"
749267,7554621,11,0,"[0, 1]"
749267,7554621,8,0,"[0, 1]"
749267,7554621,9,0,"[0, 1]"
749267,7554621,12,0,"[0, 1]"
749267,7554621,10,0,"[0, 1]"
749267,7554621,28,0,"[0, 1]"
749267,7554621,22,0,"[0, 1]"
749267,7554621,30,0,"[0, 1]"
749267,7554621,25,0,"[0, 1]"
749267,7554621,16,0,"[0, 1]"
749267,7554621,18,0,"[0, 1]"
749267,7554621,21,0,"[0, 1]"
749267,7554621,20,0,"[0, 1]"
749267,7554621,60,0,"[0, 1]"
749267,7554621,52,0,"[0, 1]"
749267,7554621,43,0,"[0, 1]"
749267,7554621,57,0,"[0, 1]"
749267,7554621,33,0,"[0, 1]"
749267,7554621,36,0,"[0, 1]"
749267,7554621,61,0,"[0, 1]"
749267,7554621,34,0,"[0, 1]"
749267,7554621,56,0,"[0, 1]"
749267,7554621,41,0,"[0, 1]"
749267,7554621,92,0,"[0, 1]"
749267,7554621,72,0,"[0, 1]"
749267,7554621,85,0,"[0, 1]"
749267,7554621,105,0,"[0, 1]"
749267,7554621,95,0,"[0, 1]"
749267,7554621,116,0,"[0, 1]"
749267,7554621,83,0,"[0, 1]"
749267,7554621,96,0,"[0, 1]"
749267,7554621,74,0,"[0, 1]"
749267,7554621,86,0,"[0, 1]"
749267,7554621,78,0,"[0, 1]"
749267,7554621,125,0,"[0, 1]"
749267,7554621,214,0,"[0, 1]"
749267,7554621,222,0,"[0, 1]"
749267,7554621,228,0,"[0, 1]"
749267,7554621,229,0,"[0, 1]"
749267,7554621,167,0,"[0, 1]"
749267,7554621,140,0,"[0, 1]"
749267,7554621,179,0,"[0, 1]"
749267,7554621,145,0,"[0, 1]"
749267,7554621,218,0,"[0, 1]"
749267,7554621,146,0,"[0, 1]"
749267,7554621,143,0,"[0, 1]"
749267,7554621,202,0,"[0, 1]"
749267,7554621,212,0,"[0, 1]"
749267,7554621,175,0,"[0, 1]"
749267,7554621,392,0,"[0, 1]"
749267,7554621,366,0,"[0, 1]"
749267,7554621,496,0,"[0, 1]"
749267,7554621,418,0,"[0, 1]"
749267,7554621,300,0,"[0, 1]"
749267,7554621,455,0,"[0, 1]"
749267,7554621,389,0,"[0, 1]"
749267,7554621,459,0,"[0, 1]"
749267,7554621,434,0,"[0, 1]"
749267,7554621,331,0,"[0, 1]"
749267,7554621,311,0,"[0, 1]"
749267,7554621,360,0,"[0, 1]"
749267,7554621,468,0,"[0, 1]"
749267,7554621,424,0,"[0, 1]"
749267,7554621,473,0,"[0, 1]"
749267,7554621,472,0,"[0, 1]"
749267,7554621,598,0,"[0, 1]"
749267,7554621,933,0,"[0, 1]"
749267,7554621,671,0,"[0, 1]"
749267,7554621,642,0,"[0, 1]"
749267,7554621,512,0,"[0, 1]"
749267,7554621,784,0,"[0, 1]"
749267,7554621,638,0,"[0, 1]"
749267,7554621,995,0,"[0, 1]"
749267,7554621,631,0,"[0, 1]"
749267,7554621,988,0,"[0, 1]"
749267,7554621,758,0,"[0, 1]"
749267,7554621,821,0,"[0, 1]"
749267,7554621,693,0,"[0, 1]"
749267,7554621,782,0,"[0, 1]"
749267,7554621,1012,0,"[0, 1]"
749267,7554621,623,0,"[0, 1]"
749267,7554621,657,0,"[0, 1]"
749267,7554621,936,0,"[0, 1]"
749267,7554621,1409,0,"[0, 1]"
749267,7554621,1759,0,"[0, 1]"
749267,7554621,1424,0,"[0, 1]"
749267,7554621,1996,0,"[0, 1]"
749267,7554621,1066,0,"[0, 1]"
749267,7554621,1772,0,"[0, 1]"
749267,7554621,1619,0,"[0, 1]"
749267,7554621,1214,0,"[0, 1]"
749267,7554621,1639,0,"[0, 1]"
749267,7554621,1846,0,"[0, 1]"
749267,7554621,1489,0,"[0, 1]"
749267,7554621,1727,0,"[0, 1]"
749267,7554621,1518,0,"[0, 1]"
749267,7554621,1429,0,"[0, 1]"
749267,7554621,1669,0,"[0, 1]"
749267,7554621,1201,0,"[0, 1]"
749267,7554621,1592,0,"[0, 1]"
749267,7554621,1152,0,"[0, 1]"
749267,7554621,1407,0,"[0, 1]"
749267,7554621,1814,0,"[0, 1]"
749267,7554621,3970,0,"[0, 1]"
749267,7554621,2997,0,"[0, 1]"
749267,7554621,3887,0,"[0, 1]"
749267,7554621,2989,0,"[0, 1]"
749267,7554621,2179,0,"[0, 1]"
749267,7554621,2107,0,"[0, 1]"
749267,7554621,3417,0,"[0, 1]"
749267,7554621,3845,0,"[0, 1]"
749267,7554621,2114,0,"[0, 1]"
749267,7554621,3124,0,"[0, 1]"
749267,7554621,3181,0,"[0, 1]"
749267,7554621,3381,0,"[0, 1]"
749267,7554621,3396,0,"[0, 1]"
749267,7554621,3225,0,"[0, 1]"
749267,7554621,3350,0,"[0, 1]"
749267,7554621,2412,0,"[0, 1]"
749267,7554621,3484,0,"[0, 1]"
749267,7554621,2910,0,"[0, 1]"
749267,7554621,2667,0,"[0, 1]"
749267,7554621,2974,0,"[0, 1]"
749267,7554621,2771,0,"[0, 1]"
749267,7554621,2222,0,"[0, 1]"
749267,7554621,4412,0,"[0, 1]"
749267,7554621,7407735,1,"[0, 1]"
749267,7554621,7197935,1,"[0, 1]"
749267,7554621,7188494,1,"[0, 1]"
749267,7554621,4222,0,"[0, 1]"
749267,7554621,4479,0,"[0, 1]"
749267,7554621,7618715,1,"[0, 1]"
749267,7554621,7237292,1,"[0, 1]"
749267,7554621,7640778,1,"[0, 1]"
749267,7554621,4647,0,"[0, 1]"
749267,7554621,7596886,1,"[0, 1]"
749267,7554621,7583985,1,"[0, 1]"
749267,7554621,7383302,1,"[0, 1]"
749267,7554621,7290412,1,"[0, 1]"
749267,7554621,4443,0,"[0, 1]"
749267,7554621,4125,0,"[0, 1]"
749267,7554621,1990785,1,"[0, 1]"
749267,7554621,7237997,1,"[0, 1]"
749267,7554621,7287899,1,"[0, 1]"
749267,7554621,7577745,1,"[0, 1]"
749267,7554621,7230416,1,"[0, 1]"
749267,7554621,7230408,1,"[0, 1]"
749267,7554621,7108747,1,"[0, 1]"
749267,7554621,7636207,1,"[0, 1]"
749267,7554621,422517,1,"[0, 1]"
749267,7554621,7582354,1,"[0, 1]"
749267,7554621,7637010,1,"[0, 1]"
749267,7554621,7387845,1,"[0, 1]"
749267,7554621,7583254,1,"[0, 1]"
749267,7554621,4678758,1,"[0, 1]"
749267,7554621,7531802,1,"[0, 1]"
749267,7554621,7254682,1,"[0, 1]"
749267,7554621,581293,1,"[0, 1]"
749267,7554621,7205115,1,"[0, 1]"
749267,7554621,7535859,1,"[0, 1]"
749267,7554621,2459114,1,"[0, 1]"
749267,7554621,7194955,1,"[0, 1]"
749267,7554621,7453045,1,"[0, 1]"
749267,7554621,7274778,1,"[0, 1]"
749267,7554621,7392795,1,"[0, 1]"
749267,7554621,7306123,1,"[0, 1]"
749267,7554621,7474149,1,"[0, 1]"
749267,7554621,7611187,1,"[0, 1]"
749267,7554621,7451712,1,"[0, 1]"
749267,7554621,7189386,1,"[0, 1]"
749267,7554621,7217129,1,"[0, 1]"
749267,7554621,7573780,1,"[0, 1]"
749267,7554621,7246712,1,"[0, 1]"
749267,7554621,7556541,1,"[0, 1]"
749267,7554621,7107986,1,"[0, 1]"
512564,7555272,7555272,1,"[1, 0]"
512564,7555272,3788,0,"[1, 0]"
512564,7555272,1893,0,"[1, 0]"
512564,7555272,946,0,"[1, 0]"
512564,7555272,472,0,"[1, 0]"
512564,7555272,235,0,"[1, 0]"
512564,7555272,117,0,"[1, 0]"
512564,7555272,58,0,"[1, 0]"
512564,7555272,28,0,"[1, 0]"
512564,7555272,13,0,"[1, 0]"
512564,7555272,6,0,"[1, 0]"
512564,7555272,2,0,"[1, 0]"
512564,7555272,0,0,"[1, 0]"
512564,7555272,2,0,"[0, 1]"
512564,7555272,1,0,"[0, 1]"
512564,7555272,4,0,"[0, 1]"
512564,7555272,6,0,"[0, 1]"
512564,7555272,5,0,"[0, 1]"
512564,7555272,3,0,"[0, 1]"
512564,7555272,13,0,"[0, 1]"
512564,7555272,9,0,"[0, 1]"
512564,7555272,14,0,"[0, 1]"
512564,7555272,7,0,"[0, 1]"
512564,7555272,8,0,"[0, 1]"
512564,7555272,10,0,"[0, 1]"
512564,7555272,17,0,"[0, 1]"
512564,7555272,28,0,"[0, 1]"
512564,7555272,24,0,"[0, 1]"
512564,7555272,30,0,"[0, 1]"
512564,7555272,25,0,"[0, 1]"
512564,7555272,16,0,"[0, 1]"
512564,7555272,21,0,"[0, 1]"
512564,7555272,19,0,"[0, 1]"
512564,7555272,58,0,"[0, 1]"
512564,7555272,49,0,"[0, 1]"
512564,7555272,62,0,"[0, 1]"
512564,7555272,46,0,"[0, 1]"
512564,7555272,41,0,"[0, 1]"
512564,7555272,44,0,"[0, 1]"
512564,7555272,57,0,"[0, 1]"
512564,7555272,31,0,"[0, 1]"
512564,7555272,38,0,"[0, 1]"
512564,7555272,39,0,"[0, 1]"
512564,7555272,83,0,"[0, 1]"
512564,7555272,99,0,"[0, 1]"
512564,7555272,120,0,"[0, 1]"
512564,7555272,73,0,"[0, 1]"
512564,7555272,64,0,"[0, 1]"
512564,7555272,97,0,"[0, 1]"
512564,7555272,103,0,"[0, 1]"
512564,7555272,109,0,"[0, 1]"
512564,7555272,65,0,"[0, 1]"
512564,7555272,108,0,"[0, 1]"
512564,7555272,122,0,"[0, 1]"
512564,7555272,90,0,"[0, 1]"
512564,7555272,148,0,"[0, 1]"
512564,7555272,252,0,"[0, 1]"
512564,7555272,200,0,"[0, 1]"
512564,7555272,131,0,"[0, 1]"
512564,7555272,183,0,"[0, 1]"
512564,7555272,233,0,"[0, 1]"
512564,7555272,206,0,"[0, 1]"
512564,7555272,242,0,"[0, 1]"
512564,7555272,203,0,"[0, 1]"
512564,7555272,220,0,"[0, 1]"
512564,7555272,174,0,"[0, 1]"
512564,7555272,182,0,"[0, 1]"
512564,7555272,134,0,"[0, 1]"
512564,7555272,239,0,"[0, 1]"
512564,7555272,336,0,"[0, 1]"
512564,7555272,375,0,"[0, 1]"
512564,7555272,349,0,"[0, 1]"
512564,7555272,449,0,"[0, 1]"
512564,7555272,446,0,"[0, 1]"
512564,7555272,505,0,"[0, 1]"
512564,7555272,388,0,"[0, 1]"
512564,7555272,306,0,"[0, 1]"
512564,7555272,368,0,"[0, 1]"
512564,7555272,430,0,"[0, 1]"
512564,7555272,341,0,"[0, 1]"
512564,7555272,330,0,"[0, 1]"
512564,7555272,435,0,"[0, 1]"
512564,7555272,412,0,"[0, 1]"
512564,7555272,439,0,"[0, 1]"
512564,7555272,383,0,"[0, 1]"
512564,7555272,1005,0,"[0, 1]"
512564,7555272,633,0,"[0, 1]"
512564,7555272,972,0,"[0, 1]"
512564,7555272,757,0,"[0, 1]"
512564,7555272,769,0,"[0, 1]"
512564,7555272,750,0,"[0, 1]"
512564,7555272,693,0,"[0, 1]"
512564,7555272,654,0,"[0, 1]"
512564,7555272,656,0,"[0, 1]"
512564,7555272,872,0,"[0, 1]"
512564,7555272,752,0,"[0, 1]"
512564,7555272,737,0,"[0, 1]"
512564,7555272,795,0,"[0, 1]"
512564,7555272,912,0,"[0, 1]"
512564,7555272,969,0,"[0, 1]"
512564,7555272,726,0,"[0, 1]"
512564,7555272,958,0,"[0, 1]"
512564,7555272,657,0,"[0, 1]"
512564,7555272,1940,0,"[0, 1]"
512564,7555272,2003,0,"[0, 1]"
512564,7555272,1630,0,"[0, 1]"
512564,7555272,1170,0,"[0, 1]"
512564,7555272,1519,0,"[0, 1]"
512564,7555272,1541,0,"[0, 1]"
512564,7555272,2028,0,"[0, 1]"
512564,7555272,1070,0,"[0, 1]"
512564,7555272,1780,0,"[0, 1]"
512564,7555272,1531,0,"[0, 1]"
512564,7555272,2039,0,"[0, 1]"
512564,7555272,1923,0,"[0, 1]"
512564,7555272,1190,0,"[0, 1]"
512564,7555272,1610,0,"[0, 1]"
512564,7555272,1537,0,"[0, 1]"
512564,7555272,1725,0,"[0, 1]"
512564,7555272,1530,0,"[0, 1]"
512564,7555272,1652,0,"[0, 1]"
512564,7555272,1500,0,"[0, 1]"
512564,7555272,1829,0,"[0, 1]"
512564,7555272,2156,0,"[0, 1]"
512564,7555272,2607,0,"[0, 1]"
512564,7555272,2115,0,"[0, 1]"
512564,7555272,3418,0,"[0, 1]"
512564,7555272,3477,0,"[0, 1]"
512564,7555272,3798,0,"[0, 1]"
512564,7555272,3273,0,"[0, 1]"
512564,7555272,2662,0,"[0, 1]"
512564,7555272,2668,0,"[0, 1]"
512564,7555272,2533,0,"[0, 1]"
512564,7555272,2585,0,"[0, 1]"
512564,7555272,3848,0,"[0, 1]"
512564,7555272,2150,0,"[0, 1]"
512564,7555272,3218,0,"[0, 1]"
512564,7555272,2215,0,"[0, 1]"
512564,7555272,2342,0,"[0, 1]"
512564,7555272,2132,0,"[0, 1]"
512564,7555272,3330,0,"[0, 1]"
512564,7555272,2161,0,"[0, 1]"
512564,7555272,3151,0,"[0, 1]"
512564,7555272,2145,0,"[0, 1]"
512564,7555272,3505,0,"[0, 1]"
512564,7555272,7334648,1,"[0, 1]"
512564,7555272,7534941,1,"[0, 1]"
512564,7555272,4472,0,"[0, 1]"
512564,7555272,7008901,1,"[0, 1]"
512564,7555272,7300170,1,"[0, 1]"
512564,7555272,4788406,1,"[0, 1]"
512564,7555272,4513,0,"[0, 1]"
512564,7555272,3624309,1,"[0, 1]"
512564,7555272,7095230,1,"[0, 1]"
512564,7555272,7215218,1,"[0, 1]"
512564,7555272,7187833,1,"[0, 1]"
512564,7555272,7543899,1,"[0, 1]"
512564,7555272,7084908,1,"[0, 1]"
512564,7555272,4660,0,"[0, 1]"
512564,7555272,4684,0,"[0, 1]"
512564,7555272,7443091,1,"[0, 1]"
512564,7555272,1059218,1,"[0, 1]"
512564,7555272,7273891,1,"[0, 1]"
512564,7555272,7259816,1,"[0, 1]"
512564,7555272,4543,0,"[0, 1]"
512564,7555272,7083057,1,"[0, 1]"
512564,7555272,4409,0,"[0, 1]"
512564,7555272,7101650,1,"[0, 1]"
512564,7555272,3620717,1,"[0, 1]"
1095881,7555276,7555276,1,"[1, 0]"
1095881,7555276,2900,0,"[1, 0]"
1095881,7555276,1449,0,"[1, 0]"
1095881,7555276,724,0,"[1, 0]"
1095881,7555276,361,0,"[1, 0]"
1095881,7555276,180,0,"[1, 0]"
1095881,7555276,89,0,"[1, 0]"
1095881,7555276,44,0,"[1, 0]"
1095881,7555276,21,0,"[1, 0]"
1095881,7555276,10,0,"[1, 0]"
1095881,7555276,4,0,"[1, 0]"
1095881,7555276,1,0,"[1, 0]"
1095881,7555276,0,0,"[1, 0]"
1095881,7555276,2,0,"[0, 1]"
1095881,7555276,1,0,"[0, 1]"
1095881,7555276,3,0,"[0, 1]"
1095881,7555276,5,0,"[0, 1]"
1095881,7555276,4,0,"[0, 1]"
1095881,7555276,6,0,"[0, 1]"
1095881,7555276,10,0,"[0, 1]"
1095881,7555276,12,0,"[0, 1]"
1095881,7555276,14,0,"[0, 1]"
1095881,7555276,7,0,"[0, 1]"
1095881,7555276,11,0,"[0, 1]"
1095881,7555276,13,0,"[0, 1]"
1095881,7555276,27,0,"[0, 1]"
1095881,7555276,15,0,"[0, 1]"
1095881,7555276,28,0,"[0, 1]"
1095881,7555276,19,0,"[0, 1]"
1095881,7555276,24,0,"[0, 1]"
1095881,7555276,16,0,"[0, 1]"
1095881,7555276,30,0,"[0, 1]"
1095881,7555276,17,0,"[0, 1]"
1095881,7555276,36,0,"[0, 1]"
1095881,7555276,42,0,"[0, 1]"
1095881,7555276,32,0,"[0, 1]"
1095881,7555276,48,0,"[0, 1]"
1095881,7555276,53,0,"[0, 1]"
1095881,7555276,45,0,"[0, 1]"
1095881,7555276,40,0,"[0, 1]"
1095881,7555276,37,0,"[0, 1]"
1095881,7555276,31,0,"[0, 1]"
1095881,7555276,44,0,"[0, 1]"
1095881,7555276,111,0,"[0, 1]"
1095881,7555276,91,0,"[0, 1]"
1095881,7555276,71,0,"[0, 1]"
1095881,7555276,76,0,"[0, 1]"
1095881,7555276,118,0,"[0, 1]"
1095881,7555276,79,0,"[0, 1]"
1095881,7555276,70,0,"[0, 1]"
1095881,7555276,109,0,"[0, 1]"
1095881,7555276,108,0,"[0, 1]"
1095881,7555276,63,0,"[0, 1]"
1095881,7555276,105,0,"[0, 1]"
1095881,7555276,121,0,"[0, 1]"
1095881,7555276,253,0,"[0, 1]"
1095881,7555276,184,0,"[0, 1]"
1095881,7555276,165,0,"[0, 1]"
1095881,7555276,247,0,"[0, 1]"
1095881,7555276,217,0,"[0, 1]"
1095881,7555276,150,0,"[0, 1]"
1095881,7555276,221,0,"[0, 1]"
1095881,7555276,243,0,"[0, 1]"
1095881,7555276,238,0,"[0, 1]"
1095881,7555276,189,0,"[0, 1]"
1095881,7555276,169,0,"[0, 1]"
1095881,7555276,228,0,"[0, 1]"
1095881,7555276,133,0,"[0, 1]"
1095881,7555276,196,0,"[0, 1]"
1095881,7555276,397,0,"[0, 1]"
1095881,7555276,470,0,"[0, 1]"
1095881,7555276,446,0,"[0, 1]"
1095881,7555276,319,0,"[0, 1]"
1095881,7555276,271,0,"[0, 1]"
1095881,7555276,429,0,"[0, 1]"
1095881,7555276,388,0,"[0, 1]"
1095881,7555276,324,0,"[0, 1]"
1095881,7555276,505,0,"[0, 1]"
1095881,7555276,450,0,"[0, 1]"
1095881,7555276,433,0,"[0, 1]"
1095881,7555276,339,0,"[0, 1]"
1095881,7555276,329,0,"[0, 1]"
1095881,7555276,350,0,"[0, 1]"
1095881,7555276,504,0,"[0, 1]"
1095881,7555276,322,0,"[0, 1]"
1095881,7555276,915,0,"[0, 1]"
1095881,7555276,1018,0,"[0, 1]"
1095881,7555276,879,0,"[0, 1]"
1095881,7555276,552,0,"[0, 1]"
1095881,7555276,827,0,"[0, 1]"
1095881,7555276,761,0,"[0, 1]"
1095881,7555276,850,0,"[0, 1]"
1095881,7555276,583,0,"[0, 1]"
1095881,7555276,991,0,"[0, 1]"
1095881,7555276,962,0,"[0, 1]"
1095881,7555276,795,0,"[0, 1]"
1095881,7555276,712,0,"[0, 1]"
1095881,7555276,876,0,"[0, 1]"
1095881,7555276,833,0,"[0, 1]"
1095881,7555276,607,0,"[0, 1]"
1095881,7555276,882,0,"[0, 1]"
1095881,7555276,902,0,"[0, 1]"
1095881,7555276,974,0,"[0, 1]"
1095881,7555276,1638,0,"[0, 1]"
1095881,7555276,1999,0,"[0, 1]"
1095881,7555276,1551,0,"[0, 1]"
1095881,7555276,1141,0,"[0, 1]"
1095881,7555276,1528,0,"[0, 1]"
1095881,7555276,1481,0,"[0, 1]"
1095881,7555276,1223,0,"[0, 1]"
1095881,7555276,1131,0,"[0, 1]"
1095881,7555276,1720,0,"[0, 1]"
1095881,7555276,1702,0,"[0, 1]"
1095881,7555276,1781,0,"[0, 1]"
1095881,7555276,1510,0,"[0, 1]"
1095881,7555276,2003,0,"[0, 1]"
1095881,7555276,1298,0,"[0, 1]"
1095881,7555276,1904,0,"[0, 1]"
1095881,7555276,1096,0,"[0, 1]"
1095881,7555276,1038,0,"[0, 1]"
1095881,7555276,1666,0,"[0, 1]"
1095881,7555276,1425,0,"[0, 1]"
1095881,7555276,1392,0,"[0, 1]"
1095881,7555276,2346,0,"[0, 1]"
1095881,7555276,3146,0,"[0, 1]"
1095881,7555276,2635,0,"[0, 1]"
1095881,7555276,4014,0,"[0, 1]"
1095881,7555276,2514,0,"[0, 1]"
1095881,7555276,2351,0,"[0, 1]"
1095881,7555276,3412,0,"[0, 1]"
1095881,7555276,2998,0,"[0, 1]"
1095881,7555276,3628,0,"[0, 1]"
1095881,7555276,2817,0,"[0, 1]"
1095881,7555276,2865,0,"[0, 1]"
1095881,7555276,3311,0,"[0, 1]"
1095881,7555276,2121,0,"[0, 1]"
1095881,7555276,3965,0,"[0, 1]"
1095881,7555276,2331,0,"[0, 1]"
1095881,7555276,2363,0,"[0, 1]"
1095881,7555276,3630,0,"[0, 1]"
1095881,7555276,3725,0,"[0, 1]"
1095881,7555276,3064,0,"[0, 1]"
1095881,7555276,3494,0,"[0, 1]"
1095881,7555276,2716,0,"[0, 1]"
1095881,7555276,2203,0,"[0, 1]"
1095881,7555276,7158428,1,"[0, 1]"
1095881,7555276,7068203,1,"[0, 1]"
1095881,7555276,7567576,1,"[0, 1]"
1095881,7555276,6425089,1,"[0, 1]"
1095881,7555276,7667700,1,"[0, 1]"
1095881,7555276,7233145,1,"[0, 1]"
1095881,7555276,4231,0,"[0, 1]"
1095881,7555276,4747,0,"[0, 1]"
1095881,7555276,7627532,1,"[0, 1]"
1095881,7555276,4342,0,"[0, 1]"
1095881,7555276,7576526,1,"[0, 1]"
1095881,7555276,4403,0,"[0, 1]"
1095881,7555276,7198959,1,"[0, 1]"
1095881,7555276,4822,0,"[0, 1]"
1095881,7555276,4176,0,"[0, 1]"
1095881,7555276,7196268,1,"[0, 1]"
1095881,7555276,7408112,1,"[0, 1]"
1095881,7555276,7085473,1,"[0, 1]"
1095881,7555276,7576782,1,"[0, 1]"
1095881,7555276,7346324,1,"[0, 1]"
1095881,7555276,4768,0,"[0, 1]"
1095881,7555276,4944453,1,"[0, 1]"
1095881,7555276,7341084,1,"[0, 1]"
1095881,7555276,7210744,1,"[0, 1]"
151547,7555314,7555314,1,"[1, 0]"
151547,7555314,4546,0,"[1, 0]"
151547,7555314,3070,0,"[1, 0]"
151547,7555314,1534,0,"[1, 0]"
151547,7555314,766,0,"[1, 0]"
151547,7555314,382,0,"[1, 0]"
151547,7555314,190,0,"[1, 0]"
151547,7555314,94,0,"[1, 0]"
151547,7555314,46,0,"[1, 0]"
151547,7555314,22,0,"[1, 0]"
151547,7555314,10,0,"[1, 0]"
151547,7555314,4,0,"[1, 0]"
151547,7555314,1,0,"[1, 0]"
151547,7555314,0,0,"[1, 0]"
151547,7555314,1,0,"[0, 1]"
151547,7555314,2,0,"[0, 1]"
151547,7555314,6,0,"[0, 1]"
151547,7555314,4,0,"[0, 1]"
151547,7555314,5,0,"[0, 1]"
151547,7555314,3,0,"[0, 1]"
151547,7555314,14,0,"[0, 1]"
151547,7555314,13,0,"[0, 1]"
151547,7555314,10,0,"[0, 1]"
151547,7555314,12,0,"[0, 1]"
151547,7555314,7,0,"[0, 1]"
151547,7555314,9,0,"[0, 1]"
151547,7555314,24,0,"[0, 1]"
151547,7555314,26,0,"[0, 1]"
151547,7555314,27,0,"[0, 1]"
151547,7555314,28,0,"[0, 1]"
151547,7555314,25,0,"[0, 1]"
151547,7555314,23,0,"[0, 1]"
151547,7555314,21,0,"[0, 1]"
151547,7555314,15,0,"[0, 1]"
151547,7555314,31,0,"[0, 1]"
151547,7555314,35,0,"[0, 1]"
151547,7555314,50,0,"[0, 1]"
151547,7555314,44,0,"[0, 1]"
151547,7555314,33,0,"[0, 1]"
151547,7555314,38,0,"[0, 1]"
151547,7555314,60,0,"[0, 1]"
151547,7555314,32,0,"[0, 1]"
151547,7555314,62,0,"[0, 1]"
151547,7555314,61,0,"[0, 1]"
151547,7555314,103,0,"[0, 1]"
151547,7555314,71,0,"[0, 1]"
151547,7555314,80,0,"[0, 1]"
151547,7555314,88,0,"[0, 1]"
151547,7555314,122,0,"[0, 1]"
151547,7555314,98,0,"[0, 1]"
151547,7555314,67,0,"[0, 1]"
151547,7555314,110,0,"[0, 1]"
151547,7555314,104,0,"[0, 1]"
151547,7555314,105,0,"[0, 1]"
151547,7555314,73,0,"[0, 1]"
151547,7555314,90,0,"[0, 1]"
151547,7555314,187,0,"[0, 1]"
151547,7555314,155,0,"[0, 1]"
151547,7555314,167,0,"[0, 1]"
151547,7555314,163,0,"[0, 1]"
151547,7555314,156,0,"[0, 1]"
151547,7555314,206,0,"[0, 1]"
151547,7555314,143,0,"[0, 1]"
151547,7555314,161,0,"[0, 1]"
151547,7555314,141,0,"[0, 1]"
151547,7555314,250,0,"[0, 1]"
151547,7555314,203,0,"[0, 1]"
151547,7555314,154,0,"[0, 1]"
151547,7555314,152,0,"[0, 1]"
151547,7555314,204,0,"[0, 1]"
151547,7555314,359,0,"[0, 1]"
151547,7555314,320,0,"[0, 1]"
151547,7555314,329,0,"[0, 1]"
151547,7555314,479,0,"[0, 1]"
151547,7555314,258,0,"[0, 1]"
151547,7555314,267,0,"[0, 1]"
151547,7555314,499,0,"[0, 1]"
151547,7555314,271,0,"[0, 1]"
151547,7555314,436,0,"[0, 1]"
151547,7555314,311,0,"[0, 1]"
151547,7555314,337,0,"[0, 1]"
151547,7555314,260,0,"[0, 1]"
151547,7555314,273,0,"[0, 1]"
151547,7555314,486,0,"[0, 1]"
151547,7555314,331,0,"[0, 1]"
151547,7555314,325,0,"[0, 1]"
151547,7555314,998,0,"[0, 1]"
151547,7555314,712,0,"[0, 1]"
151547,7555314,861,0,"[0, 1]"
151547,7555314,820,0,"[0, 1]"
151547,7555314,540,0,"[0, 1]"
151547,7555314,563,0,"[0, 1]"
151547,7555314,598,0,"[0, 1]"
151547,7555314,749,0,"[0, 1]"
151547,7555314,942,0,"[0, 1]"
151547,7555314,975,0,"[0, 1]"
151547,7555314,674,0,"[0, 1]"
151547,7555314,876,0,"[0, 1]"
151547,7555314,930,0,"[0, 1]"
151547,7555314,865,0,"[0, 1]"
151547,7555314,741,0,"[0, 1]"
151547,7555314,645,0,"[0, 1]"
151547,7555314,755,0,"[0, 1]"
151547,7555314,556,0,"[0, 1]"
151547,7555314,1817,0,"[0, 1]"
151547,7555314,1754,0,"[0, 1]"
151547,7555314,1424,0,"[0, 1]"
151547,7555314,1767,0,"[0, 1]"
151547,7555314,1244,0,"[0, 1]"
151547,7555314,1308,0,"[0, 1]"
151547,7555314,1177,0,"[0, 1]"
151547,7555314,1732,0,"[0, 1]"
151547,7555314,1309,0,"[0, 1]"
151547,7555314,1907,0,"[0, 1]"
151547,7555314,1401,0,"[0, 1]"
151547,7555314,1833,0,"[0, 1]"
151547,7555314,1731,0,"[0, 1]"
151547,7555314,2025,0,"[0, 1]"
151547,7555314,1443,0,"[0, 1]"
151547,7555314,1130,0,"[0, 1]"
151547,7555314,1513,0,"[0, 1]"
151547,7555314,1490,0,"[0, 1]"
151547,7555314,1451,0,"[0, 1]"
151547,7555314,1896,0,"[0, 1]"
151547,7555314,3347,0,"[0, 1]"
151547,7555314,3449,0,"[0, 1]"
151547,7555314,3256,0,"[0, 1]"
151547,7555314,3416,0,"[0, 1]"
151547,7555314,3609,0,"[0, 1]"
151547,7555314,3473,0,"[0, 1]"
151547,7555314,3035,0,"[0, 1]"
151547,7555314,4065,0,"[0, 1]"
151547,7555314,3726,0,"[0, 1]"
151547,7555314,2350,0,"[0, 1]"
151547,7555314,2777,0,"[0, 1]"
151547,7555314,2636,0,"[0, 1]"
151547,7555314,3225,0,"[0, 1]"
151547,7555314,2112,0,"[0, 1]"
151547,7555314,3271,0,"[0, 1]"
151547,7555314,2863,0,"[0, 1]"
151547,7555314,2853,0,"[0, 1]"
151547,7555314,3428,0,"[0, 1]"
151547,7555314,3413,0,"[0, 1]"
151547,7555314,3709,0,"[0, 1]"
151547,7555314,2835,0,"[0, 1]"
151547,7555314,2396,0,"[0, 1]"
151547,7555314,7078250,1,"[0, 1]"
151547,7555314,2803186,1,"[0, 1]"
151547,7555314,4602,0,"[0, 1]"
151547,7555314,7627391,1,"[0, 1]"
151547,7555314,7106361,1,"[0, 1]"
151547,7555314,4564,0,"[0, 1]"
151547,7555314,7182080,1,"[0, 1]"
151547,7555314,7623307,1,"[0, 1]"
151547,7555314,7403079,1,"[0, 1]"
151547,7555314,7280067,1,"[0, 1]"
151547,7555314,4955,0,"[0, 1]"
151547,7555314,7072843,1,"[0, 1]"
151547,7555314,7091855,1,"[0, 1]"
151547,7555314,4131,0,"[0, 1]"
151547,7555314,7254297,1,"[0, 1]"
151547,7555314,4783,0,"[0, 1]"
151547,7555314,7143807,1,"[0, 1]"
151547,7555314,7389177,1,"[0, 1]"
151547,7555314,7188494,1,"[0, 1]"
151547,7555314,3099567,1,"[0, 1]"
151547,7555314,7115878,1,"[0, 1]"
151547,7555314,7568903,1,"[0, 1]"
151547,7555314,7232975,1,"[0, 1]"
151547,7555314,7649219,1,"[0, 1]"
151547,7555314,7323194,1,"[0, 1]"
151547,7555314,7273990,1,"[0, 1]"
151547,7555314,1537196,1,"[0, 1]"
151547,7555314,7514721,1,"[0, 1]"
151547,7555314,6269504,1,"[0, 1]"
151547,7555314,7486859,1,"[0, 1]"
151547,7555314,1643811,1,"[0, 1]"
151547,7555314,7407089,1,"[0, 1]"
151547,7555314,7243711,1,"[0, 1]"
151547,7555314,7212637,1,"[0, 1]"
151547,7555314,7355250,1,"[0, 1]"
151547,7555314,7227653,1,"[0, 1]"
151547,7555314,7174285,1,"[0, 1]"
151547,7555314,7183414,1,"[0, 1]"
151547,7555314,7403875,1,"[0, 1]"
151547,7555314,7544671,1,"[0, 1]"
151547,7555314,4294906,1,"[0, 1]"
151547,7555314,7132363,1,"[0, 1]"
151547,7555314,7432503,1,"[0, 1]"
151547,7555314,1735979,1,"[0, 1]"
151547,7555314,7105008,1,"[0, 1]"
151547,7555314,7114517,1,"[0, 1]"
151547,7555314,7261342,1,"[0, 1]"
151547,7555314,7176974,1,"[0, 1]"
151547,7555314,7433120,1,"[0, 1]"
151547,7555314,7688610,1,"[0, 1]"
638795,7555414,7555414,1,"[1, 0]"
638795,7555414,3145,0,"[1, 0]"
638795,7555414,1572,0,"[1, 0]"
638795,7555414,785,0,"[1, 0]"
638795,7555414,392,0,"[1, 0]"
638795,7555414,195,0,"[1, 0]"
638795,7555414,97,0,"[1, 0]"
638795,7555414,48,0,"[1, 0]"
638795,7555414,23,0,"[1, 0]"
638795,7555414,11,0,"[1, 0]"
638795,7555414,5,0,"[1, 0]"
638795,7555414,2,0,"[1, 0]"
638795,7555414,0,0,"[1, 0]"
638795,7555414,2,0,"[0, 1]"
638795,7555414,1,0,"[0, 1]"
638795,7555414,5,0,"[0, 1]"
638795,7555414,3,0,"[0, 1]"
638795,7555414,6,0,"[0, 1]"
638795,7555414,4,0,"[0, 1]"
638795,7555414,7,0,"[0, 1]"
638795,7555414,13,0,"[0, 1]"
638795,7555414,12,0,"[0, 1]"
638795,7555414,10,0,"[0, 1]"
638795,7555414,9,0,"[0, 1]"
638795,7555414,8,0,"[0, 1]"
638795,7555414,18,0,"[0, 1]"
638795,7555414,22,0,"[0, 1]"
638795,7555414,28,0,"[0, 1]"
638795,7555414,30,0,"[0, 1]"
638795,7555414,20,0,"[0, 1]"
638795,7555414,17,0,"[0, 1]"
638795,7555414,15,0,"[0, 1]"
638795,7555414,29,0,"[0, 1]"
638795,7555414,32,0,"[0, 1]"
638795,7555414,46,0,"[0, 1]"
638795,7555414,35,0,"[0, 1]"
638795,7555414,43,0,"[0, 1]"
638795,7555414,61,0,"[0, 1]"
638795,7555414,58,0,"[0, 1]"
638795,7555414,62,0,"[0, 1]"
638795,7555414,48,0,"[0, 1]"
638795,7555414,51,0,"[0, 1]"
638795,7555414,41,0,"[0, 1]"
638795,7555414,122,0,"[0, 1]"
638795,7555414,100,0,"[0, 1]"
638795,7555414,67,0,"[0, 1]"
638795,7555414,76,0,"[0, 1]"
638795,7555414,91,0,"[0, 1]"
638795,7555414,101,0,"[0, 1]"
638795,7555414,71,0,"[0, 1]"
638795,7555414,112,0,"[0, 1]"
638795,7555414,78,0,"[0, 1]"
638795,7555414,125,0,"[0, 1]"
638795,7555414,110,0,"[0, 1]"
638795,7555414,109,0,"[0, 1]"
638795,7555414,221,0,"[0, 1]"
638795,7555414,203,0,"[0, 1]"
638795,7555414,159,0,"[0, 1]"
638795,7555414,197,0,"[0, 1]"
638795,7555414,212,0,"[0, 1]"
638795,7555414,239,0,"[0, 1]"
638795,7555414,249,0,"[0, 1]"
638795,7555414,177,0,"[0, 1]"
638795,7555414,192,0,"[0, 1]"
638795,7555414,178,0,"[0, 1]"
638795,7555414,161,0,"[0, 1]"
638795,7555414,222,0,"[0, 1]"
638795,7555414,144,0,"[0, 1]"
638795,7555414,232,0,"[0, 1]"
638795,7555414,342,0,"[0, 1]"
638795,7555414,428,0,"[0, 1]"
638795,7555414,400,0,"[0, 1]"
638795,7555414,367,0,"[0, 1]"
638795,7555414,314,0,"[0, 1]"
638795,7555414,498,0,"[0, 1]"
638795,7555414,359,0,"[0, 1]"
638795,7555414,466,0,"[0, 1]"
638795,7555414,362,0,"[0, 1]"
638795,7555414,290,0,"[0, 1]"
638795,7555414,422,0,"[0, 1]"
638795,7555414,386,0,"[0, 1]"
638795,7555414,346,0,"[0, 1]"
638795,7555414,437,0,"[0, 1]"
638795,7555414,312,0,"[0, 1]"
638795,7555414,298,0,"[0, 1]"
638795,7555414,815,0,"[0, 1]"
638795,7555414,523,0,"[0, 1]"
638795,7555414,927,0,"[0, 1]"
638795,7555414,1022,0,"[0, 1]"
638795,7555414,571,0,"[0, 1]"
638795,7555414,685,0,"[0, 1]"
638795,7555414,819,0,"[0, 1]"
638795,7555414,767,0,"[0, 1]"
638795,7555414,703,0,"[0, 1]"
638795,7555414,545,0,"[0, 1]"
638795,7555414,876,0,"[0, 1]"
638795,7555414,761,0,"[0, 1]"
638795,7555414,597,0,"[0, 1]"
638795,7555414,525,0,"[0, 1]"
638795,7555414,608,0,"[0, 1]"
638795,7555414,826,0,"[0, 1]"
638795,7555414,792,0,"[0, 1]"
638795,7555414,840,0,"[0, 1]"
638795,7555414,2013,0,"[0, 1]"
638795,7555414,1420,0,"[0, 1]"
638795,7555414,1936,0,"[0, 1]"
638795,7555414,1931,0,"[0, 1]"
638795,7555414,1892,0,"[0, 1]"
638795,7555414,1110,0,"[0, 1]"
638795,7555414,1448,0,"[0, 1]"
638795,7555414,1388,0,"[0, 1]"
638795,7555414,1427,0,"[0, 1]"
638795,7555414,1541,0,"[0, 1]"
638795,7555414,1853,0,"[0, 1]"
638795,7555414,1846,0,"[0, 1]"
638795,7555414,2016,0,"[0, 1]"
638795,7555414,1689,0,"[0, 1]"
638795,7555414,1191,0,"[0, 1]"
638795,7555414,1290,0,"[0, 1]"
638795,7555414,1229,0,"[0, 1]"
638795,7555414,1303,0,"[0, 1]"
638795,7555414,1327,0,"[0, 1]"
638795,7555414,1694,0,"[0, 1]"
638795,7555414,2509,0,"[0, 1]"
638795,7555414,3484,0,"[0, 1]"
638795,7555414,2191,0,"[0, 1]"
638795,7555414,2849,0,"[0, 1]"
638795,7555414,3652,0,"[0, 1]"
638795,7555414,3463,0,"[0, 1]"
638795,7555414,3452,0,"[0, 1]"
638795,7555414,2355,0,"[0, 1]"
638795,7555414,3122,0,"[0, 1]"
638795,7555414,2805,0,"[0, 1]"
638795,7555414,4035,0,"[0, 1]"
638795,7555414,3585,0,"[0, 1]"
638795,7555414,2306,0,"[0, 1]"
638795,7555414,4085,0,"[0, 1]"
638795,7555414,3417,0,"[0, 1]"
638795,7555414,3406,0,"[0, 1]"
638795,7555414,2263,0,"[0, 1]"
638795,7555414,3785,0,"[0, 1]"
638795,7555414,2077,0,"[0, 1]"
638795,7555414,2605,0,"[0, 1]"
638795,7555414,2799,0,"[0, 1]"
638795,7555414,3237,0,"[0, 1]"
638795,7555414,7578859,1,"[0, 1]"
638795,7555414,7570218,1,"[0, 1]"
638795,7555414,7150489,1,"[0, 1]"
638795,7555414,7206018,1,"[0, 1]"
638795,7555414,7408152,1,"[0, 1]"
638795,7555414,7533400,1,"[0, 1]"
638795,7555414,7141911,1,"[0, 1]"
638795,7555414,7305955,1,"[0, 1]"
638795,7555414,1503954,1,"[0, 1]"
638795,7555414,7493757,1,"[0, 1]"
638795,7555414,7078051,1,"[0, 1]"
638795,7555414,7481432,1,"[0, 1]"
638795,7555414,70468,1,"[0, 1]"
638795,7555414,4366,0,"[0, 1]"
638795,7555414,7649503,1,"[0, 1]"
638795,7555414,4163,0,"[0, 1]"
638795,7555414,7128776,1,"[0, 1]"
638795,7555414,7349282,1,"[0, 1]"
638795,7555414,7197033,1,"[0, 1]"
638795,7555414,7376469,1,"[0, 1]"
638795,7555414,7425808,1,"[0, 1]"
638795,7555414,7196311,1,"[0, 1]"
638795,7555414,7348638,1,"[0, 1]"
638795,7555414,4135,0,"[0, 1]"
547089,7555467,7555467,1,"[1, 0]"
547089,7555467,2049,0,"[1, 0]"
547089,7555467,1024,0,"[1, 0]"
547089,7555467,511,0,"[1, 0]"
547089,7555467,255,0,"[1, 0]"
547089,7555467,127,0,"[1, 0]"
547089,7555467,63,0,"[1, 0]"
547089,7555467,31,0,"[1, 0]"
547089,7555467,15,0,"[1, 0]"
547089,7555467,7,0,"[1, 0]"
547089,7555467,3,0,"[1, 0]"
547089,7555467,1,0,"[1, 0]"
547089,7555467,0,0,"[1, 0]"
547089,7555467,1,0,"[0, 1]"
547089,7555467,2,0,"[0, 1]"
547089,7555467,3,0,"[0, 1]"
547089,7555467,4,0,"[0, 1]"
547089,7555467,5,0,"[0, 1]"
547089,7555467,6,0,"[0, 1]"
547089,7555467,7,0,"[0, 1]"
547089,7555467,9,0,"[0, 1]"
547089,7555467,12,0,"[0, 1]"
547089,7555467,13,0,"[0, 1]"
547089,7555467,10,0,"[0, 1]"
547089,7555467,11,0,"[0, 1]"
547089,7555467,25,0,"[0, 1]"
547089,7555467,21,0,"[0, 1]"
547089,7555467,24,0,"[0, 1]"
547089,7555467,18,0,"[0, 1]"
547089,7555467,26,0,"[0, 1]"
547089,7555467,28,0,"[0, 1]"
547089,7555467,19,0,"[0, 1]"
547089,7555467,23,0,"[0, 1]"
547089,7555467,51,0,"[0, 1]"
547089,7555467,50,0,"[0, 1]"
547089,7555467,58,0,"[0, 1]"
547089,7555467,45,0,"[0, 1]"
547089,7555467,33,0,"[0, 1]"
547089,7555467,62,0,"[0, 1]"
547089,7555467,39,0,"[0, 1]"
547089,7555467,57,0,"[0, 1]"
547089,7555467,55,0,"[0, 1]"
547089,7555467,59,0,"[0, 1]"
547089,7555467,118,0,"[0, 1]"
547089,7555467,101,0,"[0, 1]"
547089,7555467,87,0,"[0, 1]"
547089,7555467,112,0,"[0, 1]"
547089,7555467,80,0,"[0, 1]"
547089,7555467,64,0,"[0, 1]"
547089,7555467,83,0,"[0, 1]"
547089,7555467,88,0,"[0, 1]"
547089,7555467,92,0,"[0, 1]"
547089,7555467,111,0,"[0, 1]"
547089,7555467,91,0,"[0, 1]"
547089,7555467,75,0,"[0, 1]"
547089,7555467,190,0,"[0, 1]"
547089,7555467,239,0,"[0, 1]"
547089,7555467,222,0,"[0, 1]"
547089,7555467,160,0,"[0, 1]"
547089,7555467,143,0,"[0, 1]"
547089,7555467,148,0,"[0, 1]"
547089,7555467,227,0,"[0, 1]"
547089,7555467,240,0,"[0, 1]"
547089,7555467,158,0,"[0, 1]"
547089,7555467,170,0,"[0, 1]"
547089,7555467,199,0,"[0, 1]"
547089,7555467,162,0,"[0, 1]"
547089,7555467,238,0,"[0, 1]"
547089,7555467,209,0,"[0, 1]"
547089,7555467,258,0,"[0, 1]"
547089,7555467,262,0,"[0, 1]"
547089,7555467,364,0,"[0, 1]"
547089,7555467,349,0,"[0, 1]"
547089,7555467,255,0,"[0, 1]"
547089,7555467,315,0,"[0, 1]"
547089,7555467,502,0,"[0, 1]"
547089,7555467,447,0,"[0, 1]"
547089,7555467,372,0,"[0, 1]"
547089,7555467,359,0,"[0, 1]"
547089,7555467,460,0,"[0, 1]"
547089,7555467,274,0,"[0, 1]"
547089,7555467,384,0,"[0, 1]"
547089,7555467,397,0,"[0, 1]"
547089,7555467,293,0,"[0, 1]"
547089,7555467,461,0,"[0, 1]"
547089,7555467,761,0,"[0, 1]"
547089,7555467,1008,0,"[0, 1]"
547089,7555467,583,0,"[0, 1]"
547089,7555467,642,0,"[0, 1]"
547089,7555467,751,0,"[0, 1]"
547089,7555467,783,0,"[0, 1]"
547089,7555467,649,0,"[0, 1]"
547089,7555467,964,0,"[0, 1]"
547089,7555467,758,0,"[0, 1]"
547089,7555467,742,0,"[0, 1]"
547089,7555467,829,0,"[0, 1]"
547089,7555467,957,0,"[0, 1]"
547089,7555467,947,0,"[0, 1]"
547089,7555467,579,0,"[0, 1]"
547089,7555467,570,0,"[0, 1]"
547089,7555467,691,0,"[0, 1]"
547089,7555467,718,0,"[0, 1]"
547089,7555467,613,0,"[0, 1]"
547089,7555467,1043,0,"[0, 1]"
547089,7555467,1379,0,"[0, 1]"
547089,7555467,1524,0,"[0, 1]"
547089,7555467,1346,0,"[0, 1]"
547089,7555467,1503,0,"[0, 1]"
547089,7555467,1411,0,"[0, 1]"
547089,7555467,1512,0,"[0, 1]"
547089,7555467,1523,0,"[0, 1]"
547089,7555467,1670,0,"[0, 1]"
547089,7555467,1941,0,"[0, 1]"
547089,7555467,1420,0,"[0, 1]"
547089,7555467,1094,0,"[0, 1]"
547089,7555467,1134,0,"[0, 1]"
547089,7555467,1715,0,"[0, 1]"
547089,7555467,1800,0,"[0, 1]"
547089,7555467,1423,0,"[0, 1]"
547089,7555467,1496,0,"[0, 1]"
547089,7555467,1147,0,"[0, 1]"
547089,7555467,1123,0,"[0, 1]"
547089,7555467,1671,0,"[0, 1]"
547089,7555467,3922,0,"[0, 1]"
547089,7555467,3463,0,"[0, 1]"
547089,7555467,2642,0,"[0, 1]"
547089,7555467,2424,0,"[0, 1]"
547089,7555467,2698,0,"[0, 1]"
547089,7555467,2399,0,"[0, 1]"
547089,7555467,2702,0,"[0, 1]"
547089,7555467,2934,0,"[0, 1]"
547089,7555467,3067,0,"[0, 1]"
547089,7555467,3530,0,"[0, 1]"
547089,7555467,3588,0,"[0, 1]"
547089,7555467,3930,0,"[0, 1]"
547089,7555467,3039,0,"[0, 1]"
547089,7555467,2891,0,"[0, 1]"
547089,7555467,2792,0,"[0, 1]"
547089,7555467,2216,0,"[0, 1]"
547089,7555467,3002,0,"[0, 1]"
547089,7555467,2545,0,"[0, 1]"
547089,7555467,3190,0,"[0, 1]"
547089,7555467,3857,0,"[0, 1]"
547089,7555467,2237,0,"[0, 1]"
547089,7555467,3405,0,"[0, 1]"
547089,7555467,7498688,1,"[0, 1]"
547089,7555467,7075801,1,"[0, 1]"
547089,7555467,7160260,1,"[0, 1]"
547089,7555467,7293395,1,"[0, 1]"
547089,7555467,7127220,1,"[0, 1]"
547089,7555467,7676222,1,"[0, 1]"
547089,7555467,1916842,1,"[0, 1]"
547089,7555467,73759,1,"[0, 1]"
547089,7555467,7391225,1,"[0, 1]"
547089,7555467,7257383,1,"[0, 1]"
547089,7555467,4212045,1,"[0, 1]"
547089,7555467,7563026,1,"[0, 1]"
547089,7555467,7235182,1,"[0, 1]"
547089,7555467,4632,0,"[0, 1]"
547089,7555467,4435,0,"[0, 1]"
547089,7555467,4734,0,"[0, 1]"
547089,7555467,7656661,1,"[0, 1]"
547089,7555467,7493757,1,"[0, 1]"
547089,7555467,4376,0,"[0, 1]"
547089,7555467,3192747,1,"[0, 1]"
547089,7555467,7254297,1,"[0, 1]"
547089,7555467,7220310,1,"[0, 1]"
547089,7555467,7551487,1,"[0, 1]"
547089,7555467,7144159,1,"[0, 1]"
192502,7165319,7165319,1,"[1, 0]"
192502,7165319,3908,0,"[1, 0]"
192502,7165319,1953,0,"[1, 0]"
192502,7165319,976,0,"[1, 0]"
192502,7165319,487,0,"[1, 0]"
192502,7165319,243,0,"[1, 0]"
192502,7165319,121,0,"[1, 0]"
192502,7165319,60,0,"[1, 0]"
192502,7165319,29,0,"[1, 0]"
192502,7165319,14,0,"[1, 0]"
192502,7165319,6,0,"[1, 0]"
192502,7165319,2,0,"[1, 0]"
192502,7165319,0,0,"[1, 0]"
192502,7165319,2,0,"[0, 1]"
192502,7165319,1,0,"[0, 1]"
192502,7165319,6,0,"[0, 1]"
192502,7165319,5,0,"[0, 1]"
192502,7165319,4,0,"[0, 1]"
192502,7165319,3,0,"[0, 1]"
192502,7165319,13,0,"[0, 1]"
192502,7165319,10,0,"[0, 1]"
192502,7165319,14,0,"[0, 1]"
192502,7165319,9,0,"[0, 1]"
192502,7165319,12,0,"[0, 1]"
192502,7165319,11,0,"[0, 1]"
192502,7165319,22,0,"[0, 1]"
192502,7165319,15,0,"[0, 1]"
192502,7165319,26,0,"[0, 1]"
192502,7165319,25,0,"[0, 1]"
192502,7165319,16,0,"[0, 1]"
192502,7165319,29,0,"[0, 1]"
192502,7165319,19,0,"[0, 1]"
192502,7165319,20,0,"[0, 1]"
192502,7165319,38,0,"[0, 1]"
192502,7165319,54,0,"[0, 1]"
192502,7165319,40,0,"[0, 1]"
192502,7165319,47,0,"[0, 1]"
192502,7165319,35,0,"[0, 1]"
192502,7165319,53,0,"[0, 1]"
192502,7165319,42,0,"[0, 1]"
192502,7165319,50,0,"[0, 1]"
192502,7165319,45,0,"[0, 1]"
192502,7165319,34,0,"[0, 1]"
192502,7165319,115,0,"[0, 1]"
192502,7165319,97,0,"[0, 1]"
192502,7165319,72,0,"[0, 1]"
192502,7165319,100,0,"[0, 1]"
192502,7165319,93,0,"[0, 1]"
192502,7165319,122,0,"[0, 1]"
192502,7165319,112,0,"[0, 1]"
192502,7165319,74,0,"[0, 1]"
192502,7165319,68,0,"[0, 1]"
192502,7165319,118,0,"[0, 1]"
192502,7165319,103,0,"[0, 1]"
192502,7165319,75,0,"[0, 1]"
192502,7165319,189,0,"[0, 1]"
192502,7165319,137,0,"[0, 1]"
192502,7165319,197,0,"[0, 1]"
192502,7165319,246,0,"[0, 1]"
192502,7165319,200,0,"[0, 1]"
192502,7165319,128,0,"[0, 1]"
192502,7165319,205,0,"[0, 1]"
192502,7165319,208,0,"[0, 1]"
192502,7165319,212,0,"[0, 1]"
192502,7165319,247,0,"[0, 1]"
192502,7165319,220,0,"[0, 1]"
192502,7165319,154,0,"[0, 1]"
192502,7165319,242,0,"[0, 1]"
192502,7165319,186,0,"[0, 1]"
192502,7165319,302,0,"[0, 1]"
192502,7165319,263,0,"[0, 1]"
192502,7165319,367,0,"[0, 1]"
192502,7165319,462,0,"[0, 1]"
192502,7165319,381,0,"[0, 1]"
192502,7165319,264,0,"[0, 1]"
192502,7165319,358,0,"[0, 1]"
192502,7165319,426,0,"[0, 1]"
192502,7165319,446,0,"[0, 1]"
192502,7165319,325,0,"[0, 1]"
192502,7165319,353,0,"[0, 1]"
192502,7165319,420,0,"[0, 1]"
192502,7165319,469,0,"[0, 1]"
192502,7165319,335,0,"[0, 1]"
192502,7165319,433,0,"[0, 1]"
192502,7165319,440,0,"[0, 1]"
192502,7165319,930,0,"[0, 1]"
192502,7165319,655,0,"[0, 1]"
192502,7165319,928,0,"[0, 1]"
192502,7165319,953,0,"[0, 1]"
192502,7165319,511,0,"[0, 1]"
192502,7165319,768,0,"[0, 1]"
192502,7165319,636,0,"[0, 1]"
192502,7165319,736,0,"[0, 1]"
192502,7165319,703,0,"[0, 1]"
192502,7165319,965,0,"[0, 1]"
192502,7165319,970,0,"[0, 1]"
192502,7165319,775,0,"[0, 1]"
192502,7165319,957,0,"[0, 1]"
192502,7165319,706,0,"[0, 1]"
192502,7165319,990,0,"[0, 1]"
192502,7165319,671,0,"[0, 1]"
192502,7165319,885,0,"[0, 1]"
192502,7165319,915,0,"[0, 1]"
192502,7165319,1879,0,"[0, 1]"
192502,7165319,1681,0,"[0, 1]"
192502,7165319,1866,0,"[0, 1]"
192502,7165319,1206,0,"[0, 1]"
192502,7165319,1596,0,"[0, 1]"
192502,7165319,1841,0,"[0, 1]"
192502,7165319,1279,0,"[0, 1]"
192502,7165319,1066,0,"[0, 1]"
192502,7165319,1853,0,"[0, 1]"
192502,7165319,1428,0,"[0, 1]"
192502,7165319,1487,0,"[0, 1]"
192502,7165319,1258,0,"[0, 1]"
192502,7165319,1094,0,"[0, 1]"
192502,7165319,1165,0,"[0, 1]"
192502,7165319,1884,0,"[0, 1]"
192502,7165319,1639,0,"[0, 1]"
192502,7165319,1739,0,"[0, 1]"
192502,7165319,1055,0,"[0, 1]"
192502,7165319,1730,0,"[0, 1]"
192502,7165319,1945,0,"[0, 1]"
192502,7165319,3576,0,"[0, 1]"
192502,7165319,2275,0,"[0, 1]"
192502,7165319,3930,0,"[0, 1]"
192502,7165319,2077,0,"[0, 1]"
192502,7165319,2051,0,"[0, 1]"
192502,7165319,2710,0,"[0, 1]"
192502,7165319,3354,0,"[0, 1]"
192502,7165319,2520,0,"[0, 1]"
192502,7165319,2820,0,"[0, 1]"
192502,7165319,3591,0,"[0, 1]"
192502,7165319,2946,0,"[0, 1]"
192502,7165319,2218,0,"[0, 1]"
192502,7165319,3778,0,"[0, 1]"
192502,7165319,3577,0,"[0, 1]"
192502,7165319,3714,0,"[0, 1]"
192502,7165319,3283,0,"[0, 1]"
192502,7165319,2898,0,"[0, 1]"
192502,7165319,3475,0,"[0, 1]"
192502,7165319,3621,0,"[0, 1]"
192502,7165319,2886,0,"[0, 1]"
192502,7165319,2568,0,"[0, 1]"
192502,7165319,3344,0,"[0, 1]"
192502,7165319,4768,0,"[0, 1]"
192502,7165319,4487,0,"[0, 1]"
192502,7165319,4485,0,"[0, 1]"
192502,7165319,7110552,1,"[0, 1]"
192502,7165319,7280757,1,"[0, 1]"
192502,7165319,7625523,1,"[0, 1]"
192502,7165319,7140890,1,"[0, 1]"
192502,7165319,4654,0,"[0, 1]"
192502,7165319,7295448,1,"[0, 1]"
192502,7165319,4537,0,"[0, 1]"
192502,7165319,7460931,1,"[0, 1]"
192502,7165319,7074071,1,"[0, 1]"
192502,7165319,7537924,1,"[0, 1]"
192502,7165319,4811,0,"[0, 1]"
192502,7165319,7492039,1,"[0, 1]"
192502,7165319,4324,0,"[0, 1]"
192502,7165319,7260196,1,"[0, 1]"
192502,7165319,4197,0,"[0, 1]"
192502,7165319,112313,1,"[0, 1]"
192502,7165319,7533400,1,"[0, 1]"
192502,7165319,4215483,1,"[0, 1]"
192502,7165319,4271,0,"[0, 1]"
192502,7165319,7241147,1,"[0, 1]"
192502,7165319,7085111,1,"[0, 1]"
183880,7555625,7555625,1,"[1, 0]"
183880,7555625,3412,0,"[1, 0]"
183880,7555625,1705,0,"[1, 0]"
183880,7555625,852,0,"[1, 0]"
183880,7555625,425,0,"[1, 0]"
183880,7555625,212,0,"[1, 0]"
183880,7555625,105,0,"[1, 0]"
183880,7555625,52,0,"[1, 0]"
183880,7555625,25,0,"[1, 0]"
183880,7555625,12,0,"[1, 0]"
183880,7555625,5,0,"[1, 0]"
183880,7555625,2,0,"[1, 0]"
183880,7555625,0,0,"[1, 0]"
183880,7555625,2,0,"[0, 1]"
183880,7555625,1,0,"[0, 1]"
183880,7555625,4,0,"[0, 1]"
183880,7555625,6,0,"[0, 1]"
183880,7555625,5,0,"[0, 1]"
183880,7555625,3,0,"[0, 1]"
183880,7555625,9,0,"[0, 1]"
183880,7555625,12,0,"[0, 1]"
183880,7555625,13,0,"[0, 1]"
183880,7555625,10,0,"[0, 1]"
183880,7555625,7,0,"[0, 1]"
183880,7555625,8,0,"[0, 1]"
183880,7555625,16,0,"[0, 1]"
183880,7555625,18,0,"[0, 1]"
183880,7555625,21,0,"[0, 1]"
183880,7555625,22,0,"[0, 1]"
183880,7555625,29,0,"[0, 1]"
183880,7555625,28,0,"[0, 1]"
183880,7555625,20,0,"[0, 1]"
183880,7555625,24,0,"[0, 1]"
183880,7555625,35,0,"[0, 1]"
183880,7555625,52,0,"[0, 1]"
183880,7555625,33,0,"[0, 1]"
183880,7555625,37,0,"[0, 1]"
183880,7555625,38,0,"[0, 1]"
183880,7555625,39,0,"[0, 1]"
183880,7555625,34,0,"[0, 1]"
183880,7555625,46,0,"[0, 1]"
183880,7555625,49,0,"[0, 1]"
183880,7555625,45,0,"[0, 1]"
183880,7555625,97,0,"[0, 1]"
183880,7555625,92,0,"[0, 1]"
183880,7555625,69,0,"[0, 1]"
183880,7555625,95,0,"[0, 1]"
183880,7555625,122,0,"[0, 1]"
183880,7555625,76,0,"[0, 1]"
183880,7555625,90,0,"[0, 1]"
183880,7555625,91,0,"[0, 1]"
183880,7555625,89,0,"[0, 1]"
183880,7555625,63,0,"[0, 1]"
183880,7555625,64,0,"[0, 1]"
183880,7555625,93,0,"[0, 1]"
183880,7555625,129,0,"[0, 1]"
183880,7555625,244,0,"[0, 1]"
183880,7555625,241,0,"[0, 1]"
183880,7555625,133,0,"[0, 1]"
183880,7555625,198,0,"[0, 1]"
183880,7555625,160,0,"[0, 1]"
183880,7555625,188,0,"[0, 1]"
183880,7555625,127,0,"[0, 1]"
183880,7555625,131,0,"[0, 1]"
183880,7555625,248,0,"[0, 1]"
183880,7555625,158,0,"[0, 1]"
183880,7555625,161,0,"[0, 1]"
183880,7555625,227,0,"[0, 1]"
183880,7555625,130,0,"[0, 1]"
183880,7555625,467,0,"[0, 1]"
183880,7555625,304,0,"[0, 1]"
183880,7555625,281,0,"[0, 1]"
183880,7555625,353,0,"[0, 1]"
183880,7555625,455,0,"[0, 1]"
183880,7555625,482,0,"[0, 1]"
183880,7555625,386,0,"[0, 1]"
183880,7555625,448,0,"[0, 1]"
183880,7555625,407,0,"[0, 1]"
183880,7555625,259,0,"[0, 1]"
183880,7555625,278,0,"[0, 1]"
183880,7555625,266,0,"[0, 1]"
183880,7555625,263,0,"[0, 1]"
183880,7555625,508,0,"[0, 1]"
183880,7555625,379,0,"[0, 1]"
183880,7555625,507,0,"[0, 1]"
183880,7555625,948,0,"[0, 1]"
183880,7555625,949,0,"[0, 1]"
183880,7555625,1009,0,"[0, 1]"
183880,7555625,628,0,"[0, 1]"
183880,7555625,979,0,"[0, 1]"
183880,7555625,993,0,"[0, 1]"
183880,7555625,759,0,"[0, 1]"
183880,7555625,512,0,"[0, 1]"
183880,7555625,930,0,"[0, 1]"
183880,7555625,995,0,"[0, 1]"
183880,7555625,586,0,"[0, 1]"
183880,7555625,607,0,"[0, 1]"
183880,7555625,906,0,"[0, 1]"
183880,7555625,803,0,"[0, 1]"
183880,7555625,981,0,"[0, 1]"
183880,7555625,897,0,"[0, 1]"
183880,7555625,717,0,"[0, 1]"
183880,7555625,876,0,"[0, 1]"
183880,7555625,1345,0,"[0, 1]"
183880,7555625,1334,0,"[0, 1]"
183880,7555625,1798,0,"[0, 1]"
183880,7555625,1371,0,"[0, 1]"
183880,7555625,1797,0,"[0, 1]"
183880,7555625,1850,0,"[0, 1]"
183880,7555625,1235,0,"[0, 1]"
183880,7555625,1702,0,"[0, 1]"
183880,7555625,1183,0,"[0, 1]"
183880,7555625,1513,0,"[0, 1]"
183880,7555625,1776,0,"[0, 1]"
183880,7555625,1687,0,"[0, 1]"
183880,7555625,1500,0,"[0, 1]"
183880,7555625,1997,0,"[0, 1]"
183880,7555625,1480,0,"[0, 1]"
183880,7555625,1775,0,"[0, 1]"
183880,7555625,1433,0,"[0, 1]"
183880,7555625,1335,0,"[0, 1]"
183880,7555625,1759,0,"[0, 1]"
183880,7555625,1870,0,"[0, 1]"
183880,7555625,2358,0,"[0, 1]"
183880,7555625,2794,0,"[0, 1]"
183880,7555625,3249,0,"[0, 1]"
183880,7555625,2589,0,"[0, 1]"
183880,7555625,2066,0,"[0, 1]"
183880,7555625,2378,0,"[0, 1]"
183880,7555625,3425,0,"[0, 1]"
183880,7555625,3872,0,"[0, 1]"
183880,7555625,2183,0,"[0, 1]"
183880,7555625,4009,0,"[0, 1]"
183880,7555625,3999,0,"[0, 1]"
183880,7555625,3449,0,"[0, 1]"
183880,7555625,3934,0,"[0, 1]"
183880,7555625,2184,0,"[0, 1]"
183880,7555625,2959,0,"[0, 1]"
183880,7555625,2922,0,"[0, 1]"
183880,7555625,3291,0,"[0, 1]"
183880,7555625,2465,0,"[0, 1]"
183880,7555625,3515,0,"[0, 1]"
183880,7555625,2282,0,"[0, 1]"
183880,7555625,3584,0,"[0, 1]"
183880,7555625,2505,0,"[0, 1]"
183880,7555625,7242338,1,"[0, 1]"
183880,7555625,7207005,1,"[0, 1]"
183880,7555625,7681690,1,"[0, 1]"
183880,7555625,7645681,1,"[0, 1]"
183880,7555625,7289144,1,"[0, 1]"
183880,7555625,7632216,1,"[0, 1]"
183880,7555625,1207273,1,"[0, 1]"
183880,7555625,7455864,1,"[0, 1]"
183880,7555625,7368239,1,"[0, 1]"
183880,7555625,7572293,1,"[0, 1]"
183880,7555625,7429501,1,"[0, 1]"
183880,7555625,7275848,1,"[0, 1]"
183880,7555625,7471828,1,"[0, 1]"
183880,7555625,7677906,1,"[0, 1]"
183880,7555625,4630,0,"[0, 1]"
183880,7555625,7514865,1,"[0, 1]"
183880,7555625,4193,0,"[0, 1]"
183880,7555625,4310356,1,"[0, 1]"
183880,7555625,7251254,1,"[0, 1]"
183880,7555625,4805,0,"[0, 1]"
183880,7555625,7521010,1,"[0, 1]"
183880,7555625,4201,0,"[0, 1]"
183880,7555625,7453182,1,"[0, 1]"
183880,7555625,7270726,1,"[0, 1]"
537706,7555704,7555704,1,"[1, 0]"
537706,7555704,3622,0,"[1, 0]"
537706,7555704,1810,0,"[1, 0]"
537706,7555704,904,0,"[1, 0]"
537706,7555704,451,0,"[1, 0]"
537706,7555704,225,0,"[1, 0]"
537706,7555704,112,0,"[1, 0]"
537706,7555704,55,0,"[1, 0]"
537706,7555704,27,0,"[1, 0]"
537706,7555704,13,0,"[1, 0]"
537706,7555704,6,0,"[1, 0]"
537706,7555704,2,0,"[1, 0]"
537706,7555704,0,0,"[1, 0]"
537706,7555704,1,0,"[0, 1]"
537706,7555704,2,0,"[0, 1]"
537706,7555704,4,0,"[0, 1]"
537706,7555704,5,0,"[0, 1]"
537706,7555704,3,0,"[0, 1]"
537706,7555704,6,0,"[0, 1]"
537706,7555704,9,0,"[0, 1]"
537706,7555704,14,0,"[0, 1]"
537706,7555704,8,0,"[0, 1]"
537706,7555704,10,0,"[0, 1]"
537706,7555704,12,0,"[0, 1]"
537706,7555704,13,0,"[0, 1]"
537706,7555704,21,0,"[0, 1]"
537706,7555704,19,0,"[0, 1]"
537706,7555704,28,0,"[0, 1]"
537706,7555704,27,0,"[0, 1]"
537706,7555704,23,0,"[0, 1]"
537706,7555704,26,0,"[0, 1]"
537706,7555704,15,0,"[0, 1]"
537706,7555704,22,0,"[0, 1]"
537706,7555704,52,0,"[0, 1]"
537706,7555704,38,0,"[0, 1]"
537706,7555704,41,0,"[0, 1]"
537706,7555704,62,0,"[0, 1]"
537706,7555704,42,0,"[0, 1]"
537706,7555704,39,0,"[0, 1]"
537706,7555704,56,0,"[0, 1]"
537706,7555704,55,0,"[0, 1]"
537706,7555704,58,0,"[0, 1]"
537706,7555704,57,0,"[0, 1]"
537706,7555704,90,0,"[0, 1]"
537706,7555704,87,0,"[0, 1]"
537706,7555704,72,0,"[0, 1]"
537706,7555704,93,0,"[0, 1]"
537706,7555704,94,0,"[0, 1]"
537706,7555704,77,0,"[0, 1]"
537706,7555704,70,0,"[0, 1]"
537706,7555704,120,0,"[0, 1]"
537706,7555704,67,0,"[0, 1]"
537706,7555704,122,0,"[0, 1]"
537706,7555704,105,0,"[0, 1]"
537706,7555704,63,0,"[0, 1]"
537706,7555704,171,0,"[0, 1]"
537706,7555704,219,0,"[0, 1]"
537706,7555704,208,0,"[0, 1]"
537706,7555704,160,0,"[0, 1]"
537706,7555704,166,0,"[0, 1]"
537706,7555704,192,0,"[0, 1]"
537706,7555704,182,0,"[0, 1]"
537706,7555704,216,0,"[0, 1]"
537706,7555704,228,0,"[0, 1]"
537706,7555704,180,0,"[0, 1]"
537706,7555704,193,0,"[0, 1]"
537706,7555704,136,0,"[0, 1]"
537706,7555704,134,0,"[0, 1]"
537706,7555704,178,0,"[0, 1]"
537706,7555704,334,0,"[0, 1]"
537706,7555704,449,0,"[0, 1]"
537706,7555704,324,0,"[0, 1]"
537706,7555704,263,0,"[0, 1]"
537706,7555704,430,0,"[0, 1]"
537706,7555704,344,0,"[0, 1]"
537706,7555704,463,0,"[0, 1]"
537706,7555704,315,0,"[0, 1]"
537706,7555704,401,0,"[0, 1]"
537706,7555704,256,0,"[0, 1]"
537706,7555704,261,0,"[0, 1]"
537706,7555704,498,0,"[0, 1]"
537706,7555704,291,0,"[0, 1]"
537706,7555704,384,0,"[0, 1]"
537706,7555704,278,0,"[0, 1]"
537706,7555704,362,0,"[0, 1]"
537706,7555704,551,0,"[0, 1]"
537706,7555704,845,0,"[0, 1]"
537706,7555704,811,0,"[0, 1]"
537706,7555704,790,0,"[0, 1]"
537706,7555704,698,0,"[0, 1]"
537706,7555704,921,0,"[0, 1]"
537706,7555704,675,0,"[0, 1]"
537706,7555704,981,0,"[0, 1]"
537706,7555704,909,0,"[0, 1]"
537706,7555704,716,0,"[0, 1]"
537706,7555704,894,0,"[0, 1]"
537706,7555704,940,0,"[0, 1]"
537706,7555704,581,0,"[0, 1]"
537706,7555704,928,0,"[0, 1]"
537706,7555704,737,0,"[0, 1]"
537706,7555704,808,0,"[0, 1]"
537706,7555704,824,0,"[0, 1]"
537706,7555704,1006,0,"[0, 1]"
537706,7555704,1181,0,"[0, 1]"
537706,7555704,1243,0,"[0, 1]"
537706,7555704,1635,0,"[0, 1]"
537706,7555704,1554,0,"[0, 1]"
537706,7555704,1380,0,"[0, 1]"
537706,7555704,1584,0,"[0, 1]"
537706,7555704,1414,0,"[0, 1]"
537706,7555704,1539,0,"[0, 1]"
537706,7555704,1358,0,"[0, 1]"
537706,7555704,1089,0,"[0, 1]"
537706,7555704,1735,0,"[0, 1]"
537706,7555704,1773,0,"[0, 1]"
537706,7555704,1410,0,"[0, 1]"
537706,7555704,1244,0,"[0, 1]"
537706,7555704,1222,0,"[0, 1]"
537706,7555704,1492,0,"[0, 1]"
537706,7555704,1830,0,"[0, 1]"
537706,7555704,1569,0,"[0, 1]"
537706,7555704,1063,0,"[0, 1]"
537706,7555704,1390,0,"[0, 1]"
537706,7555704,3526,0,"[0, 1]"
537706,7555704,3067,0,"[0, 1]"
537706,7555704,3601,0,"[0, 1]"
537706,7555704,2735,0,"[0, 1]"
537706,7555704,2627,0,"[0, 1]"
537706,7555704,2746,0,"[0, 1]"
537706,7555704,2726,0,"[0, 1]"
537706,7555704,2833,0,"[0, 1]"
537706,7555704,2813,0,"[0, 1]"
537706,7555704,2091,0,"[0, 1]"
537706,7555704,2578,0,"[0, 1]"
537706,7555704,2585,0,"[0, 1]"
537706,7555704,2175,0,"[0, 1]"
537706,7555704,3961,0,"[0, 1]"
537706,7555704,4041,0,"[0, 1]"
537706,7555704,3809,0,"[0, 1]"
537706,7555704,2118,0,"[0, 1]"
537706,7555704,4057,0,"[0, 1]"
537706,7555704,2110,0,"[0, 1]"
537706,7555704,2364,0,"[0, 1]"
537706,7555704,2212,0,"[0, 1]"
537706,7555704,3278,0,"[0, 1]"
537706,7555704,7450500,1,"[0, 1]"
537706,7555704,110805,1,"[0, 1]"
537706,7555704,7137810,1,"[0, 1]"
537706,7555704,7253369,1,"[0, 1]"
537706,7555704,7247196,1,"[0, 1]"
537706,7555704,7275955,1,"[0, 1]"
537706,7555704,4289,0,"[0, 1]"
537706,7555704,7659125,1,"[0, 1]"
537706,7555704,7326875,1,"[0, 1]"
537706,7555704,4671299,1,"[0, 1]"
537706,7555704,7201271,1,"[0, 1]"
537706,7555704,4171,0,"[0, 1]"
537706,7555704,7214632,1,"[0, 1]"
537706,7555704,4671,0,"[0, 1]"
537706,7555704,7085194,1,"[0, 1]"
537706,7555704,7405041,1,"[0, 1]"
537706,7555704,4185,0,"[0, 1]"
537706,7555704,7426576,1,"[0, 1]"
537706,7555704,7500732,1,"[0, 1]"
537706,7555704,7514853,1,"[0, 1]"
537706,7555704,2297633,1,"[0, 1]"
537706,7555704,7159381,1,"[0, 1]"
537706,7555704,7162983,1,"[0, 1]"
537706,7555704,7657978,1,"[0, 1]"
1095876,7555802,7555802,1,"[1, 0]"
1095876,7555802,2817,0,"[1, 0]"
1095876,7555802,1408,0,"[1, 0]"
1095876,7555802,703,0,"[1, 0]"
1095876,7555802,351,0,"[1, 0]"
1095876,7555802,175,0,"[1, 0]"
1095876,7555802,87,0,"[1, 0]"
1095876,7555802,43,0,"[1, 0]"
1095876,7555802,21,0,"[1, 0]"
1095876,7555802,10,0,"[1, 0]"
1095876,7555802,4,0,"[1, 0]"
1095876,7555802,1,0,"[1, 0]"
1095876,7555802,0,0,"[1, 0]"
1095876,7555802,2,0,"[0, 1]"
1095876,7555802,1,0,"[0, 1]"
1095876,7555802,6,0,"[0, 1]"
1095876,7555802,4,0,"[0, 1]"
1095876,7555802,3,0,"[0, 1]"
1095876,7555802,5,0,"[0, 1]"
1095876,7555802,8,0,"[0, 1]"
1095876,7555802,13,0,"[0, 1]"
1095876,7555802,7,0,"[0, 1]"
1095876,7555802,11,0,"[0, 1]"
1095876,7555802,10,0,"[0, 1]"
1095876,7555802,12,0,"[0, 1]"
1095876,7555802,29,0,"[0, 1]"
1095876,7555802,15,0,"[0, 1]"
1095876,7555802,24,0,"[0, 1]"
1095876,7555802,20,0,"[0, 1]"
1095876,7555802,26,0,"[0, 1]"
1095876,7555802,27,0,"[0, 1]"
1095876,7555802,25,0,"[0, 1]"
1095876,7555802,18,0,"[0, 1]"
1095876,7555802,32,0,"[0, 1]"
1095876,7555802,48,0,"[0, 1]"
1095876,7555802,52,0,"[0, 1]"
1095876,7555802,44,0,"[0, 1]"
1095876,7555802,31,0,"[0, 1]"
1095876,7555802,54,0,"[0, 1]"
1095876,7555802,56,0,"[0, 1]"
1095876,7555802,49,0,"[0, 1]"
1095876,7555802,34,0,"[0, 1]"
1095876,7555802,57,0,"[0, 1]"
1095876,7555802,91,0,"[0, 1]"
1095876,7555802,80,0,"[0, 1]"
1095876,7555802,105,0,"[0, 1]"
1095876,7555802,123,0,"[0, 1]"
1095876,7555802,94,0,"[0, 1]"
1095876,7555802,115,0,"[0, 1]"
1095876,7555802,103,0,"[0, 1]"
1095876,7555802,116,0,"[0, 1]"
1095876,7555802,120,0,"[0, 1]"
1095876,7555802,104,0,"[0, 1]"
1095876,7555802,82,0,"[0, 1]"
1095876,7555802,117,0,"[0, 1]"
1095876,7555802,139,0,"[0, 1]"
1095876,7555802,190,0,"[0, 1]"
1095876,7555802,152,0,"[0, 1]"
1095876,7555802,217,0,"[0, 1]"
1095876,7555802,187,0,"[0, 1]"
1095876,7555802,182,0,"[0, 1]"
1095876,7555802,133,0,"[0, 1]"
1095876,7555802,211,0,"[0, 1]"
1095876,7555802,247,0,"[0, 1]"
1095876,7555802,129,0,"[0, 1]"
1095876,7555802,239,0,"[0, 1]"
1095876,7555802,192,0,"[0, 1]"
1095876,7555802,144,0,"[0, 1]"
1095876,7555802,180,0,"[0, 1]"
1095876,7555802,452,0,"[0, 1]"
1095876,7555802,423,0,"[0, 1]"
1095876,7555802,485,0,"[0, 1]"
1095876,7555802,375,0,"[0, 1]"
1095876,7555802,300,0,"[0, 1]"
1095876,7555802,496,0,"[0, 1]"
1095876,7555802,477,0,"[0, 1]"
1095876,7555802,383,0,"[0, 1]"
1095876,7555802,374,0,"[0, 1]"
1095876,7555802,320,0,"[0, 1]"
1095876,7555802,295,0,"[0, 1]"
1095876,7555802,416,0,"[0, 1]"
1095876,7555802,475,0,"[0, 1]"
1095876,7555802,361,0,"[0, 1]"
1095876,7555802,321,0,"[0, 1]"
1095876,7555802,313,0,"[0, 1]"
1095876,7555802,939,0,"[0, 1]"
1095876,7555802,655,0,"[0, 1]"
1095876,7555802,779,0,"[0, 1]"
1095876,7555802,733,0,"[0, 1]"
1095876,7555802,831,0,"[0, 1]"
1095876,7555802,748,0,"[0, 1]"
1095876,7555802,710,0,"[0, 1]"
1095876,7555802,613,0,"[0, 1]"
1095876,7555802,723,0,"[0, 1]"
1095876,7555802,671,0,"[0, 1]"
1095876,7555802,893,0,"[0, 1]"
1095876,7555802,878,0,"[0, 1]"
1095876,7555802,934,0,"[0, 1]"
1095876,7555802,827,0,"[0, 1]"
1095876,7555802,1013,0,"[0, 1]"
1095876,7555802,920,0,"[0, 1]"
1095876,7555802,553,0,"[0, 1]"
1095876,7555802,926,0,"[0, 1]"
1095876,7555802,1362,0,"[0, 1]"
1095876,7555802,1347,0,"[0, 1]"
1095876,7555802,1833,0,"[0, 1]"
1095876,7555802,1568,0,"[0, 1]"
1095876,7555802,1509,0,"[0, 1]"
1095876,7555802,1120,0,"[0, 1]"
1095876,7555802,1410,0,"[0, 1]"
1095876,7555802,1202,0,"[0, 1]"
1095876,7555802,1942,0,"[0, 1]"
1095876,7555802,1793,0,"[0, 1]"
1095876,7555802,1727,0,"[0, 1]"
1095876,7555802,1985,0,"[0, 1]"
1095876,7555802,2043,0,"[0, 1]"
1095876,7555802,2024,0,"[0, 1]"
1095876,7555802,1546,0,"[0, 1]"
1095876,7555802,1984,0,"[0, 1]"
1095876,7555802,1464,0,"[0, 1]"
1095876,7555802,1888,0,"[0, 1]"
1095876,7555802,1415,0,"[0, 1]"
1095876,7555802,1485,0,"[0, 1]"
1095876,7555802,3456,0,"[0, 1]"
1095876,7555802,2201,0,"[0, 1]"
1095876,7555802,3994,0,"[0, 1]"
1095876,7555802,3909,0,"[0, 1]"
1095876,7555802,2333,0,"[0, 1]"
1095876,7555802,3931,0,"[0, 1]"
1095876,7555802,2683,0,"[0, 1]"
1095876,7555802,2204,0,"[0, 1]"
1095876,7555802,3771,0,"[0, 1]"
1095876,7555802,4046,0,"[0, 1]"
1095876,7555802,3903,0,"[0, 1]"
1095876,7555802,2256,0,"[0, 1]"
1095876,7555802,3758,0,"[0, 1]"
1095876,7555802,2142,0,"[0, 1]"
1095876,7555802,3188,0,"[0, 1]"
1095876,7555802,2186,0,"[0, 1]"
1095876,7555802,2105,0,"[0, 1]"
1095876,7555802,3905,0,"[0, 1]"
1095876,7555802,4022,0,"[0, 1]"
1095876,7555802,3862,0,"[0, 1]"
1095876,7555802,3608,0,"[0, 1]"
1095876,7555802,2268,0,"[0, 1]"
1095876,7555802,7217875,1,"[0, 1]"
1095876,7555802,4992,0,"[0, 1]"
1095876,7555802,4957,0,"[0, 1]"
1095876,7555802,7646087,1,"[0, 1]"
1095876,7555802,7410478,1,"[0, 1]"
1095876,7555802,4125,0,"[0, 1]"
1095876,7555802,7094511,1,"[0, 1]"
1095876,7555802,7286487,1,"[0, 1]"
1095876,7555802,7162717,1,"[0, 1]"
1095876,7555802,7173996,1,"[0, 1]"
1095876,7555802,7453883,1,"[0, 1]"
1095876,7555802,7104908,1,"[0, 1]"
1095876,7555802,4546,0,"[0, 1]"
1095876,7555802,7557021,1,"[0, 1]"
1095876,7555802,7283560,1,"[0, 1]"
1095876,7555802,7143926,1,"[0, 1]"
1095876,7555802,7509051,1,"[0, 1]"
1095876,7555802,7166455,1,"[0, 1]"
1095876,7555802,7630497,1,"[0, 1]"
1095876,7555802,4794,0,"[0, 1]"
1095876,7555802,4225045,1,"[0, 1]"
1095876,7555802,7616512,1,"[0, 1]"
1095876,7555802,7294874,1,"[0, 1]"
1095876,7555802,7638892,1,"[0, 1]"
1095874,7556014,7556014,1,"[1, 0]"
1095874,7556014,2901,0,"[1, 0]"
1095874,7556014,1450,0,"[1, 0]"
1095874,7556014,724,0,"[1, 0]"
1095874,7556014,361,0,"[1, 0]"
1095874,7556014,180,0,"[1, 0]"
1095874,7556014,89,0,"[1, 0]"
1095874,7556014,44,0,"[1, 0]"
1095874,7556014,21,0,"[1, 0]"
1095874,7556014,10,0,"[1, 0]"
1095874,7556014,4,0,"[1, 0]"
1095874,7556014,1,0,"[1, 0]"
1095874,7556014,0,0,"[1, 0]"
1095874,7556014,1,0,"[0, 1]"
1095874,7556014,2,0,"[0, 1]"
1095874,7556014,5,0,"[0, 1]"
1095874,7556014,6,0,"[0, 1]"
1095874,7556014,4,0,"[0, 1]"
1095874,7556014,3,0,"[0, 1]"
1095874,7556014,14,0,"[0, 1]"
1095874,7556014,10,0,"[0, 1]"
1095874,7556014,9,0,"[0, 1]"
1095874,7556014,12,0,"[0, 1]"
1095874,7556014,8,0,"[0, 1]"
1095874,7556014,7,0,"[0, 1]"
1095874,7556014,28,0,"[0, 1]"
1095874,7556014,15,0,"[0, 1]"
1095874,7556014,19,0,"[0, 1]"
1095874,7556014,20,0,"[0, 1]"
1095874,7556014,24,0,"[0, 1]"
1095874,7556014,30,0,"[0, 1]"
1095874,7556014,23,0,"[0, 1]"
1095874,7556014,22,0,"[0, 1]"
1095874,7556014,35,0,"[0, 1]"
1095874,7556014,38,0,"[0, 1]"
1095874,7556014,51,0,"[0, 1]"
1095874,7556014,36,0,"[0, 1]"
1095874,7556014,49,0,"[0, 1]"
1095874,7556014,61,0,"[0, 1]"
1095874,7556014,58,0,"[0, 1]"
1095874,7556014,39,0,"[0, 1]"
1095874,7556014,32,0,"[0, 1]"
1095874,7556014,31,0,"[0, 1]"
1095874,7556014,111,0,"[0, 1]"
1095874,7556014,69,0,"[0, 1]"
1095874,7556014,67,0,"[0, 1]"
1095874,7556014,122,0,"[0, 1]"
1095874,7556014,103,0,"[0, 1]"
1095874,7556014,101,0,"[0, 1]"
1095874,7556014,76,0,"[0, 1]"
1095874,7556014,66,0,"[0, 1]"
1095874,7556014,104,0,"[0, 1]"
1095874,7556014,79,0,"[0, 1]"
1095874,7556014,68,0,"[0, 1]"
1095874,7556014,116,0,"[0, 1]"
1095874,7556014,186,0,"[0, 1]"
1095874,7556014,170,0,"[0, 1]"
1095874,7556014,210,0,"[0, 1]"
1095874,7556014,213,0,"[0, 1]"
1095874,7556014,198,0,"[0, 1]"
1095874,7556014,207,0,"[0, 1]"
1095874,7556014,196,0,"[0, 1]"
1095874,7556014,232,0,"[0, 1]"
1095874,7556014,190,0,"[0, 1]"
1095874,7556014,180,0,"[0, 1]"
1095874,7556014,166,0,"[0, 1]"
1095874,7556014,135,0,"[0, 1]"
1095874,7556014,226,0,"[0, 1]"
1095874,7556014,254,0,"[0, 1]"
1095874,7556014,510,0,"[0, 1]"
1095874,7556014,440,0,"[0, 1]"
1095874,7556014,267,0,"[0, 1]"
1095874,7556014,276,0,"[0, 1]"
1095874,7556014,391,0,"[0, 1]"
1095874,7556014,381,0,"[0, 1]"
1095874,7556014,460,0,"[0, 1]"
1095874,7556014,420,0,"[0, 1]"
1095874,7556014,356,0,"[0, 1]"
1095874,7556014,348,0,"[0, 1]"
1095874,7556014,278,0,"[0, 1]"
1095874,7556014,405,0,"[0, 1]"
1095874,7556014,313,0,"[0, 1]"
1095874,7556014,324,0,"[0, 1]"
1095874,7556014,423,0,"[0, 1]"
1095874,7556014,492,0,"[0, 1]"
1095874,7556014,644,0,"[0, 1]"
1095874,7556014,603,0,"[0, 1]"
1095874,7556014,933,0,"[0, 1]"
1095874,7556014,806,0,"[0, 1]"
1095874,7556014,962,0,"[0, 1]"
1095874,7556014,1001,0,"[0, 1]"
1095874,7556014,524,0,"[0, 1]"
1095874,7556014,569,0,"[0, 1]"
1095874,7556014,858,0,"[0, 1]"
1095874,7556014,827,0,"[0, 1]"
1095874,7556014,625,0,"[0, 1]"
1095874,7556014,624,0,"[0, 1]"
1095874,7556014,558,0,"[0, 1]"
1095874,7556014,620,0,"[0, 1]"
1095874,7556014,964,0,"[0, 1]"
1095874,7556014,657,0,"[0, 1]"
1095874,7556014,723,0,"[0, 1]"
1095874,7556014,753,0,"[0, 1]"
1095874,7556014,1738,0,"[0, 1]"
1095874,7556014,1499,0,"[0, 1]"
1095874,7556014,2030,0,"[0, 1]"
1095874,7556014,1527,0,"[0, 1]"
1095874,7556014,1675,0,"[0, 1]"
1095874,7556014,1235,0,"[0, 1]"
1095874,7556014,1901,0,"[0, 1]"
1095874,7556014,1749,0,"[0, 1]"
1095874,7556014,1111,0,"[0, 1]"
1095874,7556014,1466,0,"[0, 1]"
1095874,7556014,1874,0,"[0, 1]"
1095874,7556014,1700,0,"[0, 1]"
1095874,7556014,1654,0,"[0, 1]"
1095874,7556014,1835,0,"[0, 1]"
1095874,7556014,1438,0,"[0, 1]"
1095874,7556014,1985,0,"[0, 1]"
1095874,7556014,1456,0,"[0, 1]"
1095874,7556014,1842,0,"[0, 1]"
1095874,7556014,1629,0,"[0, 1]"
1095874,7556014,1540,0,"[0, 1]"
1095874,7556014,2469,0,"[0, 1]"
1095874,7556014,3593,0,"[0, 1]"
1095874,7556014,2845,0,"[0, 1]"
1095874,7556014,2461,0,"[0, 1]"
1095874,7556014,2772,0,"[0, 1]"
1095874,7556014,3170,0,"[0, 1]"
1095874,7556014,3438,0,"[0, 1]"
1095874,7556014,2545,0,"[0, 1]"
1095874,7556014,3365,0,"[0, 1]"
1095874,7556014,3545,0,"[0, 1]"
1095874,7556014,3293,0,"[0, 1]"
1095874,7556014,2597,0,"[0, 1]"
1095874,7556014,2675,0,"[0, 1]"
1095874,7556014,2520,0,"[0, 1]"
1095874,7556014,2553,0,"[0, 1]"
1095874,7556014,3305,0,"[0, 1]"
1095874,7556014,3594,0,"[0, 1]"
1095874,7556014,3549,0,"[0, 1]"
1095874,7556014,3296,0,"[0, 1]"
1095874,7556014,3523,0,"[0, 1]"
1095874,7556014,2160,0,"[0, 1]"
1095874,7556014,2423,0,"[0, 1]"
1095874,7556014,7549537,1,"[0, 1]"
1095874,7556014,7299104,1,"[0, 1]"
1095874,7556014,7289144,1,"[0, 1]"
1095874,7556014,7144159,1,"[0, 1]"
1095874,7556014,7411029,1,"[0, 1]"
1095874,7556014,7395774,1,"[0, 1]"
1095874,7556014,7123215,1,"[0, 1]"
1095874,7556014,4393,0,"[0, 1]"
1095874,7556014,7255023,1,"[0, 1]"
1095874,7556014,7410274,1,"[0, 1]"
1095874,7556014,7425697,1,"[0, 1]"
1095874,7556014,7235794,1,"[0, 1]"
1095874,7556014,4866,0,"[0, 1]"
1095874,7556014,7326072,1,"[0, 1]"
1095874,7556014,7365439,1,"[0, 1]"
1095874,7556014,7166234,1,"[0, 1]"
1095874,7556014,4604,0,"[0, 1]"
1095874,7556014,7259784,1,"[0, 1]"
1095874,7556014,7427824,1,"[0, 1]"
1095874,7556014,7207616,1,"[0, 1]"
1095874,7556014,7320965,1,"[0, 1]"
1095874,7556014,7584199,1,"[0, 1]"
1095874,7556014,7172572,1,"[0, 1]"
1095874,7556014,7527607,1,"[0, 1]"
540432,7556122,7556122,1,"[1, 0]"
540432,7556122,2308,0,"[1, 0]"
540432,7556122,1153,0,"[1, 0]"
540432,7556122,576,0,"[1, 0]"
540432,7556122,287,0,"[1, 0]"
540432,7556122,143,0,"[1, 0]"
540432,7556122,71,0,"[1, 0]"
540432,7556122,35,0,"[1, 0]"
540432,7556122,17,0,"[1, 0]"
540432,7556122,8,0,"[1, 0]"
540432,7556122,3,0,"[1, 0]"
540432,7556122,1,0,"[1, 0]"
540432,7556122,0,0,"[1, 0]"
540432,7556122,1,0,"[0, 1]"
540432,7556122,2,0,"[0, 1]"
540432,7556122,4,0,"[0, 1]"
540432,7556122,3,0,"[0, 1]"
540432,7556122,6,0,"[0, 1]"
540432,7556122,5,0,"[0, 1]"
540432,7556122,11,0,"[0, 1]"
540432,7556122,13,0,"[0, 1]"
540432,7556122,9,0,"[0, 1]"
540432,7556122,8,0,"[0, 1]"
540432,7556122,7,0,"[0, 1]"
540432,7556122,12,0,"[0, 1]"
540432,7556122,15,0,"[0, 1]"
540432,7556122,26,0,"[0, 1]"
540432,7556122,16,0,"[0, 1]"
540432,7556122,18,0,"[0, 1]"
540432,7556122,22,0,"[0, 1]"
540432,7556122,20,0,"[0, 1]"
540432,7556122,27,0,"[0, 1]"
540432,7556122,21,0,"[0, 1]"
540432,7556122,41,0,"[0, 1]"
540432,7556122,35,0,"[0, 1]"
540432,7556122,54,0,"[0, 1]"
540432,7556122,56,0,"[0, 1]"
540432,7556122,57,0,"[0, 1]"
540432,7556122,52,0,"[0, 1]"
540432,7556122,49,0,"[0, 1]"
540432,7556122,55,0,"[0, 1]"
540432,7556122,38,0,"[0, 1]"
540432,7556122,40,0,"[0, 1]"
540432,7556122,110,0,"[0, 1]"
540432,7556122,89,0,"[0, 1]"
540432,7556122,85,0,"[0, 1]"
540432,7556122,116,0,"[0, 1]"
540432,7556122,107,0,"[0, 1]"
540432,7556122,123,0,"[0, 1]"
540432,7556122,88,0,"[0, 1]"
540432,7556122,87,0,"[0, 1]"
540432,7556122,102,0,"[0, 1]"
540432,7556122,126,0,"[0, 1]"
540432,7556122,73,0,"[0, 1]"
540432,7556122,78,0,"[0, 1]"
540432,7556122,165,0,"[0, 1]"
540432,7556122,214,0,"[0, 1]"
540432,7556122,174,0,"[0, 1]"
540432,7556122,141,0,"[0, 1]"
540432,7556122,162,0,"[0, 1]"
540432,7556122,190,0,"[0, 1]"
540432,7556122,195,0,"[0, 1]"
540432,7556122,226,0,"[0, 1]"
540432,7556122,161,0,"[0, 1]"
540432,7556122,203,0,"[0, 1]"
540432,7556122,235,0,"[0, 1]"
540432,7556122,134,0,"[0, 1]"
540432,7556122,189,0,"[0, 1]"
540432,7556122,147,0,"[0, 1]"
540432,7556122,486,0,"[0, 1]"
540432,7556122,402,0,"[0, 1]"
540432,7556122,351,0,"[0, 1]"
540432,7556122,412,0,"[0, 1]"
540432,7556122,285,0,"[0, 1]"
540432,7556122,339,0,"[0, 1]"
540432,7556122,494,0,"[0, 1]"
540432,7556122,483,0,"[0, 1]"
540432,7556122,277,0,"[0, 1]"
540432,7556122,338,0,"[0, 1]"
540432,7556122,506,0,"[0, 1]"
540432,7556122,475,0,"[0, 1]"
540432,7556122,509,0,"[0, 1]"
540432,7556122,363,0,"[0, 1]"
540432,7556122,365,0,"[0, 1]"
540432,7556122,372,0,"[0, 1]"
540432,7556122,962,0,"[0, 1]"
540432,7556122,676,0,"[0, 1]"
540432,7556122,538,0,"[0, 1]"
540432,7556122,950,0,"[0, 1]"
540432,7556122,769,0,"[0, 1]"
540432,7556122,792,0,"[0, 1]"
540432,7556122,834,0,"[0, 1]"
540432,7556122,646,0,"[0, 1]"
540432,7556122,768,0,"[0, 1]"
540432,7556122,613,0,"[0, 1]"
540432,7556122,573,0,"[0, 1]"
540432,7556122,1014,0,"[0, 1]"
540432,7556122,900,0,"[0, 1]"
540432,7556122,699,0,"[0, 1]"
540432,7556122,889,0,"[0, 1]"
540432,7556122,955,0,"[0, 1]"
540432,7556122,980,0,"[0, 1]"
540432,7556122,830,0,"[0, 1]"
540432,7556122,1044,0,"[0, 1]"
540432,7556122,1541,0,"[0, 1]"
540432,7556122,1696,0,"[0, 1]"
540432,7556122,1701,0,"[0, 1]"
540432,7556122,1861,0,"[0, 1]"
540432,7556122,1346,0,"[0, 1]"
540432,7556122,1574,0,"[0, 1]"
540432,7556122,1469,0,"[0, 1]"
540432,7556122,1895,0,"[0, 1]"
540432,7556122,1948,0,"[0, 1]"
540432,7556122,1691,0,"[0, 1]"
540432,7556122,1950,0,"[0, 1]"
540432,7556122,1408,0,"[0, 1]"
540432,7556122,1852,0,"[0, 1]"
540432,7556122,1845,0,"[0, 1]"
540432,7556122,1752,0,"[0, 1]"
540432,7556122,1583,0,"[0, 1]"
540432,7556122,1384,0,"[0, 1]"
540432,7556122,1728,0,"[0, 1]"
540432,7556122,1380,0,"[0, 1]"
540432,7556122,3231,0,"[0, 1]"
540432,7556122,2405,0,"[0, 1]"
540432,7556122,2728,0,"[0, 1]"
540432,7556122,3730,0,"[0, 1]"
540432,7556122,3030,0,"[0, 1]"
540432,7556122,2951,0,"[0, 1]"
540432,7556122,4011,0,"[0, 1]"
540432,7556122,3771,0,"[0, 1]"
540432,7556122,2510,0,"[0, 1]"
540432,7556122,2319,0,"[0, 1]"
540432,7556122,3641,0,"[0, 1]"
540432,7556122,3825,0,"[0, 1]"
540432,7556122,3992,0,"[0, 1]"
540432,7556122,3638,0,"[0, 1]"
540432,7556122,4032,0,"[0, 1]"
540432,7556122,3138,0,"[0, 1]"
540432,7556122,3690,0,"[0, 1]"
540432,7556122,2568,0,"[0, 1]"
540432,7556122,2220,0,"[0, 1]"
540432,7556122,3348,0,"[0, 1]"
540432,7556122,3272,0,"[0, 1]"
540432,7556122,2451,0,"[0, 1]"
540432,7556122,7504350,1,"[0, 1]"
540432,7556122,7136547,1,"[0, 1]"
540432,7556122,7141204,1,"[0, 1]"
540432,7556122,2495184,1,"[0, 1]"
540432,7556122,7256085,1,"[0, 1]"
540432,7556122,4750,0,"[0, 1]"
540432,7556122,7098857,1,"[0, 1]"
540432,7556122,7140358,1,"[0, 1]"
540432,7556122,7500864,1,"[0, 1]"
540432,7556122,7187592,1,"[0, 1]"
540432,7556122,7525624,1,"[0, 1]"
540432,7556122,7381585,1,"[0, 1]"
540432,7556122,7398766,1,"[0, 1]"
540432,7556122,4735,0,"[0, 1]"
540432,7556122,4405,0,"[0, 1]"
540432,7556122,7365439,1,"[0, 1]"
540432,7556122,7407380,1,"[0, 1]"
540432,7556122,4895,0,"[0, 1]"
540432,7556122,7520483,1,"[0, 1]"
540432,7556122,7086051,1,"[0, 1]"
540432,7556122,4553,0,"[0, 1]"
540432,7556122,7305254,1,"[0, 1]"
540432,7556122,4294,0,"[0, 1]"
540432,7556122,6607020,1,"[0, 1]"
607338,7556353,7556353,1,"[1, 0]"
607338,7556353,4131,0,"[1, 0]"
607338,7556353,2129,0,"[1, 0]"
607338,7556353,1064,0,"[1, 0]"
607338,7556353,531,0,"[1, 0]"
607338,7556353,265,0,"[1, 0]"
607338,7556353,132,0,"[1, 0]"
607338,7556353,65,0,"[1, 0]"
607338,7556353,32,0,"[1, 0]"
607338,7556353,15,0,"[1, 0]"
607338,7556353,7,0,"[1, 0]"
607338,7556353,3,0,"[1, 0]"
607338,7556353,1,0,"[1, 0]"
607338,7556353,0,0,"[1, 0]"
607338,7556353,2,0,"[0, 1]"
607338,7556353,1,0,"[0, 1]"
607338,7556353,5,0,"[0, 1]"
607338,7556353,3,0,"[0, 1]"
607338,7556353,6,0,"[0, 1]"
607338,7556353,4,0,"[0, 1]"
607338,7556353,11,0,"[0, 1]"
607338,7556353,10,0,"[0, 1]"
607338,7556353,9,0,"[0, 1]"
607338,7556353,8,0,"[0, 1]"
607338,7556353,12,0,"[0, 1]"
607338,7556353,13,0,"[0, 1]"
607338,7556353,29,0,"[0, 1]"
607338,7556353,24,0,"[0, 1]"
607338,7556353,19,0,"[0, 1]"
607338,7556353,30,0,"[0, 1]"
607338,7556353,22,0,"[0, 1]"
607338,7556353,18,0,"[0, 1]"
607338,7556353,27,0,"[0, 1]"
607338,7556353,21,0,"[0, 1]"
607338,7556353,37,0,"[0, 1]"
607338,7556353,59,0,"[0, 1]"
607338,7556353,39,0,"[0, 1]"
607338,7556353,44,0,"[0, 1]"
607338,7556353,47,0,"[0, 1]"
607338,7556353,43,0,"[0, 1]"
607338,7556353,46,0,"[0, 1]"
607338,7556353,38,0,"[0, 1]"
607338,7556353,56,0,"[0, 1]"
607338,7556353,31,0,"[0, 1]"
607338,7556353,92,0,"[0, 1]"
607338,7556353,83,0,"[0, 1]"
607338,7556353,70,0,"[0, 1]"
607338,7556353,105,0,"[0, 1]"
607338,7556353,64,0,"[0, 1]"
607338,7556353,86,0,"[0, 1]"
607338,7556353,75,0,"[0, 1]"
607338,7556353,98,0,"[0, 1]"
607338,7556353,117,0,"[0, 1]"
607338,7556353,95,0,"[0, 1]"
607338,7556353,122,0,"[0, 1]"
607338,7556353,88,0,"[0, 1]"
607338,7556353,154,0,"[0, 1]"
607338,7556353,230,0,"[0, 1]"
607338,7556353,240,0,"[0, 1]"
607338,7556353,193,0,"[0, 1]"
607338,7556353,165,0,"[0, 1]"
607338,7556353,142,0,"[0, 1]"
607338,7556353,247,0,"[0, 1]"
607338,7556353,223,0,"[0, 1]"
607338,7556353,205,0,"[0, 1]"
607338,7556353,172,0,"[0, 1]"
607338,7556353,191,0,"[0, 1]"
607338,7556353,138,0,"[0, 1]"
607338,7556353,195,0,"[0, 1]"
607338,7556353,238,0,"[0, 1]"
607338,7556353,262,0,"[0, 1]"
607338,7556353,468,0,"[0, 1]"
607338,7556353,478,0,"[0, 1]"
607338,7556353,280,0,"[0, 1]"
607338,7556353,369,0,"[0, 1]"
607338,7556353,317,0,"[0, 1]"
607338,7556353,429,0,"[0, 1]"
607338,7556353,433,0,"[0, 1]"
607338,7556353,447,0,"[0, 1]"
607338,7556353,287,0,"[0, 1]"
607338,7556353,466,0,"[0, 1]"
607338,7556353,437,0,"[0, 1]"
607338,7556353,372,0,"[0, 1]"
607338,7556353,440,0,"[0, 1]"
607338,7556353,278,0,"[0, 1]"
607338,7556353,441,0,"[0, 1]"
607338,7556353,830,0,"[0, 1]"
607338,7556353,995,0,"[0, 1]"
607338,7556353,774,0,"[0, 1]"
607338,7556353,924,0,"[0, 1]"
607338,7556353,935,0,"[0, 1]"
607338,7556353,871,0,"[0, 1]"
607338,7556353,825,0,"[0, 1]"
607338,7556353,768,0,"[0, 1]"
607338,7556353,690,0,"[0, 1]"
607338,7556353,616,0,"[0, 1]"
607338,7556353,677,0,"[0, 1]"
607338,7556353,776,0,"[0, 1]"
607338,7556353,628,0,"[0, 1]"
607338,7556353,863,0,"[0, 1]"
607338,7556353,693,0,"[0, 1]"
607338,7556353,820,0,"[0, 1]"
607338,7556353,751,0,"[0, 1]"
607338,7556353,622,0,"[0, 1]"
607338,7556353,1707,0,"[0, 1]"
607338,7556353,1441,0,"[0, 1]"
607338,7556353,1461,0,"[0, 1]"
607338,7556353,1339,0,"[0, 1]"
607338,7556353,1220,0,"[0, 1]"
607338,7556353,1313,0,"[0, 1]"
607338,7556353,1535,0,"[0, 1]"
607338,7556353,1354,0,"[0, 1]"
607338,7556353,1751,0,"[0, 1]"
607338,7556353,1896,0,"[0, 1]"
607338,7556353,1198,0,"[0, 1]"
607338,7556353,1512,0,"[0, 1]"
607338,7556353,1520,0,"[0, 1]"
607338,7556353,1718,0,"[0, 1]"
607338,7556353,1907,0,"[0, 1]"
607338,7556353,1203,0,"[0, 1]"
607338,7556353,1445,0,"[0, 1]"
607338,7556353,1120,0,"[0, 1]"
607338,7556353,1736,0,"[0, 1]"
607338,7556353,1597,0,"[0, 1]"
607338,7556353,3501,0,"[0, 1]"
607338,7556353,2199,0,"[0, 1]"
607338,7556353,2641,0,"[0, 1]"
607338,7556353,2099,0,"[0, 1]"
607338,7556353,3863,0,"[0, 1]"
607338,7556353,4001,0,"[0, 1]"
607338,7556353,3789,0,"[0, 1]"
607338,7556353,3083,0,"[0, 1]"
607338,7556353,3790,0,"[0, 1]"
607338,7556353,3330,0,"[0, 1]"
607338,7556353,2755,0,"[0, 1]"
607338,7556353,2396,0,"[0, 1]"
607338,7556353,2784,0,"[0, 1]"
607338,7556353,2803,0,"[0, 1]"
607338,7556353,3486,0,"[0, 1]"
607338,7556353,2280,0,"[0, 1]"
607338,7556353,3476,0,"[0, 1]"
607338,7556353,2232,0,"[0, 1]"
607338,7556353,2195,0,"[0, 1]"
607338,7556353,3095,0,"[0, 1]"
607338,7556353,4025,0,"[0, 1]"
607338,7556353,2186,0,"[0, 1]"
607338,7556353,7380576,1,"[0, 1]"
607338,7556353,7543541,1,"[0, 1]"
607338,7556353,4888,0,"[0, 1]"
607338,7556353,7326072,1,"[0, 1]"
607338,7556353,7221033,1,"[0, 1]"
607338,7556353,7454642,1,"[0, 1]"
607338,7556353,7500245,1,"[0, 1]"
607338,7556353,7319314,1,"[0, 1]"
607338,7556353,7101650,1,"[0, 1]"
607338,7556353,7209930,1,"[0, 1]"
607338,7556353,7260196,1,"[0, 1]"
607338,7556353,3333112,1,"[0, 1]"
607338,7556353,7488681,1,"[0, 1]"
607338,7556353,4096,0,"[0, 1]"
607338,7556353,7656047,1,"[0, 1]"
607338,7556353,4611,0,"[0, 1]"
607338,7556353,7434446,1,"[0, 1]"
607338,7556353,7567214,1,"[0, 1]"
607338,7556353,4940,0,"[0, 1]"
607338,7556353,2298353,1,"[0, 1]"
607338,7556353,4429,0,"[0, 1]"
607338,7556353,103776,1,"[0, 1]"
607338,7556353,4523,0,"[0, 1]"
607338,7556353,7132812,1,"[0, 1]"
607338,7556353,7566944,1,"[0, 1]"
607338,7556353,7646090,1,"[0, 1]"
607338,7556353,7354202,1,"[0, 1]"
607338,7556353,7247530,1,"[0, 1]"
607338,7556353,7116141,1,"[0, 1]"
607338,7556353,7187023,1,"[0, 1]"
607338,7556353,7369987,1,"[0, 1]"
607338,7556353,7466306,1,"[0, 1]"
607338,7556353,7573769,1,"[0, 1]"
607338,7556353,3222326,1,"[0, 1]"
607338,7556353,7331582,1,"[0, 1]"
607338,7556353,7212314,1,"[0, 1]"
607338,7556353,7618627,1,"[0, 1]"
607338,7556353,7453303,1,"[0, 1]"
607338,7556353,4678758,1,"[0, 1]"
607338,7556353,7201997,1,"[0, 1]"
607338,7556353,7346564,1,"[0, 1]"
607338,7556353,7237580,1,"[0, 1]"
607338,7556353,7340962,1,"[0, 1]"
607338,7556353,7522719,1,"[0, 1]"
607338,7556353,7292903,1,"[0, 1]"
607338,7556353,7423351,1,"[0, 1]"
607338,7556353,7261053,1,"[0, 1]"
607338,7556353,7116282,1,"[0, 1]"
607338,7556353,7430556,1,"[0, 1]"
607338,7556353,7387291,1,"[0, 1]"
739743,7556410,7556410,1,"[1, 0]"
739743,7556410,4488,0,"[1, 0]"
739743,7556410,2937,0,"[1, 0]"
739743,7556410,1468,0,"[1, 0]"
739743,7556410,733,0,"[1, 0]"
739743,7556410,366,0,"[1, 0]"
739743,7556410,182,0,"[1, 0]"
739743,7556410,90,0,"[1, 0]"
739743,7556410,44,0,"[1, 0]"
739743,7556410,21,0,"[1, 0]"
739743,7556410,10,0,"[1, 0]"
739743,7556410,4,0,"[1, 0]"
739743,7556410,1,0,"[1, 0]"
739743,7556410,0,0,"[1, 0]"
739743,7556410,1,0,"[0, 1]"
739743,7556410,2,0,"[0, 1]"
739743,7556410,3,0,"[0, 1]"
739743,7556410,4,0,"[0, 1]"
739743,7556410,5,0,"[0, 1]"
739743,7556410,6,0,"[0, 1]"
739743,7556410,11,0,"[0, 1]"
739743,7556410,7,0,"[0, 1]"
739743,7556410,13,0,"[0, 1]"
739743,7556410,10,0,"[0, 1]"
739743,7556410,12,0,"[0, 1]"
739743,7556410,14,0,"[0, 1]"
739743,7556410,21,0,"[0, 1]"
739743,7556410,17,0,"[0, 1]"
739743,7556410,30,0,"[0, 1]"
739743,7556410,28,0,"[0, 1]"
739743,7556410,19,0,"[0, 1]"
739743,7556410,16,0,"[0, 1]"
739743,7556410,18,0,"[0, 1]"
739743,7556410,22,0,"[0, 1]"
739743,7556410,40,0,"[0, 1]"
739743,7556410,58,0,"[0, 1]"
739743,7556410,35,0,"[0, 1]"
739743,7556410,61,0,"[0, 1]"
739743,7556410,54,0,"[0, 1]"
739743,7556410,55,0,"[0, 1]"
739743,7556410,34,0,"[0, 1]"
739743,7556410,47,0,"[0, 1]"
739743,7556410,53,0,"[0, 1]"
739743,7556410,45,0,"[0, 1]"
739743,7556410,88,0,"[0, 1]"
739743,7556410,87,0,"[0, 1]"
739743,7556410,89,0,"[0, 1]"
739743,7556410,79,0,"[0, 1]"
739743,7556410,102,0,"[0, 1]"
739743,7556410,68,0,"[0, 1]"
739743,7556410,97,0,"[0, 1]"
739743,7556410,118,0,"[0, 1]"
739743,7556410,115,0,"[0, 1]"
739743,7556410,112,0,"[0, 1]"
739743,7556410,103,0,"[0, 1]"
739743,7556410,121,0,"[0, 1]"
739743,7556410,173,0,"[0, 1]"
739743,7556410,224,0,"[0, 1]"
739743,7556410,246,0,"[0, 1]"
739743,7556410,161,0,"[0, 1]"
739743,7556410,171,0,"[0, 1]"
739743,7556410,138,0,"[0, 1]"
739743,7556410,146,0,"[0, 1]"
739743,7556410,160,0,"[0, 1]"
739743,7556410,187,0,"[0, 1]"
739743,7556410,141,0,"[0, 1]"
739743,7556410,170,0,"[0, 1]"
739743,7556410,174,0,"[0, 1]"
739743,7556410,225,0,"[0, 1]"
739743,7556410,192,0,"[0, 1]"
739743,7556410,455,0,"[0, 1]"
739743,7556410,264,0,"[0, 1]"
739743,7556410,348,0,"[0, 1]"
739743,7556410,262,0,"[0, 1]"
739743,7556410,274,0,"[0, 1]"
739743,7556410,453,0,"[0, 1]"
739743,7556410,472,0,"[0, 1]"
739743,7556410,320,0,"[0, 1]"
739743,7556410,446,0,"[0, 1]"
739743,7556410,313,0,"[0, 1]"
739743,7556410,263,0,"[0, 1]"
739743,7556410,302,0,"[0, 1]"
739743,7556410,300,0,"[0, 1]"
739743,7556410,475,0,"[0, 1]"
739743,7556410,448,0,"[0, 1]"
739743,7556410,489,0,"[0, 1]"
739743,7556410,680,0,"[0, 1]"
739743,7556410,720,0,"[0, 1]"
739743,7556410,984,0,"[0, 1]"
739743,7556410,557,0,"[0, 1]"
739743,7556410,623,0,"[0, 1]"
739743,7556410,800,0,"[0, 1]"
739743,7556410,1018,0,"[0, 1]"
739743,7556410,776,0,"[0, 1]"
739743,7556410,942,0,"[0, 1]"
739743,7556410,1017,0,"[0, 1]"
739743,7556410,541,0,"[0, 1]"
739743,7556410,895,0,"[0, 1]"
739743,7556410,876,0,"[0, 1]"
739743,7556410,719,0,"[0, 1]"
739743,7556410,928,0,"[0, 1]"
739743,7556410,780,0,"[0, 1]"
739743,7556410,881,0,"[0, 1]"
739743,7556410,901,0,"[0, 1]"
739743,7556410,1751,0,"[0, 1]"
739743,7556410,1301,0,"[0, 1]"
739743,7556410,1170,0,"[0, 1]"
739743,7556410,1941,0,"[0, 1]"
739743,7556410,1497,0,"[0, 1]"
739743,7556410,1178,0,"[0, 1]"
739743,7556410,1559,0,"[0, 1]"
739743,7556410,1622,0,"[0, 1]"
739743,7556410,1587,0,"[0, 1]"
739743,7556410,1356,0,"[0, 1]"
739743,7556410,1043,0,"[0, 1]"
739743,7556410,1506,0,"[0, 1]"
739743,7556410,1940,0,"[0, 1]"
739743,7556410,2008,0,"[0, 1]"
739743,7556410,1154,0,"[0, 1]"
739743,7556410,1882,0,"[0, 1]"
739743,7556410,1107,0,"[0, 1]"
739743,7556410,1122,0,"[0, 1]"
739743,7556410,1802,0,"[0, 1]"
739743,7556410,1056,0,"[0, 1]"
739743,7556410,2961,0,"[0, 1]"
739743,7556410,2847,0,"[0, 1]"
739743,7556410,2953,0,"[0, 1]"
739743,7556410,2347,0,"[0, 1]"
739743,7556410,2583,0,"[0, 1]"
739743,7556410,3138,0,"[0, 1]"
739743,7556410,3278,0,"[0, 1]"
739743,7556410,2154,0,"[0, 1]"
739743,7556410,3288,0,"[0, 1]"
739743,7556410,2966,0,"[0, 1]"
739743,7556410,3238,0,"[0, 1]"
739743,7556410,3408,0,"[0, 1]"
739743,7556410,2569,0,"[0, 1]"
739743,7556410,3571,0,"[0, 1]"
739743,7556410,2222,0,"[0, 1]"
739743,7556410,2221,0,"[0, 1]"
739743,7556410,2374,0,"[0, 1]"
739743,7556410,2157,0,"[0, 1]"
739743,7556410,3570,0,"[0, 1]"
739743,7556410,2082,0,"[0, 1]"
739743,7556410,2356,0,"[0, 1]"
739743,7556410,3601,0,"[0, 1]"
739743,7556410,7113578,1,"[0, 1]"
739743,7556410,447379,1,"[0, 1]"
739743,7556410,414827,1,"[0, 1]"
739743,7556410,7210316,1,"[0, 1]"
739743,7556410,4891,0,"[0, 1]"
739743,7556410,7324982,1,"[0, 1]"
739743,7556410,7210633,1,"[0, 1]"
739743,7556410,7603256,1,"[0, 1]"
739743,7556410,4834,0,"[0, 1]"
739743,7556410,844915,1,"[0, 1]"
739743,7556410,7237598,1,"[0, 1]"
739743,7556410,7442823,1,"[0, 1]"
739743,7556410,7499926,1,"[0, 1]"
739743,7556410,7360809,1,"[0, 1]"
739743,7556410,4252,0,"[0, 1]"
739743,7556410,7576526,1,"[0, 1]"
739743,7556410,4622456,1,"[0, 1]"
739743,7556410,4556,0,"[0, 1]"
739743,7556410,7559424,1,"[0, 1]"
739743,7556410,7514459,1,"[0, 1]"
739743,7556410,7124633,1,"[0, 1]"
739743,7556410,7281325,1,"[0, 1]"
739743,7556410,7505572,1,"[0, 1]"
739743,7556410,7648208,1,"[0, 1]"
739743,7556410,5611684,1,"[0, 1]"
739743,7556410,7346574,1,"[0, 1]"
739743,7556410,7095217,1,"[0, 1]"
739743,7556410,7577019,1,"[0, 1]"
739743,7556410,7093624,1,"[0, 1]"
739743,7556410,7128734,1,"[0, 1]"
739743,7556410,7114517,1,"[0, 1]"
739743,7556410,7556559,1,"[0, 1]"
739743,7556410,7148363,1,"[0, 1]"
739743,7556410,7486859,1,"[0, 1]"
739743,7556410,7527096,1,"[0, 1]"
739743,7556410,740662,1,"[0, 1]"
739743,7556410,7262611,1,"[0, 1]"
739743,7556410,7588511,1,"[0, 1]"
739743,7556410,7343719,1,"[0, 1]"
739743,7556410,7499564,1,"[0, 1]"
739743,7556410,7457249,1,"[0, 1]"
739743,7556410,49241,1,"[0, 1]"
739743,7556410,7348626,1,"[0, 1]"
739743,7556410,5448202,1,"[0, 1]"
739743,7556410,991589,1,"[0, 1]"
739743,7556410,7626921,1,"[0, 1]"
739743,7556410,7355086,1,"[0, 1]"
739743,7556410,7582932,1,"[0, 1]"
739743,7556410,7417368,1,"[0, 1]"
739743,7556410,6434719,1,"[0, 1]"
550609,7556469,7556469,1,"[1, 0]"
550609,7556469,2440,0,"[1, 0]"
550609,7556469,1219,0,"[1, 0]"
550609,7556469,609,0,"[1, 0]"
550609,7556469,304,0,"[1, 0]"
550609,7556469,151,0,"[1, 0]"
550609,7556469,75,0,"[1, 0]"
550609,7556469,37,0,"[1, 0]"
550609,7556469,18,0,"[1, 0]"
550609,7556469,8,0,"[1, 0]"
550609,7556469,3,0,"[1, 0]"
550609,7556469,1,0,"[1, 0]"
550609,7556469,0,0,"[1, 0]"
550609,7556469,2,0,"[0, 1]"
550609,7556469,1,0,"[0, 1]"
550609,7556469,5,0,"[0, 1]"
550609,7556469,6,0,"[0, 1]"
550609,7556469,4,0,"[0, 1]"
550609,7556469,3,0,"[0, 1]"
550609,7556469,12,0,"[0, 1]"
550609,7556469,10,0,"[0, 1]"
550609,7556469,9,0,"[0, 1]"
550609,7556469,7,0,"[0, 1]"
550609,7556469,8,0,"[0, 1]"
550609,7556469,13,0,"[0, 1]"
550609,7556469,20,0,"[0, 1]"
550609,7556469,24,0,"[0, 1]"
550609,7556469,26,0,"[0, 1]"
550609,7556469,30,0,"[0, 1]"
550609,7556469,27,0,"[0, 1]"
550609,7556469,16,0,"[0, 1]"
550609,7556469,28,0,"[0, 1]"
550609,7556469,25,0,"[0, 1]"
550609,7556469,37,0,"[0, 1]"
550609,7556469,55,0,"[0, 1]"
550609,7556469,49,0,"[0, 1]"
550609,7556469,54,0,"[0, 1]"
550609,7556469,41,0,"[0, 1]"
550609,7556469,57,0,"[0, 1]"
550609,7556469,32,0,"[0, 1]"
550609,7556469,58,0,"[0, 1]"
550609,7556469,40,0,"[0, 1]"
550609,7556469,38,0,"[0, 1]"
550609,7556469,106,0,"[0, 1]"
550609,7556469,105,0,"[0, 1]"
550609,7556469,120,0,"[0, 1]"
550609,7556469,98,0,"[0, 1]"
550609,7556469,102,0,"[0, 1]"
550609,7556469,107,0,"[0, 1]"
550609,7556469,116,0,"[0, 1]"
550609,7556469,119,0,"[0, 1]"
550609,7556469,113,0,"[0, 1]"
550609,7556469,79,0,"[0, 1]"
550609,7556469,100,0,"[0, 1]"
550609,7556469,77,0,"[0, 1]"
550609,7556469,134,0,"[0, 1]"
550609,7556469,197,0,"[0, 1]"
550609,7556469,242,0,"[0, 1]"
550609,7556469,203,0,"[0, 1]"
550609,7556469,236,0,"[0, 1]"
550609,7556469,130,0,"[0, 1]"
550609,7556469,230,0,"[0, 1]"
550609,7556469,159,0,"[0, 1]"
550609,7556469,196,0,"[0, 1]"
550609,7556469,136,0,"[0, 1]"
550609,7556469,190,0,"[0, 1]"
550609,7556469,187,0,"[0, 1]"
550609,7556469,215,0,"[0, 1]"
550609,7556469,239,0,"[0, 1]"
550609,7556469,351,0,"[0, 1]"
550609,7556469,496,0,"[0, 1]"
550609,7556469,272,0,"[0, 1]"
550609,7556469,391,0,"[0, 1]"
550609,7556469,491,0,"[0, 1]"
550609,7556469,400,0,"[0, 1]"
550609,7556469,430,0,"[0, 1]"
550609,7556469,361,0,"[0, 1]"
550609,7556469,495,0,"[0, 1]"
550609,7556469,293,0,"[0, 1]"
550609,7556469,315,0,"[0, 1]"
550609,7556469,370,0,"[0, 1]"
550609,7556469,339,0,"[0, 1]"
550609,7556469,463,0,"[0, 1]"
550609,7556469,300,0,"[0, 1]"
550609,7556469,432,0,"[0, 1]"
550609,7556469,680,0,"[0, 1]"
550609,7556469,807,0,"[0, 1]"
550609,7556469,914,0,"[0, 1]"
550609,7556469,616,0,"[0, 1]"
550609,7556469,595,0,"[0, 1]"
550609,7556469,854,0,"[0, 1]"
550609,7556469,608,0,"[0, 1]"
550609,7556469,549,0,"[0, 1]"
550609,7556469,902,0,"[0, 1]"
550609,7556469,742,0,"[0, 1]"
550609,7556469,688,0,"[0, 1]"
550609,7556469,706,0,"[0, 1]"
550609,7556469,697,0,"[0, 1]"
550609,7556469,839,0,"[0, 1]"
550609,7556469,1006,0,"[0, 1]"
550609,7556469,612,0,"[0, 1]"
550609,7556469,1011,0,"[0, 1]"
550609,7556469,745,0,"[0, 1]"
550609,7556469,1730,0,"[0, 1]"
550609,7556469,1326,0,"[0, 1]"
550609,7556469,1807,0,"[0, 1]"
550609,7556469,1039,0,"[0, 1]"
550609,7556469,1686,0,"[0, 1]"
550609,7556469,1968,0,"[0, 1]"
550609,7556469,1663,0,"[0, 1]"
550609,7556469,1592,0,"[0, 1]"
550609,7556469,1235,0,"[0, 1]"
550609,7556469,1347,0,"[0, 1]"
550609,7556469,1549,0,"[0, 1]"
550609,7556469,1564,0,"[0, 1]"
550609,7556469,1429,0,"[0, 1]"
550609,7556469,1985,0,"[0, 1]"
550609,7556469,1345,0,"[0, 1]"
550609,7556469,1583,0,"[0, 1]"
550609,7556469,1586,0,"[0, 1]"
550609,7556469,1523,0,"[0, 1]"
550609,7556469,1890,0,"[0, 1]"
550609,7556469,1304,0,"[0, 1]"
550609,7556469,4020,0,"[0, 1]"
550609,7556469,2134,0,"[0, 1]"
550609,7556469,2632,0,"[0, 1]"
550609,7556469,3036,0,"[0, 1]"
550609,7556469,2235,0,"[0, 1]"
550609,7556469,2117,0,"[0, 1]"
550609,7556469,2810,0,"[0, 1]"
550609,7556469,3871,0,"[0, 1]"
550609,7556469,2151,0,"[0, 1]"
550609,7556469,2116,0,"[0, 1]"
550609,7556469,3128,0,"[0, 1]"
550609,7556469,3986,0,"[0, 1]"
550609,7556469,2523,0,"[0, 1]"
550609,7556469,2399,0,"[0, 1]"
550609,7556469,3311,0,"[0, 1]"
550609,7556469,2169,0,"[0, 1]"
550609,7556469,2610,0,"[0, 1]"
550609,7556469,2226,0,"[0, 1]"
550609,7556469,2450,0,"[0, 1]"
550609,7556469,2241,0,"[0, 1]"
550609,7556469,2536,0,"[0, 1]"
550609,7556469,2387,0,"[0, 1]"
550609,7556469,4404,0,"[0, 1]"
550609,7556469,7398606,1,"[0, 1]"
550609,7556469,7523960,1,"[0, 1]"
550609,7556469,7531219,1,"[0, 1]"
550609,7556469,7391920,1,"[0, 1]"
550609,7556469,4823,0,"[0, 1]"
550609,7556469,7268719,1,"[0, 1]"
550609,7556469,7269275,1,"[0, 1]"
550609,7556469,7429680,1,"[0, 1]"
550609,7556469,7105192,1,"[0, 1]"
550609,7556469,7565927,1,"[0, 1]"
550609,7556469,7104460,1,"[0, 1]"
550609,7556469,7209225,1,"[0, 1]"
550609,7556469,7247595,1,"[0, 1]"
550609,7556469,7515977,1,"[0, 1]"
550609,7556469,7329732,1,"[0, 1]"
550609,7556469,7651271,1,"[0, 1]"
550609,7556469,7545792,1,"[0, 1]"
550609,7556469,7086051,1,"[0, 1]"
550609,7556469,7677230,1,"[0, 1]"
550609,7556469,4778,0,"[0, 1]"
550609,7556469,4909,0,"[0, 1]"
550609,7556469,7481700,1,"[0, 1]"
550609,7556469,7245148,1,"[0, 1]"
140216,7556499,7556499,1,"[1, 0]"
140216,7556499,4551,0,"[1, 0]"
140216,7556499,3082,0,"[1, 0]"
140216,7556499,1540,0,"[1, 0]"
140216,7556499,769,0,"[1, 0]"
140216,7556499,384,0,"[1, 0]"
140216,7556499,191,0,"[1, 0]"
140216,7556499,95,0,"[1, 0]"
140216,7556499,47,0,"[1, 0]"
140216,7556499,23,0,"[1, 0]"
140216,7556499,11,0,"[1, 0]"
140216,7556499,5,0,"[1, 0]"
140216,7556499,2,0,"[1, 0]"
140216,7556499,0,0,"[1, 0]"
140216,7556499,2,0,"[0, 1]"
140216,7556499,1,0,"[0, 1]"
140216,7556499,5,0,"[0, 1]"
140216,7556499,4,0,"[0, 1]"
140216,7556499,6,0,"[0, 1]"
140216,7556499,3,0,"[0, 1]"
140216,7556499,13,0,"[0, 1]"
140216,7556499,9,0,"[0, 1]"
140216,7556499,7,0,"[0, 1]"
140216,7556499,10,0,"[0, 1]"
140216,7556499,14,0,"[0, 1]"
140216,7556499,11,0,"[0, 1]"
140216,7556499,26,0,"[0, 1]"
140216,7556499,25,0,"[0, 1]"
140216,7556499,19,0,"[0, 1]"
140216,7556499,17,0,"[0, 1]"
140216,7556499,24,0,"[0, 1]"
140216,7556499,16,0,"[0, 1]"
140216,7556499,15,0,"[0, 1]"
140216,7556499,20,0,"[0, 1]"
140216,7556499,31,0,"[0, 1]"
140216,7556499,42,0,"[0, 1]"
140216,7556499,50,0,"[0, 1]"
140216,7556499,46,0,"[0, 1]"
140216,7556499,47,0,"[0, 1]"
140216,7556499,34,0,"[0, 1]"
140216,7556499,54,0,"[0, 1]"
140216,7556499,36,0,"[0, 1]"
140216,7556499,32,0,"[0, 1]"
140216,7556499,48,0,"[0, 1]"
140216,7556499,117,0,"[0, 1]"
140216,7556499,79,0,"[0, 1]"
140216,7556499,123,0,"[0, 1]"
140216,7556499,107,0,"[0, 1]"
140216,7556499,81,0,"[0, 1]"
140216,7556499,93,0,"[0, 1]"
140216,7556499,77,0,"[0, 1]"
140216,7556499,74,0,"[0, 1]"
140216,7556499,87,0,"[0, 1]"
140216,7556499,83,0,"[0, 1]"
140216,7556499,109,0,"[0, 1]"
140216,7556499,85,0,"[0, 1]"
140216,7556499,237,0,"[0, 1]"
140216,7556499,130,0,"[0, 1]"
140216,7556499,157,0,"[0, 1]"
140216,7556499,246,0,"[0, 1]"
140216,7556499,153,0,"[0, 1]"
140216,7556499,140,0,"[0, 1]"
140216,7556499,178,0,"[0, 1]"
140216,7556499,129,0,"[0, 1]"
140216,7556499,155,0,"[0, 1]"
140216,7556499,173,0,"[0, 1]"
140216,7556499,134,0,"[0, 1]"
140216,7556499,202,0,"[0, 1]"
140216,7556499,179,0,"[0, 1]"
140216,7556499,231,0,"[0, 1]"
140216,7556499,443,0,"[0, 1]"
140216,7556499,267,0,"[0, 1]"
140216,7556499,263,0,"[0, 1]"
140216,7556499,344,0,"[0, 1]"
140216,7556499,359,0,"[0, 1]"
140216,7556499,464,0,"[0, 1]"
140216,7556499,330,0,"[0, 1]"
140216,7556499,478,0,"[0, 1]"
140216,7556499,490,0,"[0, 1]"
140216,7556499,502,0,"[0, 1]"
140216,7556499,270,0,"[0, 1]"
140216,7556499,477,0,"[0, 1]"
140216,7556499,286,0,"[0, 1]"
140216,7556499,488,0,"[0, 1]"
140216,7556499,266,0,"[0, 1]"
140216,7556499,299,0,"[0, 1]"
140216,7556499,848,0,"[0, 1]"
140216,7556499,595,0,"[0, 1]"
140216,7556499,516,0,"[0, 1]"
140216,7556499,524,0,"[0, 1]"
140216,7556499,543,0,"[0, 1]"
140216,7556499,573,0,"[0, 1]"
140216,7556499,592,0,"[0, 1]"
140216,7556499,526,0,"[0, 1]"
140216,7556499,847,0,"[0, 1]"
140216,7556499,527,0,"[0, 1]"
140216,7556499,685,0,"[0, 1]"
140216,7556499,738,0,"[0, 1]"
140216,7556499,650,0,"[0, 1]"
140216,7556499,758,0,"[0, 1]"
140216,7556499,548,0,"[0, 1]"
140216,7556499,1016,0,"[0, 1]"
140216,7556499,517,0,"[0, 1]"
140216,7556499,858,0,"[0, 1]"
140216,7556499,1368,0,"[0, 1]"
140216,7556499,1841,0,"[0, 1]"
140216,7556499,1916,0,"[0, 1]"
140216,7556499,1540,0,"[0, 1]"
140216,7556499,1090,0,"[0, 1]"
140216,7556499,1170,0,"[0, 1]"
140216,7556499,1901,0,"[0, 1]"
140216,7556499,1180,0,"[0, 1]"
140216,7556499,1506,0,"[0, 1]"
140216,7556499,2014,0,"[0, 1]"
140216,7556499,1027,0,"[0, 1]"
140216,7556499,1194,0,"[0, 1]"
140216,7556499,1064,0,"[0, 1]"
140216,7556499,2028,0,"[0, 1]"
140216,7556499,1624,0,"[0, 1]"
140216,7556499,1878,0,"[0, 1]"
140216,7556499,2033,0,"[0, 1]"
140216,7556499,1107,0,"[0, 1]"
140216,7556499,1397,0,"[0, 1]"
140216,7556499,1590,0,"[0, 1]"
140216,7556499,3934,0,"[0, 1]"
140216,7556499,3953,0,"[0, 1]"
140216,7556499,2500,0,"[0, 1]"
140216,7556499,3872,0,"[0, 1]"
140216,7556499,2682,0,"[0, 1]"
140216,7556499,3786,0,"[0, 1]"
140216,7556499,2691,0,"[0, 1]"
140216,7556499,2834,0,"[0, 1]"
140216,7556499,3048,0,"[0, 1]"
140216,7556499,3219,0,"[0, 1]"
140216,7556499,3731,0,"[0, 1]"
140216,7556499,4072,0,"[0, 1]"
140216,7556499,2426,0,"[0, 1]"
140216,7556499,2698,0,"[0, 1]"
140216,7556499,3151,0,"[0, 1]"
140216,7556499,3013,0,"[0, 1]"
140216,7556499,3710,0,"[0, 1]"
140216,7556499,2405,0,"[0, 1]"
140216,7556499,3496,0,"[0, 1]"
140216,7556499,2935,0,"[0, 1]"
140216,7556499,2745,0,"[0, 1]"
140216,7556499,2993,0,"[0, 1]"
140216,7556499,7086847,1,"[0, 1]"
140216,7556499,4180,0,"[0, 1]"
140216,7556499,6519900,1,"[0, 1]"
140216,7556499,3808979,1,"[0, 1]"
140216,7556499,4418,0,"[0, 1]"
140216,7556499,4893,0,"[0, 1]"
140216,7556499,4203,0,"[0, 1]"
140216,7556499,7495487,1,"[0, 1]"
140216,7556499,7275685,1,"[0, 1]"
140216,7556499,7326183,1,"[0, 1]"
140216,7556499,4952,0,"[0, 1]"
140216,7556499,7418668,1,"[0, 1]"
140216,7556499,7247595,1,"[0, 1]"
140216,7556499,7684271,1,"[0, 1]"
140216,7556499,7074071,1,"[0, 1]"
140216,7556499,7214212,1,"[0, 1]"
140216,7556499,7250983,1,"[0, 1]"
140216,7556499,7584199,1,"[0, 1]"
140216,7556499,7094591,1,"[0, 1]"
140216,7556499,7667009,1,"[0, 1]"
140216,7556499,7557542,1,"[0, 1]"
140216,7556499,7462170,1,"[0, 1]"
140216,7556499,7115322,1,"[0, 1]"
140216,7556499,4799,0,"[0, 1]"
140216,7556499,7687460,1,"[0, 1]"
140216,7556499,7172010,1,"[0, 1]"
140216,7556499,7088735,1,"[0, 1]"
140216,7556499,7386797,1,"[0, 1]"
140216,7556499,7396051,1,"[0, 1]"
140216,7556499,7601337,1,"[0, 1]"
140216,7556499,7106946,1,"[0, 1]"
140216,7556499,7296082,1,"[0, 1]"
140216,7556499,1186091,1,"[0, 1]"
140216,7556499,5963925,1,"[0, 1]"
140216,7556499,7406560,1,"[0, 1]"
140216,7556499,7656910,1,"[0, 1]"
140216,7556499,7280638,1,"[0, 1]"
140216,7556499,7274095,1,"[0, 1]"
140216,7556499,7528490,1,"[0, 1]"
140216,7556499,1781880,1,"[0, 1]"
140216,7556499,7511179,1,"[0, 1]"
140216,7556499,7637756,1,"[0, 1]"
140216,7556499,7141624,1,"[0, 1]"
140216,7556499,7088918,1,"[0, 1]"
140216,7556499,7403343,1,"[0, 1]"
140216,7556499,4920146,1,"[0, 1]"
140216,7556499,7183900,1,"[0, 1]"
140216,7556499,7235110,1,"[0, 1]"
140216,7556499,2866050,1,"[0, 1]"
140216,7556499,7598808,1,"[0, 1]"
618223,7556521,7556521,1,"[1, 0]"
618223,7556521,4883,0,"[1, 0]"
618223,7556521,3831,0,"[1, 0]"
618223,7556521,1915,0,"[1, 0]"
618223,7556521,957,0,"[1, 0]"
618223,7556521,478,0,"[1, 0]"
618223,7556521,238,0,"[1, 0]"
618223,7556521,118,0,"[1, 0]"
618223,7556521,58,0,"[1, 0]"
618223,7556521,28,0,"[1, 0]"
618223,7556521,13,0,"[1, 0]"
618223,7556521,6,0,"[1, 0]"
618223,7556521,2,0,"[1, 0]"
618223,7556521,0,0,"[1, 0]"
618223,7556521,1,0,"[0, 1]"
618223,7556521,2,0,"[0, 1]"
618223,7556521,5,0,"[0, 1]"
618223,7556521,6,0,"[0, 1]"
618223,7556521,3,0,"[0, 1]"
618223,7556521,4,0,"[0, 1]"
618223,7556521,9,0,"[0, 1]"
618223,7556521,12,0,"[0, 1]"
618223,7556521,8,0,"[0, 1]"
618223,7556521,7,0,"[0, 1]"
618223,7556521,10,0,"[0, 1]"
618223,7556521,11,0,"[0, 1]"
618223,7556521,22,0,"[0, 1]"
618223,7556521,26,0,"[0, 1]"
618223,7556521,23,0,"[0, 1]"
618223,7556521,16,0,"[0, 1]"
618223,7556521,25,0,"[0, 1]"
618223,7556521,19,0,"[0, 1]"
618223,7556521,18,0,"[0, 1]"
618223,7556521,29,0,"[0, 1]"
618223,7556521,46,0,"[0, 1]"
618223,7556521,38,0,"[0, 1]"
618223,7556521,49,0,"[0, 1]"
618223,7556521,33,0,"[0, 1]"
618223,7556521,42,0,"[0, 1]"
618223,7556521,50,0,"[0, 1]"
618223,7556521,62,0,"[0, 1]"
618223,7556521,41,0,"[0, 1]"
618223,7556521,44,0,"[0, 1]"
618223,7556521,31,0,"[0, 1]"
618223,7556521,117,0,"[0, 1]"
618223,7556521,108,0,"[0, 1]"
618223,7556521,74,0,"[0, 1]"
618223,7556521,124,0,"[0, 1]"
618223,7556521,77,0,"[0, 1]"
618223,7556521,118,0,"[0, 1]"
618223,7556521,69,0,"[0, 1]"
618223,7556521,102,0,"[0, 1]"
618223,7556521,76,0,"[0, 1]"
618223,7556521,107,0,"[0, 1]"
618223,7556521,70,0,"[0, 1]"
618223,7556521,105,0,"[0, 1]"
618223,7556521,136,0,"[0, 1]"
618223,7556521,185,0,"[0, 1]"
618223,7556521,206,0,"[0, 1]"
618223,7556521,222,0,"[0, 1]"
618223,7556521,221,0,"[0, 1]"
618223,7556521,138,0,"[0, 1]"
618223,7556521,150,0,"[0, 1]"
618223,7556521,198,0,"[0, 1]"
618223,7556521,128,0,"[0, 1]"
618223,7556521,209,0,"[0, 1]"
618223,7556521,218,0,"[0, 1]"
618223,7556521,203,0,"[0, 1]"
618223,7556521,217,0,"[0, 1]"
618223,7556521,131,0,"[0, 1]"
618223,7556521,379,0,"[0, 1]"
618223,7556521,303,0,"[0, 1]"
618223,7556521,501,0,"[0, 1]"
618223,7556521,485,0,"[0, 1]"
618223,7556521,313,0,"[0, 1]"
618223,7556521,292,0,"[0, 1]"
618223,7556521,460,0,"[0, 1]"
618223,7556521,422,0,"[0, 1]"
618223,7556521,358,0,"[0, 1]"
618223,7556521,392,0,"[0, 1]"
618223,7556521,407,0,"[0, 1]"
618223,7556521,472,0,"[0, 1]"
618223,7556521,503,0,"[0, 1]"
618223,7556521,507,0,"[0, 1]"
618223,7556521,373,0,"[0, 1]"
618223,7556521,433,0,"[0, 1]"
618223,7556521,682,0,"[0, 1]"
618223,7556521,621,0,"[0, 1]"
618223,7556521,761,0,"[0, 1]"
618223,7556521,970,0,"[0, 1]"
618223,7556521,975,0,"[0, 1]"
618223,7556521,837,0,"[0, 1]"
618223,7556521,724,0,"[0, 1]"
618223,7556521,754,0,"[0, 1]"
618223,7556521,661,0,"[0, 1]"
618223,7556521,964,0,"[0, 1]"
618223,7556521,631,0,"[0, 1]"
618223,7556521,744,0,"[0, 1]"
618223,7556521,723,0,"[0, 1]"
618223,7556521,915,0,"[0, 1]"
618223,7556521,694,0,"[0, 1]"
618223,7556521,988,0,"[0, 1]"
618223,7556521,634,0,"[0, 1]"
618223,7556521,779,0,"[0, 1]"
618223,7556521,1842,0,"[0, 1]"
618223,7556521,1425,0,"[0, 1]"
618223,7556521,1357,0,"[0, 1]"
618223,7556521,1768,0,"[0, 1]"
618223,7556521,1874,0,"[0, 1]"
618223,7556521,1781,0,"[0, 1]"
618223,7556521,1143,0,"[0, 1]"
618223,7556521,1950,0,"[0, 1]"
618223,7556521,1222,0,"[0, 1]"
618223,7556521,1544,0,"[0, 1]"
618223,7556521,1829,0,"[0, 1]"
618223,7556521,1858,0,"[0, 1]"
618223,7556521,2028,0,"[0, 1]"
618223,7556521,1857,0,"[0, 1]"
618223,7556521,1954,0,"[0, 1]"
618223,7556521,1202,0,"[0, 1]"
618223,7556521,1233,0,"[0, 1]"
618223,7556521,1632,0,"[0, 1]"
618223,7556521,1319,0,"[0, 1]"
618223,7556521,1429,0,"[0, 1]"
618223,7556521,3366,0,"[0, 1]"
618223,7556521,2129,0,"[0, 1]"
618223,7556521,2684,0,"[0, 1]"
618223,7556521,2794,0,"[0, 1]"
618223,7556521,3753,0,"[0, 1]"
618223,7556521,3105,0,"[0, 1]"
618223,7556521,2354,0,"[0, 1]"
618223,7556521,2380,0,"[0, 1]"
618223,7556521,3335,0,"[0, 1]"
618223,7556521,2642,0,"[0, 1]"
618223,7556521,3946,0,"[0, 1]"
618223,7556521,3947,0,"[0, 1]"
618223,7556521,3514,0,"[0, 1]"
618223,7556521,3480,0,"[0, 1]"
618223,7556521,3299,0,"[0, 1]"
618223,7556521,2329,0,"[0, 1]"
618223,7556521,3742,0,"[0, 1]"
618223,7556521,3067,0,"[0, 1]"
618223,7556521,3914,0,"[0, 1]"
618223,7556521,3990,0,"[0, 1]"
618223,7556521,2829,0,"[0, 1]"
618223,7556521,2251,0,"[0, 1]"
618223,7556521,7156780,1,"[0, 1]"
618223,7556521,4632,0,"[0, 1]"
618223,7556521,1554660,1,"[0, 1]"
618223,7556521,7576526,1,"[0, 1]"
618223,7556521,7639898,1,"[0, 1]"
618223,7556521,7597426,1,"[0, 1]"
618223,7556521,7209485,1,"[0, 1]"
618223,7556521,7193967,1,"[0, 1]"
618223,7556521,7067796,1,"[0, 1]"
618223,7556521,7103622,1,"[0, 1]"
618223,7556521,7521010,1,"[0, 1]"
618223,7556521,7615545,1,"[0, 1]"
618223,7556521,7529565,1,"[0, 1]"
618223,7556521,7434553,1,"[0, 1]"
618223,7556521,4941,0,"[0, 1]"
618223,7556521,7386585,1,"[0, 1]"
618223,7556521,7132843,1,"[0, 1]"
618223,7556521,4163,0,"[0, 1]"
618223,7556521,4563,0,"[0, 1]"
618223,7556521,7625918,1,"[0, 1]"
618223,7556521,7533400,1,"[0, 1]"
618223,7556521,5576567,1,"[0, 1]"
618223,7556521,4123,0,"[0, 1]"
618223,7556521,7595500,1,"[0, 1]"
618223,7556521,7250952,1,"[0, 1]"
618223,7556521,7322652,1,"[0, 1]"
618223,7556521,7075398,1,"[0, 1]"
618223,7556521,7187638,1,"[0, 1]"
618223,7556521,7347359,1,"[0, 1]"
618223,7556521,7556353,1,"[0, 1]"
618223,7556521,7539979,1,"[0, 1]"
618223,7556521,7318668,1,"[0, 1]"
618223,7556521,1021598,1,"[0, 1]"
618223,7556521,7195711,1,"[0, 1]"
618223,7556521,7348202,1,"[0, 1]"
618223,7556521,7602696,1,"[0, 1]"
618223,7556521,7547622,1,"[0, 1]"
618223,7556521,7550141,1,"[0, 1]"
618223,7556521,7174285,1,"[0, 1]"
618223,7556521,6327761,1,"[0, 1]"
618223,7556521,7460005,1,"[0, 1]"
618223,7556521,7346574,1,"[0, 1]"
618223,7556521,7089413,1,"[0, 1]"
618223,7556521,7295399,1,"[0, 1]"
618223,7556521,7365930,1,"[0, 1]"
618223,7556521,7497025,1,"[0, 1]"
618223,7556521,7580864,1,"[0, 1]"
618223,7556521,7656119,1,"[0, 1]"
618223,7556521,7556521,1,"[0, 1]"
618223,7556521,7508101,1,"[0, 1]"
1095868,7556541,7556541,1,"[1, 0]"
1095868,7556541,4191,0,"[1, 0]"
1095868,7556541,2265,0,"[1, 0]"
1095868,7556541,1132,0,"[1, 0]"
1095868,7556541,565,0,"[1, 0]"
1095868,7556541,282,0,"[1, 0]"
1095868,7556541,140,0,"[1, 0]"
1095868,7556541,69,0,"[1, 0]"
1095868,7556541,34,0,"[1, 0]"
1095868,7556541,16,0,"[1, 0]"
1095868,7556541,7,0,"[1, 0]"
1095868,7556541,3,0,"[1, 0]"
1095868,7556541,1,0,"[1, 0]"
1095868,7556541,0,0,"[1, 0]"
1095868,7556541,1,0,"[0, 1]"
1095868,7556541,2,0,"[0, 1]"
1095868,7556541,6,0,"[0, 1]"
1095868,7556541,5,0,"[0, 1]"
1095868,7556541,3,0,"[0, 1]"
1095868,7556541,4,0,"[0, 1]"
1095868,7556541,7,0,"[0, 1]"
1095868,7556541,12,0,"[0, 1]"
1095868,7556541,10,0,"[0, 1]"
1095868,7556541,11,0,"[0, 1]"
1095868,7556541,14,0,"[0, 1]"
1095868,7556541,13,0,"[0, 1]"
1095868,7556541,21,0,"[0, 1]"
1095868,7556541,29,0,"[0, 1]"
1095868,7556541,25,0,"[0, 1]"
1095868,7556541,22,0,"[0, 1]"
1095868,7556541,19,0,"[0, 1]"
1095868,7556541,16,0,"[0, 1]"
1095868,7556541,26,0,"[0, 1]"
1095868,7556541,24,0,"[0, 1]"
1095868,7556541,48,0,"[0, 1]"
1095868,7556541,31,0,"[0, 1]"
1095868,7556541,42,0,"[0, 1]"
1095868,7556541,54,0,"[0, 1]"
1095868,7556541,39,0,"[0, 1]"
1095868,7556541,46,0,"[0, 1]"
1095868,7556541,41,0,"[0, 1]"
1095868,7556541,59,0,"[0, 1]"
1095868,7556541,36,0,"[0, 1]"
1095868,7556541,33,0,"[0, 1]"
1095868,7556541,82,0,"[0, 1]"
1095868,7556541,86,0,"[0, 1]"
1095868,7556541,118,0,"[0, 1]"
1095868,7556541,107,0,"[0, 1]"
1095868,7556541,122,0,"[0, 1]"
1095868,7556541,101,0,"[0, 1]"
1095868,7556541,78,0,"[0, 1]"
1095868,7556541,123,0,"[0, 1]"
1095868,7556541,99,0,"[0, 1]"
1095868,7556541,96,0,"[0, 1]"
1095868,7556541,94,0,"[0, 1]"
1095868,7556541,63,0,"[0, 1]"
1095868,7556541,178,0,"[0, 1]"
1095868,7556541,230,0,"[0, 1]"
1095868,7556541,204,0,"[0, 1]"
1095868,7556541,246,0,"[0, 1]"
1095868,7556541,222,0,"[0, 1]"
1095868,7556541,134,0,"[0, 1]"
1095868,7556541,172,0,"[0, 1]"
1095868,7556541,179,0,"[0, 1]"
1095868,7556541,205,0,"[0, 1]"
1095868,7556541,201,0,"[0, 1]"
1095868,7556541,144,0,"[0, 1]"
1095868,7556541,167,0,"[0, 1]"
1095868,7556541,225,0,"[0, 1]"
1095868,7556541,182,0,"[0, 1]"
1095868,7556541,382,0,"[0, 1]"
1095868,7556541,311,0,"[0, 1]"
1095868,7556541,299,0,"[0, 1]"
1095868,7556541,269,0,"[0, 1]"
1095868,7556541,384,0,"[0, 1]"
1095868,7556541,437,0,"[0, 1]"
1095868,7556541,447,0,"[0, 1]"
1095868,7556541,414,0,"[0, 1]"
1095868,7556541,326,0,"[0, 1]"
1095868,7556541,378,0,"[0, 1]"
1095868,7556541,399,0,"[0, 1]"
1095868,7556541,360,0,"[0, 1]"
1095868,7556541,383,0,"[0, 1]"
1095868,7556541,274,0,"[0, 1]"
1095868,7556541,265,0,"[0, 1]"
1095868,7556541,291,0,"[0, 1]"
1095868,7556541,987,0,"[0, 1]"
1095868,7556541,772,0,"[0, 1]"
1095868,7556541,690,0,"[0, 1]"
1095868,7556541,871,0,"[0, 1]"
1095868,7556541,804,0,"[0, 1]"
1095868,7556541,607,0,"[0, 1]"
1095868,7556541,1001,0,"[0, 1]"
1095868,7556541,816,0,"[0, 1]"
1095868,7556541,645,0,"[0, 1]"
1095868,7556541,824,0,"[0, 1]"
1095868,7556541,513,0,"[0, 1]"
1095868,7556541,671,0,"[0, 1]"
1095868,7556541,768,0,"[0, 1]"
1095868,7556541,650,0,"[0, 1]"
1095868,7556541,993,0,"[0, 1]"
1095868,7556541,922,0,"[0, 1]"
1095868,7556541,812,0,"[0, 1]"
1095868,7556541,937,0,"[0, 1]"
1095868,7556541,1626,0,"[0, 1]"
1095868,7556541,1945,0,"[0, 1]"
1095868,7556541,1450,0,"[0, 1]"
1095868,7556541,1785,0,"[0, 1]"
1095868,7556541,1765,0,"[0, 1]"
1095868,7556541,1448,0,"[0, 1]"
1095868,7556541,1638,0,"[0, 1]"
1095868,7556541,1456,0,"[0, 1]"
1095868,7556541,1500,0,"[0, 1]"
1095868,7556541,2002,0,"[0, 1]"
1095868,7556541,1733,0,"[0, 1]"
1095868,7556541,1631,0,"[0, 1]"
1095868,7556541,1515,0,"[0, 1]"
1095868,7556541,1565,0,"[0, 1]"
1095868,7556541,1266,0,"[0, 1]"
1095868,7556541,1888,0,"[0, 1]"
1095868,7556541,1620,0,"[0, 1]"
1095868,7556541,1804,0,"[0, 1]"
1095868,7556541,1042,0,"[0, 1]"
1095868,7556541,1982,0,"[0, 1]"
1095868,7556541,2107,0,"[0, 1]"
1095868,7556541,3722,0,"[0, 1]"
1095868,7556541,2273,0,"[0, 1]"
1095868,7556541,4022,0,"[0, 1]"
1095868,7556541,2233,0,"[0, 1]"
1095868,7556541,3423,0,"[0, 1]"
1095868,7556541,2985,0,"[0, 1]"
1095868,7556541,2052,0,"[0, 1]"
1095868,7556541,3032,0,"[0, 1]"
1095868,7556541,2805,0,"[0, 1]"
1095868,7556541,3068,0,"[0, 1]"
1095868,7556541,2761,0,"[0, 1]"
1095868,7556541,3100,0,"[0, 1]"
1095868,7556541,3215,0,"[0, 1]"
1095868,7556541,2964,0,"[0, 1]"
1095868,7556541,2429,0,"[0, 1]"
1095868,7556541,2891,0,"[0, 1]"
1095868,7556541,2228,0,"[0, 1]"
1095868,7556541,2492,0,"[0, 1]"
1095868,7556541,2224,0,"[0, 1]"
1095868,7556541,3809,0,"[0, 1]"
1095868,7556541,3529,0,"[0, 1]"
1095868,7556541,4772,0,"[0, 1]"
1095868,7556541,7192866,1,"[0, 1]"
1095868,7556541,7212843,1,"[0, 1]"
1095868,7556541,7285439,1,"[0, 1]"
1095868,7556541,4149,0,"[0, 1]"
1095868,7556541,7436481,1,"[0, 1]"
1095868,7556541,7416980,1,"[0, 1]"
1095868,7556541,7436659,1,"[0, 1]"
1095868,7556541,4797,0,"[0, 1]"
1095868,7556541,4211,0,"[0, 1]"
1095868,7556541,7170192,1,"[0, 1]"
1095868,7556541,7555802,1,"[0, 1]"
1095868,7556541,7650075,1,"[0, 1]"
1095868,7556541,4528,0,"[0, 1]"
1095868,7556541,4977,0,"[0, 1]"
1095868,7556541,4896,0,"[0, 1]"
1095868,7556541,7267561,1,"[0, 1]"
1095868,7556541,7429501,1,"[0, 1]"
1095868,7556541,7091089,1,"[0, 1]"
1095868,7556541,4329,0,"[0, 1]"
1095868,7556541,7684278,1,"[0, 1]"
1095868,7556541,7417952,1,"[0, 1]"
1095868,7556541,7191851,1,"[0, 1]"
1095868,7556541,7436417,1,"[0, 1]"
1095868,7556541,7413603,1,"[0, 1]"
1095868,7556541,7078204,1,"[0, 1]"
1095868,7556541,7355086,1,"[0, 1]"
1095868,7556541,7168155,1,"[0, 1]"
1095868,7556541,7123252,1,"[0, 1]"
1095868,7556541,7621493,1,"[0, 1]"
1095868,7556541,7521587,1,"[0, 1]"
1095868,7556541,7161448,1,"[0, 1]"
1095868,7556541,2041081,1,"[0, 1]"
1095868,7556541,907445,1,"[0, 1]"
1095868,7556541,7357213,1,"[0, 1]"
1095868,7556541,296158,1,"[0, 1]"
1095868,7556541,7592905,1,"[0, 1]"
1095868,7556541,7369917,1,"[0, 1]"
1095868,7556541,7176974,1,"[0, 1]"
1095868,7556541,7573769,1,"[0, 1]"
1095868,7556541,7290843,1,"[0, 1]"
1095868,7556541,7377860,1,"[0, 1]"
1095868,7556541,7318105,1,"[0, 1]"
1095868,7556541,7651608,1,"[0, 1]"
1095868,7556541,7249211,1,"[0, 1]"
1095868,7556541,7267822,1,"[0, 1]"
1095868,7556541,7094182,1,"[0, 1]"
1095868,7556541,7437009,1,"[0, 1]"
1095868,7556541,7112009,1,"[0, 1]"
1095868,7556541,7182094,1,"[0, 1]"
699872,7556559,7556559,1,"[1, 0]"
699872,7556559,4247,0,"[1, 0]"
699872,7556559,2394,0,"[1, 0]"
699872,7556559,1196,0,"[1, 0]"
699872,7556559,597,0,"[1, 0]"
699872,7556559,298,0,"[1, 0]"
699872,7556559,148,0,"[1, 0]"
699872,7556559,73,0,"[1, 0]"
699872,7556559,36,0,"[1, 0]"
699872,7556559,17,0,"[1, 0]"
699872,7556559,8,0,"[1, 0]"
699872,7556559,3,0,"[1, 0]"
699872,7556559,1,0,"[1, 0]"
699872,7556559,0,0,"[1, 0]"
699872,7556559,1,0,"[0, 1]"
699872,7556559,2,0,"[0, 1]"
699872,7556559,6,0,"[0, 1]"
699872,7556559,4,0,"[0, 1]"
699872,7556559,3,0,"[0, 1]"
699872,7556559,5,0,"[0, 1]"
699872,7556559,10,0,"[0, 1]"
699872,7556559,14,0,"[0, 1]"
699872,7556559,11,0,"[0, 1]"
699872,7556559,9,0,"[0, 1]"
699872,7556559,8,0,"[0, 1]"
699872,7556559,7,0,"[0, 1]"
699872,7556559,18,0,"[0, 1]"
699872,7556559,17,0,"[0, 1]"
699872,7556559,16,0,"[0, 1]"
699872,7556559,30,0,"[0, 1]"
699872,7556559,29,0,"[0, 1]"
699872,7556559,27,0,"[0, 1]"
699872,7556559,19,0,"[0, 1]"
699872,7556559,23,0,"[0, 1]"
699872,7556559,51,0,"[0, 1]"
699872,7556559,34,0,"[0, 1]"
699872,7556559,41,0,"[0, 1]"
699872,7556559,49,0,"[0, 1]"
699872,7556559,61,0,"[0, 1]"
699872,7556559,55,0,"[0, 1]"
699872,7556559,35,0,"[0, 1]"
699872,7556559,31,0,"[0, 1]"
699872,7556559,58,0,"[0, 1]"
699872,7556559,48,0,"[0, 1]"
699872,7556559,94,0,"[0, 1]"
699872,7556559,96,0,"[0, 1]"
699872,7556559,80,0,"[0, 1]"
699872,7556559,114,0,"[0, 1]"
699872,7556559,75,0,"[0, 1]"
699872,7556559,93,0,"[0, 1]"
699872,7556559,79,0,"[0, 1]"
699872,7556559,68,0,"[0, 1]"
699872,7556559,116,0,"[0, 1]"
699872,7556559,117,0,"[0, 1]"
699872,7556559,109,0,"[0, 1]"
699872,7556559,63,0,"[0, 1]"
699872,7556559,250,0,"[0, 1]"
699872,7556559,180,0,"[0, 1]"
699872,7556559,141,0,"[0, 1]"
699872,7556559,128,0,"[0, 1]"
699872,7556559,191,0,"[0, 1]"
699872,7556559,160,0,"[0, 1]"
699872,7556559,222,0,"[0, 1]"
699872,7556559,218,0,"[0, 1]"
699872,7556559,131,0,"[0, 1]"
699872,7556559,232,0,"[0, 1]"
699872,7556559,181,0,"[0, 1]"
699872,7556559,203,0,"[0, 1]"
699872,7556559,130,0,"[0, 1]"
699872,7556559,207,0,"[0, 1]"
699872,7556559,482,0,"[0, 1]"
699872,7556559,311,0,"[0, 1]"
699872,7556559,499,0,"[0, 1]"
699872,7556559,485,0,"[0, 1]"
699872,7556559,462,0,"[0, 1]"
699872,7556559,355,0,"[0, 1]"
699872,7556559,284,0,"[0, 1]"
699872,7556559,387,0,"[0, 1]"
699872,7556559,426,0,"[0, 1]"
699872,7556559,362,0,"[0, 1]"
699872,7556559,334,0,"[0, 1]"
699872,7556559,414,0,"[0, 1]"
699872,7556559,348,0,"[0, 1]"
699872,7556559,427,0,"[0, 1]"
699872,7556559,440,0,"[0, 1]"
699872,7556559,257,0,"[0, 1]"
699872,7556559,842,0,"[0, 1]"
699872,7556559,696,0,"[0, 1]"
699872,7556559,901,0,"[0, 1]"
699872,7556559,764,0,"[0, 1]"
699872,7556559,636,0,"[0, 1]"
699872,7556559,791,0,"[0, 1]"
699872,7556559,840,0,"[0, 1]"
699872,7556559,658,0,"[0, 1]"
699872,7556559,580,0,"[0, 1]"
699872,7556559,918,0,"[0, 1]"
699872,7556559,779,0,"[0, 1]"
699872,7556559,660,0,"[0, 1]"
699872,7556559,1018,0,"[0, 1]"
699872,7556559,543,0,"[0, 1]"
699872,7556559,825,0,"[0, 1]"
699872,7556559,703,0,"[0, 1]"
699872,7556559,944,0,"[0, 1]"
699872,7556559,653,0,"[0, 1]"
699872,7556559,1057,0,"[0, 1]"
699872,7556559,1576,0,"[0, 1]"
699872,7556559,1351,0,"[0, 1]"
699872,7556559,1166,0,"[0, 1]"
699872,7556559,1175,0,"[0, 1]"
699872,7556559,1280,0,"[0, 1]"
699872,7556559,2011,0,"[0, 1]"
699872,7556559,1088,0,"[0, 1]"
699872,7556559,1090,0,"[0, 1]"
699872,7556559,1668,0,"[0, 1]"
699872,7556559,1987,0,"[0, 1]"
699872,7556559,1666,0,"[0, 1]"
699872,7556559,1330,0,"[0, 1]"
699872,7556559,1099,0,"[0, 1]"
699872,7556559,1250,0,"[0, 1]"
699872,7556559,1261,0,"[0, 1]"
699872,7556559,1639,0,"[0, 1]"
699872,7556559,1721,0,"[0, 1]"
699872,7556559,1711,0,"[0, 1]"
699872,7556559,1702,0,"[0, 1]"
699872,7556559,3229,0,"[0, 1]"
699872,7556559,3156,0,"[0, 1]"
699872,7556559,3459,0,"[0, 1]"
699872,7556559,2258,0,"[0, 1]"
699872,7556559,3498,0,"[0, 1]"
699872,7556559,2622,0,"[0, 1]"
699872,7556559,2875,0,"[0, 1]"
699872,7556559,2303,0,"[0, 1]"
699872,7556559,2194,0,"[0, 1]"
699872,7556559,2855,0,"[0, 1]"
699872,7556559,3925,0,"[0, 1]"
699872,7556559,2311,0,"[0, 1]"
699872,7556559,2980,0,"[0, 1]"
699872,7556559,3766,0,"[0, 1]"
699872,7556559,2853,0,"[0, 1]"
699872,7556559,2753,0,"[0, 1]"
699872,7556559,3890,0,"[0, 1]"
699872,7556559,2893,0,"[0, 1]"
699872,7556559,3462,0,"[0, 1]"
699872,7556559,3464,0,"[0, 1]"
699872,7556559,2739,0,"[0, 1]"
699872,7556559,2991,0,"[0, 1]"
699872,7556559,7646087,1,"[0, 1]"
699872,7556559,4165,0,"[0, 1]"
699872,7556559,7118226,1,"[0, 1]"
699872,7556559,4800,0,"[0, 1]"
699872,7556559,7674753,1,"[0, 1]"
699872,7556559,7097165,1,"[0, 1]"
699872,7556559,7272003,1,"[0, 1]"
699872,7556559,4594,0,"[0, 1]"
699872,7556559,4182,0,"[0, 1]"
699872,7556559,7342150,1,"[0, 1]"
699872,7556559,7237632,1,"[0, 1]"
699872,7556559,7456507,1,"[0, 1]"
699872,7556559,7501854,1,"[0, 1]"
699872,7556559,7200386,1,"[0, 1]"
699872,7556559,7426348,1,"[0, 1]"
699872,7556559,316035,1,"[0, 1]"
699872,7556559,1535460,1,"[0, 1]"
699872,7556559,7297666,1,"[0, 1]"
699872,7556559,2332638,1,"[0, 1]"
699872,7556559,7134662,1,"[0, 1]"
699872,7556559,7074071,1,"[0, 1]"
699872,7556559,7242969,1,"[0, 1]"
699872,7556559,7123943,1,"[0, 1]"
699872,7556559,7557520,1,"[0, 1]"
699872,7556559,7263359,1,"[0, 1]"
699872,7556559,7392795,1,"[0, 1]"
699872,7556559,7472685,1,"[0, 1]"
699872,7556559,7580404,1,"[0, 1]"
699872,7556559,7268109,1,"[0, 1]"
699872,7556559,7590811,1,"[0, 1]"
699872,7556559,7585034,1,"[0, 1]"
699872,7556559,7130174,1,"[0, 1]"
699872,7556559,7424055,1,"[0, 1]"
699872,7556559,7645638,1,"[0, 1]"
699872,7556559,7132959,1,"[0, 1]"
699872,7556559,7421160,1,"[0, 1]"
699872,7556559,7193374,1,"[0, 1]"
699872,7556559,7265906,1,"[0, 1]"
699872,7556559,7133800,1,"[0, 1]"
699872,7556559,7170528,1,"[0, 1]"
699872,7556559,7154587,1,"[0, 1]"
699872,7556559,7162902,1,"[0, 1]"
699872,7556559,7533828,1,"[0, 1]"
699872,7556559,7075411,1,"[0, 1]"
699872,7556559,7124027,1,"[0, 1]"
699872,7556559,7111670,1,"[0, 1]"
699872,7556559,7451184,1,"[0, 1]"
699872,7556559,7276764,1,"[0, 1]"
699872,7556559,7072290,1,"[0, 1]"
699872,7556559,5324342,1,"[0, 1]"
599550,7556581,7556581,1,"[1, 0]"
599550,7556581,3626,0,"[1, 0]"
599550,7556581,1812,0,"[1, 0]"
599550,7556581,905,0,"[1, 0]"
599550,7556581,452,0,"[1, 0]"
599550,7556581,225,0,"[1, 0]"
599550,7556581,112,0,"[1, 0]"
599550,7556581,55,0,"[1, 0]"
599550,7556581,27,0,"[1, 0]"
599550,7556581,13,0,"[1, 0]"
599550,7556581,6,0,"[1, 0]"
599550,7556581,2,0,"[1, 0]"
599550,7556581,0,0,"[1, 0]"
599550,7556581,1,0,"[0, 1]"
599550,7556581,2,0,"[0, 1]"
599550,7556581,3,0,"[0, 1]"
599550,7556581,4,0,"[0, 1]"
599550,7556581,6,0,"[0, 1]"
599550,7556581,5,0,"[0, 1]"
599550,7556581,9,0,"[0, 1]"
599550,7556581,7,0,"[0, 1]"
599550,7556581,12,0,"[0, 1]"
599550,7556581,8,0,"[0, 1]"
599550,7556581,13,0,"[0, 1]"
599550,7556581,14,0,"[0, 1]"
599550,7556581,19,0,"[0, 1]"
599550,7556581,22,0,"[0, 1]"
599550,7556581,20,0,"[0, 1]"
599550,7556581,23,0,"[0, 1]"
599550,7556581,18,0,"[0, 1]"
599550,7556581,15,0,"[0, 1]"
599550,7556581,21,0,"[0, 1]"
599550,7556581,24,0,"[0, 1]"
599550,7556581,31,0,"[0, 1]"
599550,7556581,44,0,"[0, 1]"
599550,7556581,60,0,"[0, 1]"
599550,7556581,42,0,"[0, 1]"
599550,7556581,34,0,"[0, 1]"
599550,7556581,62,0,"[0, 1]"
599550,7556581,54,0,"[0, 1]"
599550,7556581,40,0,"[0, 1]"
599550,7556581,50,0,"[0, 1]"
599550,7556581,55,0,"[0, 1]"
599550,7556581,125,0,"[0, 1]"
599550,7556581,65,0,"[0, 1]"
599550,7556581,77,0,"[0, 1]"
599550,7556581,72,0,"[0, 1]"
599550,7556581,87,0,"[0, 1]"
599550,7556581,71,0,"[0, 1]"
599550,7556581,111,0,"[0, 1]"
599550,7556581,113,0,"[0, 1]"
599550,7556581,97,0,"[0, 1]"
599550,7556581,86,0,"[0, 1]"
599550,7556581,79,0,"[0, 1]"
599550,7556581,85,0,"[0, 1]"
599550,7556581,246,0,"[0, 1]"
599550,7556581,159,0,"[0, 1]"
599550,7556581,158,0,"[0, 1]"
599550,7556581,172,0,"[0, 1]"
599550,7556581,211,0,"[0, 1]"
599550,7556581,215,0,"[0, 1]"
599550,7556581,151,0,"[0, 1]"
599550,7556581,184,0,"[0, 1]"
599550,7556581,178,0,"[0, 1]"
599550,7556581,180,0,"[0, 1]"
599550,7556581,223,0,"[0, 1]"
599550,7556581,251,0,"[0, 1]"
599550,7556581,210,0,"[0, 1]"
599550,7556581,137,0,"[0, 1]"
599550,7556581,271,0,"[0, 1]"
599550,7556581,393,0,"[0, 1]"
599550,7556581,327,0,"[0, 1]"
599550,7556581,417,0,"[0, 1]"
599550,7556581,483,0,"[0, 1]"
599550,7556581,415,0,"[0, 1]"
599550,7556581,433,0,"[0, 1]"
599550,7556581,349,0,"[0, 1]"
599550,7556581,482,0,"[0, 1]"
599550,7556581,335,0,"[0, 1]"
599550,7556581,431,0,"[0, 1]"
599550,7556581,504,0,"[0, 1]"
599550,7556581,268,0,"[0, 1]"
599550,7556581,425,0,"[0, 1]"
599550,7556581,258,0,"[0, 1]"
599550,7556581,276,0,"[0, 1]"
599550,7556581,934,0,"[0, 1]"
599550,7556581,962,0,"[0, 1]"
599550,7556581,666,0,"[0, 1]"
599550,7556581,676,0,"[0, 1]"
599550,7556581,922,0,"[0, 1]"
599550,7556581,700,0,"[0, 1]"
599550,7556581,621,0,"[0, 1]"
599550,7556581,780,0,"[0, 1]"
599550,7556581,948,0,"[0, 1]"
599550,7556581,940,0,"[0, 1]"
599550,7556581,852,0,"[0, 1]"
599550,7556581,876,0,"[0, 1]"
599550,7556581,824,0,"[0, 1]"
599550,7556581,705,0,"[0, 1]"
599550,7556581,691,0,"[0, 1]"
599550,7556581,806,0,"[0, 1]"
599550,7556581,591,0,"[0, 1]"
599550,7556581,784,0,"[0, 1]"
599550,7556581,1702,0,"[0, 1]"
599550,7556581,1888,0,"[0, 1]"
599550,7556581,2042,0,"[0, 1]"
599550,7556581,1590,0,"[0, 1]"
599550,7556581,1354,0,"[0, 1]"
599550,7556581,1747,0,"[0, 1]"
599550,7556581,1953,0,"[0, 1]"
599550,7556581,1048,0,"[0, 1]"
599550,7556581,1266,0,"[0, 1]"
599550,7556581,1597,0,"[0, 1]"
599550,7556581,1772,0,"[0, 1]"
599550,7556581,1611,0,"[0, 1]"
599550,7556581,1403,0,"[0, 1]"
599550,7556581,2002,0,"[0, 1]"
599550,7556581,1157,0,"[0, 1]"
599550,7556581,1804,0,"[0, 1]"
599550,7556581,1187,0,"[0, 1]"
599550,7556581,1025,0,"[0, 1]"
599550,7556581,1740,0,"[0, 1]"
599550,7556581,1230,0,"[0, 1]"
599550,7556581,2364,0,"[0, 1]"
599550,7556581,3957,0,"[0, 1]"
599550,7556581,2666,0,"[0, 1]"
599550,7556581,2210,0,"[0, 1]"
599550,7556581,2082,0,"[0, 1]"
599550,7556581,2654,0,"[0, 1]"
599550,7556581,2830,0,"[0, 1]"
599550,7556581,3664,0,"[0, 1]"
599550,7556581,2360,0,"[0, 1]"
599550,7556581,3375,0,"[0, 1]"
599550,7556581,2320,0,"[0, 1]"
599550,7556581,3177,0,"[0, 1]"
599550,7556581,2354,0,"[0, 1]"
599550,7556581,4087,0,"[0, 1]"
599550,7556581,3883,0,"[0, 1]"
599550,7556581,3290,0,"[0, 1]"
599550,7556581,3779,0,"[0, 1]"
599550,7556581,2472,0,"[0, 1]"
599550,7556581,3896,0,"[0, 1]"
599550,7556581,4002,0,"[0, 1]"
599550,7556581,3292,0,"[0, 1]"
599550,7556581,2533,0,"[0, 1]"
599550,7556581,661460,1,"[0, 1]"
599550,7556581,7290847,1,"[0, 1]"
599550,7556581,4364,0,"[0, 1]"
599550,7556581,7238718,1,"[0, 1]"
599550,7556581,7492407,1,"[0, 1]"
599550,7556581,7123013,1,"[0, 1]"
599550,7556581,7237598,1,"[0, 1]"
599550,7556581,7219457,1,"[0, 1]"
599550,7556581,7098433,1,"[0, 1]"
599550,7556581,4246,0,"[0, 1]"
599550,7556581,4130,0,"[0, 1]"
599550,7556581,7078525,1,"[0, 1]"
599550,7556581,7181095,1,"[0, 1]"
599550,7556581,7585667,1,"[0, 1]"
599550,7556581,7365853,1,"[0, 1]"
599550,7556581,7229846,1,"[0, 1]"
599550,7556581,7477789,1,"[0, 1]"
599550,7556581,24284,1,"[0, 1]"
599550,7556581,4289,0,"[0, 1]"
599550,7556581,7072155,1,"[0, 1]"
599550,7556581,4624,0,"[0, 1]"
599550,7556581,7114655,1,"[0, 1]"
599550,7556581,7628598,1,"[0, 1]"
599550,7556581,7465742,1,"[0, 1]"
687245,7556665,7556665,1,"[1, 0]"
687245,7556665,3309,0,"[1, 0]"
687245,7556665,1654,0,"[1, 0]"
687245,7556665,826,0,"[1, 0]"
687245,7556665,412,0,"[1, 0]"
687245,7556665,205,0,"[1, 0]"
687245,7556665,102,0,"[1, 0]"
687245,7556665,50,0,"[1, 0]"
687245,7556665,24,0,"[1, 0]"
687245,7556665,11,0,"[1, 0]"
687245,7556665,5,0,"[1, 0]"
687245,7556665,2,0,"[1, 0]"
687245,7556665,0,0,"[1, 0]"
687245,7556665,1,0,"[0, 1]"
687245,7556665,2,0,"[0, 1]"
687245,7556665,3,0,"[0, 1]"
687245,7556665,5,0,"[0, 1]"
687245,7556665,4,0,"[0, 1]"
687245,7556665,6,0,"[0, 1]"
687245,7556665,8,0,"[0, 1]"
687245,7556665,7,0,"[0, 1]"
687245,7556665,12,0,"[0, 1]"
687245,7556665,11,0,"[0, 1]"
687245,7556665,14,0,"[0, 1]"
687245,7556665,13,0,"[0, 1]"
687245,7556665,15,0,"[0, 1]"
687245,7556665,16,0,"[0, 1]"
687245,7556665,19,0,"[0, 1]"
687245,7556665,30,0,"[0, 1]"
687245,7556665,26,0,"[0, 1]"
687245,7556665,18,0,"[0, 1]"
687245,7556665,22,0,"[0, 1]"
687245,7556665,20,0,"[0, 1]"
687245,7556665,53,0,"[0, 1]"
687245,7556665,40,0,"[0, 1]"
687245,7556665,50,0,"[0, 1]"
687245,7556665,49,0,"[0, 1]"
687245,7556665,59,0,"[0, 1]"
687245,7556665,41,0,"[0, 1]"
687245,7556665,52,0,"[0, 1]"
687245,7556665,31,0,"[0, 1]"
687245,7556665,51,0,"[0, 1]"
687245,7556665,45,0,"[0, 1]"
687245,7556665,89,0,"[0, 1]"
687245,7556665,118,0,"[0, 1]"
687245,7556665,125,0,"[0, 1]"
687245,7556665,96,0,"[0, 1]"
687245,7556665,113,0,"[0, 1]"
687245,7556665,63,0,"[0, 1]"
687245,7556665,115,0,"[0, 1]"
687245,7556665,85,0,"[0, 1]"
687245,7556665,102,0,"[0, 1]"
687245,7556665,111,0,"[0, 1]"
687245,7556665,114,0,"[0, 1]"
687245,7556665,73,0,"[0, 1]"
687245,7556665,211,0,"[0, 1]"
687245,7556665,224,0,"[0, 1]"
687245,7556665,149,0,"[0, 1]"
687245,7556665,220,0,"[0, 1]"
687245,7556665,137,0,"[0, 1]"
687245,7556665,226,0,"[0, 1]"
687245,7556665,131,0,"[0, 1]"
687245,7556665,240,0,"[0, 1]"
687245,7556665,254,0,"[0, 1]"
687245,7556665,188,0,"[0, 1]"
687245,7556665,219,0,"[0, 1]"
687245,7556665,216,0,"[0, 1]"
687245,7556665,150,0,"[0, 1]"
687245,7556665,133,0,"[0, 1]"
687245,7556665,336,0,"[0, 1]"
687245,7556665,263,0,"[0, 1]"
687245,7556665,348,0,"[0, 1]"
687245,7556665,467,0,"[0, 1]"
687245,7556665,418,0,"[0, 1]"
687245,7556665,312,0,"[0, 1]"
687245,7556665,419,0,"[0, 1]"
687245,7556665,342,0,"[0, 1]"
687245,7556665,362,0,"[0, 1]"
687245,7556665,354,0,"[0, 1]"
687245,7556665,390,0,"[0, 1]"
687245,7556665,475,0,"[0, 1]"
687245,7556665,380,0,"[0, 1]"
687245,7556665,408,0,"[0, 1]"
687245,7556665,364,0,"[0, 1]"
687245,7556665,385,0,"[0, 1]"
687245,7556665,571,0,"[0, 1]"
687245,7556665,749,0,"[0, 1]"
687245,7556665,865,0,"[0, 1]"
687245,7556665,736,0,"[0, 1]"
687245,7556665,757,0,"[0, 1]"
687245,7556665,831,0,"[0, 1]"
687245,7556665,721,0,"[0, 1]"
687245,7556665,961,0,"[0, 1]"
687245,7556665,704,0,"[0, 1]"
687245,7556665,973,0,"[0, 1]"
687245,7556665,821,0,"[0, 1]"
687245,7556665,679,0,"[0, 1]"
687245,7556665,877,0,"[0, 1]"
687245,7556665,522,0,"[0, 1]"
687245,7556665,607,0,"[0, 1]"
687245,7556665,951,0,"[0, 1]"
687245,7556665,575,0,"[0, 1]"
687245,7556665,918,0,"[0, 1]"
687245,7556665,1273,0,"[0, 1]"
687245,7556665,1837,0,"[0, 1]"
687245,7556665,1350,0,"[0, 1]"
687245,7556665,1644,0,"[0, 1]"
687245,7556665,1570,0,"[0, 1]"
687245,7556665,1634,0,"[0, 1]"
687245,7556665,1702,0,"[0, 1]"
687245,7556665,1357,0,"[0, 1]"
687245,7556665,1885,0,"[0, 1]"
687245,7556665,1544,0,"[0, 1]"
687245,7556665,1291,0,"[0, 1]"
687245,7556665,1243,0,"[0, 1]"
687245,7556665,1125,0,"[0, 1]"
687245,7556665,1071,0,"[0, 1]"
687245,7556665,1096,0,"[0, 1]"
687245,7556665,1981,0,"[0, 1]"
687245,7556665,1212,0,"[0, 1]"
687245,7556665,1742,0,"[0, 1]"
687245,7556665,1745,0,"[0, 1]"
687245,7556665,1549,0,"[0, 1]"
687245,7556665,3753,0,"[0, 1]"
687245,7556665,4043,0,"[0, 1]"
687245,7556665,2749,0,"[0, 1]"
687245,7556665,4064,0,"[0, 1]"
687245,7556665,2311,0,"[0, 1]"
687245,7556665,3773,0,"[0, 1]"
687245,7556665,2706,0,"[0, 1]"
687245,7556665,2550,0,"[0, 1]"
687245,7556665,3080,0,"[0, 1]"
687245,7556665,3175,0,"[0, 1]"
687245,7556665,2480,0,"[0, 1]"
687245,7556665,3317,0,"[0, 1]"
687245,7556665,3308,0,"[0, 1]"
687245,7556665,2539,0,"[0, 1]"
687245,7556665,2593,0,"[0, 1]"
687245,7556665,3045,0,"[0, 1]"
687245,7556665,3866,0,"[0, 1]"
687245,7556665,3309,0,"[0, 1]"
687245,7556665,3456,0,"[0, 1]"
687245,7556665,2294,0,"[0, 1]"
687245,7556665,4024,0,"[0, 1]"
687245,7556665,2666,0,"[0, 1]"
687245,7556665,4610,0,"[0, 1]"
687245,7556665,4499,0,"[0, 1]"
687245,7556665,7476352,1,"[0, 1]"
687245,7556665,4507,0,"[0, 1]"
687245,7556665,6450955,1,"[0, 1]"
687245,7556665,7422742,1,"[0, 1]"
687245,7556665,7429547,1,"[0, 1]"
687245,7556665,2388250,1,"[0, 1]"
687245,7556665,7682771,1,"[0, 1]"
687245,7556665,7463460,1,"[0, 1]"
687245,7556665,4224,0,"[0, 1]"
687245,7556665,7230131,1,"[0, 1]"
687245,7556665,7468368,1,"[0, 1]"
687245,7556665,7226373,1,"[0, 1]"
687245,7556665,7111408,1,"[0, 1]"
687245,7556665,4482,0,"[0, 1]"
687245,7556665,7194533,1,"[0, 1]"
687245,7556665,7667884,1,"[0, 1]"
687245,7556665,4543,0,"[0, 1]"
687245,7556665,7506791,1,"[0, 1]"
687245,7556665,4534,0,"[0, 1]"
687245,7556665,6529214,1,"[0, 1]"
687245,7556665,114752,1,"[0, 1]"
687245,7556665,7451812,1,"[0, 1]"
438455,7556687,7556687,1,"[1, 0]"
438455,7556687,4377,0,"[1, 0]"
438455,7556687,2688,0,"[1, 0]"
438455,7556687,1343,0,"[1, 0]"
438455,7556687,671,0,"[1, 0]"
438455,7556687,335,0,"[1, 0]"
438455,7556687,167,0,"[1, 0]"
438455,7556687,83,0,"[1, 0]"
438455,7556687,41,0,"[1, 0]"
438455,7556687,20,0,"[1, 0]"
438455,7556687,9,0,"[1, 0]"
438455,7556687,4,0,"[1, 0]"
438455,7556687,1,0,"[1, 0]"
438455,7556687,0,0,"[1, 0]"
438455,7556687,1,0,"[0, 1]"
438455,7556687,2,0,"[0, 1]"
438455,7556687,4,0,"[0, 1]"
438455,7556687,3,0,"[0, 1]"
438455,7556687,5,0,"[0, 1]"
438455,7556687,6,0,"[0, 1]"
438455,7556687,10,0,"[0, 1]"
438455,7556687,11,0,"[0, 1]"
438455,7556687,12,0,"[0, 1]"
438455,7556687,13,0,"[0, 1]"
438455,7556687,14,0,"[0, 1]"
438455,7556687,9,0,"[0, 1]"
438455,7556687,15,0,"[0, 1]"
438455,7556687,25,0,"[0, 1]"
438455,7556687,30,0,"[0, 1]"
438455,7556687,28,0,"[0, 1]"
438455,7556687,19,0,"[0, 1]"
438455,7556687,16,0,"[0, 1]"
438455,7556687,22,0,"[0, 1]"
438455,7556687,27,0,"[0, 1]"
438455,7556687,51,0,"[0, 1]"
438455,7556687,45,0,"[0, 1]"
438455,7556687,43,0,"[0, 1]"
438455,7556687,31,0,"[0, 1]"
438455,7556687,40,0,"[0, 1]"
438455,7556687,55,0,"[0, 1]"
438455,7556687,39,0,"[0, 1]"
438455,7556687,33,0,"[0, 1]"
438455,7556687,59,0,"[0, 1]"
438455,7556687,44,0,"[0, 1]"
438455,7556687,124,0,"[0, 1]"
438455,7556687,118,0,"[0, 1]"
438455,7556687,120,0,"[0, 1]"
438455,7556687,94,0,"[0, 1]"
438455,7556687,89,0,"[0, 1]"
438455,7556687,78,0,"[0, 1]"
438455,7556687,93,0,"[0, 1]"
438455,7556687,82,0,"[0, 1]"
438455,7556687,97,0,"[0, 1]"
438455,7556687,67,0,"[0, 1]"
438455,7556687,114,0,"[0, 1]"
438455,7556687,125,0,"[0, 1]"
438455,7556687,211,0,"[0, 1]"
438455,7556687,191,0,"[0, 1]"
438455,7556687,243,0,"[0, 1]"
438455,7556687,149,0,"[0, 1]"
438455,7556687,250,0,"[0, 1]"
438455,7556687,236,0,"[0, 1]"
438455,7556687,154,0,"[0, 1]"
438455,7556687,240,0,"[0, 1]"
438455,7556687,131,0,"[0, 1]"
438455,7556687,219,0,"[0, 1]"
438455,7556687,141,0,"[0, 1]"
438455,7556687,200,0,"[0, 1]"
438455,7556687,129,0,"[0, 1]"
438455,7556687,230,0,"[0, 1]"
438455,7556687,405,0,"[0, 1]"
438455,7556687,317,0,"[0, 1]"
438455,7556687,387,0,"[0, 1]"
438455,7556687,285,0,"[0, 1]"
438455,7556687,352,0,"[0, 1]"
438455,7556687,342,0,"[0, 1]"
438455,7556687,485,0,"[0, 1]"
438455,7556687,439,0,"[0, 1]"
438455,7556687,299,0,"[0, 1]"
438455,7556687,464,0,"[0, 1]"
438455,7556687,471,0,"[0, 1]"
438455,7556687,280,0,"[0, 1]"
438455,7556687,425,0,"[0, 1]"
438455,7556687,487,0,"[0, 1]"
438455,7556687,456,0,"[0, 1]"
438455,7556687,347,0,"[0, 1]"
438455,7556687,856,0,"[0, 1]"
438455,7556687,554,0,"[0, 1]"
438455,7556687,794,0,"[0, 1]"
438455,7556687,636,0,"[0, 1]"
438455,7556687,717,0,"[0, 1]"
438455,7556687,904,0,"[0, 1]"
438455,7556687,695,0,"[0, 1]"
438455,7556687,876,0,"[0, 1]"
438455,7556687,821,0,"[0, 1]"
438455,7556687,913,0,"[0, 1]"
438455,7556687,855,0,"[0, 1]"
438455,7556687,786,0,"[0, 1]"
438455,7556687,811,0,"[0, 1]"
438455,7556687,694,0,"[0, 1]"
438455,7556687,637,0,"[0, 1]"
438455,7556687,568,0,"[0, 1]"
438455,7556687,881,0,"[0, 1]"
438455,7556687,985,0,"[0, 1]"
438455,7556687,1500,0,"[0, 1]"
438455,7556687,1494,0,"[0, 1]"
438455,7556687,2009,0,"[0, 1]"
438455,7556687,1952,0,"[0, 1]"
438455,7556687,1679,0,"[0, 1]"
438455,7556687,1071,0,"[0, 1]"
438455,7556687,1840,0,"[0, 1]"
438455,7556687,1805,0,"[0, 1]"
438455,7556687,1660,0,"[0, 1]"
438455,7556687,1610,0,"[0, 1]"
438455,7556687,1377,0,"[0, 1]"
438455,7556687,1327,0,"[0, 1]"
438455,7556687,1915,0,"[0, 1]"
438455,7556687,1538,0,"[0, 1]"
438455,7556687,1831,0,"[0, 1]"
438455,7556687,1282,0,"[0, 1]"
438455,7556687,1239,0,"[0, 1]"
438455,7556687,1950,0,"[0, 1]"
438455,7556687,1343,0,"[0, 1]"
438455,7556687,1464,0,"[0, 1]"
438455,7556687,3139,0,"[0, 1]"
438455,7556687,3779,0,"[0, 1]"
438455,7556687,2116,0,"[0, 1]"
438455,7556687,2898,0,"[0, 1]"
438455,7556687,2101,0,"[0, 1]"
438455,7556687,2440,0,"[0, 1]"
438455,7556687,2127,0,"[0, 1]"
438455,7556687,2778,0,"[0, 1]"
438455,7556687,3519,0,"[0, 1]"
438455,7556687,3966,0,"[0, 1]"
438455,7556687,3693,0,"[0, 1]"
438455,7556687,2838,0,"[0, 1]"
438455,7556687,3978,0,"[0, 1]"
438455,7556687,3018,0,"[0, 1]"
438455,7556687,2304,0,"[0, 1]"
438455,7556687,3599,0,"[0, 1]"
438455,7556687,2826,0,"[0, 1]"
438455,7556687,3078,0,"[0, 1]"
438455,7556687,2899,0,"[0, 1]"
438455,7556687,3168,0,"[0, 1]"
438455,7556687,3131,0,"[0, 1]"
438455,7556687,3601,0,"[0, 1]"
438455,7556687,7324169,1,"[0, 1]"
438455,7556687,7117859,1,"[0, 1]"
438455,7556687,4420,0,"[0, 1]"
438455,7556687,7072691,1,"[0, 1]"
438455,7556687,7587373,1,"[0, 1]"
438455,7556687,4305,0,"[0, 1]"
438455,7556687,7334522,1,"[0, 1]"
438455,7556687,7094594,1,"[0, 1]"
438455,7556687,4331,0,"[0, 1]"
438455,7556687,7429973,1,"[0, 1]"
438455,7556687,7291937,1,"[0, 1]"
438455,7556687,4989,0,"[0, 1]"
438455,7556687,7261844,1,"[0, 1]"
438455,7556687,4393,0,"[0, 1]"
438455,7556687,4314,0,"[0, 1]"
438455,7556687,7481663,1,"[0, 1]"
438455,7556687,7590762,1,"[0, 1]"
438455,7556687,4183,0,"[0, 1]"
438455,7556687,7100726,1,"[0, 1]"
438455,7556687,7340517,1,"[0, 1]"
438455,7556687,7534090,1,"[0, 1]"
438455,7556687,7671331,1,"[0, 1]"
438455,7556687,7179733,1,"[0, 1]"
438455,7556687,7337323,1,"[0, 1]"
438455,7556687,7426898,1,"[0, 1]"
438455,7556687,7611282,1,"[0, 1]"
438455,7556687,7290527,1,"[0, 1]"
438455,7556687,7154451,1,"[0, 1]"
438455,7556687,7088918,1,"[0, 1]"
438455,7556687,7587963,1,"[0, 1]"
438455,7556687,7211513,1,"[0, 1]"
438455,7556687,7111936,1,"[0, 1]"
438455,7556687,4678132,1,"[0, 1]"
438455,7556687,613301,1,"[0, 1]"
438455,7556687,7272164,1,"[0, 1]"
438455,7556687,7481497,1,"[0, 1]"
438455,7556687,7472931,1,"[0, 1]"
438455,7556687,7100040,1,"[0, 1]"
438455,7556687,7178272,1,"[0, 1]"
438455,7556687,1213268,1,"[0, 1]"
438455,7556687,7688610,1,"[0, 1]"
438455,7556687,7472654,1,"[0, 1]"
438455,7556687,7484614,1,"[0, 1]"
438455,7556687,7333167,1,"[0, 1]"
438455,7556687,7289721,1,"[0, 1]"
438455,7556687,7119147,1,"[0, 1]"
438455,7556687,7383919,1,"[0, 1]"
438455,7556687,7486687,1,"[0, 1]"
438455,7556687,7586203,1,"[0, 1]"
438455,7556687,7573762,1,"[0, 1]"
1095864,7556859,7556859,1,"[1, 0]"
1095864,7556859,2913,0,"[1, 0]"
1095864,7556859,1456,0,"[1, 0]"
1095864,7556859,727,0,"[1, 0]"
1095864,7556859,363,0,"[1, 0]"
1095864,7556859,181,0,"[1, 0]"
1095864,7556859,90,0,"[1, 0]"
1095864,7556859,44,0,"[1, 0]"
1095864,7556859,21,0,"[1, 0]"
1095864,7556859,10,0,"[1, 0]"
1095864,7556859,4,0,"[1, 0]"
1095864,7556859,1,0,"[1, 0]"
1095864,7556859,0,0,"[1, 0]"
1095864,7556859,1,0,"[0, 1]"
1095864,7556859,2,0,"[0, 1]"
1095864,7556859,4,0,"[0, 1]"
1095864,7556859,3,0,"[0, 1]"
1095864,7556859,6,0,"[0, 1]"
1095864,7556859,5,0,"[0, 1]"
1095864,7556859,11,0,"[0, 1]"
1095864,7556859,9,0,"[0, 1]"
1095864,7556859,10,0,"[0, 1]"
1095864,7556859,7,0,"[0, 1]"
1095864,7556859,12,0,"[0, 1]"
1095864,7556859,14,0,"[0, 1]"
1095864,7556859,21,0,"[0, 1]"
1095864,7556859,25,0,"[0, 1]"
1095864,7556859,23,0,"[0, 1]"
1095864,7556859,28,0,"[0, 1]"
1095864,7556859,18,0,"[0, 1]"
1095864,7556859,17,0,"[0, 1]"
1095864,7556859,19,0,"[0, 1]"
1095864,7556859,26,0,"[0, 1]"
1095864,7556859,53,0,"[0, 1]"
1095864,7556859,61,0,"[0, 1]"
1095864,7556859,46,0,"[0, 1]"
1095864,7556859,47,0,"[0, 1]"
1095864,7556859,58,0,"[0, 1]"
1095864,7556859,35,0,"[0, 1]"
1095864,7556859,34,0,"[0, 1]"
1095864,7556859,62,0,"[0, 1]"
1095864,7556859,33,0,"[0, 1]"
1095864,7556859,60,0,"[0, 1]"
1095864,7556859,105,0,"[0, 1]"
1095864,7556859,91,0,"[0, 1]"
1095864,7556859,99,0,"[0, 1]"
1095864,7556859,84,0,"[0, 1]"
1095864,7556859,97,0,"[0, 1]"
1095864,7556859,70,0,"[0, 1]"
1095864,7556859,89,0,"[0, 1]"
1095864,7556859,100,0,"[0, 1]"
1095864,7556859,117,0,"[0, 1]"
1095864,7556859,86,0,"[0, 1]"
1095864,7556859,69,0,"[0, 1]"
1095864,7556859,79,0,"[0, 1]"
1095864,7556859,134,0,"[0, 1]"
1095864,7556859,241,0,"[0, 1]"
1095864,7556859,159,0,"[0, 1]"
1095864,7556859,175,0,"[0, 1]"
1095864,7556859,132,0,"[0, 1]"
1095864,7556859,234,0,"[0, 1]"
1095864,7556859,233,0,"[0, 1]"
1095864,7556859,146,0,"[0, 1]"
1095864,7556859,212,0,"[0, 1]"
1095864,7556859,221,0,"[0, 1]"
1095864,7556859,249,0,"[0, 1]"
1095864,7556859,133,0,"[0, 1]"
1095864,7556859,136,0,"[0, 1]"
1095864,7556859,253,0,"[0, 1]"
1095864,7556859,315,0,"[0, 1]"
1095864,7556859,372,0,"[0, 1]"
1095864,7556859,367,0,"[0, 1]"
1095864,7556859,421,0,"[0, 1]"
1095864,7556859,458,0,"[0, 1]"
1095864,7556859,320,0,"[0, 1]"
1095864,7556859,275,0,"[0, 1]"
1095864,7556859,334,0,"[0, 1]"
1095864,7556859,272,0,"[0, 1]"
1095864,7556859,398,0,"[0, 1]"
1095864,7556859,383,0,"[0, 1]"
1095864,7556859,255,0,"[0, 1]"
1095864,7556859,453,0,"[0, 1]"
1095864,7556859,459,0,"[0, 1]"
1095864,7556859,434,0,"[0, 1]"
1095864,7556859,481,0,"[0, 1]"
1095864,7556859,824,0,"[0, 1]"
1095864,7556859,603,0,"[0, 1]"
1095864,7556859,676,0,"[0, 1]"
1095864,7556859,664,0,"[0, 1]"
1095864,7556859,796,0,"[0, 1]"
1095864,7556859,945,0,"[0, 1]"
1095864,7556859,695,0,"[0, 1]"
1095864,7556859,716,0,"[0, 1]"
1095864,7556859,833,0,"[0, 1]"
1095864,7556859,621,0,"[0, 1]"
1095864,7556859,924,0,"[0, 1]"
1095864,7556859,980,0,"[0, 1]"
1095864,7556859,987,0,"[0, 1]"
1095864,7556859,887,0,"[0, 1]"
1095864,7556859,679,0,"[0, 1]"
1095864,7556859,633,0,"[0, 1]"
1095864,7556859,851,0,"[0, 1]"
1095864,7556859,985,0,"[0, 1]"
1095864,7556859,1656,0,"[0, 1]"
1095864,7556859,1907,0,"[0, 1]"
1095864,7556859,1538,0,"[0, 1]"
1095864,7556859,2034,0,"[0, 1]"
1095864,7556859,1174,0,"[0, 1]"
1095864,7556859,1565,0,"[0, 1]"
1095864,7556859,1639,0,"[0, 1]"
1095864,7556859,1719,0,"[0, 1]"
1095864,7556859,1443,0,"[0, 1]"
1095864,7556859,1244,0,"[0, 1]"
1095864,7556859,1541,0,"[0, 1]"
1095864,7556859,1415,0,"[0, 1]"
1095864,7556859,1207,0,"[0, 1]"
1095864,7556859,1142,0,"[0, 1]"
1095864,7556859,1268,0,"[0, 1]"
1095864,7556859,1612,0,"[0, 1]"
1095864,7556859,1854,0,"[0, 1]"
1095864,7556859,1272,0,"[0, 1]"
1095864,7556859,1657,0,"[0, 1]"
1095864,7556859,1723,0,"[0, 1]"
1095864,7556859,3004,0,"[0, 1]"
1095864,7556859,4051,0,"[0, 1]"
1095864,7556859,3999,0,"[0, 1]"
1095864,7556859,3925,0,"[0, 1]"
1095864,7556859,2739,0,"[0, 1]"
1095864,7556859,3385,0,"[0, 1]"
1095864,7556859,3136,0,"[0, 1]"
1095864,7556859,3435,0,"[0, 1]"
1095864,7556859,2052,0,"[0, 1]"
1095864,7556859,2640,0,"[0, 1]"
1095864,7556859,3236,0,"[0, 1]"
1095864,7556859,3257,0,"[0, 1]"
1095864,7556859,3340,0,"[0, 1]"
1095864,7556859,3502,0,"[0, 1]"
1095864,7556859,2464,0,"[0, 1]"
1095864,7556859,2805,0,"[0, 1]"
1095864,7556859,4003,0,"[0, 1]"
1095864,7556859,2108,0,"[0, 1]"
1095864,7556859,2551,0,"[0, 1]"
1095864,7556859,3554,0,"[0, 1]"
1095864,7556859,4053,0,"[0, 1]"
1095864,7556859,2798,0,"[0, 1]"
1095864,7556859,4513,0,"[0, 1]"
1095864,7556859,4608341,1,"[0, 1]"
1095864,7556859,7242969,1,"[0, 1]"
1095864,7556859,7632291,1,"[0, 1]"
1095864,7556859,4817,0,"[0, 1]"
1095864,7556859,4977,0,"[0, 1]"
1095864,7556859,7403079,1,"[0, 1]"
1095864,7556859,7259260,1,"[0, 1]"
1095864,7556859,7547353,1,"[0, 1]"
1095864,7556859,7360038,1,"[0, 1]"
1095864,7556859,4441,0,"[0, 1]"
1095864,7556859,4715,0,"[0, 1]"
1095864,7556859,7127588,1,"[0, 1]"
1095864,7556859,4395,0,"[0, 1]"
1095864,7556859,7262837,1,"[0, 1]"
1095864,7556859,7079948,1,"[0, 1]"
1095864,7556859,4734,0,"[0, 1]"
1095864,7556859,7095212,1,"[0, 1]"
1095864,7556859,7114596,1,"[0, 1]"
1095864,7556859,7254039,1,"[0, 1]"
1095864,7556859,4516,0,"[0, 1]"
1095864,7556859,7089215,1,"[0, 1]"
1095864,7556859,7599364,1,"[0, 1]"
1095864,7556859,7274990,1,"[0, 1]"
472448,7556882,7556882,1,"[1, 0]"
472448,7556882,2670,0,"[1, 0]"
472448,7556882,1334,0,"[1, 0]"
472448,7556882,666,0,"[1, 0]"
472448,7556882,332,0,"[1, 0]"
472448,7556882,165,0,"[1, 0]"
472448,7556882,82,0,"[1, 0]"
472448,7556882,40,0,"[1, 0]"
472448,7556882,19,0,"[1, 0]"
472448,7556882,9,0,"[1, 0]"
472448,7556882,4,0,"[1, 0]"
472448,7556882,1,0,"[1, 0]"
472448,7556882,0,0,"[1, 0]"
472448,7556882,1,0,"[0, 1]"
472448,7556882,2,0,"[0, 1]"
472448,7556882,4,0,"[0, 1]"
472448,7556882,5,0,"[0, 1]"
472448,7556882,3,0,"[0, 1]"
472448,7556882,6,0,"[0, 1]"
472448,7556882,11,0,"[0, 1]"
472448,7556882,10,0,"[0, 1]"
472448,7556882,8,0,"[0, 1]"
472448,7556882,9,0,"[0, 1]"
472448,7556882,14,0,"[0, 1]"
472448,7556882,12,0,"[0, 1]"
472448,7556882,17,0,"[0, 1]"
472448,7556882,16,0,"[0, 1]"
472448,7556882,27,0,"[0, 1]"
472448,7556882,30,0,"[0, 1]"
472448,7556882,25,0,"[0, 1]"
472448,7556882,23,0,"[0, 1]"
472448,7556882,24,0,"[0, 1]"
472448,7556882,21,0,"[0, 1]"
472448,7556882,38,0,"[0, 1]"
472448,7556882,58,0,"[0, 1]"
472448,7556882,45,0,"[0, 1]"
472448,7556882,55,0,"[0, 1]"
472448,7556882,51,0,"[0, 1]"
472448,7556882,59,0,"[0, 1]"
472448,7556882,43,0,"[0, 1]"
472448,7556882,49,0,"[0, 1]"
472448,7556882,62,0,"[0, 1]"
472448,7556882,56,0,"[0, 1]"
472448,7556882,90,0,"[0, 1]"
472448,7556882,115,0,"[0, 1]"
472448,7556882,126,0,"[0, 1]"
472448,7556882,86,0,"[0, 1]"
472448,7556882,65,0,"[0, 1]"
472448,7556882,63,0,"[0, 1]"
472448,7556882,103,0,"[0, 1]"
472448,7556882,120,0,"[0, 1]"
472448,7556882,96,0,"[0, 1]"
472448,7556882,108,0,"[0, 1]"
472448,7556882,113,0,"[0, 1]"
472448,7556882,66,0,"[0, 1]"
472448,7556882,155,0,"[0, 1]"
472448,7556882,201,0,"[0, 1]"
472448,7556882,241,0,"[0, 1]"
472448,7556882,180,0,"[0, 1]"
472448,7556882,220,0,"[0, 1]"
472448,7556882,177,0,"[0, 1]"
472448,7556882,215,0,"[0, 1]"
472448,7556882,209,0,"[0, 1]"
472448,7556882,135,0,"[0, 1]"
472448,7556882,248,0,"[0, 1]"
472448,7556882,216,0,"[0, 1]"
472448,7556882,246,0,"[0, 1]"
472448,7556882,228,0,"[0, 1]"
472448,7556882,199,0,"[0, 1]"
472448,7556882,388,0,"[0, 1]"
472448,7556882,260,0,"[0, 1]"
472448,7556882,458,0,"[0, 1]"
472448,7556882,493,0,"[0, 1]"
472448,7556882,373,0,"[0, 1]"
472448,7556882,396,0,"[0, 1]"
472448,7556882,349,0,"[0, 1]"
472448,7556882,313,0,"[0, 1]"
472448,7556882,398,0,"[0, 1]"
472448,7556882,452,0,"[0, 1]"
472448,7556882,413,0,"[0, 1]"
472448,7556882,332,0,"[0, 1]"
472448,7556882,392,0,"[0, 1]"
472448,7556882,509,0,"[0, 1]"
472448,7556882,380,0,"[0, 1]"
472448,7556882,411,0,"[0, 1]"
472448,7556882,832,0,"[0, 1]"
472448,7556882,521,0,"[0, 1]"
472448,7556882,707,0,"[0, 1]"
472448,7556882,990,0,"[0, 1]"
472448,7556882,941,0,"[0, 1]"
472448,7556882,1014,0,"[0, 1]"
472448,7556882,896,0,"[0, 1]"
472448,7556882,730,0,"[0, 1]"
472448,7556882,715,0,"[0, 1]"
472448,7556882,905,0,"[0, 1]"
472448,7556882,592,0,"[0, 1]"
472448,7556882,699,0,"[0, 1]"
472448,7556882,572,0,"[0, 1]"
472448,7556882,784,0,"[0, 1]"
472448,7556882,588,0,"[0, 1]"
472448,7556882,677,0,"[0, 1]"
472448,7556882,918,0,"[0, 1]"
472448,7556882,657,0,"[0, 1]"
472448,7556882,1247,0,"[0, 1]"
472448,7556882,1542,0,"[0, 1]"
472448,7556882,1575,0,"[0, 1]"
472448,7556882,1255,0,"[0, 1]"
472448,7556882,1197,0,"[0, 1]"
472448,7556882,1609,0,"[0, 1]"
472448,7556882,1435,0,"[0, 1]"
472448,7556882,1922,0,"[0, 1]"
472448,7556882,1690,0,"[0, 1]"
472448,7556882,1726,0,"[0, 1]"
472448,7556882,1204,0,"[0, 1]"
472448,7556882,1266,0,"[0, 1]"
472448,7556882,1701,0,"[0, 1]"
472448,7556882,1908,0,"[0, 1]"
472448,7556882,1163,0,"[0, 1]"
472448,7556882,1623,0,"[0, 1]"
472448,7556882,1186,0,"[0, 1]"
472448,7556882,1992,0,"[0, 1]"
472448,7556882,1724,0,"[0, 1]"
472448,7556882,1806,0,"[0, 1]"
472448,7556882,3139,0,"[0, 1]"
472448,7556882,2075,0,"[0, 1]"
472448,7556882,3685,0,"[0, 1]"
472448,7556882,4033,0,"[0, 1]"
472448,7556882,3492,0,"[0, 1]"
472448,7556882,3269,0,"[0, 1]"
472448,7556882,2241,0,"[0, 1]"
472448,7556882,3014,0,"[0, 1]"
472448,7556882,3109,0,"[0, 1]"
472448,7556882,3538,0,"[0, 1]"
472448,7556882,2291,0,"[0, 1]"
472448,7556882,2684,0,"[0, 1]"
472448,7556882,3137,0,"[0, 1]"
472448,7556882,2350,0,"[0, 1]"
472448,7556882,2429,0,"[0, 1]"
472448,7556882,2706,0,"[0, 1]"
472448,7556882,2344,0,"[0, 1]"
472448,7556882,2665,0,"[0, 1]"
472448,7556882,2836,0,"[0, 1]"
472448,7556882,2830,0,"[0, 1]"
472448,7556882,2179,0,"[0, 1]"
472448,7556882,3790,0,"[0, 1]"
472448,7556882,7477283,1,"[0, 1]"
472448,7556882,7189043,1,"[0, 1]"
472448,7556882,7200218,1,"[0, 1]"
472448,7556882,7616512,1,"[0, 1]"
472448,7556882,7115790,1,"[0, 1]"
472448,7556882,7503832,1,"[0, 1]"
472448,7556882,2495184,1,"[0, 1]"
472448,7556882,4355,0,"[0, 1]"
472448,7556882,4952,0,"[0, 1]"
472448,7556882,4639,0,"[0, 1]"
472448,7556882,7613233,1,"[0, 1]"
472448,7556882,7421597,1,"[0, 1]"
472448,7556882,7450646,1,"[0, 1]"
472448,7556882,7193888,1,"[0, 1]"
472448,7556882,7165319,1,"[0, 1]"
472448,7556882,7241678,1,"[0, 1]"
472448,7556882,7238360,1,"[0, 1]"
472448,7556882,7329485,1,"[0, 1]"
472448,7556882,4162,0,"[0, 1]"
472448,7556882,4812,0,"[0, 1]"
472448,7556882,7333163,1,"[0, 1]"
472448,7556882,7158428,1,"[0, 1]"
472448,7556882,4910,0,"[0, 1]"
472448,7556882,4920,0,"[0, 1]"
543813,7557021,7557021,1,"[1, 0]"
543813,7557021,2288,0,"[1, 0]"
543813,7557021,1143,0,"[1, 0]"
543813,7557021,571,0,"[1, 0]"
543813,7557021,285,0,"[1, 0]"
543813,7557021,142,0,"[1, 0]"
543813,7557021,70,0,"[1, 0]"
543813,7557021,34,0,"[1, 0]"
543813,7557021,16,0,"[1, 0]"
543813,7557021,7,0,"[1, 0]"
543813,7557021,3,0,"[1, 0]"
543813,7557021,1,0,"[1, 0]"
543813,7557021,0,0,"[1, 0]"
543813,7557021,2,0,"[0, 1]"
543813,7557021,1,0,"[0, 1]"
543813,7557021,6,0,"[0, 1]"
543813,7557021,4,0,"[0, 1]"
543813,7557021,5,0,"[0, 1]"
543813,7557021,3,0,"[0, 1]"
543813,7557021,8,0,"[0, 1]"
543813,7557021,14,0,"[0, 1]"
543813,7557021,13,0,"[0, 1]"
543813,7557021,11,0,"[0, 1]"
543813,7557021,7,0,"[0, 1]"
543813,7557021,9,0,"[0, 1]"
543813,7557021,22,0,"[0, 1]"
543813,7557021,24,0,"[0, 1]"
543813,7557021,19,0,"[0, 1]"
543813,7557021,17,0,"[0, 1]"
543813,7557021,23,0,"[0, 1]"
543813,7557021,21,0,"[0, 1]"
543813,7557021,18,0,"[0, 1]"
543813,7557021,25,0,"[0, 1]"
543813,7557021,38,0,"[0, 1]"
543813,7557021,55,0,"[0, 1]"
543813,7557021,58,0,"[0, 1]"
543813,7557021,36,0,"[0, 1]"
543813,7557021,42,0,"[0, 1]"
543813,7557021,44,0,"[0, 1]"
543813,7557021,46,0,"[0, 1]"
543813,7557021,60,0,"[0, 1]"
543813,7557021,51,0,"[0, 1]"
543813,7557021,40,0,"[0, 1]"
543813,7557021,119,0,"[0, 1]"
543813,7557021,64,0,"[0, 1]"
543813,7557021,75,0,"[0, 1]"
543813,7557021,106,0,"[0, 1]"
543813,7557021,77,0,"[0, 1]"
543813,7557021,115,0,"[0, 1]"
543813,7557021,83,0,"[0, 1]"
543813,7557021,85,0,"[0, 1]"
543813,7557021,105,0,"[0, 1]"
543813,7557021,126,0,"[0, 1]"
543813,7557021,92,0,"[0, 1]"
543813,7557021,121,0,"[0, 1]"
543813,7557021,215,0,"[0, 1]"
543813,7557021,198,0,"[0, 1]"
543813,7557021,183,0,"[0, 1]"
543813,7557021,137,0,"[0, 1]"
543813,7557021,226,0,"[0, 1]"
543813,7557021,211,0,"[0, 1]"
543813,7557021,164,0,"[0, 1]"
543813,7557021,248,0,"[0, 1]"
543813,7557021,161,0,"[0, 1]"
543813,7557021,196,0,"[0, 1]"
543813,7557021,134,0,"[0, 1]"
543813,7557021,222,0,"[0, 1]"
543813,7557021,208,0,"[0, 1]"
543813,7557021,228,0,"[0, 1]"
543813,7557021,290,0,"[0, 1]"
543813,7557021,474,0,"[0, 1]"
543813,7557021,444,0,"[0, 1]"
543813,7557021,451,0,"[0, 1]"
543813,7557021,306,0,"[0, 1]"
543813,7557021,415,0,"[0, 1]"
543813,7557021,361,0,"[0, 1]"
543813,7557021,333,0,"[0, 1]"
543813,7557021,338,0,"[0, 1]"
543813,7557021,411,0,"[0, 1]"
543813,7557021,419,0,"[0, 1]"
543813,7557021,409,0,"[0, 1]"
543813,7557021,278,0,"[0, 1]"
543813,7557021,289,0,"[0, 1]"
543813,7557021,256,0,"[0, 1]"
543813,7557021,483,0,"[0, 1]"
543813,7557021,848,0,"[0, 1]"
543813,7557021,631,0,"[0, 1]"
543813,7557021,911,0,"[0, 1]"
543813,7557021,590,0,"[0, 1]"
543813,7557021,987,0,"[0, 1]"
543813,7557021,618,0,"[0, 1]"
543813,7557021,902,0,"[0, 1]"
543813,7557021,689,0,"[0, 1]"
543813,7557021,730,0,"[0, 1]"
543813,7557021,938,0,"[0, 1]"
543813,7557021,1021,0,"[0, 1]"
543813,7557021,796,0,"[0, 1]"
543813,7557021,889,0,"[0, 1]"
543813,7557021,581,0,"[0, 1]"
543813,7557021,714,0,"[0, 1]"
543813,7557021,684,0,"[0, 1]"
543813,7557021,849,0,"[0, 1]"
543813,7557021,1008,0,"[0, 1]"
543813,7557021,1446,0,"[0, 1]"
543813,7557021,1473,0,"[0, 1]"
543813,7557021,1969,0,"[0, 1]"
543813,7557021,1083,0,"[0, 1]"
543813,7557021,1242,0,"[0, 1]"
543813,7557021,1476,0,"[0, 1]"
543813,7557021,1356,0,"[0, 1]"
543813,7557021,1378,0,"[0, 1]"
543813,7557021,1917,0,"[0, 1]"
543813,7557021,1931,0,"[0, 1]"
543813,7557021,1579,0,"[0, 1]"
543813,7557021,1617,0,"[0, 1]"
543813,7557021,1575,0,"[0, 1]"
543813,7557021,1174,0,"[0, 1]"
543813,7557021,1569,0,"[0, 1]"
543813,7557021,1763,0,"[0, 1]"
543813,7557021,1727,0,"[0, 1]"
543813,7557021,1583,0,"[0, 1]"
543813,7557021,2024,0,"[0, 1]"
543813,7557021,1591,0,"[0, 1]"
543813,7557021,3550,0,"[0, 1]"
543813,7557021,2211,0,"[0, 1]"
543813,7557021,2906,0,"[0, 1]"
543813,7557021,2898,0,"[0, 1]"
543813,7557021,2505,0,"[0, 1]"
543813,7557021,2400,0,"[0, 1]"
543813,7557021,2450,0,"[0, 1]"
543813,7557021,3483,0,"[0, 1]"
543813,7557021,2050,0,"[0, 1]"
543813,7557021,3092,0,"[0, 1]"
543813,7557021,2594,0,"[0, 1]"
543813,7557021,3305,0,"[0, 1]"
543813,7557021,3222,0,"[0, 1]"
543813,7557021,3017,0,"[0, 1]"
543813,7557021,4079,0,"[0, 1]"
543813,7557021,2112,0,"[0, 1]"
543813,7557021,2458,0,"[0, 1]"
543813,7557021,3361,0,"[0, 1]"
543813,7557021,3989,0,"[0, 1]"
543813,7557021,2474,0,"[0, 1]"
543813,7557021,2619,0,"[0, 1]"
543813,7557021,3861,0,"[0, 1]"
543813,7557021,4225,0,"[0, 1]"
543813,7557021,7247338,1,"[0, 1]"
543813,7557021,7095006,1,"[0, 1]"
543813,7557021,7564348,1,"[0, 1]"
543813,7557021,7104460,1,"[0, 1]"
543813,7557021,7462170,1,"[0, 1]"
543813,7557021,7515803,1,"[0, 1]"
543813,7557021,7403687,1,"[0, 1]"
543813,7557021,7319497,1,"[0, 1]"
543813,7557021,7124139,1,"[0, 1]"
543813,7557021,7297024,1,"[0, 1]"
543813,7557021,4547,0,"[0, 1]"
543813,7557021,7334526,1,"[0, 1]"
543813,7557021,7351322,1,"[0, 1]"
543813,7557021,7571290,1,"[0, 1]"
543813,7557021,7091855,1,"[0, 1]"
543813,7557021,1987259,1,"[0, 1]"
543813,7557021,4852,0,"[0, 1]"
543813,7557021,7451198,1,"[0, 1]"
543813,7557021,7102411,1,"[0, 1]"
543813,7557021,7252539,1,"[0, 1]"
543813,7557021,262205,1,"[0, 1]"
543813,7557021,4586,0,"[0, 1]"
543813,7557021,7585777,1,"[0, 1]"
570905,2693949,2693949,1,"[1, 0]"
570905,2693949,2398,0,"[1, 0]"
570905,2693949,1198,0,"[1, 0]"
570905,2693949,598,0,"[1, 0]"
570905,2693949,298,0,"[1, 0]"
570905,2693949,148,0,"[1, 0]"
570905,2693949,73,0,"[1, 0]"
570905,2693949,36,0,"[1, 0]"
570905,2693949,17,0,"[1, 0]"
570905,2693949,8,0,"[1, 0]"
570905,2693949,3,0,"[1, 0]"
570905,2693949,1,0,"[1, 0]"
570905,2693949,0,0,"[1, 0]"
570905,2693949,2,0,"[0, 1]"
570905,2693949,1,0,"[0, 1]"
570905,2693949,6,0,"[0, 1]"
570905,2693949,4,0,"[0, 1]"
570905,2693949,3,0,"[0, 1]"
570905,2693949,5,0,"[0, 1]"
570905,2693949,7,0,"[0, 1]"
570905,2693949,14,0,"[0, 1]"
570905,2693949,9,0,"[0, 1]"
570905,2693949,8,0,"[0, 1]"
570905,2693949,10,0,"[0, 1]"
570905,2693949,11,0,"[0, 1]"
570905,2693949,18,0,"[0, 1]"
570905,2693949,19,0,"[0, 1]"
570905,2693949,25,0,"[0, 1]"
570905,2693949,17,0,"[0, 1]"
570905,2693949,15,0,"[0, 1]"
570905,2693949,27,0,"[0, 1]"
570905,2693949,23,0,"[0, 1]"
570905,2693949,30,0,"[0, 1]"
570905,2693949,59,0,"[0, 1]"
570905,2693949,41,0,"[0, 1]"
570905,2693949,37,0,"[0, 1]"
570905,2693949,61,0,"[0, 1]"
570905,2693949,58,0,"[0, 1]"
570905,2693949,49,0,"[0, 1]"
570905,2693949,62,0,"[0, 1]"
570905,2693949,57,0,"[0, 1]"
570905,2693949,32,0,"[0, 1]"
570905,2693949,36,0,"[0, 1]"
570905,2693949,96,0,"[0, 1]"
570905,2693949,121,0,"[0, 1]"
570905,2693949,81,0,"[0, 1]"
570905,2693949,126,0,"[0, 1]"
570905,2693949,73,0,"[0, 1]"
570905,2693949,68,0,"[0, 1]"
570905,2693949,93,0,"[0, 1]"
570905,2693949,123,0,"[0, 1]"
570905,2693949,80,0,"[0, 1]"
570905,2693949,102,0,"[0, 1]"
570905,2693949,100,0,"[0, 1]"
570905,2693949,64,0,"[0, 1]"
570905,2693949,252,0,"[0, 1]"
570905,2693949,213,0,"[0, 1]"
570905,2693949,127,0,"[0, 1]"
570905,2693949,207,0,"[0, 1]"
570905,2693949,232,0,"[0, 1]"
570905,2693949,160,0,"[0, 1]"
570905,2693949,163,0,"[0, 1]"
570905,2693949,151,0,"[0, 1]"
570905,2693949,134,0,"[0, 1]"
570905,2693949,150,0,"[0, 1]"
570905,2693949,226,0,"[0, 1]"
570905,2693949,228,0,"[0, 1]"
570905,2693949,196,0,"[0, 1]"
570905,2693949,254,0,"[0, 1]"
570905,2693949,324,0,"[0, 1]"
570905,2693949,296,0,"[0, 1]"
570905,2693949,403,0,"[0, 1]"
570905,2693949,458,0,"[0, 1]"
570905,2693949,418,0,"[0, 1]"
570905,2693949,317,0,"[0, 1]"
570905,2693949,264,0,"[0, 1]"
570905,2693949,485,0,"[0, 1]"
570905,2693949,501,0,"[0, 1]"
570905,2693949,367,0,"[0, 1]"
570905,2693949,328,0,"[0, 1]"
570905,2693949,498,0,"[0, 1]"
570905,2693949,260,0,"[0, 1]"
570905,2693949,347,0,"[0, 1]"
570905,2693949,351,0,"[0, 1]"
570905,2693949,432,0,"[0, 1]"
570905,2693949,1010,0,"[0, 1]"
570905,2693949,692,0,"[0, 1]"
570905,2693949,533,0,"[0, 1]"
570905,2693949,734,0,"[0, 1]"
570905,2693949,685,0,"[0, 1]"
570905,2693949,535,0,"[0, 1]"
570905,2693949,582,0,"[0, 1]"
570905,2693949,624,0,"[0, 1]"
570905,2693949,979,0,"[0, 1]"
570905,2693949,550,0,"[0, 1]"
570905,2693949,938,0,"[0, 1]"
570905,2693949,830,0,"[0, 1]"
570905,2693949,855,0,"[0, 1]"
570905,2693949,600,0,"[0, 1]"
570905,2693949,644,0,"[0, 1]"
570905,2693949,542,0,"[0, 1]"
570905,2693949,534,0,"[0, 1]"
570905,2693949,727,0,"[0, 1]"
570905,2693949,1240,0,"[0, 1]"
570905,2693949,1784,0,"[0, 1]"
570905,2693949,1547,0,"[0, 1]"
570905,2693949,1810,0,"[0, 1]"
570905,2693949,1212,0,"[0, 1]"
570905,2693949,1483,0,"[0, 1]"
570905,2693949,1767,0,"[0, 1]"
570905,2693949,1373,0,"[0, 1]"
570905,2693949,1992,0,"[0, 1]"
570905,2693949,1768,0,"[0, 1]"
570905,2693949,1642,0,"[0, 1]"
570905,2693949,1809,0,"[0, 1]"
570905,2693949,1059,0,"[0, 1]"
570905,2693949,1883,0,"[0, 1]"
570905,2693949,1153,0,"[0, 1]"
570905,2693949,1886,0,"[0, 1]"
570905,2693949,1184,0,"[0, 1]"
570905,2693949,2036,0,"[0, 1]"
570905,2693949,1864,0,"[0, 1]"
570905,2693949,1372,0,"[0, 1]"
570905,2693949,2820,0,"[0, 1]"
570905,2693949,3653,0,"[0, 1]"
570905,2693949,2770,0,"[0, 1]"
570905,2693949,3153,0,"[0, 1]"
570905,2693949,2424,0,"[0, 1]"
570905,2693949,2538,0,"[0, 1]"
570905,2693949,2207,0,"[0, 1]"
570905,2693949,2062,0,"[0, 1]"
570905,2693949,3313,0,"[0, 1]"
570905,2693949,4068,0,"[0, 1]"
570905,2693949,3231,0,"[0, 1]"
570905,2693949,2276,0,"[0, 1]"
570905,2693949,3017,0,"[0, 1]"
570905,2693949,3079,0,"[0, 1]"
570905,2693949,3699,0,"[0, 1]"
570905,2693949,3792,0,"[0, 1]"
570905,2693949,3200,0,"[0, 1]"
570905,2693949,2826,0,"[0, 1]"
570905,2693949,2893,0,"[0, 1]"
570905,2693949,4059,0,"[0, 1]"
570905,2693949,2065,0,"[0, 1]"
570905,2693949,3495,0,"[0, 1]"
570905,2693949,4365,0,"[0, 1]"
570905,2693949,7293032,1,"[0, 1]"
570905,2693949,7638955,1,"[0, 1]"
570905,2693949,7350402,1,"[0, 1]"
570905,2693949,4708,0,"[0, 1]"
570905,2693949,4560,0,"[0, 1]"
570905,2693949,7159288,1,"[0, 1]"
570905,2693949,7076058,1,"[0, 1]"
570905,2693949,7478869,1,"[0, 1]"
570905,2693949,7112303,1,"[0, 1]"
570905,2693949,7673682,1,"[0, 1]"
570905,2693949,7587602,1,"[0, 1]"
570905,2693949,4886,0,"[0, 1]"
570905,2693949,7372511,1,"[0, 1]"
570905,2693949,7477820,1,"[0, 1]"
570905,2693949,7316188,1,"[0, 1]"
570905,2693949,7543899,1,"[0, 1]"
570905,2693949,7669618,1,"[0, 1]"
570905,2693949,7110198,1,"[0, 1]"
570905,2693949,404219,1,"[0, 1]"
570905,2693949,4283626,1,"[0, 1]"
570905,2693949,7548990,1,"[0, 1]"
570905,2693949,7235794,1,"[0, 1]"
570905,2693949,7421115,1,"[0, 1]"
570905,3259271,3259271,1,"[1, 0]"
570905,3259271,2393,0,"[1, 0]"
570905,3259271,1196,0,"[1, 0]"
570905,3259271,597,0,"[1, 0]"
570905,3259271,298,0,"[1, 0]"
570905,3259271,148,0,"[1, 0]"
570905,3259271,73,0,"[1, 0]"
570905,3259271,36,0,"[1, 0]"
570905,3259271,17,0,"[1, 0]"
570905,3259271,8,0,"[1, 0]"
570905,3259271,3,0,"[1, 0]"
570905,3259271,1,0,"[1, 0]"
570905,3259271,0,0,"[1, 0]"
570905,3259271,2,0,"[0, 1]"
570905,3259271,1,0,"[0, 1]"
570905,3259271,6,0,"[0, 1]"
570905,3259271,5,0,"[0, 1]"
570905,3259271,4,0,"[0, 1]"
570905,3259271,3,0,"[0, 1]"
570905,3259271,14,0,"[0, 1]"
570905,3259271,9,0,"[0, 1]"
570905,3259271,10,0,"[0, 1]"
570905,3259271,11,0,"[0, 1]"
570905,3259271,8,0,"[0, 1]"
570905,3259271,12,0,"[0, 1]"
570905,3259271,23,0,"[0, 1]"
570905,3259271,20,0,"[0, 1]"
570905,3259271,24,0,"[0, 1]"
570905,3259271,16,0,"[0, 1]"
570905,3259271,19,0,"[0, 1]"
570905,3259271,22,0,"[0, 1]"
570905,3259271,29,0,"[0, 1]"
570905,3259271,21,0,"[0, 1]"
570905,3259271,56,0,"[0, 1]"
570905,3259271,62,0,"[0, 1]"
570905,3259271,36,0,"[0, 1]"
570905,3259271,47,0,"[0, 1]"
570905,3259271,52,0,"[0, 1]"
570905,3259271,40,0,"[0, 1]"
570905,3259271,32,0,"[0, 1]"
570905,3259271,57,0,"[0, 1]"
570905,3259271,61,0,"[0, 1]"
570905,3259271,35,0,"[0, 1]"
570905,3259271,81,0,"[0, 1]"
570905,3259271,118,0,"[0, 1]"
570905,3259271,105,0,"[0, 1]"
570905,3259271,90,0,"[0, 1]"
570905,3259271,64,0,"[0, 1]"
570905,3259271,84,0,"[0, 1]"
570905,3259271,110,0,"[0, 1]"
570905,3259271,65,0,"[0, 1]"
570905,3259271,95,0,"[0, 1]"
570905,3259271,112,0,"[0, 1]"
570905,3259271,73,0,"[0, 1]"
570905,3259271,85,0,"[0, 1]"
570905,3259271,182,0,"[0, 1]"
570905,3259271,146,0,"[0, 1]"
570905,3259271,243,0,"[0, 1]"
570905,3259271,156,0,"[0, 1]"
570905,3259271,135,0,"[0, 1]"
570905,3259271,230,0,"[0, 1]"
570905,3259271,248,0,"[0, 1]"
570905,3259271,228,0,"[0, 1]"
570905,3259271,245,0,"[0, 1]"
570905,3259271,246,0,"[0, 1]"
570905,3259271,191,0,"[0, 1]"
570905,3259271,231,0,"[0, 1]"
570905,3259271,221,0,"[0, 1]"
570905,3259271,133,0,"[0, 1]"
570905,3259271,328,0,"[0, 1]"
570905,3259271,495,0,"[0, 1]"
570905,3259271,469,0,"[0, 1]"
570905,3259271,448,0,"[0, 1]"
570905,3259271,437,0,"[0, 1]"
570905,3259271,407,0,"[0, 1]"
570905,3259271,307,0,"[0, 1]"
570905,3259271,370,0,"[0, 1]"
570905,3259271,355,0,"[0, 1]"
570905,3259271,348,0,"[0, 1]"
570905,3259271,333,0,"[0, 1]"
570905,3259271,387,0,"[0, 1]"
570905,3259271,344,0,"[0, 1]"
570905,3259271,383,0,"[0, 1]"
570905,3259271,298,0,"[0, 1]"
570905,3259271,426,0,"[0, 1]"
570905,3259271,929,0,"[0, 1]"
570905,3259271,908,0,"[0, 1]"
570905,3259271,946,0,"[0, 1]"
570905,3259271,609,0,"[0, 1]"
570905,3259271,522,0,"[0, 1]"
570905,3259271,996,0,"[0, 1]"
570905,3259271,624,0,"[0, 1]"
570905,3259271,654,0,"[0, 1]"
570905,3259271,643,0,"[0, 1]"
570905,3259271,762,0,"[0, 1]"
570905,3259271,519,0,"[0, 1]"
570905,3259271,809,0,"[0, 1]"
570905,3259271,653,0,"[0, 1]"
570905,3259271,894,0,"[0, 1]"
570905,3259271,542,0,"[0, 1]"
570905,3259271,864,0,"[0, 1]"
570905,3259271,1012,0,"[0, 1]"
570905,3259271,872,0,"[0, 1]"
570905,3259271,1040,0,"[0, 1]"
570905,3259271,1998,0,"[0, 1]"
570905,3259271,1651,0,"[0, 1]"
570905,3259271,1888,0,"[0, 1]"
570905,3259271,1299,0,"[0, 1]"
570905,3259271,1086,0,"[0, 1]"
570905,3259271,1806,0,"[0, 1]"
570905,3259271,1661,0,"[0, 1]"
570905,3259271,1857,0,"[0, 1]"
570905,3259271,1904,0,"[0, 1]"
570905,3259271,1211,0,"[0, 1]"
570905,3259271,1081,0,"[0, 1]"
570905,3259271,1176,0,"[0, 1]"
570905,3259271,1573,0,"[0, 1]"
570905,3259271,1694,0,"[0, 1]"
570905,3259271,1674,0,"[0, 1]"
570905,3259271,2025,0,"[0, 1]"
570905,3259271,1420,0,"[0, 1]"
570905,3259271,1538,0,"[0, 1]"
570905,3259271,1153,0,"[0, 1]"
570905,3259271,2532,0,"[0, 1]"
570905,3259271,3107,0,"[0, 1]"
570905,3259271,3488,0,"[0, 1]"
570905,3259271,3537,0,"[0, 1]"
570905,3259271,2363,0,"[0, 1]"
570905,3259271,3197,0,"[0, 1]"
570905,3259271,3422,0,"[0, 1]"
570905,3259271,3230,0,"[0, 1]"
570905,3259271,2238,0,"[0, 1]"
570905,3259271,2049,0,"[0, 1]"
570905,3259271,3547,0,"[0, 1]"
570905,3259271,2803,0,"[0, 1]"
570905,3259271,2828,0,"[0, 1]"
570905,3259271,3365,0,"[0, 1]"
570905,3259271,3333,0,"[0, 1]"
570905,3259271,2626,0,"[0, 1]"
570905,3259271,2133,0,"[0, 1]"
570905,3259271,2979,0,"[0, 1]"
570905,3259271,3348,0,"[0, 1]"
570905,3259271,2953,0,"[0, 1]"
570905,3259271,3225,0,"[0, 1]"
570905,3259271,3497,0,"[0, 1]"
570905,3259271,7493757,1,"[0, 1]"
570905,3259271,4817,0,"[0, 1]"
570905,3259271,7687991,1,"[0, 1]"
570905,3259271,4300,0,"[0, 1]"
570905,3259271,4788847,1,"[0, 1]"
570905,3259271,7353185,1,"[0, 1]"
570905,3259271,4837,0,"[0, 1]"
570905,3259271,7371014,1,"[0, 1]"
570905,3259271,7598434,1,"[0, 1]"
570905,3259271,7129866,1,"[0, 1]"
570905,3259271,7472063,1,"[0, 1]"
570905,3259271,7086051,1,"[0, 1]"
570905,3259271,7454261,1,"[0, 1]"
570905,3259271,4665,0,"[0, 1]"
570905,3259271,7302992,1,"[0, 1]"
570905,3259271,7312117,1,"[0, 1]"
570905,3259271,4997,0,"[0, 1]"
570905,3259271,7609557,1,"[0, 1]"
570905,3259271,7686944,1,"[0, 1]"
570905,3259271,4419,0,"[0, 1]"
570905,3259271,7166524,1,"[0, 1]"
570905,3259271,7287898,1,"[0, 1]"
570905,3259271,4798,0,"[0, 1]"
570905,3259271,7557434,1,"[0, 1]"
570905,1612955,1612955,1,"[1, 0]"
570905,1612955,4296,0,"[1, 0]"
570905,1612955,2503,0,"[1, 0]"
570905,1612955,1251,0,"[1, 0]"
570905,1612955,625,0,"[1, 0]"
570905,1612955,312,0,"[1, 0]"
570905,1612955,155,0,"[1, 0]"
570905,1612955,77,0,"[1, 0]"
570905,1612955,38,0,"[1, 0]"
570905,1612955,18,0,"[1, 0]"
570905,1612955,8,0,"[1, 0]"
570905,1612955,3,0,"[1, 0]"
570905,1612955,1,0,"[1, 0]"
570905,1612955,0,0,"[1, 0]"
570905,1612955,1,0,"[0, 1]"
570905,1612955,2,0,"[0, 1]"
570905,1612955,5,0,"[0, 1]"
570905,1612955,3,0,"[0, 1]"
570905,1612955,6,0,"[0, 1]"
570905,1612955,4,0,"[0, 1]"
570905,1612955,8,0,"[0, 1]"
570905,1612955,10,0,"[0, 1]"
570905,1612955,7,0,"[0, 1]"
570905,1612955,14,0,"[0, 1]"
570905,1612955,12,0,"[0, 1]"
570905,1612955,13,0,"[0, 1]"
570905,1612955,29,0,"[0, 1]"
570905,1612955,21,0,"[0, 1]"
570905,1612955,17,0,"[0, 1]"
570905,1612955,26,0,"[0, 1]"
570905,1612955,18,0,"[0, 1]"
570905,1612955,15,0,"[0, 1]"
570905,1612955,28,0,"[0, 1]"
570905,1612955,19,0,"[0, 1]"
570905,1612955,61,0,"[0, 1]"
570905,1612955,44,0,"[0, 1]"
570905,1612955,34,0,"[0, 1]"
570905,1612955,41,0,"[0, 1]"
570905,1612955,36,0,"[0, 1]"
570905,1612955,35,0,"[0, 1]"
570905,1612955,55,0,"[0, 1]"
570905,1612955,32,0,"[0, 1]"
570905,1612955,39,0,"[0, 1]"
570905,1612955,46,0,"[0, 1]"
570905,1612955,95,0,"[0, 1]"
570905,1612955,74,0,"[0, 1]"
570905,1612955,81,0,"[0, 1]"
570905,1612955,99,0,"[0, 1]"
570905,1612955,107,0,"[0, 1]"
570905,1612955,101,0,"[0, 1]"
570905,1612955,72,0,"[0, 1]"
570905,1612955,100,0,"[0, 1]"
570905,1612955,93,0,"[0, 1]"
570905,1612955,90,0,"[0, 1]"
570905,1612955,79,0,"[0, 1]"
570905,1612955,85,0,"[0, 1]"
570905,1612955,240,0,"[0, 1]"
570905,1612955,249,0,"[0, 1]"
570905,1612955,134,0,"[0, 1]"
570905,1612955,161,0,"[0, 1]"
570905,1612955,241,0,"[0, 1]"
570905,1612955,194,0,"[0, 1]"
570905,1612955,251,0,"[0, 1]"
570905,1612955,179,0,"[0, 1]"
570905,1612955,227,0,"[0, 1]"
570905,1612955,180,0,"[0, 1]"
570905,1612955,159,0,"[0, 1]"
570905,1612955,183,0,"[0, 1]"
570905,1612955,127,0,"[0, 1]"
570905,1612955,198,0,"[0, 1]"
570905,1612955,307,0,"[0, 1]"
570905,1612955,442,0,"[0, 1]"
570905,1612955,485,0,"[0, 1]"
570905,1612955,486,0,"[0, 1]"
570905,1612955,284,0,"[0, 1]"
570905,1612955,498,0,"[0, 1]"
570905,1612955,472,0,"[0, 1]"
570905,1612955,334,0,"[0, 1]"
570905,1612955,371,0,"[0, 1]"
570905,1612955,366,0,"[0, 1]"
570905,1612955,491,0,"[0, 1]"
570905,1612955,299,0,"[0, 1]"
570905,1612955,497,0,"[0, 1]"
570905,1612955,330,0,"[0, 1]"
570905,1612955,377,0,"[0, 1]"
570905,1612955,305,0,"[0, 1]"
570905,1612955,902,0,"[0, 1]"
570905,1612955,680,0,"[0, 1]"
570905,1612955,958,0,"[0, 1]"
570905,1612955,668,0,"[0, 1]"
570905,1612955,600,0,"[0, 1]"
570905,1612955,706,0,"[0, 1]"
570905,1612955,541,0,"[0, 1]"
570905,1612955,711,0,"[0, 1]"
570905,1612955,549,0,"[0, 1]"
570905,1612955,947,0,"[0, 1]"
570905,1612955,542,0,"[0, 1]"
570905,1612955,611,0,"[0, 1]"
570905,1612955,954,0,"[0, 1]"
570905,1612955,639,0,"[0, 1]"
570905,1612955,870,0,"[0, 1]"
570905,1612955,742,0,"[0, 1]"
570905,1612955,879,0,"[0, 1]"
570905,1612955,587,0,"[0, 1]"
570905,1612955,1742,0,"[0, 1]"
570905,1612955,1097,0,"[0, 1]"
570905,1612955,1704,0,"[0, 1]"
570905,1612955,1805,0,"[0, 1]"
570905,1612955,1100,0,"[0, 1]"
570905,1612955,1055,0,"[0, 1]"
570905,1612955,1940,0,"[0, 1]"
570905,1612955,1269,0,"[0, 1]"
570905,1612955,2008,0,"[0, 1]"
570905,1612955,1178,0,"[0, 1]"
570905,1612955,1594,0,"[0, 1]"
570905,1612955,1962,0,"[0, 1]"
570905,1612955,1500,0,"[0, 1]"
570905,1612955,1885,0,"[0, 1]"
570905,1612955,1976,0,"[0, 1]"
570905,1612955,1257,0,"[0, 1]"
570905,1612955,1140,0,"[0, 1]"
570905,1612955,1452,0,"[0, 1]"
570905,1612955,1461,0,"[0, 1]"
570905,1612955,1400,0,"[0, 1]"
570905,1612955,2804,0,"[0, 1]"
570905,1612955,2180,0,"[0, 1]"
570905,1612955,3761,0,"[0, 1]"
570905,1612955,3847,0,"[0, 1]"
570905,1612955,2122,0,"[0, 1]"
570905,1612955,2388,0,"[0, 1]"
570905,1612955,3837,0,"[0, 1]"
570905,1612955,3188,0,"[0, 1]"
570905,1612955,3298,0,"[0, 1]"
570905,1612955,2609,0,"[0, 1]"
570905,1612955,2674,0,"[0, 1]"
570905,1612955,3262,0,"[0, 1]"
570905,1612955,2047,0,"[0, 1]"
570905,1612955,3310,0,"[0, 1]"
570905,1612955,2556,0,"[0, 1]"
570905,1612955,2816,0,"[0, 1]"
570905,1612955,3416,0,"[0, 1]"
570905,1612955,3656,0,"[0, 1]"
570905,1612955,3128,0,"[0, 1]"
570905,1612955,2415,0,"[0, 1]"
570905,1612955,2979,0,"[0, 1]"
570905,1612955,3116,0,"[0, 1]"
570905,1612955,7496627,1,"[0, 1]"
570905,1612955,7608823,1,"[0, 1]"
570905,1612955,7141792,1,"[0, 1]"
570905,1612955,4939,0,"[0, 1]"
570905,1612955,4881,0,"[0, 1]"
570905,1612955,4955,0,"[0, 1]"
570905,1612955,7391225,1,"[0, 1]"
570905,1612955,7510125,1,"[0, 1]"
570905,1612955,537325,1,"[0, 1]"
570905,1612955,7142099,1,"[0, 1]"
570905,1612955,4300,0,"[0, 1]"
570905,1612955,7393590,1,"[0, 1]"
570905,1612955,7354712,1,"[0, 1]"
570905,1612955,7187592,1,"[0, 1]"
570905,1612955,4672,0,"[0, 1]"
570905,1612955,5578949,1,"[0, 1]"
570905,1612955,7570390,1,"[0, 1]"
570905,1612955,4517,0,"[0, 1]"
570905,1612955,4441,0,"[0, 1]"
570905,1612955,7079948,1,"[0, 1]"
570905,1612955,7544224,1,"[0, 1]"
570905,1612955,4267,0,"[0, 1]"
570905,1612955,4431,0,"[0, 1]"
570905,1612955,4386,0,"[0, 1]"
570905,1612955,7261053,1,"[0, 1]"
570905,1612955,7318114,1,"[0, 1]"
570905,1612955,292978,1,"[0, 1]"
570905,1612955,7431235,1,"[0, 1]"
570905,1612955,7146390,1,"[0, 1]"
570905,1612955,7129309,1,"[0, 1]"
570905,1612955,7633166,1,"[0, 1]"
570905,1612955,7587676,1,"[0, 1]"
570905,1612955,7256142,1,"[0, 1]"
570905,1612955,7535295,1,"[0, 1]"
570905,1612955,4294906,1,"[0, 1]"
570905,1612955,7579764,1,"[0, 1]"
570905,1612955,7490252,1,"[0, 1]"
570905,1612955,7138919,1,"[0, 1]"
570905,1612955,7512494,1,"[0, 1]"
570905,1612955,7396051,1,"[0, 1]"
570905,1612955,7221489,1,"[0, 1]"
570905,1612955,7088918,1,"[0, 1]"
570905,1612955,7433120,1,"[0, 1]"
570905,1612955,7640001,1,"[0, 1]"
570905,1612955,7657002,1,"[0, 1]"
570905,1612955,146220,1,"[0, 1]"
570905,1612955,7684964,1,"[0, 1]"
570905,1612955,7183753,1,"[0, 1]"
570905,1612955,7602696,1,"[0, 1]"
570905,1612955,7161185,1,"[0, 1]"
619159,7557173,7557173,1,"[1, 0]"
619159,7557173,2549,0,"[1, 0]"
619159,7557173,1274,0,"[1, 0]"
619159,7557173,636,0,"[1, 0]"
619159,7557173,317,0,"[1, 0]"
619159,7557173,158,0,"[1, 0]"
619159,7557173,78,0,"[1, 0]"
619159,7557173,38,0,"[1, 0]"
619159,7557173,18,0,"[1, 0]"
619159,7557173,8,0,"[1, 0]"
619159,7557173,3,0,"[1, 0]"
619159,7557173,1,0,"[1, 0]"
619159,7557173,0,0,"[1, 0]"
619159,7557173,2,0,"[0, 1]"
619159,7557173,1,0,"[0, 1]"
619159,7557173,4,0,"[0, 1]"
619159,7557173,5,0,"[0, 1]"
619159,7557173,3,0,"[0, 1]"
619159,7557173,6,0,"[0, 1]"
619159,7557173,10,0,"[0, 1]"
619159,7557173,13,0,"[0, 1]"
619159,7557173,9,0,"[0, 1]"
619159,7557173,11,0,"[0, 1]"
619159,7557173,8,0,"[0, 1]"
619159,7557173,12,0,"[0, 1]"
619159,7557173,18,0,"[0, 1]"
619159,7557173,24,0,"[0, 1]"
619159,7557173,25,0,"[0, 1]"
619159,7557173,23,0,"[0, 1]"
619159,7557173,29,0,"[0, 1]"
619159,7557173,19,0,"[0, 1]"
619159,7557173,20,0,"[0, 1]"
619159,7557173,22,0,"[0, 1]"
619159,7557173,39,0,"[0, 1]"
619159,7557173,35,0,"[0, 1]"
619159,7557173,43,0,"[0, 1]"
619159,7557173,56,0,"[0, 1]"
619159,7557173,62,0,"[0, 1]"
619159,7557173,51,0,"[0, 1]"
619159,7557173,44,0,"[0, 1]"
619159,7557173,58,0,"[0, 1]"
619159,7557173,32,0,"[0, 1]"
619159,7557173,48,0,"[0, 1]"
619159,7557173,84,0,"[0, 1]"
619159,7557173,114,0,"[0, 1]"
619159,7557173,124,0,"[0, 1]"
619159,7557173,88,0,"[0, 1]"
619159,7557173,123,0,"[0, 1]"
619159,7557173,76,0,"[0, 1]"
619159,7557173,117,0,"[0, 1]"
619159,7557173,109,0,"[0, 1]"
619159,7557173,86,0,"[0, 1]"
619159,7557173,111,0,"[0, 1]"
619159,7557173,99,0,"[0, 1]"
619159,7557173,73,0,"[0, 1]"
619159,7557173,149,0,"[0, 1]"
619159,7557173,252,0,"[0, 1]"
619159,7557173,234,0,"[0, 1]"
619159,7557173,215,0,"[0, 1]"
619159,7557173,169,0,"[0, 1]"
619159,7557173,244,0,"[0, 1]"
619159,7557173,129,0,"[0, 1]"
619159,7557173,254,0,"[0, 1]"
619159,7557173,194,0,"[0, 1]"
619159,7557173,245,0,"[0, 1]"
619159,7557173,224,0,"[0, 1]"
619159,7557173,212,0,"[0, 1]"
619159,7557173,227,0,"[0, 1]"
619159,7557173,248,0,"[0, 1]"
619159,7557173,445,0,"[0, 1]"
619159,7557173,401,0,"[0, 1]"
619159,7557173,371,0,"[0, 1]"
619159,7557173,484,0,"[0, 1]"
619159,7557173,405,0,"[0, 1]"
619159,7557173,321,0,"[0, 1]"
619159,7557173,446,0,"[0, 1]"
619159,7557173,314,0,"[0, 1]"
619159,7557173,402,0,"[0, 1]"
619159,7557173,286,0,"[0, 1]"
619159,7557173,420,0,"[0, 1]"
619159,7557173,256,0,"[0, 1]"
619159,7557173,419,0,"[0, 1]"
619159,7557173,425,0,"[0, 1]"
619159,7557173,260,0,"[0, 1]"
619159,7557173,326,0,"[0, 1]"
619159,7557173,753,0,"[0, 1]"
619159,7557173,807,0,"[0, 1]"
619159,7557173,938,0,"[0, 1]"
619159,7557173,845,0,"[0, 1]"
619159,7557173,703,0,"[0, 1]"
619159,7557173,974,0,"[0, 1]"
619159,7557173,782,0,"[0, 1]"
619159,7557173,705,0,"[0, 1]"
619159,7557173,707,0,"[0, 1]"
619159,7557173,601,0,"[0, 1]"
619159,7557173,973,0,"[0, 1]"
619159,7557173,991,0,"[0, 1]"
619159,7557173,794,0,"[0, 1]"
619159,7557173,664,0,"[0, 1]"
619159,7557173,882,0,"[0, 1]"
619159,7557173,847,0,"[0, 1]"
619159,7557173,623,0,"[0, 1]"
619159,7557173,894,0,"[0, 1]"
619159,7557173,1627,0,"[0, 1]"
619159,7557173,1837,0,"[0, 1]"
619159,7557173,1399,0,"[0, 1]"
619159,7557173,1978,0,"[0, 1]"
619159,7557173,1625,0,"[0, 1]"
619159,7557173,1171,0,"[0, 1]"
619159,7557173,1494,0,"[0, 1]"
619159,7557173,1318,0,"[0, 1]"
619159,7557173,1703,0,"[0, 1]"
619159,7557173,1843,0,"[0, 1]"
619159,7557173,1833,0,"[0, 1]"
619159,7557173,1851,0,"[0, 1]"
619159,7557173,2022,0,"[0, 1]"
619159,7557173,1517,0,"[0, 1]"
619159,7557173,1511,0,"[0, 1]"
619159,7557173,1979,0,"[0, 1]"
619159,7557173,1216,0,"[0, 1]"
619159,7557173,1437,0,"[0, 1]"
619159,7557173,1503,0,"[0, 1]"
619159,7557173,1798,0,"[0, 1]"
619159,7557173,3488,0,"[0, 1]"
619159,7557173,2946,0,"[0, 1]"
619159,7557173,2139,0,"[0, 1]"
619159,7557173,3381,0,"[0, 1]"
619159,7557173,2867,0,"[0, 1]"
619159,7557173,2340,0,"[0, 1]"
619159,7557173,3837,0,"[0, 1]"
619159,7557173,3714,0,"[0, 1]"
619159,7557173,2278,0,"[0, 1]"
619159,7557173,2780,0,"[0, 1]"
619159,7557173,2902,0,"[0, 1]"
619159,7557173,3152,0,"[0, 1]"
619159,7557173,4055,0,"[0, 1]"
619159,7557173,3700,0,"[0, 1]"
619159,7557173,3252,0,"[0, 1]"
619159,7557173,2674,0,"[0, 1]"
619159,7557173,2306,0,"[0, 1]"
619159,7557173,2209,0,"[0, 1]"
619159,7557173,3248,0,"[0, 1]"
619159,7557173,3489,0,"[0, 1]"
619159,7557173,4054,0,"[0, 1]"
619159,7557173,2204,0,"[0, 1]"
619159,7557173,7644294,1,"[0, 1]"
619159,7557173,7122970,1,"[0, 1]"
619159,7557173,4971,0,"[0, 1]"
619159,7557173,1732575,1,"[0, 1]"
619159,7557173,4632,0,"[0, 1]"
619159,7557173,4237,0,"[0, 1]"
619159,7557173,7227323,1,"[0, 1]"
619159,7557173,7299213,1,"[0, 1]"
619159,7557173,7541154,1,"[0, 1]"
619159,7557173,7410478,1,"[0, 1]"
619159,7557173,7082472,1,"[0, 1]"
619159,7557173,7087159,1,"[0, 1]"
619159,7557173,4133,0,"[0, 1]"
619159,7557173,4250,0,"[0, 1]"
619159,7557173,4741,0,"[0, 1]"
619159,7557173,7140047,1,"[0, 1]"
619159,7557173,4207,0,"[0, 1]"
619159,7557173,7068493,1,"[0, 1]"
619159,7557173,4433,0,"[0, 1]"
619159,7557173,7498156,1,"[0, 1]"
619159,7557173,4223,0,"[0, 1]"
619159,7557173,7590829,1,"[0, 1]"
619159,7557173,7269879,1,"[0, 1]"
619159,7557173,7078250,1,"[0, 1]"
282411,1245358,1245358,1,"[1, 0]"
282411,1245358,4674,0,"[1, 0]"
282411,1245358,3359,0,"[1, 0]"
282411,1245358,1679,0,"[1, 0]"
282411,1245358,839,0,"[1, 0]"
282411,1245358,419,0,"[1, 0]"
282411,1245358,209,0,"[1, 0]"
282411,1245358,104,0,"[1, 0]"
282411,1245358,51,0,"[1, 0]"
282411,1245358,25,0,"[1, 0]"
282411,1245358,12,0,"[1, 0]"
282411,1245358,5,0,"[1, 0]"
282411,1245358,2,0,"[1, 0]"
282411,1245358,0,0,"[1, 0]"
282411,1245358,1,0,"[0, 1]"
282411,1245358,2,0,"[0, 1]"
282411,1245358,3,0,"[0, 1]"
282411,1245358,5,0,"[0, 1]"
282411,1245358,6,0,"[0, 1]"
282411,1245358,4,0,"[0, 1]"
282411,1245358,14,0,"[0, 1]"
282411,1245358,9,0,"[0, 1]"
282411,1245358,8,0,"[0, 1]"
282411,1245358,11,0,"[0, 1]"
282411,1245358,12,0,"[0, 1]"
282411,1245358,10,0,"[0, 1]"
282411,1245358,28,0,"[0, 1]"
282411,1245358,22,0,"[0, 1]"
282411,1245358,25,0,"[0, 1]"
282411,1245358,18,0,"[0, 1]"
282411,1245358,16,0,"[0, 1]"
282411,1245358,23,0,"[0, 1]"
282411,1245358,21,0,"[0, 1]"
282411,1245358,30,0,"[0, 1]"
282411,1245358,31,0,"[0, 1]"
282411,1245358,45,0,"[0, 1]"
282411,1245358,49,0,"[0, 1]"
282411,1245358,54,0,"[0, 1]"
282411,1245358,43,0,"[0, 1]"
282411,1245358,44,0,"[0, 1]"
282411,1245358,36,0,"[0, 1]"
282411,1245358,61,0,"[0, 1]"
282411,1245358,38,0,"[0, 1]"
282411,1245358,35,0,"[0, 1]"
282411,1245358,108,0,"[0, 1]"
282411,1245358,99,0,"[0, 1]"
282411,1245358,68,0,"[0, 1]"
282411,1245358,84,0,"[0, 1]"
282411,1245358,114,0,"[0, 1]"
282411,1245358,78,0,"[0, 1]"
282411,1245358,112,0,"[0, 1]"
282411,1245358,71,0,"[0, 1]"
282411,1245358,111,0,"[0, 1]"
282411,1245358,89,0,"[0, 1]"
282411,1245358,98,0,"[0, 1]"
282411,1245358,105,0,"[0, 1]"
282411,1245358,209,0,"[0, 1]"
282411,1245358,197,0,"[0, 1]"
282411,1245358,236,0,"[0, 1]"
282411,1245358,163,0,"[0, 1]"
282411,1245358,248,0,"[0, 1]"
282411,1245358,129,0,"[0, 1]"
282411,1245358,170,0,"[0, 1]"
282411,1245358,157,0,"[0, 1]"
282411,1245358,247,0,"[0, 1]"
282411,1245358,161,0,"[0, 1]"
282411,1245358,137,0,"[0, 1]"
282411,1245358,127,0,"[0, 1]"
282411,1245358,160,0,"[0, 1]"
282411,1245358,140,0,"[0, 1]"
282411,1245358,276,0,"[0, 1]"
282411,1245358,317,0,"[0, 1]"
282411,1245358,421,0,"[0, 1]"
282411,1245358,330,0,"[0, 1]"
282411,1245358,386,0,"[0, 1]"
282411,1245358,360,0,"[0, 1]"
282411,1245358,363,0,"[0, 1]"
282411,1245358,302,0,"[0, 1]"
282411,1245358,489,0,"[0, 1]"
282411,1245358,450,0,"[0, 1]"
282411,1245358,377,0,"[0, 1]"
282411,1245358,325,0,"[0, 1]"
282411,1245358,470,0,"[0, 1]"
282411,1245358,258,0,"[0, 1]"
282411,1245358,448,0,"[0, 1]"
282411,1245358,271,0,"[0, 1]"
282411,1245358,778,0,"[0, 1]"
282411,1245358,764,0,"[0, 1]"
282411,1245358,986,0,"[0, 1]"
282411,1245358,996,0,"[0, 1]"
282411,1245358,574,0,"[0, 1]"
282411,1245358,1008,0,"[0, 1]"
282411,1245358,938,0,"[0, 1]"
282411,1245358,728,0,"[0, 1]"
282411,1245358,707,0,"[0, 1]"
282411,1245358,846,0,"[0, 1]"
282411,1245358,662,0,"[0, 1]"
282411,1245358,859,0,"[0, 1]"
282411,1245358,683,0,"[0, 1]"
282411,1245358,661,0,"[0, 1]"
282411,1245358,602,0,"[0, 1]"
282411,1245358,856,0,"[0, 1]"
282411,1245358,893,0,"[0, 1]"
282411,1245358,745,0,"[0, 1]"
282411,1245358,1122,0,"[0, 1]"
282411,1245358,1622,0,"[0, 1]"
282411,1245358,1026,0,"[0, 1]"
282411,1245358,1733,0,"[0, 1]"
282411,1245358,1119,0,"[0, 1]"
282411,1245358,1946,0,"[0, 1]"
282411,1245358,1868,0,"[0, 1]"
282411,1245358,1584,0,"[0, 1]"
282411,1245358,1998,0,"[0, 1]"
282411,1245358,1052,0,"[0, 1]"
282411,1245358,2002,0,"[0, 1]"
282411,1245358,1773,0,"[0, 1]"
282411,1245358,1150,0,"[0, 1]"
282411,1245358,1080,0,"[0, 1]"
282411,1245358,1718,0,"[0, 1]"
282411,1245358,1838,0,"[0, 1]"
282411,1245358,1971,0,"[0, 1]"
282411,1245358,2011,0,"[0, 1]"
282411,1245358,1617,0,"[0, 1]"
282411,1245358,1882,0,"[0, 1]"
282411,1245358,3399,0,"[0, 1]"
282411,1245358,2147,0,"[0, 1]"
282411,1245358,2280,0,"[0, 1]"
282411,1245358,3460,0,"[0, 1]"
282411,1245358,3771,0,"[0, 1]"
282411,1245358,3754,0,"[0, 1]"
282411,1245358,2504,0,"[0, 1]"
282411,1245358,3360,0,"[0, 1]"
282411,1245358,3049,0,"[0, 1]"
282411,1245358,4083,0,"[0, 1]"
282411,1245358,4073,0,"[0, 1]"
282411,1245358,2614,0,"[0, 1]"
282411,1245358,2940,0,"[0, 1]"
282411,1245358,3267,0,"[0, 1]"
282411,1245358,2325,0,"[0, 1]"
282411,1245358,2592,0,"[0, 1]"
282411,1245358,2346,0,"[0, 1]"
282411,1245358,3181,0,"[0, 1]"
282411,1245358,3995,0,"[0, 1]"
282411,1245358,2086,0,"[0, 1]"
282411,1245358,2188,0,"[0, 1]"
282411,1245358,2745,0,"[0, 1]"
282411,1245358,7414432,1,"[0, 1]"
282411,1245358,7581740,1,"[0, 1]"
282411,1245358,7657978,1,"[0, 1]"
282411,1245358,7178616,1,"[0, 1]"
282411,1245358,7556581,1,"[0, 1]"
282411,1245358,19009,1,"[0, 1]"
282411,1245358,7421558,1,"[0, 1]"
282411,1245358,7067796,1,"[0, 1]"
282411,1245358,7288502,1,"[0, 1]"
282411,1245358,4819,0,"[0, 1]"
282411,1245358,7110198,1,"[0, 1]"
282411,1245358,7212433,1,"[0, 1]"
282411,1245358,223186,1,"[0, 1]"
282411,1245358,4816,0,"[0, 1]"
282411,1245358,7234681,1,"[0, 1]"
282411,1245358,7543852,1,"[0, 1]"
282411,1245358,7261293,1,"[0, 1]"
282411,1245358,1967245,1,"[0, 1]"
282411,1245358,7497667,1,"[0, 1]"
282411,1245358,4789,0,"[0, 1]"
282411,1245358,4213,0,"[0, 1]"
282411,1245358,7071501,1,"[0, 1]"
282411,1245358,4253,0,"[0, 1]"
282411,1245358,7664995,1,"[0, 1]"
282411,1245358,7604553,1,"[0, 1]"
282411,1245358,7666026,1,"[0, 1]"
282411,1245358,7424106,1,"[0, 1]"
282411,1245358,7550141,1,"[0, 1]"
282411,1245358,7406716,1,"[0, 1]"
282411,1245358,7684758,1,"[0, 1]"
282411,1245358,7544458,1,"[0, 1]"
282411,1245358,7627761,1,"[0, 1]"
282411,1245358,7086510,1,"[0, 1]"
282411,1245358,5832346,1,"[0, 1]"
282411,1245358,7657002,1,"[0, 1]"
282411,1245358,7480492,1,"[0, 1]"
282411,1245358,7154432,1,"[0, 1]"
282411,1245358,7189068,1,"[0, 1]"
282411,1245358,7533828,1,"[0, 1]"
282411,1245358,7081482,1,"[0, 1]"
282411,1245358,7537962,1,"[0, 1]"
282411,1245358,7108413,1,"[0, 1]"
282411,1245358,7144926,1,"[0, 1]"
282411,1245358,7201930,1,"[0, 1]"
282411,1245358,1050990,1,"[0, 1]"
282411,1245358,7472685,1,"[0, 1]"
282411,1245358,7481497,1,"[0, 1]"
282411,1245358,7093089,1,"[0, 1]"
282411,1245358,7204987,1,"[0, 1]"
282411,1245358,7331582,1,"[0, 1]"
595568,7557260,7557260,1,"[1, 0]"
595568,7557260,3276,0,"[1, 0]"
595568,7557260,1637,0,"[1, 0]"
595568,7557260,818,0,"[1, 0]"
595568,7557260,408,0,"[1, 0]"
595568,7557260,203,0,"[1, 0]"
595568,7557260,101,0,"[1, 0]"
595568,7557260,50,0,"[1, 0]"
595568,7557260,24,0,"[1, 0]"
595568,7557260,11,0,"[1, 0]"
595568,7557260,5,0,"[1, 0]"
595568,7557260,2,0,"[1, 0]"
595568,7557260,0,0,"[1, 0]"
595568,7557260,1,0,"[0, 1]"
595568,7557260,2,0,"[0, 1]"
595568,7557260,5,0,"[0, 1]"
595568,7557260,4,0,"[0, 1]"
595568,7557260,3,0,"[0, 1]"
595568,7557260,6,0,"[0, 1]"
595568,7557260,12,0,"[0, 1]"
595568,7557260,13,0,"[0, 1]"
595568,7557260,8,0,"[0, 1]"
595568,7557260,14,0,"[0, 1]"
595568,7557260,9,0,"[0, 1]"
595568,7557260,7,0,"[0, 1]"
595568,7557260,16,0,"[0, 1]"
595568,7557260,28,0,"[0, 1]"
595568,7557260,17,0,"[0, 1]"
595568,7557260,22,0,"[0, 1]"
595568,7557260,15,0,"[0, 1]"
595568,7557260,19,0,"[0, 1]"
595568,7557260,29,0,"[0, 1]"
595568,7557260,30,0,"[0, 1]"
595568,7557260,31,0,"[0, 1]"
595568,7557260,41,0,"[0, 1]"
595568,7557260,40,0,"[0, 1]"
595568,7557260,32,0,"[0, 1]"
595568,7557260,51,0,"[0, 1]"
595568,7557260,56,0,"[0, 1]"
595568,7557260,36,0,"[0, 1]"
595568,7557260,38,0,"[0, 1]"
595568,7557260,33,0,"[0, 1]"
595568,7557260,60,0,"[0, 1]"
595568,7557260,124,0,"[0, 1]"
595568,7557260,121,0,"[0, 1]"
595568,7557260,68,0,"[0, 1]"
595568,7557260,71,0,"[0, 1]"
595568,7557260,122,0,"[0, 1]"
595568,7557260,70,0,"[0, 1]"
595568,7557260,98,0,"[0, 1]"
595568,7557260,88,0,"[0, 1]"
595568,7557260,67,0,"[0, 1]"
595568,7557260,110,0,"[0, 1]"
595568,7557260,104,0,"[0, 1]"
595568,7557260,100,0,"[0, 1]"
595568,7557260,225,0,"[0, 1]"
595568,7557260,183,0,"[0, 1]"
595568,7557260,147,0,"[0, 1]"
595568,7557260,251,0,"[0, 1]"
595568,7557260,248,0,"[0, 1]"
595568,7557260,249,0,"[0, 1]"
595568,7557260,171,0,"[0, 1]"
595568,7557260,182,0,"[0, 1]"
595568,7557260,152,0,"[0, 1]"
595568,7557260,142,0,"[0, 1]"
595568,7557260,240,0,"[0, 1]"
595568,7557260,160,0,"[0, 1]"
595568,7557260,151,0,"[0, 1]"
595568,7557260,181,0,"[0, 1]"
595568,7557260,284,0,"[0, 1]"
595568,7557260,442,0,"[0, 1]"
595568,7557260,341,0,"[0, 1]"
595568,7557260,384,0,"[0, 1]"
595568,7557260,351,0,"[0, 1]"
595568,7557260,448,0,"[0, 1]"
595568,7557260,446,0,"[0, 1]"
595568,7557260,460,0,"[0, 1]"
595568,7557260,457,0,"[0, 1]"
595568,7557260,378,0,"[0, 1]"
595568,7557260,401,0,"[0, 1]"
595568,7557260,320,0,"[0, 1]"
595568,7557260,425,0,"[0, 1]"
595568,7557260,297,0,"[0, 1]"
595568,7557260,386,0,"[0, 1]"
595568,7557260,497,0,"[0, 1]"
595568,7557260,797,0,"[0, 1]"
595568,7557260,886,0,"[0, 1]"
595568,7557260,679,0,"[0, 1]"
595568,7557260,904,0,"[0, 1]"
595568,7557260,795,0,"[0, 1]"
595568,7557260,769,0,"[0, 1]"
595568,7557260,579,0,"[0, 1]"
595568,7557260,853,0,"[0, 1]"
595568,7557260,688,0,"[0, 1]"
595568,7557260,511,0,"[0, 1]"
595568,7557260,528,0,"[0, 1]"
595568,7557260,520,0,"[0, 1]"
595568,7557260,843,0,"[0, 1]"
595568,7557260,805,0,"[0, 1]"
595568,7557260,821,0,"[0, 1]"
595568,7557260,947,0,"[0, 1]"
595568,7557260,803,0,"[0, 1]"
595568,7557260,562,0,"[0, 1]"
595568,7557260,1321,0,"[0, 1]"
595568,7557260,1675,0,"[0, 1]"
595568,7557260,1258,0,"[0, 1]"
595568,7557260,1319,0,"[0, 1]"
595568,7557260,1346,0,"[0, 1]"
595568,7557260,1043,0,"[0, 1]"
595568,7557260,1682,0,"[0, 1]"
595568,7557260,1535,0,"[0, 1]"
595568,7557260,1921,0,"[0, 1]"
595568,7557260,1911,0,"[0, 1]"
595568,7557260,1185,0,"[0, 1]"
595568,7557260,1661,0,"[0, 1]"
595568,7557260,2040,0,"[0, 1]"
595568,7557260,1879,0,"[0, 1]"
595568,7557260,1354,0,"[0, 1]"
595568,7557260,1589,0,"[0, 1]"
595568,7557260,1508,0,"[0, 1]"
595568,7557260,1362,0,"[0, 1]"
595568,7557260,1716,0,"[0, 1]"
595568,7557260,1696,0,"[0, 1]"
595568,7557260,3927,0,"[0, 1]"
595568,7557260,3182,0,"[0, 1]"
595568,7557260,3426,0,"[0, 1]"
595568,7557260,2396,0,"[0, 1]"
595568,7557260,2240,0,"[0, 1]"
595568,7557260,2480,0,"[0, 1]"
595568,7557260,2519,0,"[0, 1]"
595568,7557260,3573,0,"[0, 1]"
595568,7557260,2089,0,"[0, 1]"
595568,7557260,2582,0,"[0, 1]"
595568,7557260,2110,0,"[0, 1]"
595568,7557260,3842,0,"[0, 1]"
595568,7557260,3830,0,"[0, 1]"
595568,7557260,2352,0,"[0, 1]"
595568,7557260,2990,0,"[0, 1]"
595568,7557260,2319,0,"[0, 1]"
595568,7557260,3474,0,"[0, 1]"
595568,7557260,4083,0,"[0, 1]"
595568,7557260,2679,0,"[0, 1]"
595568,7557260,4033,0,"[0, 1]"
595568,7557260,3373,0,"[0, 1]"
595568,7557260,3351,0,"[0, 1]"
595568,7557260,7671331,1,"[0, 1]"
595568,7557260,7436659,1,"[0, 1]"
595568,7557260,180622,1,"[0, 1]"
595568,7557260,7499518,1,"[0, 1]"
595568,7557260,7421597,1,"[0, 1]"
595568,7557260,7093109,1,"[0, 1]"
595568,7557260,7250988,1,"[0, 1]"
595568,7557260,4150,0,"[0, 1]"
595568,7557260,4190,0,"[0, 1]"
595568,7557260,7333867,1,"[0, 1]"
595568,7557260,7085252,1,"[0, 1]"
595568,7557260,7162983,1,"[0, 1]"
595568,7557260,7153085,1,"[0, 1]"
595568,7557260,7292947,1,"[0, 1]"
595568,7557260,7616512,1,"[0, 1]"
595568,7557260,7512854,1,"[0, 1]"
595568,7557260,7552368,1,"[0, 1]"
595568,7557260,7625246,1,"[0, 1]"
595568,7557260,4816,0,"[0, 1]"
595568,7557260,7377277,1,"[0, 1]"
595568,7557260,7173996,1,"[0, 1]"
595568,7557260,7187373,1,"[0, 1]"
595568,7557260,7518616,1,"[0, 1]"
595568,7557260,4488,0,"[0, 1]"
87926,7557306,7557306,1,"[1, 0]"
87926,7557306,4073,0,"[1, 0]"
87926,7557306,2036,0,"[1, 0]"
87926,7557306,1017,0,"[1, 0]"
87926,7557306,508,0,"[1, 0]"
87926,7557306,253,0,"[1, 0]"
87926,7557306,126,0,"[1, 0]"
87926,7557306,62,0,"[1, 0]"
87926,7557306,30,0,"[1, 0]"
87926,7557306,14,0,"[1, 0]"
87926,7557306,6,0,"[1, 0]"
87926,7557306,2,0,"[1, 0]"
87926,7557306,0,0,"[1, 0]"
87926,7557306,2,0,"[0, 1]"
87926,7557306,1,0,"[0, 1]"
87926,7557306,5,0,"[0, 1]"
87926,7557306,3,0,"[0, 1]"
87926,7557306,6,0,"[0, 1]"
87926,7557306,4,0,"[0, 1]"
87926,7557306,8,0,"[0, 1]"
87926,7557306,11,0,"[0, 1]"
87926,7557306,13,0,"[0, 1]"
87926,7557306,9,0,"[0, 1]"
87926,7557306,14,0,"[0, 1]"
87926,7557306,10,0,"[0, 1]"
87926,7557306,27,0,"[0, 1]"
87926,7557306,30,0,"[0, 1]"
87926,7557306,17,0,"[0, 1]"
87926,7557306,22,0,"[0, 1]"
87926,7557306,20,0,"[0, 1]"
87926,7557306,29,0,"[0, 1]"
87926,7557306,24,0,"[0, 1]"
87926,7557306,26,0,"[0, 1]"
87926,7557306,52,0,"[0, 1]"
87926,7557306,36,0,"[0, 1]"
87926,7557306,53,0,"[0, 1]"
87926,7557306,35,0,"[0, 1]"
87926,7557306,56,0,"[0, 1]"
87926,7557306,43,0,"[0, 1]"
87926,7557306,48,0,"[0, 1]"
87926,7557306,49,0,"[0, 1]"
87926,7557306,60,0,"[0, 1]"
87926,7557306,57,0,"[0, 1]"
87926,7557306,63,0,"[0, 1]"
87926,7557306,65,0,"[0, 1]"
87926,7557306,89,0,"[0, 1]"
87926,7557306,98,0,"[0, 1]"
87926,7557306,66,0,"[0, 1]"
87926,7557306,107,0,"[0, 1]"
87926,7557306,69,0,"[0, 1]"
87926,7557306,92,0,"[0, 1]"
87926,7557306,100,0,"[0, 1]"
87926,7557306,124,0,"[0, 1]"
87926,7557306,71,0,"[0, 1]"
87926,7557306,77,0,"[0, 1]"
87926,7557306,132,0,"[0, 1]"
87926,7557306,159,0,"[0, 1]"
87926,7557306,152,0,"[0, 1]"
87926,7557306,148,0,"[0, 1]"
87926,7557306,206,0,"[0, 1]"
87926,7557306,134,0,"[0, 1]"
87926,7557306,145,0,"[0, 1]"
87926,7557306,208,0,"[0, 1]"
87926,7557306,246,0,"[0, 1]"
87926,7557306,183,0,"[0, 1]"
87926,7557306,254,0,"[0, 1]"
87926,7557306,127,0,"[0, 1]"
87926,7557306,195,0,"[0, 1]"
87926,7557306,142,0,"[0, 1]"
87926,7557306,413,0,"[0, 1]"
87926,7557306,310,0,"[0, 1]"
87926,7557306,268,0,"[0, 1]"
87926,7557306,505,0,"[0, 1]"
87926,7557306,435,0,"[0, 1]"
87926,7557306,261,0,"[0, 1]"
87926,7557306,364,0,"[0, 1]"
87926,7557306,272,0,"[0, 1]"
87926,7557306,481,0,"[0, 1]"
87926,7557306,342,0,"[0, 1]"
87926,7557306,412,0,"[0, 1]"
87926,7557306,438,0,"[0, 1]"
87926,7557306,331,0,"[0, 1]"
87926,7557306,369,0,"[0, 1]"
87926,7557306,306,0,"[0, 1]"
87926,7557306,324,0,"[0, 1]"
87926,7557306,859,0,"[0, 1]"
87926,7557306,936,0,"[0, 1]"
87926,7557306,884,0,"[0, 1]"
87926,7557306,562,0,"[0, 1]"
87926,7557306,761,0,"[0, 1]"
87926,7557306,681,0,"[0, 1]"
87926,7557306,627,0,"[0, 1]"
87926,7557306,531,0,"[0, 1]"
87926,7557306,517,0,"[0, 1]"
87926,7557306,637,0,"[0, 1]"
87926,7557306,814,0,"[0, 1]"
87926,7557306,909,0,"[0, 1]"
87926,7557306,729,0,"[0, 1]"
87926,7557306,591,0,"[0, 1]"
87926,7557306,952,0,"[0, 1]"
87926,7557306,824,0,"[0, 1]"
87926,7557306,779,0,"[0, 1]"
87926,7557306,513,0,"[0, 1]"
87926,7557306,1624,0,"[0, 1]"
87926,7557306,1587,0,"[0, 1]"
87926,7557306,1354,0,"[0, 1]"
87926,7557306,1482,0,"[0, 1]"
87926,7557306,1418,0,"[0, 1]"
87926,7557306,1406,0,"[0, 1]"
87926,7557306,1433,0,"[0, 1]"
87926,7557306,1485,0,"[0, 1]"
87926,7557306,1170,0,"[0, 1]"
87926,7557306,1512,0,"[0, 1]"
87926,7557306,1860,0,"[0, 1]"
87926,7557306,1920,0,"[0, 1]"
87926,7557306,1099,0,"[0, 1]"
87926,7557306,1815,0,"[0, 1]"
87926,7557306,1929,0,"[0, 1]"
87926,7557306,1670,0,"[0, 1]"
87926,7557306,1852,0,"[0, 1]"
87926,7557306,1581,0,"[0, 1]"
87926,7557306,1228,0,"[0, 1]"
87926,7557306,1516,0,"[0, 1]"
87926,7557306,2230,0,"[0, 1]"
87926,7557306,4030,0,"[0, 1]"
87926,7557306,2788,0,"[0, 1]"
87926,7557306,2578,0,"[0, 1]"
87926,7557306,3760,0,"[0, 1]"
87926,7557306,2812,0,"[0, 1]"
87926,7557306,3952,0,"[0, 1]"
87926,7557306,2433,0,"[0, 1]"
87926,7557306,3901,0,"[0, 1]"
87926,7557306,2224,0,"[0, 1]"
87926,7557306,3127,0,"[0, 1]"
87926,7557306,3269,0,"[0, 1]"
87926,7557306,2594,0,"[0, 1]"
87926,7557306,3483,0,"[0, 1]"
87926,7557306,3061,0,"[0, 1]"
87926,7557306,3226,0,"[0, 1]"
87926,7557306,3421,0,"[0, 1]"
87926,7557306,3170,0,"[0, 1]"
87926,7557306,2247,0,"[0, 1]"
87926,7557306,3259,0,"[0, 1]"
87926,7557306,2473,0,"[0, 1]"
87926,7557306,2102,0,"[0, 1]"
87926,7557306,7402811,1,"[0, 1]"
87926,7557306,7144619,1,"[0, 1]"
87926,7557306,7436847,1,"[0, 1]"
87926,7557306,4339,0,"[0, 1]"
87926,7557306,7089760,1,"[0, 1]"
87926,7557306,4359,0,"[0, 1]"
87926,7557306,7147901,1,"[0, 1]"
87926,7557306,4325,0,"[0, 1]"
87926,7557306,4694,0,"[0, 1]"
87926,7557306,4950,0,"[0, 1]"
87926,7557306,6970659,1,"[0, 1]"
87926,7557306,7497736,1,"[0, 1]"
87926,7557306,7600724,1,"[0, 1]"
87926,7557306,4139,0,"[0, 1]"
87926,7557306,7442823,1,"[0, 1]"
87926,7557306,7212184,1,"[0, 1]"
87926,7557306,7689813,1,"[0, 1]"
87926,7557306,4434,0,"[0, 1]"
87926,7557306,4446,0,"[0, 1]"
87926,7557306,4339068,1,"[0, 1]"
87926,7557306,7108916,1,"[0, 1]"
87926,7557306,7384636,1,"[0, 1]"
87926,7557306,7209485,1,"[0, 1]"
87926,7557306,4153,0,"[0, 1]"
1095857,7557434,7557434,1,"[1, 0]"
1095857,7557434,2914,0,"[1, 0]"
1095857,7557434,1456,0,"[1, 0]"
1095857,7557434,727,0,"[1, 0]"
1095857,7557434,363,0,"[1, 0]"
1095857,7557434,181,0,"[1, 0]"
1095857,7557434,90,0,"[1, 0]"
1095857,7557434,44,0,"[1, 0]"
1095857,7557434,21,0,"[1, 0]"
1095857,7557434,10,0,"[1, 0]"
1095857,7557434,4,0,"[1, 0]"
1095857,7557434,1,0,"[1, 0]"
1095857,7557434,0,0,"[1, 0]"
1095857,7557434,1,0,"[0, 1]"
1095857,7557434,2,0,"[0, 1]"
1095857,7557434,3,0,"[0, 1]"
1095857,7557434,5,0,"[0, 1]"
1095857,7557434,4,0,"[0, 1]"
1095857,7557434,6,0,"[0, 1]"
1095857,7557434,10,0,"[0, 1]"
1095857,7557434,12,0,"[0, 1]"
1095857,7557434,7,0,"[0, 1]"
1095857,7557434,11,0,"[0, 1]"
1095857,7557434,8,0,"[0, 1]"
1095857,7557434,13,0,"[0, 1]"
1095857,7557434,20,0,"[0, 1]"
1095857,7557434,30,0,"[0, 1]"
1095857,7557434,18,0,"[0, 1]"
1095857,7557434,22,0,"[0, 1]"
1095857,7557434,28,0,"[0, 1]"
1095857,7557434,21,0,"[0, 1]"
1095857,7557434,29,0,"[0, 1]"
1095857,7557434,17,0,"[0, 1]"
1095857,7557434,52,0,"[0, 1]"
1095857,7557434,59,0,"[0, 1]"
1095857,7557434,62,0,"[0, 1]"
1095857,7557434,42,0,"[0, 1]"
1095857,7557434,40,0,"[0, 1]"
1095857,7557434,32,0,"[0, 1]"
1095857,7557434,45,0,"[0, 1]"
1095857,7557434,44,0,"[0, 1]"
1095857,7557434,46,0,"[0, 1]"
1095857,7557434,48,0,"[0, 1]"
1095857,7557434,109,0,"[0, 1]"
1095857,7557434,93,0,"[0, 1]"
1095857,7557434,72,0,"[0, 1]"
1095857,7557434,122,0,"[0, 1]"
1095857,7557434,92,0,"[0, 1]"
1095857,7557434,87,0,"[0, 1]"
1095857,7557434,108,0,"[0, 1]"
1095857,7557434,71,0,"[0, 1]"
1095857,7557434,107,0,"[0, 1]"
1095857,7557434,91,0,"[0, 1]"
1095857,7557434,80,0,"[0, 1]"
1095857,7557434,70,0,"[0, 1]"
1095857,7557434,143,0,"[0, 1]"
1095857,7557434,217,0,"[0, 1]"
1095857,7557434,212,0,"[0, 1]"
1095857,7557434,225,0,"[0, 1]"
1095857,7557434,207,0,"[0, 1]"
1095857,7557434,144,0,"[0, 1]"
1095857,7557434,168,0,"[0, 1]"
1095857,7557434,242,0,"[0, 1]"
1095857,7557434,154,0,"[0, 1]"
1095857,7557434,202,0,"[0, 1]"
1095857,7557434,245,0,"[0, 1]"
1095857,7557434,244,0,"[0, 1]"
1095857,7557434,161,0,"[0, 1]"
1095857,7557434,157,0,"[0, 1]"
1095857,7557434,493,0,"[0, 1]"
1095857,7557434,331,0,"[0, 1]"
1095857,7557434,503,0,"[0, 1]"
1095857,7557434,308,0,"[0, 1]"
1095857,7557434,447,0,"[0, 1]"
1095857,7557434,369,0,"[0, 1]"
1095857,7557434,479,0,"[0, 1]"
1095857,7557434,311,0,"[0, 1]"
1095857,7557434,398,0,"[0, 1]"
1095857,7557434,411,0,"[0, 1]"
1095857,7557434,307,0,"[0, 1]"
1095857,7557434,510,0,"[0, 1]"
1095857,7557434,276,0,"[0, 1]"
1095857,7557434,257,0,"[0, 1]"
1095857,7557434,422,0,"[0, 1]"
1095857,7557434,497,0,"[0, 1]"
1095857,7557434,729,0,"[0, 1]"
1095857,7557434,616,0,"[0, 1]"
1095857,7557434,586,0,"[0, 1]"
1095857,7557434,589,0,"[0, 1]"
1095857,7557434,946,0,"[0, 1]"
1095857,7557434,827,0,"[0, 1]"
1095857,7557434,988,0,"[0, 1]"
1095857,7557434,998,0,"[0, 1]"
1095857,7557434,631,0,"[0, 1]"
1095857,7557434,685,0,"[0, 1]"
1095857,7557434,521,0,"[0, 1]"
1095857,7557434,1000,0,"[0, 1]"
1095857,7557434,533,0,"[0, 1]"
1095857,7557434,903,0,"[0, 1]"
1095857,7557434,728,0,"[0, 1]"
1095857,7557434,960,0,"[0, 1]"
1095857,7557434,1008,0,"[0, 1]"
1095857,7557434,1003,0,"[0, 1]"
1095857,7557434,2018,0,"[0, 1]"
1095857,7557434,1701,0,"[0, 1]"
1095857,7557434,1350,0,"[0, 1]"
1095857,7557434,1123,0,"[0, 1]"
1095857,7557434,1624,0,"[0, 1]"
1095857,7557434,1130,0,"[0, 1]"
1095857,7557434,1596,0,"[0, 1]"
1095857,7557434,2040,0,"[0, 1]"
1095857,7557434,2035,0,"[0, 1]"
1095857,7557434,1240,0,"[0, 1]"
1095857,7557434,1983,0,"[0, 1]"
1095857,7557434,1680,0,"[0, 1]"
1095857,7557434,1933,0,"[0, 1]"
1095857,7557434,1213,0,"[0, 1]"
1095857,7557434,1059,0,"[0, 1]"
1095857,7557434,1501,0,"[0, 1]"
1095857,7557434,1897,0,"[0, 1]"
1095857,7557434,1410,0,"[0, 1]"
1095857,7557434,1577,0,"[0, 1]"
1095857,7557434,1231,0,"[0, 1]"
1095857,7557434,3787,0,"[0, 1]"
1095857,7557434,3006,0,"[0, 1]"
1095857,7557434,2805,0,"[0, 1]"
1095857,7557434,2988,0,"[0, 1]"
1095857,7557434,3209,0,"[0, 1]"
1095857,7557434,3789,0,"[0, 1]"
1095857,7557434,2059,0,"[0, 1]"
1095857,7557434,2382,0,"[0, 1]"
1095857,7557434,3709,0,"[0, 1]"
1095857,7557434,4081,0,"[0, 1]"
1095857,7557434,3963,0,"[0, 1]"
1095857,7557434,2981,0,"[0, 1]"
1095857,7557434,3301,0,"[0, 1]"
1095857,7557434,4070,0,"[0, 1]"
1095857,7557434,3643,0,"[0, 1]"
1095857,7557434,3352,0,"[0, 1]"
1095857,7557434,2469,0,"[0, 1]"
1095857,7557434,2131,0,"[0, 1]"
1095857,7557434,3119,0,"[0, 1]"
1095857,7557434,3077,0,"[0, 1]"
1095857,7557434,3503,0,"[0, 1]"
1095857,7557434,3120,0,"[0, 1]"
1095857,7557434,4486,0,"[0, 1]"
1095857,7557434,7416980,1,"[0, 1]"
1095857,7557434,7541711,1,"[0, 1]"
1095857,7557434,7617343,1,"[0, 1]"
1095857,7557434,7452632,1,"[0, 1]"
1095857,7557434,7137810,1,"[0, 1]"
1095857,7557434,4686,0,"[0, 1]"
1095857,7557434,7537951,1,"[0, 1]"
1095857,7557434,92150,1,"[0, 1]"
1095857,7557434,7275848,1,"[0, 1]"
1095857,7557434,4580,0,"[0, 1]"
1095857,7557434,7363322,1,"[0, 1]"
1095857,7557434,7219457,1,"[0, 1]"
1095857,7557434,7687609,1,"[0, 1]"
1095857,7557434,4786,0,"[0, 1]"
1095857,7557434,7353730,1,"[0, 1]"
1095857,7557434,7588274,1,"[0, 1]"
1095857,7557434,4918,0,"[0, 1]"
1095857,7557434,4439,0,"[0, 1]"
1095857,7557434,4262,0,"[0, 1]"
1095857,7557434,7144561,1,"[0, 1]"
1095857,7557434,7237632,1,"[0, 1]"
1095857,7557434,7074414,1,"[0, 1]"
1095857,7557434,7136987,1,"[0, 1]"
445094,7321899,7321899,1,"[1, 0]"
445094,7321899,4444,0,"[1, 0]"
445094,7321899,2839,0,"[1, 0]"
445094,7321899,1419,0,"[1, 0]"
445094,7321899,709,0,"[1, 0]"
445094,7321899,354,0,"[1, 0]"
445094,7321899,176,0,"[1, 0]"
445094,7321899,87,0,"[1, 0]"
445094,7321899,43,0,"[1, 0]"
445094,7321899,21,0,"[1, 0]"
445094,7321899,10,0,"[1, 0]"
445094,7321899,4,0,"[1, 0]"
445094,7321899,1,0,"[1, 0]"
445094,7321899,0,0,"[1, 0]"
445094,7321899,1,0,"[0, 1]"
445094,7321899,2,0,"[0, 1]"
445094,7321899,5,0,"[0, 1]"
445094,7321899,3,0,"[0, 1]"
445094,7321899,6,0,"[0, 1]"
445094,7321899,4,0,"[0, 1]"
445094,7321899,8,0,"[0, 1]"
445094,7321899,9,0,"[0, 1]"
445094,7321899,12,0,"[0, 1]"
445094,7321899,11,0,"[0, 1]"
445094,7321899,10,0,"[0, 1]"
445094,7321899,14,0,"[0, 1]"
445094,7321899,28,0,"[0, 1]"
445094,7321899,22,0,"[0, 1]"
445094,7321899,15,0,"[0, 1]"
445094,7321899,17,0,"[0, 1]"
445094,7321899,25,0,"[0, 1]"
445094,7321899,26,0,"[0, 1]"
445094,7321899,20,0,"[0, 1]"
445094,7321899,29,0,"[0, 1]"
445094,7321899,56,0,"[0, 1]"
445094,7321899,52,0,"[0, 1]"
445094,7321899,54,0,"[0, 1]"
445094,7321899,37,0,"[0, 1]"
445094,7321899,34,0,"[0, 1]"
445094,7321899,33,0,"[0, 1]"
445094,7321899,45,0,"[0, 1]"
445094,7321899,62,0,"[0, 1]"
445094,7321899,47,0,"[0, 1]"
445094,7321899,39,0,"[0, 1]"
445094,7321899,123,0,"[0, 1]"
445094,7321899,82,0,"[0, 1]"
445094,7321899,86,0,"[0, 1]"
445094,7321899,71,0,"[0, 1]"
445094,7321899,122,0,"[0, 1]"
445094,7321899,103,0,"[0, 1]"
445094,7321899,88,0,"[0, 1]"
445094,7321899,94,0,"[0, 1]"
445094,7321899,65,0,"[0, 1]"
445094,7321899,68,0,"[0, 1]"
445094,7321899,91,0,"[0, 1]"
445094,7321899,119,0,"[0, 1]"
445094,7321899,129,0,"[0, 1]"
445094,7321899,219,0,"[0, 1]"
445094,7321899,158,0,"[0, 1]"
445094,7321899,231,0,"[0, 1]"
445094,7321899,133,0,"[0, 1]"
445094,7321899,196,0,"[0, 1]"
445094,7321899,145,0,"[0, 1]"
445094,7321899,162,0,"[0, 1]"
445094,7321899,136,0,"[0, 1]"
445094,7321899,236,0,"[0, 1]"
445094,7321899,183,0,"[0, 1]"
445094,7321899,203,0,"[0, 1]"
445094,7321899,137,0,"[0, 1]"
445094,7321899,253,0,"[0, 1]"
445094,7321899,488,0,"[0, 1]"
445094,7321899,291,0,"[0, 1]"
445094,7321899,371,0,"[0, 1]"
445094,7321899,487,0,"[0, 1]"
445094,7321899,305,0,"[0, 1]"
445094,7321899,420,0,"[0, 1]"
445094,7321899,300,0,"[0, 1]"
445094,7321899,298,0,"[0, 1]"
445094,7321899,260,0,"[0, 1]"
445094,7321899,462,0,"[0, 1]"
445094,7321899,308,0,"[0, 1]"
445094,7321899,395,0,"[0, 1]"
445094,7321899,417,0,"[0, 1]"
445094,7321899,292,0,"[0, 1]"
445094,7321899,271,0,"[0, 1]"
445094,7321899,273,0,"[0, 1]"
445094,7321899,871,0,"[0, 1]"
445094,7321899,1002,0,"[0, 1]"
445094,7321899,887,0,"[0, 1]"
445094,7321899,909,0,"[0, 1]"
445094,7321899,809,0,"[0, 1]"
445094,7321899,932,0,"[0, 1]"
445094,7321899,990,0,"[0, 1]"
445094,7321899,602,0,"[0, 1]"
445094,7321899,695,0,"[0, 1]"
445094,7321899,799,0,"[0, 1]"
445094,7321899,771,0,"[0, 1]"
445094,7321899,565,0,"[0, 1]"
445094,7321899,1013,0,"[0, 1]"
445094,7321899,531,0,"[0, 1]"
445094,7321899,1020,0,"[0, 1]"
445094,7321899,1017,0,"[0, 1]"
445094,7321899,701,0,"[0, 1]"
445094,7321899,747,0,"[0, 1]"
445094,7321899,2021,0,"[0, 1]"
445094,7321899,1451,0,"[0, 1]"
445094,7321899,1792,0,"[0, 1]"
445094,7321899,1523,0,"[0, 1]"
445094,7321899,1232,0,"[0, 1]"
445094,7321899,1243,0,"[0, 1]"
445094,7321899,1669,0,"[0, 1]"
445094,7321899,1958,0,"[0, 1]"
445094,7321899,1664,0,"[0, 1]"
445094,7321899,1962,0,"[0, 1]"
445094,7321899,1893,0,"[0, 1]"
445094,7321899,1533,0,"[0, 1]"
445094,7321899,1331,0,"[0, 1]"
445094,7321899,1052,0,"[0, 1]"
445094,7321899,1211,0,"[0, 1]"
445094,7321899,2032,0,"[0, 1]"
445094,7321899,1111,0,"[0, 1]"
445094,7321899,1027,0,"[0, 1]"
445094,7321899,1715,0,"[0, 1]"
445094,7321899,1692,0,"[0, 1]"
445094,7321899,3549,0,"[0, 1]"
445094,7321899,2816,0,"[0, 1]"
445094,7321899,3115,0,"[0, 1]"
445094,7321899,2511,0,"[0, 1]"
445094,7321899,2240,0,"[0, 1]"
445094,7321899,3003,0,"[0, 1]"
445094,7321899,3142,0,"[0, 1]"
445094,7321899,3807,0,"[0, 1]"
445094,7321899,2195,0,"[0, 1]"
445094,7321899,2521,0,"[0, 1]"
445094,7321899,3731,0,"[0, 1]"
445094,7321899,4024,0,"[0, 1]"
445094,7321899,3266,0,"[0, 1]"
445094,7321899,2356,0,"[0, 1]"
445094,7321899,2223,0,"[0, 1]"
445094,7321899,3308,0,"[0, 1]"
445094,7321899,3831,0,"[0, 1]"
445094,7321899,2641,0,"[0, 1]"
445094,7321899,3348,0,"[0, 1]"
445094,7321899,4080,0,"[0, 1]"
445094,7321899,3044,0,"[0, 1]"
445094,7321899,3387,0,"[0, 1]"
445094,7321899,7241678,1,"[0, 1]"
445094,7321899,4513,0,"[0, 1]"
445094,7321899,7506788,1,"[0, 1]"
445094,7321899,7535285,1,"[0, 1]"
445094,7321899,7068493,1,"[0, 1]"
445094,7321899,7098857,1,"[0, 1]"
445094,7321899,4182082,1,"[0, 1]"
445094,7321899,7203426,1,"[0, 1]"
445094,7321899,7354184,1,"[0, 1]"
445094,7321899,7116744,1,"[0, 1]"
445094,7321899,4502,0,"[0, 1]"
445094,7321899,4857,0,"[0, 1]"
445094,7321899,7578450,1,"[0, 1]"
445094,7321899,7486419,1,"[0, 1]"
445094,7321899,7146502,1,"[0, 1]"
445094,7321899,7232975,1,"[0, 1]"
445094,7321899,4758,0,"[0, 1]"
445094,7321899,7175394,1,"[0, 1]"
445094,7321899,7378227,1,"[0, 1]"
445094,7321899,7288502,1,"[0, 1]"
445094,7321899,4184,0,"[0, 1]"
445094,7321899,7632291,1,"[0, 1]"
445094,7321899,4685,0,"[0, 1]"
445094,7321899,4538,0,"[0, 1]"
445094,7321899,7075317,1,"[0, 1]"
445094,7321899,7165391,1,"[0, 1]"
445094,7321899,7192436,1,"[0, 1]"
445094,7321899,7403343,1,"[0, 1]"
445094,7321899,7657626,1,"[0, 1]"
445094,7321899,7266164,1,"[0, 1]"
445094,7321899,7170528,1,"[0, 1]"
445094,7321899,2586628,1,"[0, 1]"
445094,7321899,1196440,1,"[0, 1]"
445094,7321899,7569884,1,"[0, 1]"
445094,7321899,7580864,1,"[0, 1]"
445094,7321899,7277219,1,"[0, 1]"
445094,7321899,7416464,1,"[0, 1]"
445094,7321899,2651091,1,"[0, 1]"
445094,7321899,7579062,1,"[0, 1]"
445094,7321899,7326515,1,"[0, 1]"
445094,7321899,7466004,1,"[0, 1]"
445094,7321899,822108,1,"[0, 1]"
445094,7321899,7530170,1,"[0, 1]"
445094,7321899,7163709,1,"[0, 1]"
445094,7321899,7511179,1,"[0, 1]"
445094,7321899,7280638,1,"[0, 1]"
445094,7321899,7087671,1,"[0, 1]"
445094,7321899,1491391,1,"[0, 1]"
445094,7321899,7549977,1,"[0, 1]"
445094,7321899,7557843,1,"[0, 1]"
445094,7557471,7557471,1,"[1, 0]"
445094,7557471,2842,0,"[1, 0]"
445094,7557471,1420,0,"[1, 0]"
445094,7557471,709,0,"[1, 0]"
445094,7557471,354,0,"[1, 0]"
445094,7557471,176,0,"[1, 0]"
445094,7557471,87,0,"[1, 0]"
445094,7557471,43,0,"[1, 0]"
445094,7557471,21,0,"[1, 0]"
445094,7557471,10,0,"[1, 0]"
445094,7557471,4,0,"[1, 0]"
445094,7557471,1,0,"[1, 0]"
445094,7557471,0,0,"[1, 0]"
445094,7557471,2,0,"[0, 1]"
445094,7557471,1,0,"[0, 1]"
445094,7557471,4,0,"[0, 1]"
445094,7557471,3,0,"[0, 1]"
445094,7557471,5,0,"[0, 1]"
445094,7557471,6,0,"[0, 1]"
445094,7557471,12,0,"[0, 1]"
445094,7557471,11,0,"[0, 1]"
445094,7557471,7,0,"[0, 1]"
445094,7557471,9,0,"[0, 1]"
445094,7557471,14,0,"[0, 1]"
445094,7557471,8,0,"[0, 1]"
445094,7557471,25,0,"[0, 1]"
445094,7557471,18,0,"[0, 1]"
445094,7557471,22,0,"[0, 1]"
445094,7557471,29,0,"[0, 1]"
445094,7557471,20,0,"[0, 1]"
445094,7557471,24,0,"[0, 1]"
445094,7557471,17,0,"[0, 1]"
445094,7557471,15,0,"[0, 1]"
445094,7557471,39,0,"[0, 1]"
445094,7557471,33,0,"[0, 1]"
445094,7557471,51,0,"[0, 1]"
445094,7557471,59,0,"[0, 1]"
445094,7557471,50,0,"[0, 1]"
445094,7557471,38,0,"[0, 1]"
445094,7557471,47,0,"[0, 1]"
445094,7557471,40,0,"[0, 1]"
445094,7557471,61,0,"[0, 1]"
445094,7557471,46,0,"[0, 1]"
445094,7557471,84,0,"[0, 1]"
445094,7557471,105,0,"[0, 1]"
445094,7557471,80,0,"[0, 1]"
445094,7557471,103,0,"[0, 1]"
445094,7557471,66,0,"[0, 1]"
445094,7557471,119,0,"[0, 1]"
445094,7557471,101,0,"[0, 1]"
445094,7557471,113,0,"[0, 1]"
445094,7557471,76,0,"[0, 1]"
445094,7557471,65,0,"[0, 1]"
445094,7557471,91,0,"[0, 1]"
445094,7557471,64,0,"[0, 1]"
445094,7557471,245,0,"[0, 1]"
445094,7557471,173,0,"[0, 1]"
445094,7557471,148,0,"[0, 1]"
445094,7557471,152,0,"[0, 1]"
445094,7557471,154,0,"[0, 1]"
445094,7557471,235,0,"[0, 1]"
445094,7557471,182,0,"[0, 1]"
445094,7557471,252,0,"[0, 1]"
445094,7557471,242,0,"[0, 1]"
445094,7557471,246,0,"[0, 1]"
445094,7557471,162,0,"[0, 1]"
445094,7557471,139,0,"[0, 1]"
445094,7557471,230,0,"[0, 1]"
445094,7557471,131,0,"[0, 1]"
445094,7557471,370,0,"[0, 1]"
445094,7557471,448,0,"[0, 1]"
445094,7557471,396,0,"[0, 1]"
445094,7557471,322,0,"[0, 1]"
445094,7557471,303,0,"[0, 1]"
445094,7557471,381,0,"[0, 1]"
445094,7557471,379,0,"[0, 1]"
445094,7557471,482,0,"[0, 1]"
445094,7557471,373,0,"[0, 1]"
445094,7557471,428,0,"[0, 1]"
445094,7557471,398,0,"[0, 1]"
445094,7557471,270,0,"[0, 1]"
445094,7557471,500,0,"[0, 1]"
445094,7557471,437,0,"[0, 1]"
445094,7557471,276,0,"[0, 1]"
445094,7557471,429,0,"[0, 1]"
445094,7557471,725,0,"[0, 1]"
445094,7557471,1001,0,"[0, 1]"
445094,7557471,882,0,"[0, 1]"
445094,7557471,608,0,"[0, 1]"
445094,7557471,767,0,"[0, 1]"
445094,7557471,573,0,"[0, 1]"
445094,7557471,822,0,"[0, 1]"
445094,7557471,774,0,"[0, 1]"
445094,7557471,580,0,"[0, 1]"
445094,7557471,972,0,"[0, 1]"
445094,7557471,1010,0,"[0, 1]"
445094,7557471,858,0,"[0, 1]"
445094,7557471,575,0,"[0, 1]"
445094,7557471,784,0,"[0, 1]"
445094,7557471,785,0,"[0, 1]"
445094,7557471,1013,0,"[0, 1]"
445094,7557471,633,0,"[0, 1]"
445094,7557471,661,0,"[0, 1]"
445094,7557471,1361,0,"[0, 1]"
445094,7557471,1747,0,"[0, 1]"
445094,7557471,1260,0,"[0, 1]"
445094,7557471,1882,0,"[0, 1]"
445094,7557471,2044,0,"[0, 1]"
445094,7557471,1660,0,"[0, 1]"
445094,7557471,1183,0,"[0, 1]"
445094,7557471,1677,0,"[0, 1]"
445094,7557471,1318,0,"[0, 1]"
445094,7557471,1789,0,"[0, 1]"
445094,7557471,1030,0,"[0, 1]"
445094,7557471,1643,0,"[0, 1]"
445094,7557471,1702,0,"[0, 1]"
445094,7557471,1995,0,"[0, 1]"
445094,7557471,1761,0,"[0, 1]"
445094,7557471,1851,0,"[0, 1]"
445094,7557471,1076,0,"[0, 1]"
445094,7557471,2007,0,"[0, 1]"
445094,7557471,1064,0,"[0, 1]"
445094,7557471,1723,0,"[0, 1]"
445094,7557471,2255,0,"[0, 1]"
445094,7557471,3122,0,"[0, 1]"
445094,7557471,2878,0,"[0, 1]"
445094,7557471,2861,0,"[0, 1]"
445094,7557471,3807,0,"[0, 1]"
445094,7557471,3707,0,"[0, 1]"
445094,7557471,3319,0,"[0, 1]"
445094,7557471,2111,0,"[0, 1]"
445094,7557471,3755,0,"[0, 1]"
445094,7557471,2415,0,"[0, 1]"
445094,7557471,2181,0,"[0, 1]"
445094,7557471,2190,0,"[0, 1]"
445094,7557471,2486,0,"[0, 1]"
445094,7557471,2955,0,"[0, 1]"
445094,7557471,3489,0,"[0, 1]"
445094,7557471,2954,0,"[0, 1]"
445094,7557471,2562,0,"[0, 1]"
445094,7557471,3782,0,"[0, 1]"
445094,7557471,3853,0,"[0, 1]"
445094,7557471,2647,0,"[0, 1]"
445094,7557471,2400,0,"[0, 1]"
445094,7557471,2883,0,"[0, 1]"
445094,7557471,7571873,1,"[0, 1]"
445094,7557471,6387753,1,"[0, 1]"
445094,7557471,7387931,1,"[0, 1]"
445094,7557471,7093515,1,"[0, 1]"
445094,7557471,7450365,1,"[0, 1]"
445094,7557471,7162717,1,"[0, 1]"
445094,7557471,4891,0,"[0, 1]"
445094,7557471,7468499,1,"[0, 1]"
445094,7557471,7637587,1,"[0, 1]"
445094,7557471,7108821,1,"[0, 1]"
445094,7557471,7526863,1,"[0, 1]"
445094,7557471,7402425,1,"[0, 1]"
445094,7557471,7568615,1,"[0, 1]"
445094,7557471,114752,1,"[0, 1]"
445094,7557471,7179178,1,"[0, 1]"
445094,7557471,7102878,1,"[0, 1]"
445094,7557471,3087523,1,"[0, 1]"
445094,7557471,909716,1,"[0, 1]"
445094,7557471,7082229,1,"[0, 1]"
445094,7557471,180622,1,"[0, 1]"
445094,7557471,7086918,1,"[0, 1]"
445094,7557471,7408658,1,"[0, 1]"
445094,7557471,7405394,1,"[0, 1]"
445094,7557471,7434268,1,"[0, 1]"
582557,7557520,7557520,1,"[1, 0]"
582557,7557520,2687,0,"[1, 0]"
582557,7557520,1343,0,"[1, 0]"
582557,7557520,671,0,"[1, 0]"
582557,7557520,335,0,"[1, 0]"
582557,7557520,167,0,"[1, 0]"
582557,7557520,83,0,"[1, 0]"
582557,7557520,41,0,"[1, 0]"
582557,7557520,20,0,"[1, 0]"
582557,7557520,9,0,"[1, 0]"
582557,7557520,4,0,"[1, 0]"
582557,7557520,1,0,"[1, 0]"
582557,7557520,0,0,"[1, 0]"
582557,7557520,2,0,"[0, 1]"
582557,7557520,1,0,"[0, 1]"
582557,7557520,4,0,"[0, 1]"
582557,7557520,5,0,"[0, 1]"
582557,7557520,3,0,"[0, 1]"
582557,7557520,6,0,"[0, 1]"
582557,7557520,7,0,"[0, 1]"
582557,7557520,9,0,"[0, 1]"
582557,7557520,11,0,"[0, 1]"
582557,7557520,13,0,"[0, 1]"
582557,7557520,14,0,"[0, 1]"
582557,7557520,10,0,"[0, 1]"
582557,7557520,17,0,"[0, 1]"
582557,7557520,25,0,"[0, 1]"
582557,7557520,24,0,"[0, 1]"
582557,7557520,18,0,"[0, 1]"
582557,7557520,28,0,"[0, 1]"
582557,7557520,26,0,"[0, 1]"
582557,7557520,27,0,"[0, 1]"
582557,7557520,22,0,"[0, 1]"
582557,7557520,39,0,"[0, 1]"
582557,7557520,55,0,"[0, 1]"
582557,7557520,59,0,"[0, 1]"
582557,7557520,31,0,"[0, 1]"
582557,7557520,34,0,"[0, 1]"
582557,7557520,58,0,"[0, 1]"
582557,7557520,36,0,"[0, 1]"
582557,7557520,49,0,"[0, 1]"
582557,7557520,54,0,"[0, 1]"
582557,7557520,42,0,"[0, 1]"
582557,7557520,113,0,"[0, 1]"
582557,7557520,75,0,"[0, 1]"
582557,7557520,118,0,"[0, 1]"
582557,7557520,125,0,"[0, 1]"
582557,7557520,82,0,"[0, 1]"
582557,7557520,119,0,"[0, 1]"
582557,7557520,76,0,"[0, 1]"
582557,7557520,122,0,"[0, 1]"
582557,7557520,80,0,"[0, 1]"
582557,7557520,67,0,"[0, 1]"
582557,7557520,100,0,"[0, 1]"
582557,7557520,97,0,"[0, 1]"
582557,7557520,134,0,"[0, 1]"
582557,7557520,218,0,"[0, 1]"
582557,7557520,248,0,"[0, 1]"
582557,7557520,172,0,"[0, 1]"
582557,7557520,161,0,"[0, 1]"
582557,7557520,244,0,"[0, 1]"
582557,7557520,160,0,"[0, 1]"
582557,7557520,208,0,"[0, 1]"
582557,7557520,184,0,"[0, 1]"
582557,7557520,180,0,"[0, 1]"
582557,7557520,189,0,"[0, 1]"
582557,7557520,234,0,"[0, 1]"
582557,7557520,201,0,"[0, 1]"
582557,7557520,232,0,"[0, 1]"
582557,7557520,339,0,"[0, 1]"
582557,7557520,490,0,"[0, 1]"
582557,7557520,473,0,"[0, 1]"
582557,7557520,501,0,"[0, 1]"
582557,7557520,439,0,"[0, 1]"
582557,7557520,401,0,"[0, 1]"
582557,7557520,397,0,"[0, 1]"
582557,7557520,337,0,"[0, 1]"
582557,7557520,506,0,"[0, 1]"
582557,7557520,428,0,"[0, 1]"
582557,7557520,430,0,"[0, 1]"
582557,7557520,365,0,"[0, 1]"
582557,7557520,436,0,"[0, 1]"
582557,7557520,475,0,"[0, 1]"
582557,7557520,322,0,"[0, 1]"
582557,7557520,464,0,"[0, 1]"
582557,7557520,633,0,"[0, 1]"
582557,7557520,809,0,"[0, 1]"
582557,7557520,991,0,"[0, 1]"
582557,7557520,686,0,"[0, 1]"
582557,7557520,538,0,"[0, 1]"
582557,7557520,544,0,"[0, 1]"
582557,7557520,847,0,"[0, 1]"
582557,7557520,900,0,"[0, 1]"
582557,7557520,803,0,"[0, 1]"
582557,7557520,646,0,"[0, 1]"
582557,7557520,647,0,"[0, 1]"
582557,7557520,1017,0,"[0, 1]"
582557,7557520,576,0,"[0, 1]"
582557,7557520,650,0,"[0, 1]"
582557,7557520,740,0,"[0, 1]"
582557,7557520,705,0,"[0, 1]"
582557,7557520,801,0,"[0, 1]"
582557,7557520,851,0,"[0, 1]"
582557,7557520,1133,0,"[0, 1]"
582557,7557520,1269,0,"[0, 1]"
582557,7557520,1685,0,"[0, 1]"
582557,7557520,1929,0,"[0, 1]"
582557,7557520,1258,0,"[0, 1]"
582557,7557520,1372,0,"[0, 1]"
582557,7557520,1405,0,"[0, 1]"
582557,7557520,1772,0,"[0, 1]"
582557,7557520,1075,0,"[0, 1]"
582557,7557520,1905,0,"[0, 1]"
582557,7557520,2031,0,"[0, 1]"
582557,7557520,1316,0,"[0, 1]"
582557,7557520,1824,0,"[0, 1]"
582557,7557520,1116,0,"[0, 1]"
582557,7557520,1422,0,"[0, 1]"
582557,7557520,1751,0,"[0, 1]"
582557,7557520,1368,0,"[0, 1]"
582557,7557520,1562,0,"[0, 1]"
582557,7557520,1060,0,"[0, 1]"
582557,7557520,1520,0,"[0, 1]"
582557,7557520,3399,0,"[0, 1]"
582557,7557520,2745,0,"[0, 1]"
582557,7557520,3179,0,"[0, 1]"
582557,7557520,2173,0,"[0, 1]"
582557,7557520,3097,0,"[0, 1]"
582557,7557520,2896,0,"[0, 1]"
582557,7557520,3658,0,"[0, 1]"
582557,7557520,3106,0,"[0, 1]"
582557,7557520,2129,0,"[0, 1]"
582557,7557520,3107,0,"[0, 1]"
582557,7557520,2927,0,"[0, 1]"
582557,7557520,3989,0,"[0, 1]"
582557,7557520,3501,0,"[0, 1]"
582557,7557520,3481,0,"[0, 1]"
582557,7557520,2536,0,"[0, 1]"
582557,7557520,2408,0,"[0, 1]"
582557,7557520,3973,0,"[0, 1]"
582557,7557520,2416,0,"[0, 1]"
582557,7557520,2947,0,"[0, 1]"
582557,7557520,2625,0,"[0, 1]"
582557,7557520,2593,0,"[0, 1]"
582557,7557520,3839,0,"[0, 1]"
582557,7557520,7628598,1,"[0, 1]"
582557,7557520,4958,0,"[0, 1]"
582557,7557520,4501,0,"[0, 1]"
582557,7557520,7241551,1,"[0, 1]"
582557,7557520,7529540,1,"[0, 1]"
582557,7557520,6792346,1,"[0, 1]"
582557,7557520,4638,0,"[0, 1]"
582557,7557520,7607819,1,"[0, 1]"
582557,7557520,4563,0,"[0, 1]"
582557,7557520,7130541,1,"[0, 1]"
582557,7557520,7359361,1,"[0, 1]"
582557,7557520,6925232,1,"[0, 1]"
582557,7557520,7575848,1,"[0, 1]"
582557,7557520,7368532,1,"[0, 1]"
582557,7557520,4317,0,"[0, 1]"
582557,7557520,7114795,1,"[0, 1]"
582557,7557520,7105192,1,"[0, 1]"
582557,7557520,4707,0,"[0, 1]"
582557,7557520,7221317,1,"[0, 1]"
582557,7557520,7174191,1,"[0, 1]"
582557,7557520,7543899,1,"[0, 1]"
582557,7557520,4518,0,"[0, 1]"
582557,7557520,7208994,1,"[0, 1]"
582557,7557520,4102,0,"[0, 1]"
1095856,7557542,7557542,1,"[1, 0]"
1095856,7557542,2872,0,"[1, 0]"
1095856,7557542,1435,0,"[1, 0]"
1095856,7557542,717,0,"[1, 0]"
1095856,7557542,358,0,"[1, 0]"
1095856,7557542,178,0,"[1, 0]"
1095856,7557542,88,0,"[1, 0]"
1095856,7557542,43,0,"[1, 0]"
1095856,7557542,21,0,"[1, 0]"
1095856,7557542,10,0,"[1, 0]"
1095856,7557542,4,0,"[1, 0]"
1095856,7557542,1,0,"[1, 0]"
1095856,7557542,0,0,"[1, 0]"
1095856,7557542,2,0,"[0, 1]"
1095856,7557542,1,0,"[0, 1]"
1095856,7557542,3,0,"[0, 1]"
1095856,7557542,6,0,"[0, 1]"
1095856,7557542,4,0,"[0, 1]"
1095856,7557542,5,0,"[0, 1]"
1095856,7557542,12,0,"[0, 1]"
1095856,7557542,13,0,"[0, 1]"
1095856,7557542,11,0,"[0, 1]"
1095856,7557542,8,0,"[0, 1]"
1095856,7557542,9,0,"[0, 1]"
1095856,7557542,14,0,"[0, 1]"
1095856,7557542,15,0,"[0, 1]"
1095856,7557542,18,0,"[0, 1]"
1095856,7557542,26,0,"[0, 1]"
1095856,7557542,16,0,"[0, 1]"
1095856,7557542,30,0,"[0, 1]"
1095856,7557542,21,0,"[0, 1]"
1095856,7557542,19,0,"[0, 1]"
1095856,7557542,29,0,"[0, 1]"
1095856,7557542,38,0,"[0, 1]"
1095856,7557542,49,0,"[0, 1]"
1095856,7557542,48,0,"[0, 1]"
1095856,7557542,61,0,"[0, 1]"
1095856,7557542,47,0,"[0, 1]"
1095856,7557542,37,0,"[0, 1]"
1095856,7557542,34,0,"[0, 1]"
1095856,7557542,56,0,"[0, 1]"
1095856,7557542,40,0,"[0, 1]"
1095856,7557542,55,0,"[0, 1]"
1095856,7557542,108,0,"[0, 1]"
1095856,7557542,72,0,"[0, 1]"
1095856,7557542,91,0,"[0, 1]"
1095856,7557542,110,0,"[0, 1]"
1095856,7557542,80,0,"[0, 1]"
1095856,7557542,73,0,"[0, 1]"
1095856,7557542,109,0,"[0, 1]"
1095856,7557542,84,0,"[0, 1]"
1095856,7557542,126,0,"[0, 1]"
1095856,7557542,86,0,"[0, 1]"
1095856,7557542,88,0,"[0, 1]"
1095856,7557542,64,0,"[0, 1]"
1095856,7557542,181,0,"[0, 1]"
1095856,7557542,145,0,"[0, 1]"
1095856,7557542,204,0,"[0, 1]"
1095856,7557542,165,0,"[0, 1]"
1095856,7557542,151,0,"[0, 1]"
1095856,7557542,207,0,"[0, 1]"
1095856,7557542,221,0,"[0, 1]"
1095856,7557542,208,0,"[0, 1]"
1095856,7557542,235,0,"[0, 1]"
1095856,7557542,183,0,"[0, 1]"
1095856,7557542,177,0,"[0, 1]"
1095856,7557542,226,0,"[0, 1]"
1095856,7557542,159,0,"[0, 1]"
1095856,7557542,158,0,"[0, 1]"
1095856,7557542,494,0,"[0, 1]"
1095856,7557542,380,0,"[0, 1]"
1095856,7557542,261,0,"[0, 1]"
1095856,7557542,271,0,"[0, 1]"
1095856,7557542,270,0,"[0, 1]"
1095856,7557542,337,0,"[0, 1]"
1095856,7557542,373,0,"[0, 1]"
1095856,7557542,329,0,"[0, 1]"
1095856,7557542,471,0,"[0, 1]"
1095856,7557542,400,0,"[0, 1]"
1095856,7557542,385,0,"[0, 1]"
1095856,7557542,365,0,"[0, 1]"
1095856,7557542,488,0,"[0, 1]"
1095856,7557542,368,0,"[0, 1]"
1095856,7557542,476,0,"[0, 1]"
1095856,7557542,503,0,"[0, 1]"
1095856,7557542,583,0,"[0, 1]"
1095856,7557542,757,0,"[0, 1]"
1095856,7557542,982,0,"[0, 1]"
1095856,7557542,695,0,"[0, 1]"
1095856,7557542,972,0,"[0, 1]"
1095856,7557542,1009,0,"[0, 1]"
1095856,7557542,733,0,"[0, 1]"
1095856,7557542,871,0,"[0, 1]"
1095856,7557542,969,0,"[0, 1]"
1095856,7557542,826,0,"[0, 1]"
1095856,7557542,626,0,"[0, 1]"
1095856,7557542,726,0,"[0, 1]"
1095856,7557542,651,0,"[0, 1]"
1095856,7557542,835,0,"[0, 1]"
1095856,7557542,1020,0,"[0, 1]"
1095856,7557542,707,0,"[0, 1]"
1095856,7557542,665,0,"[0, 1]"
1095856,7557542,791,0,"[0, 1]"
1095856,7557542,1171,0,"[0, 1]"
1095856,7557542,1052,0,"[0, 1]"
1095856,7557542,1500,0,"[0, 1]"
1095856,7557542,1739,0,"[0, 1]"
1095856,7557542,1532,0,"[0, 1]"
1095856,7557542,1033,0,"[0, 1]"
1095856,7557542,1460,0,"[0, 1]"
1095856,7557542,1228,0,"[0, 1]"
1095856,7557542,1284,0,"[0, 1]"
1095856,7557542,1392,0,"[0, 1]"
1095856,7557542,1518,0,"[0, 1]"
1095856,7557542,1656,0,"[0, 1]"
1095856,7557542,1493,0,"[0, 1]"
1095856,7557542,1043,0,"[0, 1]"
1095856,7557542,1162,0,"[0, 1]"
1095856,7557542,1650,0,"[0, 1]"
1095856,7557542,1302,0,"[0, 1]"
1095856,7557542,1765,0,"[0, 1]"
1095856,7557542,1643,0,"[0, 1]"
1095856,7557542,2042,0,"[0, 1]"
1095856,7557542,2708,0,"[0, 1]"
1095856,7557542,2938,0,"[0, 1]"
1095856,7557542,3370,0,"[0, 1]"
1095856,7557542,2892,0,"[0, 1]"
1095856,7557542,2918,0,"[0, 1]"
1095856,7557542,2497,0,"[0, 1]"
1095856,7557542,2223,0,"[0, 1]"
1095856,7557542,2265,0,"[0, 1]"
1095856,7557542,3247,0,"[0, 1]"
1095856,7557542,2714,0,"[0, 1]"
1095856,7557542,2883,0,"[0, 1]"
1095856,7557542,3150,0,"[0, 1]"
1095856,7557542,3657,0,"[0, 1]"
1095856,7557542,3329,0,"[0, 1]"
1095856,7557542,2387,0,"[0, 1]"
1095856,7557542,4073,0,"[0, 1]"
1095856,7557542,3218,0,"[0, 1]"
1095856,7557542,3500,0,"[0, 1]"
1095856,7557542,3408,0,"[0, 1]"
1095856,7557542,3136,0,"[0, 1]"
1095856,7557542,2890,0,"[0, 1]"
1095856,7557542,2785,0,"[0, 1]"
1095856,7557542,7480498,1,"[0, 1]"
1095856,7557542,4636,0,"[0, 1]"
1095856,7557542,4849,0,"[0, 1]"
1095856,7557542,7541807,1,"[0, 1]"
1095856,7557542,7120331,1,"[0, 1]"
1095856,7557542,7093135,1,"[0, 1]"
1095856,7557542,4690,0,"[0, 1]"
1095856,7557542,4229,0,"[0, 1]"
1095856,7557542,7500532,1,"[0, 1]"
1095856,7557542,7236803,1,"[0, 1]"
1095856,7557542,7327207,1,"[0, 1]"
1095856,7557542,5578949,1,"[0, 1]"
1095856,7557542,7154604,1,"[0, 1]"
1095856,7557542,7442823,1,"[0, 1]"
1095856,7557542,4755,0,"[0, 1]"
1095856,7557542,4470,0,"[0, 1]"
1095856,7557542,4883,0,"[0, 1]"
1095856,7557542,7268282,1,"[0, 1]"
1095856,7557542,4920,0,"[0, 1]"
1095856,7557542,7559988,1,"[0, 1]"
1095856,7557542,4982,0,"[0, 1]"
1095856,7557542,4951,0,"[0, 1]"
1095856,7557542,7543689,1,"[0, 1]"
1095856,7557542,7149425,1,"[0, 1]"
595236,7557710,7557710,1,"[1, 0]"
595236,7557710,4715,0,"[1, 0]"
595236,7557710,3454,0,"[1, 0]"
595236,7557710,1726,0,"[1, 0]"
595236,7557710,862,0,"[1, 0]"
595236,7557710,430,0,"[1, 0]"
595236,7557710,214,0,"[1, 0]"
595236,7557710,106,0,"[1, 0]"
595236,7557710,52,0,"[1, 0]"
595236,7557710,25,0,"[1, 0]"
595236,7557710,12,0,"[1, 0]"
595236,7557710,5,0,"[1, 0]"
595236,7557710,2,0,"[1, 0]"
595236,7557710,0,0,"[1, 0]"
595236,7557710,2,0,"[0, 1]"
595236,7557710,1,0,"[0, 1]"
595236,7557710,6,0,"[0, 1]"
595236,7557710,4,0,"[0, 1]"
595236,7557710,3,0,"[0, 1]"
595236,7557710,5,0,"[0, 1]"
595236,7557710,9,0,"[0, 1]"
595236,7557710,7,0,"[0, 1]"
595236,7557710,8,0,"[0, 1]"
595236,7557710,14,0,"[0, 1]"
595236,7557710,13,0,"[0, 1]"
595236,7557710,10,0,"[0, 1]"
595236,7557710,27,0,"[0, 1]"
595236,7557710,15,0,"[0, 1]"
595236,7557710,22,0,"[0, 1]"
595236,7557710,25,0,"[0, 1]"
595236,7557710,23,0,"[0, 1]"
595236,7557710,17,0,"[0, 1]"
595236,7557710,18,0,"[0, 1]"
595236,7557710,16,0,"[0, 1]"
595236,7557710,60,0,"[0, 1]"
595236,7557710,58,0,"[0, 1]"
595236,7557710,44,0,"[0, 1]"
595236,7557710,33,0,"[0, 1]"
595236,7557710,59,0,"[0, 1]"
595236,7557710,47,0,"[0, 1]"
595236,7557710,50,0,"[0, 1]"
595236,7557710,54,0,"[0, 1]"
595236,7557710,42,0,"[0, 1]"
595236,7557710,48,0,"[0, 1]"
595236,7557710,99,0,"[0, 1]"
595236,7557710,65,0,"[0, 1]"
595236,7557710,102,0,"[0, 1]"
595236,7557710,91,0,"[0, 1]"
595236,7557710,72,0,"[0, 1]"
595236,7557710,122,0,"[0, 1]"
595236,7557710,73,0,"[0, 1]"
595236,7557710,123,0,"[0, 1]"
595236,7557710,118,0,"[0, 1]"
595236,7557710,90,0,"[0, 1]"
595236,7557710,70,0,"[0, 1]"
595236,7557710,81,0,"[0, 1]"
595236,7557710,252,0,"[0, 1]"
595236,7557710,173,0,"[0, 1]"
595236,7557710,210,0,"[0, 1]"
595236,7557710,221,0,"[0, 1]"
595236,7557710,144,0,"[0, 1]"
595236,7557710,194,0,"[0, 1]"
595236,7557710,254,0,"[0, 1]"
595236,7557710,198,0,"[0, 1]"
595236,7557710,167,0,"[0, 1]"
595236,7557710,189,0,"[0, 1]"
595236,7557710,216,0,"[0, 1]"
595236,7557710,132,0,"[0, 1]"
595236,7557710,203,0,"[0, 1]"
595236,7557710,233,0,"[0, 1]"
595236,7557710,360,0,"[0, 1]"
595236,7557710,490,0,"[0, 1]"
595236,7557710,325,0,"[0, 1]"
595236,7557710,415,0,"[0, 1]"
595236,7557710,403,0,"[0, 1]"
595236,7557710,272,0,"[0, 1]"
595236,7557710,255,0,"[0, 1]"
595236,7557710,280,0,"[0, 1]"
595236,7557710,289,0,"[0, 1]"
595236,7557710,436,0,"[0, 1]"
595236,7557710,283,0,"[0, 1]"
595236,7557710,473,0,"[0, 1]"
595236,7557710,276,0,"[0, 1]"
595236,7557710,493,0,"[0, 1]"
595236,7557710,333,0,"[0, 1]"
595236,7557710,418,0,"[0, 1]"
595236,7557710,776,0,"[0, 1]"
595236,7557710,759,0,"[0, 1]"
595236,7557710,700,0,"[0, 1]"
595236,7557710,733,0,"[0, 1]"
595236,7557710,641,0,"[0, 1]"
595236,7557710,858,0,"[0, 1]"
595236,7557710,762,0,"[0, 1]"
595236,7557710,676,0,"[0, 1]"
595236,7557710,527,0,"[0, 1]"
595236,7557710,618,0,"[0, 1]"
595236,7557710,627,0,"[0, 1]"
595236,7557710,935,0,"[0, 1]"
595236,7557710,576,0,"[0, 1]"
595236,7557710,931,0,"[0, 1]"
595236,7557710,748,0,"[0, 1]"
595236,7557710,999,0,"[0, 1]"
595236,7557710,972,0,"[0, 1]"
595236,7557710,809,0,"[0, 1]"
595236,7557710,1942,0,"[0, 1]"
595236,7557710,1290,0,"[0, 1]"
595236,7557710,1518,0,"[0, 1]"
595236,7557710,1392,0,"[0, 1]"
595236,7557710,2017,0,"[0, 1]"
595236,7557710,1580,0,"[0, 1]"
595236,7557710,1440,0,"[0, 1]"
595236,7557710,1411,0,"[0, 1]"
595236,7557710,1057,0,"[0, 1]"
595236,7557710,1764,0,"[0, 1]"
595236,7557710,1338,0,"[0, 1]"
595236,7557710,1142,0,"[0, 1]"
595236,7557710,1571,0,"[0, 1]"
595236,7557710,1986,0,"[0, 1]"
595236,7557710,1368,0,"[0, 1]"
595236,7557710,2045,0,"[0, 1]"
595236,7557710,1908,0,"[0, 1]"
595236,7557710,1568,0,"[0, 1]"
595236,7557710,1886,0,"[0, 1]"
595236,7557710,1053,0,"[0, 1]"
595236,7557710,2794,0,"[0, 1]"
595236,7557710,3256,0,"[0, 1]"
595236,7557710,2142,0,"[0, 1]"
595236,7557710,2363,0,"[0, 1]"
595236,7557710,2280,0,"[0, 1]"
595236,7557710,4010,0,"[0, 1]"
595236,7557710,2372,0,"[0, 1]"
595236,7557710,3894,0,"[0, 1]"
595236,7557710,2139,0,"[0, 1]"
595236,7557710,3958,0,"[0, 1]"
595236,7557710,2356,0,"[0, 1]"
595236,7557710,2377,0,"[0, 1]"
595236,7557710,3308,0,"[0, 1]"
595236,7557710,3914,0,"[0, 1]"
595236,7557710,4086,0,"[0, 1]"
595236,7557710,3530,0,"[0, 1]"
595236,7557710,2605,0,"[0, 1]"
595236,7557710,3389,0,"[0, 1]"
595236,7557710,2238,0,"[0, 1]"
595236,7557710,3852,0,"[0, 1]"
595236,7557710,2476,0,"[0, 1]"
595236,7557710,2059,0,"[0, 1]"
595236,7557710,7086550,1,"[0, 1]"
595236,7557710,3620717,1,"[0, 1]"
595236,7557710,7377517,1,"[0, 1]"
595236,7557710,5754653,1,"[0, 1]"
595236,7557710,4321,0,"[0, 1]"
595236,7557710,7305067,1,"[0, 1]"
595236,7557710,7470508,1,"[0, 1]"
595236,7557710,7201611,1,"[0, 1]"
595236,7557710,7545792,1,"[0, 1]"
595236,7557710,7487828,1,"[0, 1]"
595236,7557710,7289397,1,"[0, 1]"
595236,7557710,7556469,1,"[0, 1]"
595236,7557710,7498356,1,"[0, 1]"
595236,7557710,7414463,1,"[0, 1]"
595236,7557710,4211,0,"[0, 1]"
595236,7557710,7669136,1,"[0, 1]"
595236,7557710,4545,0,"[0, 1]"
595236,7557710,7401471,1,"[0, 1]"
595236,7557710,4228,0,"[0, 1]"
595236,7557710,7245148,1,"[0, 1]"
595236,7557710,7112559,1,"[0, 1]"
595236,7557710,4627,0,"[0, 1]"
595236,7557710,7612278,1,"[0, 1]"
595236,7557710,470749,1,"[0, 1]"
595236,7557710,7147941,1,"[0, 1]"
595236,7557710,7088735,1,"[0, 1]"
595236,7557710,4102612,1,"[0, 1]"
595236,7557710,7286397,1,"[0, 1]"
595236,7557710,7679443,1,"[0, 1]"
595236,7557710,7447046,1,"[0, 1]"
595236,7557710,7421160,1,"[0, 1]"
595236,7557710,7102190,1,"[0, 1]"
595236,7557710,7568492,1,"[0, 1]"
595236,7557710,7635765,1,"[0, 1]"
595236,7557710,7606027,1,"[0, 1]"
595236,7557710,7146585,1,"[0, 1]"
595236,7557710,7490616,1,"[0, 1]"
595236,7557710,7499902,1,"[0, 1]"
595236,7557710,7130174,1,"[0, 1]"
595236,7557710,7588810,1,"[0, 1]"
595236,7557710,4885390,1,"[0, 1]"
595236,7557710,7232228,1,"[0, 1]"
595236,7557710,7102627,1,"[0, 1]"
595236,7557710,7615749,1,"[0, 1]"
595236,7557710,7451308,1,"[0, 1]"
595236,7557710,7462251,1,"[0, 1]"
595236,7557710,7483627,1,"[0, 1]"
595236,7557710,7378993,1,"[0, 1]"
595236,7557710,76335,1,"[0, 1]"
595236,7557710,7688610,1,"[0, 1]"
569473,7557843,7557843,1,"[1, 0]"
569473,7557843,4846,0,"[1, 0]"
569473,7557843,3749,0,"[1, 0]"
569473,7557843,1874,0,"[1, 0]"
569473,7557843,936,0,"[1, 0]"
569473,7557843,467,0,"[1, 0]"
569473,7557843,233,0,"[1, 0]"
569473,7557843,116,0,"[1, 0]"
569473,7557843,57,0,"[1, 0]"
569473,7557843,28,0,"[1, 0]"
569473,7557843,13,0,"[1, 0]"
569473,7557843,6,0,"[1, 0]"
569473,7557843,2,0,"[1, 0]"
569473,7557843,0,0,"[1, 0]"
569473,7557843,2,0,"[0, 1]"
569473,7557843,1,0,"[0, 1]"
569473,7557843,5,0,"[0, 1]"
569473,7557843,3,0,"[0, 1]"
569473,7557843,6,0,"[0, 1]"
569473,7557843,4,0,"[0, 1]"
569473,7557843,12,0,"[0, 1]"
569473,7557843,11,0,"[0, 1]"
569473,7557843,8,0,"[0, 1]"
569473,7557843,9,0,"[0, 1]"
569473,7557843,13,0,"[0, 1]"
569473,7557843,7,0,"[0, 1]"
569473,7557843,22,0,"[0, 1]"
569473,7557843,24,0,"[0, 1]"
569473,7557843,28,0,"[0, 1]"
569473,7557843,21,0,"[0, 1]"
569473,7557843,18,0,"[0, 1]"
569473,7557843,19,0,"[0, 1]"
569473,7557843,29,0,"[0, 1]"
569473,7557843,30,0,"[0, 1]"
569473,7557843,57,0,"[0, 1]"
569473,7557843,39,0,"[0, 1]"
569473,7557843,41,0,"[0, 1]"
569473,7557843,40,0,"[0, 1]"
569473,7557843,60,0,"[0, 1]"
569473,7557843,46,0,"[0, 1]"
569473,7557843,36,0,"[0, 1]"
569473,7557843,62,0,"[0, 1]"
569473,7557843,49,0,"[0, 1]"
569473,7557843,59,0,"[0, 1]"
569473,7557843,115,0,"[0, 1]"
569473,7557843,85,0,"[0, 1]"
569473,7557843,75,0,"[0, 1]"
569473,7557843,64,0,"[0, 1]"
569473,7557843,101,0,"[0, 1]"
569473,7557843,84,0,"[0, 1]"
569473,7557843,97,0,"[0, 1]"
569473,7557843,125,0,"[0, 1]"
569473,7557843,69,0,"[0, 1]"
569473,7557843,80,0,"[0, 1]"
569473,7557843,122,0,"[0, 1]"
569473,7557843,107,0,"[0, 1]"
569473,7557843,214,0,"[0, 1]"
569473,7557843,199,0,"[0, 1]"
569473,7557843,182,0,"[0, 1]"
569473,7557843,162,0,"[0, 1]"
569473,7557843,197,0,"[0, 1]"
569473,7557843,249,0,"[0, 1]"
569473,7557843,151,0,"[0, 1]"
569473,7557843,142,0,"[0, 1]"
569473,7557843,140,0,"[0, 1]"
569473,7557843,190,0,"[0, 1]"
569473,7557843,154,0,"[0, 1]"
569473,7557843,250,0,"[0, 1]"
569473,7557843,246,0,"[0, 1]"
569473,7557843,175,0,"[0, 1]"
569473,7557843,479,0,"[0, 1]"
569473,7557843,446,0,"[0, 1]"
569473,7557843,439,0,"[0, 1]"
569473,7557843,299,0,"[0, 1]"
569473,7557843,391,0,"[0, 1]"
569473,7557843,338,0,"[0, 1]"
569473,7557843,394,0,"[0, 1]"
569473,7557843,329,0,"[0, 1]"
569473,7557843,365,0,"[0, 1]"
569473,7557843,359,0,"[0, 1]"
569473,7557843,490,0,"[0, 1]"
569473,7557843,418,0,"[0, 1]"
569473,7557843,376,0,"[0, 1]"
569473,7557843,368,0,"[0, 1]"
569473,7557843,457,0,"[0, 1]"
569473,7557843,402,0,"[0, 1]"
569473,7557843,614,0,"[0, 1]"
569473,7557843,788,0,"[0, 1]"
569473,7557843,781,0,"[0, 1]"
569473,7557843,693,0,"[0, 1]"
569473,7557843,899,0,"[0, 1]"
569473,7557843,730,0,"[0, 1]"
569473,7557843,988,0,"[0, 1]"
569473,7557843,976,0,"[0, 1]"
569473,7557843,552,0,"[0, 1]"
569473,7557843,859,0,"[0, 1]"
569473,7557843,908,0,"[0, 1]"
569473,7557843,687,0,"[0, 1]"
569473,7557843,829,0,"[0, 1]"
569473,7557843,625,0,"[0, 1]"
569473,7557843,921,0,"[0, 1]"
569473,7557843,662,0,"[0, 1]"
569473,7557843,696,0,"[0, 1]"
569473,7557843,769,0,"[0, 1]"
569473,7557843,1455,0,"[0, 1]"
569473,7557843,1849,0,"[0, 1]"
569473,7557843,1316,0,"[0, 1]"
569473,7557843,1249,0,"[0, 1]"
569473,7557843,2005,0,"[0, 1]"
569473,7557843,1617,0,"[0, 1]"
569473,7557843,1223,0,"[0, 1]"
569473,7557843,1835,0,"[0, 1]"
569473,7557843,1375,0,"[0, 1]"
569473,7557843,1416,0,"[0, 1]"
569473,7557843,1719,0,"[0, 1]"
569473,7557843,1485,0,"[0, 1]"
569473,7557843,1630,0,"[0, 1]"
569473,7557843,1999,0,"[0, 1]"
569473,7557843,1124,0,"[0, 1]"
569473,7557843,1577,0,"[0, 1]"
569473,7557843,1452,0,"[0, 1]"
569473,7557843,1082,0,"[0, 1]"
569473,7557843,1534,0,"[0, 1]"
569473,7557843,1199,0,"[0, 1]"
569473,7557843,2323,0,"[0, 1]"
569473,7557843,2921,0,"[0, 1]"
569473,7557843,2232,0,"[0, 1]"
569473,7557843,2987,0,"[0, 1]"
569473,7557843,3421,0,"[0, 1]"
569473,7557843,3805,0,"[0, 1]"
569473,7557843,2567,0,"[0, 1]"
569473,7557843,3318,0,"[0, 1]"
569473,7557843,3380,0,"[0, 1]"
569473,7557843,2621,0,"[0, 1]"
569473,7557843,2549,0,"[0, 1]"
569473,7557843,2193,0,"[0, 1]"
569473,7557843,3952,0,"[0, 1]"
569473,7557843,3730,0,"[0, 1]"
569473,7557843,3239,0,"[0, 1]"
569473,7557843,4009,0,"[0, 1]"
569473,7557843,3545,0,"[0, 1]"
569473,7557843,3356,0,"[0, 1]"
569473,7557843,2382,0,"[0, 1]"
569473,7557843,2303,0,"[0, 1]"
569473,7557843,3255,0,"[0, 1]"
569473,7557843,2456,0,"[0, 1]"
569473,7557843,4587,0,"[0, 1]"
569473,7557843,7499378,1,"[0, 1]"
569473,7557843,7285000,1,"[0, 1]"
569473,7557843,4802,0,"[0, 1]"
569473,7557843,4134,0,"[0, 1]"
569473,7557843,7452528,1,"[0, 1]"
569473,7557843,7600671,1,"[0, 1]"
569473,7557843,4830,0,"[0, 1]"
569473,7557843,7341001,1,"[0, 1]"
569473,7557843,7284567,1,"[0, 1]"
569473,7557843,7523255,1,"[0, 1]"
569473,7557843,7208842,1,"[0, 1]"
569473,7557843,7254196,1,"[0, 1]"
569473,7557843,7291937,1,"[0, 1]"
569473,7557843,20498,1,"[0, 1]"
569473,7557843,7606339,1,"[0, 1]"
569473,7557843,7207489,1,"[0, 1]"
569473,7557843,4844,0,"[0, 1]"
569473,7557843,7321334,1,"[0, 1]"
569473,7557843,1091906,1,"[0, 1]"
569473,7557843,7391920,1,"[0, 1]"
569473,7557843,7581655,1,"[0, 1]"
569473,7557843,7453317,1,"[0, 1]"
569473,7557843,7151920,1,"[0, 1]"
569473,7557843,7438804,1,"[0, 1]"
569473,7557843,7230094,1,"[0, 1]"
569473,7557843,7224576,1,"[0, 1]"
569473,7557843,7148498,1,"[0, 1]"
569473,7557843,7628696,1,"[0, 1]"
569473,7557843,7399376,1,"[0, 1]"
569473,7557843,7385217,1,"[0, 1]"
569473,7557843,7330429,1,"[0, 1]"
569473,7557843,7284446,1,"[0, 1]"
569473,7557843,7352893,1,"[0, 1]"
569473,7557843,7373194,1,"[0, 1]"
569473,7557843,7215801,1,"[0, 1]"
569473,7557843,7573769,1,"[0, 1]"
569473,7557843,3367316,1,"[0, 1]"
569473,7557843,7578203,1,"[0, 1]"
569473,7557843,7333284,1,"[0, 1]"
569473,7557843,7090589,1,"[0, 1]"
569473,7557843,7657002,1,"[0, 1]"
569473,7557843,7598917,1,"[0, 1]"
569473,7557843,1735979,1,"[0, 1]"
569473,7557843,7131962,1,"[0, 1]"
569473,7557843,7520282,1,"[0, 1]"
569473,7557843,7185644,1,"[0, 1]"
569473,7557843,6034688,1,"[0, 1]"
569473,7557843,7106946,1,"[0, 1]"
569473,7557843,7636872,1,"[0, 1]"
148777,7557966,7557966,1,"[1, 0]"
148777,7557966,3960,0,"[1, 0]"
148777,7557966,1979,0,"[1, 0]"
148777,7557966,989,0,"[1, 0]"
148777,7557966,494,0,"[1, 0]"
148777,7557966,246,0,"[1, 0]"
148777,7557966,122,0,"[1, 0]"
148777,7557966,60,0,"[1, 0]"
148777,7557966,29,0,"[1, 0]"
148777,7557966,14,0,"[1, 0]"
148777,7557966,6,0,"[1, 0]"
148777,7557966,2,0,"[1, 0]"
148777,7557966,0,0,"[1, 0]"
148777,7557966,1,0,"[0, 1]"
148777,7557966,2,0,"[0, 1]"
148777,7557966,5,0,"[0, 1]"
148777,7557966,3,0,"[0, 1]"
148777,7557966,6,0,"[0, 1]"
148777,7557966,4,0,"[0, 1]"
148777,7557966,14,0,"[0, 1]"
148777,7557966,12,0,"[0, 1]"
148777,7557966,7,0,"[0, 1]"
148777,7557966,9,0,"[0, 1]"
148777,7557966,13,0,"[0, 1]"
148777,7557966,8,0,"[0, 1]"
148777,7557966,27,0,"[0, 1]"
148777,7557966,30,0,"[0, 1]"
148777,7557966,21,0,"[0, 1]"
148777,7557966,15,0,"[0, 1]"
148777,7557966,25,0,"[0, 1]"
148777,7557966,24,0,"[0, 1]"
148777,7557966,26,0,"[0, 1]"
148777,7557966,19,0,"[0, 1]"
148777,7557966,51,0,"[0, 1]"
148777,7557966,61,0,"[0, 1]"
148777,7557966,62,0,"[0, 1]"
148777,7557966,31,0,"[0, 1]"
148777,7557966,57,0,"[0, 1]"
148777,7557966,42,0,"[0, 1]"
148777,7557966,53,0,"[0, 1]"
148777,7557966,47,0,"[0, 1]"
148777,7557966,55,0,"[0, 1]"
148777,7557966,39,0,"[0, 1]"
148777,7557966,105,0,"[0, 1]"
148777,7557966,70,0,"[0, 1]"
148777,7557966,126,0,"[0, 1]"
148777,7557966,122,0,"[0, 1]"
148777,7557966,111,0,"[0, 1]"
148777,7557966,104,0,"[0, 1]"
148777,7557966,112,0,"[0, 1]"
148777,7557966,92,0,"[0, 1]"
148777,7557966,101,0,"[0, 1]"
148777,7557966,69,0,"[0, 1]"
148777,7557966,77,0,"[0, 1]"
148777,7557966,123,0,"[0, 1]"
148777,7557966,222,0,"[0, 1]"
148777,7557966,165,0,"[0, 1]"
148777,7557966,196,0,"[0, 1]"
148777,7557966,198,0,"[0, 1]"
148777,7557966,133,0,"[0, 1]"
148777,7557966,186,0,"[0, 1]"
148777,7557966,169,0,"[0, 1]"
148777,7557966,138,0,"[0, 1]"
148777,7557966,211,0,"[0, 1]"
148777,7557966,128,0,"[0, 1]"
148777,7557966,147,0,"[0, 1]"
148777,7557966,166,0,"[0, 1]"
148777,7557966,174,0,"[0, 1]"
148777,7557966,236,0,"[0, 1]"
148777,7557966,295,0,"[0, 1]"
148777,7557966,291,0,"[0, 1]"
148777,7557966,261,0,"[0, 1]"
148777,7557966,413,0,"[0, 1]"
148777,7557966,502,0,"[0, 1]"
148777,7557966,483,0,"[0, 1]"
148777,7557966,279,0,"[0, 1]"
148777,7557966,387,0,"[0, 1]"
148777,7557966,337,0,"[0, 1]"
148777,7557966,380,0,"[0, 1]"
148777,7557966,399,0,"[0, 1]"
148777,7557966,422,0,"[0, 1]"
148777,7557966,402,0,"[0, 1]"
148777,7557966,385,0,"[0, 1]"
148777,7557966,377,0,"[0, 1]"
148777,7557966,339,0,"[0, 1]"
148777,7557966,616,0,"[0, 1]"
148777,7557966,691,0,"[0, 1]"
148777,7557966,962,0,"[0, 1]"
148777,7557966,845,0,"[0, 1]"
148777,7557966,991,0,"[0, 1]"
148777,7557966,785,0,"[0, 1]"
148777,7557966,1021,0,"[0, 1]"
148777,7557966,708,0,"[0, 1]"
148777,7557966,780,0,"[0, 1]"
148777,7557966,880,0,"[0, 1]"
148777,7557966,751,0,"[0, 1]"
148777,7557966,547,0,"[0, 1]"
148777,7557966,524,0,"[0, 1]"
148777,7557966,956,0,"[0, 1]"
148777,7557966,749,0,"[0, 1]"
148777,7557966,549,0,"[0, 1]"
148777,7557966,535,0,"[0, 1]"
148777,7557966,563,0,"[0, 1]"
148777,7557966,1559,0,"[0, 1]"
148777,7557966,1858,0,"[0, 1]"
148777,7557966,1731,0,"[0, 1]"
148777,7557966,1584,0,"[0, 1]"
148777,7557966,1285,0,"[0, 1]"
148777,7557966,2041,0,"[0, 1]"
148777,7557966,2022,0,"[0, 1]"
148777,7557966,1654,0,"[0, 1]"
148777,7557966,1665,0,"[0, 1]"
148777,7557966,1427,0,"[0, 1]"
148777,7557966,1939,0,"[0, 1]"
148777,7557966,1507,0,"[0, 1]"
148777,7557966,1176,0,"[0, 1]"
148777,7557966,1501,0,"[0, 1]"
148777,7557966,1134,0,"[0, 1]"
148777,7557966,1278,0,"[0, 1]"
148777,7557966,1662,0,"[0, 1]"
148777,7557966,1627,0,"[0, 1]"
148777,7557966,2011,0,"[0, 1]"
148777,7557966,1120,0,"[0, 1]"
148777,7557966,2797,0,"[0, 1]"
148777,7557966,2826,0,"[0, 1]"
148777,7557966,3290,0,"[0, 1]"
148777,7557966,3006,0,"[0, 1]"
148777,7557966,3338,0,"[0, 1]"
148777,7557966,3115,0,"[0, 1]"
148777,7557966,2052,0,"[0, 1]"
148777,7557966,2361,0,"[0, 1]"
148777,7557966,2303,0,"[0, 1]"
148777,7557966,3593,0,"[0, 1]"
148777,7557966,2206,0,"[0, 1]"
148777,7557966,2312,0,"[0, 1]"
148777,7557966,3274,0,"[0, 1]"
148777,7557966,2599,0,"[0, 1]"
148777,7557966,2197,0,"[0, 1]"
148777,7557966,2576,0,"[0, 1]"
148777,7557966,3645,0,"[0, 1]"
148777,7557966,2231,0,"[0, 1]"
148777,7557966,3376,0,"[0, 1]"
148777,7557966,2264,0,"[0, 1]"
148777,7557966,2068,0,"[0, 1]"
148777,7557966,3740,0,"[0, 1]"
148777,7557966,4307,0,"[0, 1]"
148777,7557966,7359361,1,"[0, 1]"
148777,7557966,7242961,1,"[0, 1]"
148777,7557966,7544224,1,"[0, 1]"
148777,7557966,7210738,1,"[0, 1]"
148777,7557966,7638892,1,"[0, 1]"
148777,7557966,7487828,1,"[0, 1]"
148777,7557966,1956185,1,"[0, 1]"
148777,7557966,7423398,1,"[0, 1]"
148777,7557966,4401,0,"[0, 1]"
148777,7557966,4676,0,"[0, 1]"
148777,7557966,4900,0,"[0, 1]"
148777,7557966,4192,0,"[0, 1]"
148777,7557966,7468203,1,"[0, 1]"
148777,7557966,7283909,1,"[0, 1]"
148777,7557966,7291689,1,"[0, 1]"
148777,7557966,7115943,1,"[0, 1]"
148777,7557966,7494148,1,"[0, 1]"
148777,7557966,7146139,1,"[0, 1]"
148777,7557966,7379136,1,"[0, 1]"
148777,7557966,7275848,1,"[0, 1]"
148777,7557966,7067796,1,"[0, 1]"
148777,7557966,7205200,1,"[0, 1]"
148777,7557966,7473472,1,"[0, 1]"
148777,7557969,7557969,1,"[1, 0]"
148777,7557969,3960,0,"[1, 0]"
148777,7557969,1979,0,"[1, 0]"
148777,7557969,989,0,"[1, 0]"
148777,7557969,494,0,"[1, 0]"
148777,7557969,246,0,"[1, 0]"
148777,7557969,122,0,"[1, 0]"
148777,7557969,60,0,"[1, 0]"
148777,7557969,29,0,"[1, 0]"
148777,7557969,14,0,"[1, 0]"
148777,7557969,6,0,"[1, 0]"
148777,7557969,2,0,"[1, 0]"
148777,7557969,0,0,"[1, 0]"
148777,7557969,1,0,"[0, 1]"
148777,7557969,2,0,"[0, 1]"
148777,7557969,6,0,"[0, 1]"
148777,7557969,3,0,"[0, 1]"
148777,7557969,5,0,"[0, 1]"
148777,7557969,4,0,"[0, 1]"
148777,7557969,12,0,"[0, 1]"
148777,7557969,14,0,"[0, 1]"
148777,7557969,13,0,"[0, 1]"
148777,7557969,9,0,"[0, 1]"
148777,7557969,8,0,"[0, 1]"
148777,7557969,10,0,"[0, 1]"
148777,7557969,18,0,"[0, 1]"
148777,7557969,26,0,"[0, 1]"
148777,7557969,30,0,"[0, 1]"
148777,7557969,20,0,"[0, 1]"
148777,7557969,19,0,"[0, 1]"
148777,7557969,23,0,"[0, 1]"
148777,7557969,15,0,"[0, 1]"
148777,7557969,25,0,"[0, 1]"
148777,7557969,33,0,"[0, 1]"
148777,7557969,45,0,"[0, 1]"
148777,7557969,32,0,"[0, 1]"
148777,7557969,43,0,"[0, 1]"
148777,7557969,41,0,"[0, 1]"
148777,7557969,47,0,"[0, 1]"
148777,7557969,50,0,"[0, 1]"
148777,7557969,38,0,"[0, 1]"
148777,7557969,48,0,"[0, 1]"
148777,7557969,57,0,"[0, 1]"
148777,7557969,106,0,"[0, 1]"
148777,7557969,100,0,"[0, 1]"
148777,7557969,105,0,"[0, 1]"
148777,7557969,85,0,"[0, 1]"
148777,7557969,122,0,"[0, 1]"
148777,7557969,92,0,"[0, 1]"
148777,7557969,119,0,"[0, 1]"
148777,7557969,124,0,"[0, 1]"
148777,7557969,111,0,"[0, 1]"
148777,7557969,81,0,"[0, 1]"
148777,7557969,79,0,"[0, 1]"
148777,7557969,116,0,"[0, 1]"
148777,7557969,246,0,"[0, 1]"
148777,7557969,171,0,"[0, 1]"
148777,7557969,176,0,"[0, 1]"
148777,7557969,229,0,"[0, 1]"
148777,7557969,244,0,"[0, 1]"
148777,7557969,189,0,"[0, 1]"
148777,7557969,135,0,"[0, 1]"
148777,7557969,164,0,"[0, 1]"
148777,7557969,238,0,"[0, 1]"
148777,7557969,208,0,"[0, 1]"
148777,7557969,236,0,"[0, 1]"
148777,7557969,168,0,"[0, 1]"
148777,7557969,138,0,"[0, 1]"
148777,7557969,181,0,"[0, 1]"
148777,7557969,494,0,"[0, 1]"
148777,7557969,455,0,"[0, 1]"
148777,7557969,489,0,"[0, 1]"
148777,7557969,266,0,"[0, 1]"
148777,7557969,380,0,"[0, 1]"
148777,7557969,424,0,"[0, 1]"
148777,7557969,347,0,"[0, 1]"
148777,7557969,302,0,"[0, 1]"
148777,7557969,338,0,"[0, 1]"
148777,7557969,330,0,"[0, 1]"
148777,7557969,385,0,"[0, 1]"
148777,7557969,304,0,"[0, 1]"
148777,7557969,315,0,"[0, 1]"
148777,7557969,461,0,"[0, 1]"
148777,7557969,425,0,"[0, 1]"
148777,7557969,418,0,"[0, 1]"
148777,7557969,866,0,"[0, 1]"
148777,7557969,797,0,"[0, 1]"
148777,7557969,764,0,"[0, 1]"
148777,7557969,999,0,"[0, 1]"
148777,7557969,655,0,"[0, 1]"
148777,7557969,917,0,"[0, 1]"
148777,7557969,703,0,"[0, 1]"
148777,7557969,972,0,"[0, 1]"
148777,7557969,955,0,"[0, 1]"
148777,7557969,541,0,"[0, 1]"
148777,7557969,925,0,"[0, 1]"
148777,7557969,699,0,"[0, 1]"
148777,7557969,583,0,"[0, 1]"
148777,7557969,569,0,"[0, 1]"
148777,7557969,618,0,"[0, 1]"
148777,7557969,843,0,"[0, 1]"
148777,7557969,869,0,"[0, 1]"
148777,7557969,533,0,"[0, 1]"
148777,7557969,1401,0,"[0, 1]"
148777,7557969,1845,0,"[0, 1]"
148777,7557969,1104,0,"[0, 1]"
148777,7557969,1310,0,"[0, 1]"
148777,7557969,1627,0,"[0, 1]"
148777,7557969,1447,0,"[0, 1]"
148777,7557969,1806,0,"[0, 1]"
148777,7557969,1293,0,"[0, 1]"
148777,7557969,1187,0,"[0, 1]"
148777,7557969,1386,0,"[0, 1]"
148777,7557969,1733,0,"[0, 1]"
148777,7557969,1961,0,"[0, 1]"
148777,7557969,1751,0,"[0, 1]"
148777,7557969,1636,0,"[0, 1]"
148777,7557969,1597,0,"[0, 1]"
148777,7557969,1880,0,"[0, 1]"
148777,7557969,1196,0,"[0, 1]"
148777,7557969,1895,0,"[0, 1]"
148777,7557969,2012,0,"[0, 1]"
148777,7557969,1829,0,"[0, 1]"
148777,7557969,3365,0,"[0, 1]"
148777,7557969,2827,0,"[0, 1]"
148777,7557969,3659,0,"[0, 1]"
148777,7557969,3285,0,"[0, 1]"
148777,7557969,2108,0,"[0, 1]"
148777,7557969,2236,0,"[0, 1]"
148777,7557969,3386,0,"[0, 1]"
148777,7557969,3376,0,"[0, 1]"
148777,7557969,3973,0,"[0, 1]"
148777,7557969,3097,0,"[0, 1]"
148777,7557969,3919,0,"[0, 1]"
148777,7557969,2248,0,"[0, 1]"
148777,7557969,3909,0,"[0, 1]"
148777,7557969,3301,0,"[0, 1]"
148777,7557969,3049,0,"[0, 1]"
148777,7557969,4017,0,"[0, 1]"
148777,7557969,2095,0,"[0, 1]"
148777,7557969,3062,0,"[0, 1]"
148777,7557969,2780,0,"[0, 1]"
148777,7557969,4088,0,"[0, 1]"
148777,7557969,2273,0,"[0, 1]"
148777,7557969,3236,0,"[0, 1]"
148777,7557969,7125967,1,"[0, 1]"
148777,7557969,4622,0,"[0, 1]"
148777,7557969,7455864,1,"[0, 1]"
148777,7557969,4510,0,"[0, 1]"
148777,7557969,7476146,1,"[0, 1]"
148777,7557969,7388098,1,"[0, 1]"
148777,7557969,4494,0,"[0, 1]"
148777,7557969,551283,1,"[0, 1]"
148777,7557969,4376,0,"[0, 1]"
148777,7557969,7305799,1,"[0, 1]"
148777,7557969,7319513,1,"[0, 1]"
148777,7557969,7665992,1,"[0, 1]"
148777,7557969,7271299,1,"[0, 1]"
148777,7557969,7520157,1,"[0, 1]"
148777,7557969,4769,0,"[0, 1]"
148777,7557969,7359307,1,"[0, 1]"
148777,7557969,7655302,1,"[0, 1]"
148777,7557969,7300170,1,"[0, 1]"
148777,7557969,4672,0,"[0, 1]"
148777,7557969,7304912,1,"[0, 1]"
148777,7557969,7220998,1,"[0, 1]"
148777,7557969,4177,0,"[0, 1]"
148777,7557969,7101044,1,"[0, 1]"
148777,7557969,7154444,1,"[0, 1]"
546459,1091906,1091906,1,"[1, 0]"
546459,1091906,2272,0,"[1, 0]"
546459,1091906,1135,0,"[1, 0]"
546459,1091906,567,0,"[1, 0]"
546459,1091906,283,0,"[1, 0]"
546459,1091906,141,0,"[1, 0]"
546459,1091906,70,0,"[1, 0]"
546459,1091906,34,0,"[1, 0]"
546459,1091906,16,0,"[1, 0]"
546459,1091906,7,0,"[1, 0]"
546459,1091906,3,0,"[1, 0]"
546459,1091906,1,0,"[1, 0]"
546459,1091906,0,0,"[1, 0]"
546459,1091906,1,0,"[0, 1]"
546459,1091906,2,0,"[0, 1]"
546459,1091906,6,0,"[0, 1]"
546459,1091906,4,0,"[0, 1]"
546459,1091906,5,0,"[0, 1]"
546459,1091906,3,0,"[0, 1]"
546459,1091906,8,0,"[0, 1]"
546459,1091906,13,0,"[0, 1]"
546459,1091906,12,0,"[0, 1]"
546459,1091906,14,0,"[0, 1]"
546459,1091906,7,0,"[0, 1]"
546459,1091906,10,0,"[0, 1]"
546459,1091906,26,0,"[0, 1]"
546459,1091906,16,0,"[0, 1]"
546459,1091906,30,0,"[0, 1]"
546459,1091906,21,0,"[0, 1]"
546459,1091906,15,0,"[0, 1]"
546459,1091906,23,0,"[0, 1]"
546459,1091906,28,0,"[0, 1]"
546459,1091906,27,0,"[0, 1]"
546459,1091906,44,0,"[0, 1]"
546459,1091906,56,0,"[0, 1]"
546459,1091906,58,0,"[0, 1]"
546459,1091906,45,0,"[0, 1]"
546459,1091906,42,0,"[0, 1]"
546459,1091906,53,0,"[0, 1]"
546459,1091906,33,0,"[0, 1]"
546459,1091906,59,0,"[0, 1]"
546459,1091906,57,0,"[0, 1]"
546459,1091906,48,0,"[0, 1]"
546459,1091906,92,0,"[0, 1]"
546459,1091906,116,0,"[0, 1]"
546459,1091906,96,0,"[0, 1]"
546459,1091906,80,0,"[0, 1]"
546459,1091906,76,0,"[0, 1]"
546459,1091906,125,0,"[0, 1]"
546459,1091906,81,0,"[0, 1]"
546459,1091906,75,0,"[0, 1]"
546459,1091906,78,0,"[0, 1]"
546459,1091906,86,0,"[0, 1]"
546459,1091906,103,0,"[0, 1]"
546459,1091906,73,0,"[0, 1]"
546459,1091906,188,0,"[0, 1]"
546459,1091906,205,0,"[0, 1]"
546459,1091906,236,0,"[0, 1]"
546459,1091906,183,0,"[0, 1]"
546459,1091906,237,0,"[0, 1]"
546459,1091906,222,0,"[0, 1]"
546459,1091906,131,0,"[0, 1]"
546459,1091906,250,0,"[0, 1]"
546459,1091906,132,0,"[0, 1]"
546459,1091906,164,0,"[0, 1]"
546459,1091906,159,0,"[0, 1]"
546459,1091906,146,0,"[0, 1]"
546459,1091906,148,0,"[0, 1]"
546459,1091906,150,0,"[0, 1]"
546459,1091906,333,0,"[0, 1]"
546459,1091906,417,0,"[0, 1]"
546459,1091906,506,0,"[0, 1]"
546459,1091906,455,0,"[0, 1]"
546459,1091906,339,0,"[0, 1]"
546459,1091906,302,0,"[0, 1]"
546459,1091906,284,0,"[0, 1]"
546459,1091906,473,0,"[0, 1]"
546459,1091906,387,0,"[0, 1]"
546459,1091906,367,0,"[0, 1]"
546459,1091906,255,0,"[0, 1]"
546459,1091906,340,0,"[0, 1]"
546459,1091906,405,0,"[0, 1]"
546459,1091906,442,0,"[0, 1]"
546459,1091906,263,0,"[0, 1]"
546459,1091906,419,0,"[0, 1]"
546459,1091906,556,0,"[0, 1]"
546459,1091906,702,0,"[0, 1]"
546459,1091906,948,0,"[0, 1]"
546459,1091906,679,0,"[0, 1]"
546459,1091906,563,0,"[0, 1]"
546459,1091906,653,0,"[0, 1]"
546459,1091906,899,0,"[0, 1]"
546459,1091906,780,0,"[0, 1]"
546459,1091906,837,0,"[0, 1]"
546459,1091906,651,0,"[0, 1]"
546459,1091906,596,0,"[0, 1]"
546459,1091906,687,0,"[0, 1]"
546459,1091906,989,0,"[0, 1]"
546459,1091906,576,0,"[0, 1]"
546459,1091906,680,0,"[0, 1]"
546459,1091906,574,0,"[0, 1]"
546459,1091906,598,0,"[0, 1]"
546459,1091906,701,0,"[0, 1]"
546459,1091906,1037,0,"[0, 1]"
546459,1091906,1708,0,"[0, 1]"
546459,1091906,1054,0,"[0, 1]"
546459,1091906,1035,0,"[0, 1]"
546459,1091906,1578,0,"[0, 1]"
546459,1091906,1299,0,"[0, 1]"
546459,1091906,1723,0,"[0, 1]"
546459,1091906,1483,0,"[0, 1]"
546459,1091906,1750,0,"[0, 1]"
546459,1091906,1506,0,"[0, 1]"
546459,1091906,1706,0,"[0, 1]"
546459,1091906,1687,0,"[0, 1]"
546459,1091906,1697,0,"[0, 1]"
546459,1091906,1149,0,"[0, 1]"
546459,1091906,1941,0,"[0, 1]"
546459,1091906,1547,0,"[0, 1]"
546459,1091906,1479,0,"[0, 1]"
546459,1091906,1271,0,"[0, 1]"
546459,1091906,1207,0,"[0, 1]"
546459,1091906,1342,0,"[0, 1]"
546459,1091906,3356,0,"[0, 1]"
546459,1091906,4036,0,"[0, 1]"
546459,1091906,2737,0,"[0, 1]"
546459,1091906,2319,0,"[0, 1]"
546459,1091906,3701,0,"[0, 1]"
546459,1091906,3902,0,"[0, 1]"
546459,1091906,3025,0,"[0, 1]"
546459,1091906,3696,0,"[0, 1]"
546459,1091906,2914,0,"[0, 1]"
546459,1091906,2905,0,"[0, 1]"
546459,1091906,3334,0,"[0, 1]"
546459,1091906,3999,0,"[0, 1]"
546459,1091906,3147,0,"[0, 1]"
546459,1091906,3623,0,"[0, 1]"
546459,1091906,3327,0,"[0, 1]"
546459,1091906,3787,0,"[0, 1]"
546459,1091906,2351,0,"[0, 1]"
546459,1091906,2574,0,"[0, 1]"
546459,1091906,3101,0,"[0, 1]"
546459,1091906,3090,0,"[0, 1]"
546459,1091906,3908,0,"[0, 1]"
546459,1091906,2829,0,"[0, 1]"
546459,1091906,4941,0,"[0, 1]"
546459,1091906,4178175,1,"[0, 1]"
546459,1091906,6105995,1,"[0, 1]"
546459,1091906,7359452,1,"[0, 1]"
546459,1091906,7263747,1,"[0, 1]"
546459,1091906,4239,0,"[0, 1]"
546459,1091906,2378522,1,"[0, 1]"
546459,1091906,4876,0,"[0, 1]"
546459,1091906,7294736,1,"[0, 1]"
546459,1091906,4797,0,"[0, 1]"
546459,1091906,4295,0,"[0, 1]"
546459,1091906,7629602,1,"[0, 1]"
546459,1091906,7380037,1,"[0, 1]"
546459,1091906,7674432,1,"[0, 1]"
546459,1091906,4533,0,"[0, 1]"
546459,1091906,187767,1,"[0, 1]"
546459,1091906,4141,0,"[0, 1]"
546459,1091906,4335,0,"[0, 1]"
546459,1091906,7116118,1,"[0, 1]"
546459,1091906,4631,0,"[0, 1]"
546459,1091906,7478541,1,"[0, 1]"
546459,1091906,110805,1,"[0, 1]"
546459,1091906,1781843,1,"[0, 1]"
546459,1091906,7286487,1,"[0, 1]"
681264,7558093,7558093,1,"[1, 0]"
681264,7558093,3294,0,"[1, 0]"
681264,7558093,1646,0,"[1, 0]"
681264,7558093,822,0,"[1, 0]"
681264,7558093,410,0,"[1, 0]"
681264,7558093,204,0,"[1, 0]"
681264,7558093,101,0,"[1, 0]"
681264,7558093,50,0,"[1, 0]"
681264,7558093,24,0,"[1, 0]"
681264,7558093,11,0,"[1, 0]"
681264,7558093,5,0,"[1, 0]"
681264,7558093,2,0,"[1, 0]"
681264,7558093,0,0,"[1, 0]"
681264,7558093,2,0,"[0, 1]"
681264,7558093,1,0,"[0, 1]"
681264,7558093,3,0,"[0, 1]"
681264,7558093,5,0,"[0, 1]"
681264,7558093,6,0,"[0, 1]"
681264,7558093,4,0,"[0, 1]"
681264,7558093,8,0,"[0, 1]"
681264,7558093,10,0,"[0, 1]"
681264,7558093,12,0,"[0, 1]"
681264,7558093,9,0,"[0, 1]"
681264,7558093,14,0,"[0, 1]"
681264,7558093,11,0,"[0, 1]"
681264,7558093,17,0,"[0, 1]"
681264,7558093,19,0,"[0, 1]"
681264,7558093,24,0,"[0, 1]"
681264,7558093,22,0,"[0, 1]"
681264,7558093,29,0,"[0, 1]"
681264,7558093,26,0,"[0, 1]"
681264,7558093,27,0,"[0, 1]"
681264,7558093,21,0,"[0, 1]"
681264,7558093,39,0,"[0, 1]"
681264,7558093,62,0,"[0, 1]"
681264,7558093,32,0,"[0, 1]"
681264,7558093,54,0,"[0, 1]"
681264,7558093,60,0,"[0, 1]"
681264,7558093,47,0,"[0, 1]"
681264,7558093,50,0,"[0, 1]"
681264,7558093,51,0,"[0, 1]"
681264,7558093,61,0,"[0, 1]"
681264,7558093,35,0,"[0, 1]"
681264,7558093,106,0,"[0, 1]"
681264,7558093,104,0,"[0, 1]"
681264,7558093,116,0,"[0, 1]"
681264,7558093,118,0,"[0, 1]"
681264,7558093,84,0,"[0, 1]"
681264,7558093,75,0,"[0, 1]"
681264,7558093,65,0,"[0, 1]"
681264,7558093,80,0,"[0, 1]"
681264,7558093,96,0,"[0, 1]"
681264,7558093,81,0,"[0, 1]"
681264,7558093,95,0,"[0, 1]"
681264,7558093,85,0,"[0, 1]"
681264,7558093,195,0,"[0, 1]"
681264,7558093,192,0,"[0, 1]"
681264,7558093,243,0,"[0, 1]"
681264,7558093,188,0,"[0, 1]"
681264,7558093,184,0,"[0, 1]"
681264,7558093,245,0,"[0, 1]"
681264,7558093,198,0,"[0, 1]"
681264,7558093,176,0,"[0, 1]"
681264,7558093,174,0,"[0, 1]"
681264,7558093,215,0,"[0, 1]"
681264,7558093,201,0,"[0, 1]"
681264,7558093,139,0,"[0, 1]"
681264,7558093,186,0,"[0, 1]"
681264,7558093,191,0,"[0, 1]"
681264,7558093,287,0,"[0, 1]"
681264,7558093,491,0,"[0, 1]"
681264,7558093,486,0,"[0, 1]"
681264,7558093,313,0,"[0, 1]"
681264,7558093,315,0,"[0, 1]"
681264,7558093,335,0,"[0, 1]"
681264,7558093,457,0,"[0, 1]"
681264,7558093,329,0,"[0, 1]"
681264,7558093,350,0,"[0, 1]"
681264,7558093,392,0,"[0, 1]"
681264,7558093,308,0,"[0, 1]"
681264,7558093,456,0,"[0, 1]"
681264,7558093,257,0,"[0, 1]"
681264,7558093,279,0,"[0, 1]"
681264,7558093,367,0,"[0, 1]"
681264,7558093,293,0,"[0, 1]"
681264,7558093,572,0,"[0, 1]"
681264,7558093,672,0,"[0, 1]"
681264,7558093,923,0,"[0, 1]"
681264,7558093,615,0,"[0, 1]"
681264,7558093,906,0,"[0, 1]"
681264,7558093,892,0,"[0, 1]"
681264,7558093,868,0,"[0, 1]"
681264,7558093,734,0,"[0, 1]"
681264,7558093,874,0,"[0, 1]"
681264,7558093,742,0,"[0, 1]"
681264,7558093,862,0,"[0, 1]"
681264,7558093,827,0,"[0, 1]"
681264,7558093,551,0,"[0, 1]"
681264,7558093,707,0,"[0, 1]"
681264,7558093,882,0,"[0, 1]"
681264,7558093,823,0,"[0, 1]"
681264,7558093,771,0,"[0, 1]"
681264,7558093,560,0,"[0, 1]"
681264,7558093,1384,0,"[0, 1]"
681264,7558093,1913,0,"[0, 1]"
681264,7558093,1456,0,"[0, 1]"
681264,7558093,1429,0,"[0, 1]"
681264,7558093,1751,0,"[0, 1]"
681264,7558093,1678,0,"[0, 1]"
681264,7558093,1109,0,"[0, 1]"
681264,7558093,1500,0,"[0, 1]"
681264,7558093,1533,0,"[0, 1]"
681264,7558093,1177,0,"[0, 1]"
681264,7558093,1490,0,"[0, 1]"
681264,7558093,1213,0,"[0, 1]"
681264,7558093,1758,0,"[0, 1]"
681264,7558093,1583,0,"[0, 1]"
681264,7558093,1131,0,"[0, 1]"
681264,7558093,1359,0,"[0, 1]"
681264,7558093,1556,0,"[0, 1]"
681264,7558093,1201,0,"[0, 1]"
681264,7558093,1645,0,"[0, 1]"
681264,7558093,1922,0,"[0, 1]"
681264,7558093,2865,0,"[0, 1]"
681264,7558093,3337,0,"[0, 1]"
681264,7558093,2329,0,"[0, 1]"
681264,7558093,2167,0,"[0, 1]"
681264,7558093,3234,0,"[0, 1]"
681264,7558093,2907,0,"[0, 1]"
681264,7558093,2982,0,"[0, 1]"
681264,7558093,4014,0,"[0, 1]"
681264,7558093,2094,0,"[0, 1]"
681264,7558093,3297,0,"[0, 1]"
681264,7558093,3251,0,"[0, 1]"
681264,7558093,4002,0,"[0, 1]"
681264,7558093,3030,0,"[0, 1]"
681264,7558093,2596,0,"[0, 1]"
681264,7558093,3409,0,"[0, 1]"
681264,7558093,2784,0,"[0, 1]"
681264,7558093,2789,0,"[0, 1]"
681264,7558093,2867,0,"[0, 1]"
681264,7558093,2473,0,"[0, 1]"
681264,7558093,2354,0,"[0, 1]"
681264,7558093,2068,0,"[0, 1]"
681264,7558093,2130,0,"[0, 1]"
681264,7558093,4438,0,"[0, 1]"
681264,7558093,4839,0,"[0, 1]"
681264,7558093,4459,0,"[0, 1]"
681264,7558093,7671964,1,"[0, 1]"
681264,7558093,7568324,1,"[0, 1]"
681264,7558093,7182394,1,"[0, 1]"
681264,7558093,7296437,1,"[0, 1]"
681264,7558093,7453701,1,"[0, 1]"
681264,7558093,7596075,1,"[0, 1]"
681264,7558093,4892,0,"[0, 1]"
681264,7558093,7603256,1,"[0, 1]"
681264,7558093,7423398,1,"[0, 1]"
681264,7558093,4624,0,"[0, 1]"
681264,7558093,7267194,1,"[0, 1]"
681264,7558093,7114655,1,"[0, 1]"
681264,7558093,4482428,1,"[0, 1]"
681264,7558093,7210316,1,"[0, 1]"
681264,7558093,4353583,1,"[0, 1]"
681264,7558093,7451295,1,"[0, 1]"
681264,7558093,4815,0,"[0, 1]"
681264,7558093,7402811,1,"[0, 1]"
681264,7558093,7447392,1,"[0, 1]"
681264,7558093,7597903,1,"[0, 1]"
681264,7558093,4633,0,"[0, 1]"
1095845,7558360,7558360,1,"[1, 0]"
1095845,7558360,4428,0,"[1, 0]"
1095845,7558360,2802,0,"[1, 0]"
1095845,7558360,1400,0,"[1, 0]"
1095845,7558360,699,0,"[1, 0]"
1095845,7558360,349,0,"[1, 0]"
1095845,7558360,174,0,"[1, 0]"
1095845,7558360,86,0,"[1, 0]"
1095845,7558360,42,0,"[1, 0]"
1095845,7558360,20,0,"[1, 0]"
1095845,7558360,9,0,"[1, 0]"
1095845,7558360,4,0,"[1, 0]"
1095845,7558360,1,0,"[1, 0]"
1095845,7558360,0,0,"[1, 0]"
1095845,7558360,1,0,"[0, 1]"
1095845,7558360,2,0,"[0, 1]"
1095845,7558360,4,0,"[0, 1]"
1095845,7558360,6,0,"[0, 1]"
1095845,7558360,3,0,"[0, 1]"
1095845,7558360,5,0,"[0, 1]"
1095845,7558360,7,0,"[0, 1]"
1095845,7558360,11,0,"[0, 1]"
1095845,7558360,10,0,"[0, 1]"
1095845,7558360,14,0,"[0, 1]"
1095845,7558360,13,0,"[0, 1]"
1095845,7558360,8,0,"[0, 1]"
1095845,7558360,30,0,"[0, 1]"
1095845,7558360,19,0,"[0, 1]"
1095845,7558360,15,0,"[0, 1]"
1095845,7558360,17,0,"[0, 1]"
1095845,7558360,18,0,"[0, 1]"
1095845,7558360,16,0,"[0, 1]"
1095845,7558360,20,0,"[0, 1]"
1095845,7558360,23,0,"[0, 1]"
1095845,7558360,31,0,"[0, 1]"
1095845,7558360,50,0,"[0, 1]"
1095845,7558360,34,0,"[0, 1]"
1095845,7558360,40,0,"[0, 1]"
1095845,7558360,49,0,"[0, 1]"
1095845,7558360,37,0,"[0, 1]"
1095845,7558360,48,0,"[0, 1]"
1095845,7558360,45,0,"[0, 1]"
1095845,7558360,53,0,"[0, 1]"
1095845,7558360,36,0,"[0, 1]"
1095845,7558360,107,0,"[0, 1]"
1095845,7558360,92,0,"[0, 1]"
1095845,7558360,104,0,"[0, 1]"
1095845,7558360,72,0,"[0, 1]"
1095845,7558360,84,0,"[0, 1]"
1095845,7558360,95,0,"[0, 1]"
1095845,7558360,109,0,"[0, 1]"
1095845,7558360,64,0,"[0, 1]"
1095845,7558360,101,0,"[0, 1]"
1095845,7558360,69,0,"[0, 1]"
1095845,7558360,117,0,"[0, 1]"
1095845,7558360,105,0,"[0, 1]"
1095845,7558360,179,0,"[0, 1]"
1095845,7558360,134,0,"[0, 1]"
1095845,7558360,225,0,"[0, 1]"
1095845,7558360,192,0,"[0, 1]"
1095845,7558360,218,0,"[0, 1]"
1095845,7558360,166,0,"[0, 1]"
1095845,7558360,193,0,"[0, 1]"
1095845,7558360,147,0,"[0, 1]"
1095845,7558360,235,0,"[0, 1]"
1095845,7558360,190,0,"[0, 1]"
1095845,7558360,181,0,"[0, 1]"
1095845,7558360,155,0,"[0, 1]"
1095845,7558360,135,0,"[0, 1]"
1095845,7558360,139,0,"[0, 1]"
1095845,7558360,287,0,"[0, 1]"
1095845,7558360,264,0,"[0, 1]"
1095845,7558360,485,0,"[0, 1]"
1095845,7558360,423,0,"[0, 1]"
1095845,7558360,435,0,"[0, 1]"
1095845,7558360,458,0,"[0, 1]"
1095845,7558360,430,0,"[0, 1]"
1095845,7558360,412,0,"[0, 1]"
1095845,7558360,382,0,"[0, 1]"
1095845,7558360,378,0,"[0, 1]"
1095845,7558360,341,0,"[0, 1]"
1095845,7558360,498,0,"[0, 1]"
1095845,7558360,373,0,"[0, 1]"
1095845,7558360,395,0,"[0, 1]"
1095845,7558360,501,0,"[0, 1]"
1095845,7558360,384,0,"[0, 1]"
1095845,7558360,790,0,"[0, 1]"
1095845,7558360,816,0,"[0, 1]"
1095845,7558360,730,0,"[0, 1]"
1095845,7558360,535,0,"[0, 1]"
1095845,7558360,591,0,"[0, 1]"
1095845,7558360,720,0,"[0, 1]"
1095845,7558360,685,0,"[0, 1]"
1095845,7558360,624,0,"[0, 1]"
1095845,7558360,794,0,"[0, 1]"
1095845,7558360,911,0,"[0, 1]"
1095845,7558360,658,0,"[0, 1]"
1095845,7558360,1012,0,"[0, 1]"
1095845,7558360,663,0,"[0, 1]"
1095845,7558360,533,0,"[0, 1]"
1095845,7558360,700,0,"[0, 1]"
1095845,7558360,921,0,"[0, 1]"
1095845,7558360,582,0,"[0, 1]"
1095845,7558360,763,0,"[0, 1]"
1095845,7558360,1754,0,"[0, 1]"
1095845,7558360,1648,0,"[0, 1]"
1095845,7558360,2017,0,"[0, 1]"
1095845,7558360,1309,0,"[0, 1]"
1095845,7558360,1948,0,"[0, 1]"
1095845,7558360,1247,0,"[0, 1]"
1095845,7558360,1078,0,"[0, 1]"
1095845,7558360,1127,0,"[0, 1]"
1095845,7558360,1412,0,"[0, 1]"
1095845,7558360,1619,0,"[0, 1]"
1095845,7558360,1267,0,"[0, 1]"
1095845,7558360,1088,0,"[0, 1]"
1095845,7558360,1635,0,"[0, 1]"
1095845,7558360,1183,0,"[0, 1]"
1095845,7558360,1238,0,"[0, 1]"
1095845,7558360,1734,0,"[0, 1]"
1095845,7558360,1518,0,"[0, 1]"
1095845,7558360,1634,0,"[0, 1]"
1095845,7558360,1180,0,"[0, 1]"
1095845,7558360,1292,0,"[0, 1]"
1095845,7558360,3901,0,"[0, 1]"
1095845,7558360,2235,0,"[0, 1]"
1095845,7558360,3258,0,"[0, 1]"
1095845,7558360,2856,0,"[0, 1]"
1095845,7558360,3707,0,"[0, 1]"
1095845,7558360,3873,0,"[0, 1]"
1095845,7558360,2732,0,"[0, 1]"
1095845,7558360,2370,0,"[0, 1]"
1095845,7558360,2329,0,"[0, 1]"
1095845,7558360,2138,0,"[0, 1]"
1095845,7558360,3351,0,"[0, 1]"
1095845,7558360,2594,0,"[0, 1]"
1095845,7558360,3079,0,"[0, 1]"
1095845,7558360,2815,0,"[0, 1]"
1095845,7558360,3955,0,"[0, 1]"
1095845,7558360,2991,0,"[0, 1]"
1095845,7558360,3378,0,"[0, 1]"
1095845,7558360,2546,0,"[0, 1]"
1095845,7558360,3122,0,"[0, 1]"
1095845,7558360,3150,0,"[0, 1]"
1095845,7558360,2048,0,"[0, 1]"
1095845,7558360,3886,0,"[0, 1]"
1095845,7558360,7149452,1,"[0, 1]"
1095845,7558360,223186,1,"[0, 1]"
1095845,7558360,7535426,1,"[0, 1]"
1095845,7558360,7429547,1,"[0, 1]"
1095845,7558360,7392836,1,"[0, 1]"
1095845,7558360,7682771,1,"[0, 1]"
1095845,7558360,7160065,1,"[0, 1]"
1095845,7558360,562230,1,"[0, 1]"
1095845,7558360,4885,0,"[0, 1]"
1095845,7558360,5770375,1,"[0, 1]"
1095845,7558360,7286487,1,"[0, 1]"
1095845,7558360,7091832,1,"[0, 1]"
1095845,7558360,7493757,1,"[0, 1]"
1095845,7558360,7221033,1,"[0, 1]"
1095845,7558360,7627532,1,"[0, 1]"
1095845,7558360,7588274,1,"[0, 1]"
1095845,7558360,4404,0,"[0, 1]"
1095845,7558360,7281921,1,"[0, 1]"
1095845,7558360,7565942,1,"[0, 1]"
1095845,7558360,7676449,1,"[0, 1]"
1095845,7558360,4291,0,"[0, 1]"
1095845,7558360,7296437,1,"[0, 1]"
1095845,7558360,7110052,1,"[0, 1]"
1095845,7558360,7289701,1,"[0, 1]"
1095845,7558360,7625475,1,"[0, 1]"
1095845,7558360,7144926,1,"[0, 1]"
1095845,7558360,7206078,1,"[0, 1]"
1095845,7558360,7112456,1,"[0, 1]"
1095845,7558360,7426822,1,"[0, 1]"
1095845,7558360,7633013,1,"[0, 1]"
1095845,7558360,7676121,1,"[0, 1]"
1095845,7558360,7637310,1,"[0, 1]"
1095845,7558360,49241,1,"[0, 1]"
1095845,7558360,7686549,1,"[0, 1]"
1095845,7558360,7183698,1,"[0, 1]"
1095845,7558360,7258943,1,"[0, 1]"
1095845,7558360,7484902,1,"[0, 1]"
1095845,7558360,7406317,1,"[0, 1]"
1095845,7558360,7595984,1,"[0, 1]"
1095845,7558360,7453308,1,"[0, 1]"
1095845,7558360,7248023,1,"[0, 1]"
1095845,7558360,7224789,1,"[0, 1]"
1095845,7558360,7151820,1,"[0, 1]"
1095845,7558360,7082331,1,"[0, 1]"
1095845,7558360,7245812,1,"[0, 1]"
1095845,7558360,7074235,1,"[0, 1]"
1095845,7558360,7140020,1,"[0, 1]"
1095845,7558360,580824,1,"[0, 1]"
1095845,7558360,7082678,1,"[0, 1]"
1095845,7558360,7293434,1,"[0, 1]"
1101806,7558571,7558571,1,"[1, 0]"
1101806,7558571,4507,0,"[1, 0]"
1101806,7558571,2982,0,"[1, 0]"
1101806,7558571,1490,0,"[1, 0]"
1101806,7558571,744,0,"[1, 0]"
1101806,7558571,371,0,"[1, 0]"
1101806,7558571,185,0,"[1, 0]"
1101806,7558571,92,0,"[1, 0]"
1101806,7558571,45,0,"[1, 0]"
1101806,7558571,22,0,"[1, 0]"
1101806,7558571,10,0,"[1, 0]"
1101806,7558571,4,0,"[1, 0]"
1101806,7558571,1,0,"[1, 0]"
1101806,7558571,0,0,"[1, 0]"
1101806,7558571,2,0,"[0, 1]"
1101806,7558571,1,0,"[0, 1]"
1101806,7558571,6,0,"[0, 1]"
1101806,7558571,5,0,"[0, 1]"
1101806,7558571,4,0,"[0, 1]"
1101806,7558571,3,0,"[0, 1]"
1101806,7558571,9,0,"[0, 1]"
1101806,7558571,7,0,"[0, 1]"
1101806,7558571,14,0,"[0, 1]"
1101806,7558571,8,0,"[0, 1]"
1101806,7558571,12,0,"[0, 1]"
1101806,7558571,10,0,"[0, 1]"
1101806,7558571,26,0,"[0, 1]"
1101806,7558571,15,0,"[0, 1]"
1101806,7558571,20,0,"[0, 1]"
1101806,7558571,22,0,"[0, 1]"
1101806,7558571,17,0,"[0, 1]"
1101806,7558571,29,0,"[0, 1]"
1101806,7558571,18,0,"[0, 1]"
1101806,7558571,25,0,"[0, 1]"
1101806,7558571,58,0,"[0, 1]"
1101806,7558571,59,0,"[0, 1]"
1101806,7558571,43,0,"[0, 1]"
1101806,7558571,49,0,"[0, 1]"
1101806,7558571,47,0,"[0, 1]"
1101806,7558571,52,0,"[0, 1]"
1101806,7558571,34,0,"[0, 1]"
1101806,7558571,61,0,"[0, 1]"
1101806,7558571,42,0,"[0, 1]"
1101806,7558571,54,0,"[0, 1]"
1101806,7558571,75,0,"[0, 1]"
1101806,7558571,80,0,"[0, 1]"
1101806,7558571,91,0,"[0, 1]"
1101806,7558571,102,0,"[0, 1]"
1101806,7558571,94,0,"[0, 1]"
1101806,7558571,121,0,"[0, 1]"
1101806,7558571,124,0,"[0, 1]"
1101806,7558571,74,0,"[0, 1]"
1101806,7558571,116,0,"[0, 1]"
1101806,7558571,72,0,"[0, 1]"
1101806,7558571,70,0,"[0, 1]"
1101806,7558571,78,0,"[0, 1]"
1101806,7558571,179,0,"[0, 1]"
1101806,7558571,159,0,"[0, 1]"
1101806,7558571,241,0,"[0, 1]"
1101806,7558571,173,0,"[0, 1]"
1101806,7558571,190,0,"[0, 1]"
1101806,7558571,133,0,"[0, 1]"
1101806,7558571,128,0,"[0, 1]"
1101806,7558571,242,0,"[0, 1]"
1101806,7558571,160,0,"[0, 1]"
1101806,7558571,206,0,"[0, 1]"
1101806,7558571,187,0,"[0, 1]"
1101806,7558571,172,0,"[0, 1]"
1101806,7558571,158,0,"[0, 1]"
1101806,7558571,233,0,"[0, 1]"
1101806,7558571,477,0,"[0, 1]"
1101806,7558571,394,0,"[0, 1]"
1101806,7558571,321,0,"[0, 1]"
1101806,7558571,376,0,"[0, 1]"
1101806,7558571,417,0,"[0, 1]"
1101806,7558571,461,0,"[0, 1]"
1101806,7558571,426,0,"[0, 1]"
1101806,7558571,334,0,"[0, 1]"
1101806,7558571,420,0,"[0, 1]"
1101806,7558571,325,0,"[0, 1]"
1101806,7558571,507,0,"[0, 1]"
1101806,7558571,483,0,"[0, 1]"
1101806,7558571,421,0,"[0, 1]"
1101806,7558571,472,0,"[0, 1]"
1101806,7558571,464,0,"[0, 1]"
1101806,7558571,409,0,"[0, 1]"
1101806,7558571,786,0,"[0, 1]"
1101806,7558571,694,0,"[0, 1]"
1101806,7558571,967,0,"[0, 1]"
1101806,7558571,702,0,"[0, 1]"
1101806,7558571,869,0,"[0, 1]"
1101806,7558571,560,0,"[0, 1]"
1101806,7558571,599,0,"[0, 1]"
1101806,7558571,663,0,"[0, 1]"
1101806,7558571,800,0,"[0, 1]"
1101806,7558571,768,0,"[0, 1]"
1101806,7558571,784,0,"[0, 1]"
1101806,7558571,651,0,"[0, 1]"
1101806,7558571,519,0,"[0, 1]"
1101806,7558571,808,0,"[0, 1]"
1101806,7558571,931,0,"[0, 1]"
1101806,7558571,723,0,"[0, 1]"
1101806,7558571,923,0,"[0, 1]"
1101806,7558571,709,0,"[0, 1]"
1101806,7558571,1082,0,"[0, 1]"
1101806,7558571,1835,0,"[0, 1]"
1101806,7558571,1137,0,"[0, 1]"
1101806,7558571,1180,0,"[0, 1]"
1101806,7558571,1908,0,"[0, 1]"
1101806,7558571,1193,0,"[0, 1]"
1101806,7558571,1646,0,"[0, 1]"
1101806,7558571,1787,0,"[0, 1]"
1101806,7558571,1456,0,"[0, 1]"
1101806,7558571,1483,0,"[0, 1]"
1101806,7558571,1946,0,"[0, 1]"
1101806,7558571,1549,0,"[0, 1]"
1101806,7558571,1272,0,"[0, 1]"
1101806,7558571,1300,0,"[0, 1]"
1101806,7558571,1816,0,"[0, 1]"
1101806,7558571,1874,0,"[0, 1]"
1101806,7558571,1943,0,"[0, 1]"
1101806,7558571,1837,0,"[0, 1]"
1101806,7558571,1308,0,"[0, 1]"
1101806,7558571,1936,0,"[0, 1]"
1101806,7558571,2840,0,"[0, 1]"
1101806,7558571,2790,0,"[0, 1]"
1101806,7558571,2252,0,"[0, 1]"
1101806,7558571,4093,0,"[0, 1]"
1101806,7558571,2476,0,"[0, 1]"
1101806,7558571,2575,0,"[0, 1]"
1101806,7558571,3113,0,"[0, 1]"
1101806,7558571,2187,0,"[0, 1]"
1101806,7558571,3074,0,"[0, 1]"
1101806,7558571,3636,0,"[0, 1]"
1101806,7558571,2807,0,"[0, 1]"
1101806,7558571,2688,0,"[0, 1]"
1101806,7558571,2640,0,"[0, 1]"
1101806,7558571,2431,0,"[0, 1]"
1101806,7558571,3709,0,"[0, 1]"
1101806,7558571,3820,0,"[0, 1]"
1101806,7558571,2413,0,"[0, 1]"
1101806,7558571,3569,0,"[0, 1]"
1101806,7558571,2669,0,"[0, 1]"
1101806,7558571,4014,0,"[0, 1]"
1101806,7558571,3016,0,"[0, 1]"
1101806,7558571,4023,0,"[0, 1]"
1101806,7558571,4413,0,"[0, 1]"
1101806,7558571,7458213,1,"[0, 1]"
1101806,7558571,4836,0,"[0, 1]"
1101806,7558571,7370864,1,"[0, 1]"
1101806,7558571,7114795,1,"[0, 1]"
1101806,7558571,4236,0,"[0, 1]"
1101806,7558571,7092485,1,"[0, 1]"
1101806,7558571,4544,0,"[0, 1]"
1101806,7558571,7469042,1,"[0, 1]"
1101806,7558571,4518,0,"[0, 1]"
1101806,7558571,7562624,1,"[0, 1]"
1101806,7558571,7220310,1,"[0, 1]"
1101806,7558571,7571290,1,"[0, 1]"
1101806,7558571,7675991,1,"[0, 1]"
1101806,7558571,7685094,1,"[0, 1]"
1101806,7558571,4992,0,"[0, 1]"
1101806,7558571,1170953,1,"[0, 1]"
1101806,7558571,7452632,1,"[0, 1]"
1101806,7558571,4624,0,"[0, 1]"
1101806,7558571,4230,0,"[0, 1]"
1101806,7558571,7612858,1,"[0, 1]"
1101806,7558571,4287,0,"[0, 1]"
1101806,7558571,7199352,1,"[0, 1]"
1101806,7558571,7642015,1,"[0, 1]"
1101806,7558571,7594098,1,"[0, 1]"
1101806,7558571,7189291,1,"[0, 1]"
1101806,7558571,7180994,1,"[0, 1]"
1101806,7558571,7400667,1,"[0, 1]"
1101806,7558571,7683893,1,"[0, 1]"
1101806,7558571,7556353,1,"[0, 1]"
1101806,7558571,1237909,1,"[0, 1]"
1101806,7558571,7681577,1,"[0, 1]"
1101806,7558571,7276238,1,"[0, 1]"
1101806,7558571,7237129,1,"[0, 1]"
1101806,7558571,7511179,1,"[0, 1]"
1101806,7558571,7365361,1,"[0, 1]"
1101806,7558571,7661753,1,"[0, 1]"
1101806,7558571,7341207,1,"[0, 1]"
1101806,7558571,7689210,1,"[0, 1]"
1101806,7558571,7612190,1,"[0, 1]"
1101806,7558571,7564762,1,"[0, 1]"
1101806,7558571,7092353,1,"[0, 1]"
1101806,7558571,7210998,1,"[0, 1]"
1101806,7558571,7127941,1,"[0, 1]"
1101806,7558571,7685719,1,"[0, 1]"
1101806,7558571,2196128,1,"[0, 1]"
1101806,7558571,4288842,1,"[0, 1]"
1101806,7558571,7470616,1,"[0, 1]"
1101806,7558571,7099892,1,"[0, 1]"
1101806,7558571,7562778,1,"[0, 1]"
242107,92150,92150,1,"[1, 0]"
242107,92150,3045,0,"[1, 0]"
242107,92150,1522,0,"[1, 0]"
242107,92150,760,0,"[1, 0]"
242107,92150,379,0,"[1, 0]"
242107,92150,189,0,"[1, 0]"
242107,92150,94,0,"[1, 0]"
242107,92150,46,0,"[1, 0]"
242107,92150,22,0,"[1, 0]"
242107,92150,10,0,"[1, 0]"
242107,92150,4,0,"[1, 0]"
242107,92150,1,0,"[1, 0]"
242107,92150,0,0,"[1, 0]"
242107,92150,2,0,"[0, 1]"
242107,92150,1,0,"[0, 1]"
242107,92150,6,0,"[0, 1]"
242107,92150,3,0,"[0, 1]"
242107,92150,4,0,"[0, 1]"
242107,92150,5,0,"[0, 1]"
242107,92150,13,0,"[0, 1]"
242107,92150,10,0,"[0, 1]"
242107,92150,12,0,"[0, 1]"
242107,92150,8,0,"[0, 1]"
242107,92150,11,0,"[0, 1]"
242107,92150,7,0,"[0, 1]"
242107,92150,18,0,"[0, 1]"
242107,92150,20,0,"[0, 1]"
242107,92150,27,0,"[0, 1]"
242107,92150,30,0,"[0, 1]"
242107,92150,16,0,"[0, 1]"
242107,92150,15,0,"[0, 1]"
242107,92150,23,0,"[0, 1]"
242107,92150,17,0,"[0, 1]"
242107,92150,50,0,"[0, 1]"
242107,92150,51,0,"[0, 1]"
242107,92150,55,0,"[0, 1]"
242107,92150,33,0,"[0, 1]"
242107,92150,38,0,"[0, 1]"
242107,92150,49,0,"[0, 1]"
242107,92150,48,0,"[0, 1]"
242107,92150,34,0,"[0, 1]"
242107,92150,56,0,"[0, 1]"
242107,92150,54,0,"[0, 1]"
242107,92150,117,0,"[0, 1]"
242107,92150,77,0,"[0, 1]"
242107,92150,107,0,"[0, 1]"
242107,92150,99,0,"[0, 1]"
242107,92150,92,0,"[0, 1]"
242107,92150,85,0,"[0, 1]"
242107,92150,110,0,"[0, 1]"
242107,92150,84,0,"[0, 1]"
242107,92150,102,0,"[0, 1]"
242107,92150,82,0,"[0, 1]"
242107,92150,115,0,"[0, 1]"
242107,92150,103,0,"[0, 1]"
242107,92150,130,0,"[0, 1]"
242107,92150,175,0,"[0, 1]"
242107,92150,230,0,"[0, 1]"
242107,92150,155,0,"[0, 1]"
242107,92150,146,0,"[0, 1]"
242107,92150,190,0,"[0, 1]"
242107,92150,141,0,"[0, 1]"
242107,92150,217,0,"[0, 1]"
242107,92150,249,0,"[0, 1]"
242107,92150,191,0,"[0, 1]"
242107,92150,157,0,"[0, 1]"
242107,92150,132,0,"[0, 1]"
242107,92150,181,0,"[0, 1]"
242107,92150,173,0,"[0, 1]"
242107,92150,360,0,"[0, 1]"
242107,92150,301,0,"[0, 1]"
242107,92150,388,0,"[0, 1]"
242107,92150,289,0,"[0, 1]"
242107,92150,261,0,"[0, 1]"
242107,92150,404,0,"[0, 1]"
242107,92150,320,0,"[0, 1]"
242107,92150,491,0,"[0, 1]"
242107,92150,265,0,"[0, 1]"
242107,92150,411,0,"[0, 1]"
242107,92150,262,0,"[0, 1]"
242107,92150,488,0,"[0, 1]"
242107,92150,362,0,"[0, 1]"
242107,92150,369,0,"[0, 1]"
242107,92150,334,0,"[0, 1]"
242107,92150,414,0,"[0, 1]"
242107,92150,961,0,"[0, 1]"
242107,92150,992,0,"[0, 1]"
242107,92150,585,0,"[0, 1]"
242107,92150,553,0,"[0, 1]"
242107,92150,617,0,"[0, 1]"
242107,92150,739,0,"[0, 1]"
242107,92150,975,0,"[0, 1]"
242107,92150,592,0,"[0, 1]"
242107,92150,957,0,"[0, 1]"
242107,92150,770,0,"[0, 1]"
242107,92150,880,0,"[0, 1]"
242107,92150,658,0,"[0, 1]"
242107,92150,582,0,"[0, 1]"
242107,92150,669,0,"[0, 1]"
242107,92150,747,0,"[0, 1]"
242107,92150,951,0,"[0, 1]"
242107,92150,854,0,"[0, 1]"
242107,92150,556,0,"[0, 1]"
242107,92150,1270,0,"[0, 1]"
242107,92150,2028,0,"[0, 1]"
242107,92150,1463,0,"[0, 1]"
242107,92150,1421,0,"[0, 1]"
242107,92150,1797,0,"[0, 1]"
242107,92150,1874,0,"[0, 1]"
242107,92150,1264,0,"[0, 1]"
242107,92150,1681,0,"[0, 1]"
242107,92150,1216,0,"[0, 1]"
242107,92150,1436,0,"[0, 1]"
242107,92150,1703,0,"[0, 1]"
242107,92150,1268,0,"[0, 1]"
242107,92150,1888,0,"[0, 1]"
242107,92150,1559,0,"[0, 1]"
242107,92150,1189,0,"[0, 1]"
242107,92150,1853,0,"[0, 1]"
242107,92150,1689,0,"[0, 1]"
242107,92150,1341,0,"[0, 1]"
242107,92150,1088,0,"[0, 1]"
242107,92150,1063,0,"[0, 1]"
242107,92150,3229,0,"[0, 1]"
242107,92150,2536,0,"[0, 1]"
242107,92150,3536,0,"[0, 1]"
242107,92150,3345,0,"[0, 1]"
242107,92150,3742,0,"[0, 1]"
242107,92150,2288,0,"[0, 1]"
242107,92150,2884,0,"[0, 1]"
242107,92150,3643,0,"[0, 1]"
242107,92150,2747,0,"[0, 1]"
242107,92150,3695,0,"[0, 1]"
242107,92150,2942,0,"[0, 1]"
242107,92150,3887,0,"[0, 1]"
242107,92150,3907,0,"[0, 1]"
242107,92150,3851,0,"[0, 1]"
242107,92150,2449,0,"[0, 1]"
242107,92150,2315,0,"[0, 1]"
242107,92150,2804,0,"[0, 1]"
242107,92150,2574,0,"[0, 1]"
242107,92150,2714,0,"[0, 1]"
242107,92150,2419,0,"[0, 1]"
242107,92150,2244,0,"[0, 1]"
242107,92150,3218,0,"[0, 1]"
242107,92150,4664,0,"[0, 1]"
242107,92150,7200213,1,"[0, 1]"
242107,92150,7305799,1,"[0, 1]"
242107,92150,7093135,1,"[0, 1]"
242107,92150,7355485,1,"[0, 1]"
242107,92150,7304635,1,"[0, 1]"
242107,92150,7432783,1,"[0, 1]"
242107,92150,7072160,1,"[0, 1]"
242107,92150,7566523,1,"[0, 1]"
242107,92150,4949,0,"[0, 1]"
242107,92150,7584078,1,"[0, 1]"
242107,92150,7342150,1,"[0, 1]"
242107,92150,7446792,1,"[0, 1]"
242107,92150,7289154,1,"[0, 1]"
242107,92150,4398,0,"[0, 1]"
242107,92150,7304670,1,"[0, 1]"
242107,92150,4060157,1,"[0, 1]"
242107,92150,4374679,1,"[0, 1]"
242107,92150,7613006,1,"[0, 1]"
242107,92150,7475147,1,"[0, 1]"
242107,92150,110805,1,"[0, 1]"
242107,92150,7681913,1,"[0, 1]"
242107,92150,7483172,1,"[0, 1]"
242107,92150,7621489,1,"[0, 1]"
289276,7559170,7559170,1,"[1, 0]"
289276,7559170,4531,0,"[1, 0]"
289276,7559170,3035,0,"[1, 0]"
289276,7559170,1517,0,"[1, 0]"
289276,7559170,758,0,"[1, 0]"
289276,7559170,378,0,"[1, 0]"
289276,7559170,188,0,"[1, 0]"
289276,7559170,93,0,"[1, 0]"
289276,7559170,46,0,"[1, 0]"
289276,7559170,22,0,"[1, 0]"
289276,7559170,10,0,"[1, 0]"
289276,7559170,4,0,"[1, 0]"
289276,7559170,1,0,"[1, 0]"
289276,7559170,0,0,"[1, 0]"
289276,7559170,1,0,"[0, 1]"
289276,7559170,2,0,"[0, 1]"
289276,7559170,6,0,"[0, 1]"
289276,7559170,3,0,"[0, 1]"
289276,7559170,5,0,"[0, 1]"
289276,7559170,4,0,"[0, 1]"
289276,7559170,8,0,"[0, 1]"
289276,7559170,12,0,"[0, 1]"
289276,7559170,9,0,"[0, 1]"
289276,7559170,14,0,"[0, 1]"
289276,7559170,10,0,"[0, 1]"
289276,7559170,11,0,"[0, 1]"
289276,7559170,15,0,"[0, 1]"
289276,7559170,17,0,"[0, 1]"
289276,7559170,18,0,"[0, 1]"
289276,7559170,27,0,"[0, 1]"
289276,7559170,23,0,"[0, 1]"
289276,7559170,20,0,"[0, 1]"
289276,7559170,26,0,"[0, 1]"
289276,7559170,21,0,"[0, 1]"
289276,7559170,62,0,"[0, 1]"
289276,7559170,33,0,"[0, 1]"
289276,7559170,35,0,"[0, 1]"
289276,7559170,60,0,"[0, 1]"
289276,7559170,47,0,"[0, 1]"
289276,7559170,34,0,"[0, 1]"
289276,7559170,41,0,"[0, 1]"
289276,7559170,48,0,"[0, 1]"
289276,7559170,49,0,"[0, 1]"
289276,7559170,45,0,"[0, 1]"
289276,7559170,78,0,"[0, 1]"
289276,7559170,125,0,"[0, 1]"
289276,7559170,103,0,"[0, 1]"
289276,7559170,66,0,"[0, 1]"
289276,7559170,93,0,"[0, 1]"
289276,7559170,72,0,"[0, 1]"
289276,7559170,112,0,"[0, 1]"
289276,7559170,104,0,"[0, 1]"
289276,7559170,69,0,"[0, 1]"
289276,7559170,63,0,"[0, 1]"
289276,7559170,122,0,"[0, 1]"
289276,7559170,105,0,"[0, 1]"
289276,7559170,140,0,"[0, 1]"
289276,7559170,220,0,"[0, 1]"
289276,7559170,217,0,"[0, 1]"
289276,7559170,187,0,"[0, 1]"
289276,7559170,193,0,"[0, 1]"
289276,7559170,184,0,"[0, 1]"
289276,7559170,226,0,"[0, 1]"
289276,7559170,239,0,"[0, 1]"
289276,7559170,189,0,"[0, 1]"
289276,7559170,229,0,"[0, 1]"
289276,7559170,159,0,"[0, 1]"
289276,7559170,223,0,"[0, 1]"
289276,7559170,228,0,"[0, 1]"
289276,7559170,247,0,"[0, 1]"
289276,7559170,301,0,"[0, 1]"
289276,7559170,414,0,"[0, 1]"
289276,7559170,477,0,"[0, 1]"
289276,7559170,390,0,"[0, 1]"
289276,7559170,413,0,"[0, 1]"
289276,7559170,420,0,"[0, 1]"
289276,7559170,342,0,"[0, 1]"
289276,7559170,347,0,"[0, 1]"
289276,7559170,496,0,"[0, 1]"
289276,7559170,472,0,"[0, 1]"
289276,7559170,389,0,"[0, 1]"
289276,7559170,359,0,"[0, 1]"
289276,7559170,490,0,"[0, 1]"
289276,7559170,373,0,"[0, 1]"
289276,7559170,334,0,"[0, 1]"
289276,7559170,451,0,"[0, 1]"
289276,7559170,709,0,"[0, 1]"
289276,7559170,511,0,"[0, 1]"
289276,7559170,594,0,"[0, 1]"
289276,7559170,536,0,"[0, 1]"
289276,7559170,914,0,"[0, 1]"
289276,7559170,860,0,"[0, 1]"
289276,7559170,597,0,"[0, 1]"
289276,7559170,741,0,"[0, 1]"
289276,7559170,646,0,"[0, 1]"
289276,7559170,1013,0,"[0, 1]"
289276,7559170,588,0,"[0, 1]"
289276,7559170,538,0,"[0, 1]"
289276,7559170,607,0,"[0, 1]"
289276,7559170,827,0,"[0, 1]"
289276,7559170,797,0,"[0, 1]"
289276,7559170,849,0,"[0, 1]"
289276,7559170,965,0,"[0, 1]"
289276,7559170,599,0,"[0, 1]"
289276,7559170,1879,0,"[0, 1]"
289276,7559170,1896,0,"[0, 1]"
289276,7559170,1911,0,"[0, 1]"
289276,7559170,1651,0,"[0, 1]"
289276,7559170,1418,0,"[0, 1]"
289276,7559170,1557,0,"[0, 1]"
289276,7559170,1857,0,"[0, 1]"
289276,7559170,1308,0,"[0, 1]"
289276,7559170,1986,0,"[0, 1]"
289276,7559170,1029,0,"[0, 1]"
289276,7559170,1445,0,"[0, 1]"
289276,7559170,1505,0,"[0, 1]"
289276,7559170,1823,0,"[0, 1]"
289276,7559170,1929,0,"[0, 1]"
289276,7559170,1111,0,"[0, 1]"
289276,7559170,1304,0,"[0, 1]"
289276,7559170,1614,0,"[0, 1]"
289276,7559170,1589,0,"[0, 1]"
289276,7559170,1495,0,"[0, 1]"
289276,7559170,1810,0,"[0, 1]"
289276,7559170,3931,0,"[0, 1]"
289276,7559170,2358,0,"[0, 1]"
289276,7559170,3054,0,"[0, 1]"
289276,7559170,2455,0,"[0, 1]"
289276,7559170,3385,0,"[0, 1]"
289276,7559170,3113,0,"[0, 1]"
289276,7559170,3094,0,"[0, 1]"
289276,7559170,2177,0,"[0, 1]"
289276,7559170,2463,0,"[0, 1]"
289276,7559170,3560,0,"[0, 1]"
289276,7559170,2112,0,"[0, 1]"
289276,7559170,3424,0,"[0, 1]"
289276,7559170,3062,0,"[0, 1]"
289276,7559170,2243,0,"[0, 1]"
289276,7559170,2454,0,"[0, 1]"
289276,7559170,2571,0,"[0, 1]"
289276,7559170,4070,0,"[0, 1]"
289276,7559170,3549,0,"[0, 1]"
289276,7559170,3176,0,"[0, 1]"
289276,7559170,3095,0,"[0, 1]"
289276,7559170,2387,0,"[0, 1]"
289276,7559170,2156,0,"[0, 1]"
289276,7559170,7174952,1,"[0, 1]"
289276,7559170,7462170,1,"[0, 1]"
289276,7559170,7078051,1,"[0, 1]"
289276,7559170,1399463,1,"[0, 1]"
289276,7559170,7635087,1,"[0, 1]"
289276,7559170,4591,0,"[0, 1]"
289276,7559170,7648313,1,"[0, 1]"
289276,7559170,7324451,1,"[0, 1]"
289276,7559170,7677906,1,"[0, 1]"
289276,7559170,2020524,1,"[0, 1]"
289276,7559170,7094511,1,"[0, 1]"
289276,7559170,7088329,1,"[0, 1]"
289276,7559170,617180,1,"[0, 1]"
289276,7559170,7268362,1,"[0, 1]"
289276,7559170,7104929,1,"[0, 1]"
289276,7559170,7220310,1,"[0, 1]"
289276,7559170,7631986,1,"[0, 1]"
289276,7559170,7378397,1,"[0, 1]"
289276,7559170,7099971,1,"[0, 1]"
289276,7559170,7319322,1,"[0, 1]"
289276,7559170,7165005,1,"[0, 1]"
289276,7559170,4982,0,"[0, 1]"
289276,7559170,4238,0,"[0, 1]"
289276,7559170,7582989,1,"[0, 1]"
289276,7559170,7522849,1,"[0, 1]"
289276,7559170,7237410,1,"[0, 1]"
289276,7559170,7534867,1,"[0, 1]"
289276,7559170,7131962,1,"[0, 1]"
289276,7559170,7146390,1,"[0, 1]"
289276,7559170,7508730,1,"[0, 1]"
289276,7559170,6269504,1,"[0, 1]"
289276,7559170,7655567,1,"[0, 1]"
289276,7559170,7614155,1,"[0, 1]"
289276,7559170,2145881,1,"[0, 1]"
289276,7559170,7433180,1,"[0, 1]"
289276,7559170,7215801,1,"[0, 1]"
289276,7559170,7377860,1,"[0, 1]"
289276,7559170,7097707,1,"[0, 1]"
289276,7559170,7540748,1,"[0, 1]"
289276,7559170,6009843,1,"[0, 1]"
289276,7559170,2269086,1,"[0, 1]"
289276,7559170,7213486,1,"[0, 1]"
289276,7559170,7116282,1,"[0, 1]"
289276,7559170,7222529,1,"[0, 1]"
289276,7559170,7627262,1,"[0, 1]"
289276,7559170,7588733,1,"[0, 1]"
289276,7559170,7426898,1,"[0, 1]"
289276,7559170,7138603,1,"[0, 1]"
289276,7559170,7578567,1,"[0, 1]"
289276,7559170,7684917,1,"[0, 1]"
732448,7559244,7559244,1,"[1, 0]"
732448,7559244,3119,0,"[1, 0]"
732448,7559244,1559,0,"[1, 0]"
732448,7559244,779,0,"[1, 0]"
732448,7559244,389,0,"[1, 0]"
732448,7559244,194,0,"[1, 0]"
732448,7559244,96,0,"[1, 0]"
732448,7559244,47,0,"[1, 0]"
732448,7559244,23,0,"[1, 0]"
732448,7559244,11,0,"[1, 0]"
732448,7559244,5,0,"[1, 0]"
732448,7559244,2,0,"[1, 0]"
732448,7559244,0,0,"[1, 0]"
732448,7559244,2,0,"[0, 1]"
732448,7559244,1,0,"[0, 1]"
732448,7559244,3,0,"[0, 1]"
732448,7559244,4,0,"[0, 1]"
732448,7559244,5,0,"[0, 1]"
732448,7559244,6,0,"[0, 1]"
732448,7559244,12,0,"[0, 1]"
732448,7559244,9,0,"[0, 1]"
732448,7559244,14,0,"[0, 1]"
732448,7559244,10,0,"[0, 1]"
732448,7559244,8,0,"[0, 1]"
732448,7559244,13,0,"[0, 1]"
732448,7559244,23,0,"[0, 1]"
732448,7559244,24,0,"[0, 1]"
732448,7559244,30,0,"[0, 1]"
732448,7559244,20,0,"[0, 1]"
732448,7559244,16,0,"[0, 1]"
732448,7559244,27,0,"[0, 1]"
732448,7559244,21,0,"[0, 1]"
732448,7559244,25,0,"[0, 1]"
732448,7559244,42,0,"[0, 1]"
732448,7559244,37,0,"[0, 1]"
732448,7559244,58,0,"[0, 1]"
732448,7559244,56,0,"[0, 1]"
732448,7559244,40,0,"[0, 1]"
732448,7559244,52,0,"[0, 1]"
732448,7559244,48,0,"[0, 1]"
732448,7559244,55,0,"[0, 1]"
732448,7559244,53,0,"[0, 1]"
732448,7559244,44,0,"[0, 1]"
732448,7559244,108,0,"[0, 1]"
732448,7559244,111,0,"[0, 1]"
732448,7559244,125,0,"[0, 1]"
732448,7559244,78,0,"[0, 1]"
732448,7559244,74,0,"[0, 1]"
732448,7559244,93,0,"[0, 1]"
732448,7559244,82,0,"[0, 1]"
732448,7559244,117,0,"[0, 1]"
732448,7559244,67,0,"[0, 1]"
732448,7559244,118,0,"[0, 1]"
732448,7559244,81,0,"[0, 1]"
732448,7559244,90,0,"[0, 1]"
732448,7559244,138,0,"[0, 1]"
732448,7559244,156,0,"[0, 1]"
732448,7559244,207,0,"[0, 1]"
732448,7559244,139,0,"[0, 1]"
732448,7559244,201,0,"[0, 1]"
732448,7559244,168,0,"[0, 1]"
732448,7559244,252,0,"[0, 1]"
732448,7559244,133,0,"[0, 1]"
732448,7559244,130,0,"[0, 1]"
732448,7559244,157,0,"[0, 1]"
732448,7559244,169,0,"[0, 1]"
732448,7559244,200,0,"[0, 1]"
732448,7559244,127,0,"[0, 1]"
732448,7559244,151,0,"[0, 1]"
732448,7559244,458,0,"[0, 1]"
732448,7559244,420,0,"[0, 1]"
732448,7559244,317,0,"[0, 1]"
732448,7559244,334,0,"[0, 1]"
732448,7559244,388,0,"[0, 1]"
732448,7559244,476,0,"[0, 1]"
732448,7559244,285,0,"[0, 1]"
732448,7559244,443,0,"[0, 1]"
732448,7559244,485,0,"[0, 1]"
732448,7559244,393,0,"[0, 1]"
732448,7559244,291,0,"[0, 1]"
732448,7559244,448,0,"[0, 1]"
732448,7559244,323,0,"[0, 1]"
732448,7559244,282,0,"[0, 1]"
732448,7559244,427,0,"[0, 1]"
732448,7559244,423,0,"[0, 1]"
732448,7559244,881,0,"[0, 1]"
732448,7559244,633,0,"[0, 1]"
732448,7559244,644,0,"[0, 1]"
732448,7559244,864,0,"[0, 1]"
732448,7559244,551,0,"[0, 1]"
732448,7559244,927,0,"[0, 1]"
732448,7559244,624,0,"[0, 1]"
732448,7559244,931,0,"[0, 1]"
732448,7559244,885,0,"[0, 1]"
732448,7559244,741,0,"[0, 1]"
732448,7559244,700,0,"[0, 1]"
732448,7559244,543,0,"[0, 1]"
732448,7559244,954,0,"[0, 1]"
732448,7559244,608,0,"[0, 1]"
732448,7559244,921,0,"[0, 1]"
732448,7559244,606,0,"[0, 1]"
732448,7559244,612,0,"[0, 1]"
732448,7559244,682,0,"[0, 1]"
732448,7559244,1348,0,"[0, 1]"
732448,7559244,1952,0,"[0, 1]"
732448,7559244,1635,0,"[0, 1]"
732448,7559244,1056,0,"[0, 1]"
732448,7559244,2019,0,"[0, 1]"
732448,7559244,1747,0,"[0, 1]"
732448,7559244,1485,0,"[0, 1]"
732448,7559244,1852,0,"[0, 1]"
732448,7559244,1209,0,"[0, 1]"
732448,7559244,1409,0,"[0, 1]"
732448,7559244,1060,0,"[0, 1]"
732448,7559244,1204,0,"[0, 1]"
732448,7559244,1787,0,"[0, 1]"
732448,7559244,1214,0,"[0, 1]"
732448,7559244,1491,0,"[0, 1]"
732448,7559244,1531,0,"[0, 1]"
732448,7559244,1828,0,"[0, 1]"
732448,7559244,1826,0,"[0, 1]"
732448,7559244,1377,0,"[0, 1]"
732448,7559244,1111,0,"[0, 1]"
732448,7559244,2482,0,"[0, 1]"
732448,7559244,2853,0,"[0, 1]"
732448,7559244,3403,0,"[0, 1]"
732448,7559244,2338,0,"[0, 1]"
732448,7559244,2176,0,"[0, 1]"
732448,7559244,2530,0,"[0, 1]"
732448,7559244,2920,0,"[0, 1]"
732448,7559244,2178,0,"[0, 1]"
732448,7559244,2885,0,"[0, 1]"
732448,7559244,3918,0,"[0, 1]"
732448,7559244,2897,0,"[0, 1]"
732448,7559244,3940,0,"[0, 1]"
732448,7559244,3911,0,"[0, 1]"
732448,7559244,3443,0,"[0, 1]"
732448,7559244,3879,0,"[0, 1]"
732448,7559244,3796,0,"[0, 1]"
732448,7559244,2425,0,"[0, 1]"
732448,7559244,2260,0,"[0, 1]"
732448,7559244,2725,0,"[0, 1]"
732448,7559244,2799,0,"[0, 1]"
732448,7559244,3155,0,"[0, 1]"
732448,7559244,4072,0,"[0, 1]"
732448,7559244,7665867,1,"[0, 1]"
732448,7559244,4545,0,"[0, 1]"
732448,7559244,7337302,1,"[0, 1]"
732448,7559244,7240603,1,"[0, 1]"
732448,7559244,7460931,1,"[0, 1]"
732448,7559244,7132812,1,"[0, 1]"
732448,7559244,7264233,1,"[0, 1]"
732448,7559244,3863,1,"[0, 1]"
732448,7559244,4657,0,"[0, 1]"
732448,7559244,7548990,1,"[0, 1]"
732448,7559244,4353583,1,"[0, 1]"
732448,7559244,7481700,1,"[0, 1]"
732448,7559244,7468935,1,"[0, 1]"
732448,7559244,7149449,1,"[0, 1]"
732448,7559244,7147037,1,"[0, 1]"
732448,7559244,7239183,1,"[0, 1]"
732448,7559244,4473,0,"[0, 1]"
732448,7559244,7520483,1,"[0, 1]"
732448,7559244,4305,0,"[0, 1]"
732448,7559244,7556665,1,"[0, 1]"
732448,7559244,2488243,1,"[0, 1]"
732448,7559244,7459757,1,"[0, 1]"
732448,7559244,4797,0,"[0, 1]"
732448,7559244,5735433,1,"[0, 1]"
423178,7559250,7559250,1,"[1, 0]"
423178,7559250,2408,0,"[1, 0]"
423178,7559250,1203,0,"[1, 0]"
423178,7559250,601,0,"[1, 0]"
423178,7559250,300,0,"[1, 0]"
423178,7559250,149,0,"[1, 0]"
423178,7559250,74,0,"[1, 0]"
423178,7559250,36,0,"[1, 0]"
423178,7559250,17,0,"[1, 0]"
423178,7559250,8,0,"[1, 0]"
423178,7559250,3,0,"[1, 0]"
423178,7559250,1,0,"[1, 0]"
423178,7559250,0,0,"[1, 0]"
423178,7559250,1,0,"[0, 1]"
423178,7559250,2,0,"[0, 1]"
423178,7559250,6,0,"[0, 1]"
423178,7559250,3,0,"[0, 1]"
423178,7559250,4,0,"[0, 1]"
423178,7559250,5,0,"[0, 1]"
423178,7559250,14,0,"[0, 1]"
423178,7559250,7,0,"[0, 1]"
423178,7559250,13,0,"[0, 1]"
423178,7559250,9,0,"[0, 1]"
423178,7559250,12,0,"[0, 1]"
423178,7559250,11,0,"[0, 1]"
423178,7559250,19,0,"[0, 1]"
423178,7559250,15,0,"[0, 1]"
423178,7559250,24,0,"[0, 1]"
423178,7559250,26,0,"[0, 1]"
423178,7559250,22,0,"[0, 1]"
423178,7559250,20,0,"[0, 1]"
423178,7559250,23,0,"[0, 1]"
423178,7559250,28,0,"[0, 1]"
423178,7559250,33,0,"[0, 1]"
423178,7559250,41,0,"[0, 1]"
423178,7559250,32,0,"[0, 1]"
423178,7559250,43,0,"[0, 1]"
423178,7559250,42,0,"[0, 1]"
423178,7559250,46,0,"[0, 1]"
423178,7559250,37,0,"[0, 1]"
423178,7559250,39,0,"[0, 1]"
423178,7559250,38,0,"[0, 1]"
423178,7559250,31,0,"[0, 1]"
423178,7559250,102,0,"[0, 1]"
423178,7559250,97,0,"[0, 1]"
423178,7559250,101,0,"[0, 1]"
423178,7559250,80,0,"[0, 1]"
423178,7559250,70,0,"[0, 1]"
423178,7559250,65,0,"[0, 1]"
423178,7559250,89,0,"[0, 1]"
423178,7559250,82,0,"[0, 1]"
423178,7559250,91,0,"[0, 1]"
423178,7559250,126,0,"[0, 1]"
423178,7559250,100,0,"[0, 1]"
423178,7559250,83,0,"[0, 1]"
423178,7559250,235,0,"[0, 1]"
423178,7559250,145,0,"[0, 1]"
423178,7559250,128,0,"[0, 1]"
423178,7559250,203,0,"[0, 1]"
423178,7559250,130,0,"[0, 1]"
423178,7559250,180,0,"[0, 1]"
423178,7559250,240,0,"[0, 1]"
423178,7559250,148,0,"[0, 1]"
423178,7559250,175,0,"[0, 1]"
423178,7559250,249,0,"[0, 1]"
423178,7559250,246,0,"[0, 1]"
423178,7559250,193,0,"[0, 1]"
423178,7559250,147,0,"[0, 1]"
423178,7559250,132,0,"[0, 1]"
423178,7559250,445,0,"[0, 1]"
423178,7559250,502,0,"[0, 1]"
423178,7559250,406,0,"[0, 1]"
423178,7559250,412,0,"[0, 1]"
423178,7559250,374,0,"[0, 1]"
423178,7559250,449,0,"[0, 1]"
423178,7559250,302,0,"[0, 1]"
423178,7559250,483,0,"[0, 1]"
423178,7559250,313,0,"[0, 1]"
423178,7559250,444,0,"[0, 1]"
423178,7559250,283,0,"[0, 1]"
423178,7559250,298,0,"[0, 1]"
423178,7559250,330,0,"[0, 1]"
423178,7559250,447,0,"[0, 1]"
423178,7559250,505,0,"[0, 1]"
423178,7559250,489,0,"[0, 1]"
423178,7559250,740,0,"[0, 1]"
423178,7559250,629,0,"[0, 1]"
423178,7559250,862,0,"[0, 1]"
423178,7559250,891,0,"[0, 1]"
423178,7559250,705,0,"[0, 1]"
423178,7559250,952,0,"[0, 1]"
423178,7559250,680,0,"[0, 1]"
423178,7559250,544,0,"[0, 1]"
423178,7559250,836,0,"[0, 1]"
423178,7559250,742,0,"[0, 1]"
423178,7559250,746,0,"[0, 1]"
423178,7559250,645,0,"[0, 1]"
423178,7559250,990,0,"[0, 1]"
423178,7559250,835,0,"[0, 1]"
423178,7559250,725,0,"[0, 1]"
423178,7559250,765,0,"[0, 1]"
423178,7559250,580,0,"[0, 1]"
423178,7559250,659,0,"[0, 1]"
423178,7559250,1813,0,"[0, 1]"
423178,7559250,2005,0,"[0, 1]"
423178,7559250,1250,0,"[0, 1]"
423178,7559250,1675,0,"[0, 1]"
423178,7559250,1468,0,"[0, 1]"
423178,7559250,1950,0,"[0, 1]"
423178,7559250,1750,0,"[0, 1]"
423178,7559250,1997,0,"[0, 1]"
423178,7559250,1734,0,"[0, 1]"
423178,7559250,1871,0,"[0, 1]"
423178,7559250,1610,0,"[0, 1]"
423178,7559250,1246,0,"[0, 1]"
423178,7559250,1721,0,"[0, 1]"
423178,7559250,1402,0,"[0, 1]"
423178,7559250,1508,0,"[0, 1]"
423178,7559250,1259,0,"[0, 1]"
423178,7559250,1192,0,"[0, 1]"
423178,7559250,1700,0,"[0, 1]"
423178,7559250,1067,0,"[0, 1]"
423178,7559250,1479,0,"[0, 1]"
423178,7559250,3252,0,"[0, 1]"
423178,7559250,3111,0,"[0, 1]"
423178,7559250,2729,0,"[0, 1]"
423178,7559250,3429,0,"[0, 1]"
423178,7559250,2491,0,"[0, 1]"
423178,7559250,3518,0,"[0, 1]"
423178,7559250,3467,0,"[0, 1]"
423178,7559250,3538,0,"[0, 1]"
423178,7559250,3100,0,"[0, 1]"
423178,7559250,3166,0,"[0, 1]"
423178,7559250,3596,0,"[0, 1]"
423178,7559250,3499,0,"[0, 1]"
423178,7559250,3908,0,"[0, 1]"
423178,7559250,2719,0,"[0, 1]"
423178,7559250,2229,0,"[0, 1]"
423178,7559250,2059,0,"[0, 1]"
423178,7559250,2678,0,"[0, 1]"
423178,7559250,4084,0,"[0, 1]"
423178,7559250,3026,0,"[0, 1]"
423178,7559250,3974,0,"[0, 1]"
423178,7559250,3273,0,"[0, 1]"
423178,7559250,3497,0,"[0, 1]"
423178,7559250,7598434,1,"[0, 1]"
423178,7559250,1554660,1,"[0, 1]"
423178,7559250,7578826,1,"[0, 1]"
423178,7559250,7215418,1,"[0, 1]"
423178,7559250,4899,0,"[0, 1]"
423178,7559250,7651271,1,"[0, 1]"
423178,7559250,7239443,1,"[0, 1]"
423178,7559250,4743,0,"[0, 1]"
423178,7559250,7270971,1,"[0, 1]"
423178,7559250,4220,0,"[0, 1]"
423178,7559250,7240345,1,"[0, 1]"
423178,7559250,7269564,1,"[0, 1]"
423178,7559250,7417821,1,"[0, 1]"
423178,7559250,4954,0,"[0, 1]"
423178,7559250,7472728,1,"[0, 1]"
423178,7559250,7555276,1,"[0, 1]"
423178,7559250,4551,0,"[0, 1]"
423178,7559250,4720,0,"[0, 1]"
423178,7559250,4406,0,"[0, 1]"
423178,7559250,4573,0,"[0, 1]"
423178,7559250,4854,0,"[0, 1]"
423178,7559250,3471973,1,"[0, 1]"
423178,7559250,7164845,1,"[0, 1]"
423178,7559250,7458481,1,"[0, 1]"
348242,7559349,7559349,1,"[1, 0]"
348242,7559349,2782,0,"[1, 0]"
348242,7559349,1390,0,"[1, 0]"
348242,7559349,694,0,"[1, 0]"
348242,7559349,346,0,"[1, 0]"
348242,7559349,172,0,"[1, 0]"
348242,7559349,85,0,"[1, 0]"
348242,7559349,42,0,"[1, 0]"
348242,7559349,20,0,"[1, 0]"
348242,7559349,9,0,"[1, 0]"
348242,7559349,4,0,"[1, 0]"
348242,7559349,1,0,"[1, 0]"
348242,7559349,0,0,"[1, 0]"
348242,7559349,2,0,"[0, 1]"
348242,7559349,1,0,"[0, 1]"
348242,7559349,6,0,"[0, 1]"
348242,7559349,3,0,"[0, 1]"
348242,7559349,5,0,"[0, 1]"
348242,7559349,4,0,"[0, 1]"
348242,7559349,11,0,"[0, 1]"
348242,7559349,13,0,"[0, 1]"
348242,7559349,14,0,"[0, 1]"
348242,7559349,10,0,"[0, 1]"
348242,7559349,9,0,"[0, 1]"
348242,7559349,8,0,"[0, 1]"
348242,7559349,28,0,"[0, 1]"
348242,7559349,21,0,"[0, 1]"
348242,7559349,25,0,"[0, 1]"
348242,7559349,18,0,"[0, 1]"
348242,7559349,16,0,"[0, 1]"
348242,7559349,20,0,"[0, 1]"
348242,7559349,24,0,"[0, 1]"
348242,7559349,26,0,"[0, 1]"
348242,7559349,54,0,"[0, 1]"
348242,7559349,57,0,"[0, 1]"
348242,7559349,39,0,"[0, 1]"
348242,7559349,38,0,"[0, 1]"
348242,7559349,58,0,"[0, 1]"
348242,7559349,48,0,"[0, 1]"
348242,7559349,44,0,"[0, 1]"
348242,7559349,49,0,"[0, 1]"
348242,7559349,61,0,"[0, 1]"
348242,7559349,51,0,"[0, 1]"
348242,7559349,102,0,"[0, 1]"
348242,7559349,109,0,"[0, 1]"
348242,7559349,83,0,"[0, 1]"
348242,7559349,110,0,"[0, 1]"
348242,7559349,101,0,"[0, 1]"
348242,7559349,100,0,"[0, 1]"
348242,7559349,121,0,"[0, 1]"
348242,7559349,125,0,"[0, 1]"
348242,7559349,91,0,"[0, 1]"
348242,7559349,63,0,"[0, 1]"
348242,7559349,78,0,"[0, 1]"
348242,7559349,107,0,"[0, 1]"
348242,7559349,246,0,"[0, 1]"
348242,7559349,234,0,"[0, 1]"
348242,7559349,182,0,"[0, 1]"
348242,7559349,230,0,"[0, 1]"
348242,7559349,200,0,"[0, 1]"
348242,7559349,135,0,"[0, 1]"
348242,7559349,179,0,"[0, 1]"
348242,7559349,206,0,"[0, 1]"
348242,7559349,180,0,"[0, 1]"
348242,7559349,216,0,"[0, 1]"
348242,7559349,207,0,"[0, 1]"
348242,7559349,220,0,"[0, 1]"
348242,7559349,199,0,"[0, 1]"
348242,7559349,224,0,"[0, 1]"
348242,7559349,306,0,"[0, 1]"
348242,7559349,347,0,"[0, 1]"
348242,7559349,422,0,"[0, 1]"
348242,7559349,398,0,"[0, 1]"
348242,7559349,311,0,"[0, 1]"
348242,7559349,496,0,"[0, 1]"
348242,7559349,348,0,"[0, 1]"
348242,7559349,469,0,"[0, 1]"
348242,7559349,265,0,"[0, 1]"
348242,7559349,384,0,"[0, 1]"
348242,7559349,308,0,"[0, 1]"
348242,7559349,508,0,"[0, 1]"
348242,7559349,292,0,"[0, 1]"
348242,7559349,415,0,"[0, 1]"
348242,7559349,375,0,"[0, 1]"
348242,7559349,305,0,"[0, 1]"
348242,7559349,589,0,"[0, 1]"
348242,7559349,907,0,"[0, 1]"
348242,7559349,885,0,"[0, 1]"
348242,7559349,538,0,"[0, 1]"
348242,7559349,637,0,"[0, 1]"
348242,7559349,632,0,"[0, 1]"
348242,7559349,700,0,"[0, 1]"
348242,7559349,839,0,"[0, 1]"
348242,7559349,834,0,"[0, 1]"
348242,7559349,714,0,"[0, 1]"
348242,7559349,757,0,"[0, 1]"
348242,7559349,735,0,"[0, 1]"
348242,7559349,753,0,"[0, 1]"
348242,7559349,807,0,"[0, 1]"
348242,7559349,558,0,"[0, 1]"
348242,7559349,651,0,"[0, 1]"
348242,7559349,647,0,"[0, 1]"
348242,7559349,554,0,"[0, 1]"
348242,7559349,1585,0,"[0, 1]"
348242,7559349,1977,0,"[0, 1]"
348242,7559349,1691,0,"[0, 1]"
348242,7559349,1023,0,"[0, 1]"
348242,7559349,1661,0,"[0, 1]"
348242,7559349,1365,0,"[0, 1]"
348242,7559349,2046,0,"[0, 1]"
348242,7559349,1188,0,"[0, 1]"
348242,7559349,1331,0,"[0, 1]"
348242,7559349,1140,0,"[0, 1]"
348242,7559349,1669,0,"[0, 1]"
348242,7559349,1609,0,"[0, 1]"
348242,7559349,1048,0,"[0, 1]"
348242,7559349,2040,0,"[0, 1]"
348242,7559349,2002,0,"[0, 1]"
348242,7559349,1065,0,"[0, 1]"
348242,7559349,1651,0,"[0, 1]"
348242,7559349,1738,0,"[0, 1]"
348242,7559349,1940,0,"[0, 1]"
348242,7559349,1248,0,"[0, 1]"
348242,7559349,3100,0,"[0, 1]"
348242,7559349,2738,0,"[0, 1]"
348242,7559349,2632,0,"[0, 1]"
348242,7559349,2720,0,"[0, 1]"
348242,7559349,2983,0,"[0, 1]"
348242,7559349,3580,0,"[0, 1]"
348242,7559349,3035,0,"[0, 1]"
348242,7559349,3159,0,"[0, 1]"
348242,7559349,2277,0,"[0, 1]"
348242,7559349,3963,0,"[0, 1]"
348242,7559349,3546,0,"[0, 1]"
348242,7559349,3588,0,"[0, 1]"
348242,7559349,3196,0,"[0, 1]"
348242,7559349,3715,0,"[0, 1]"
348242,7559349,4028,0,"[0, 1]"
348242,7559349,2545,0,"[0, 1]"
348242,7559349,3004,0,"[0, 1]"
348242,7559349,3997,0,"[0, 1]"
348242,7559349,3464,0,"[0, 1]"
348242,7559349,2921,0,"[0, 1]"
348242,7559349,3409,0,"[0, 1]"
348242,7559349,2710,0,"[0, 1]"
348242,7559349,1208539,1,"[0, 1]"
348242,7559349,545561,1,"[0, 1]"
348242,7559349,4921,0,"[0, 1]"
348242,7559349,7264701,1,"[0, 1]"
348242,7559349,7542697,1,"[0, 1]"
348242,7559349,4986,0,"[0, 1]"
348242,7559349,7452632,1,"[0, 1]"
348242,7559349,909716,1,"[0, 1]"
348242,7559349,7535298,1,"[0, 1]"
348242,7559349,4946,0,"[0, 1]"
348242,7559349,7125439,1,"[0, 1]"
348242,7559349,7116569,1,"[0, 1]"
348242,7559349,4705,0,"[0, 1]"
348242,7559349,7349630,1,"[0, 1]"
348242,7559349,7259816,1,"[0, 1]"
348242,7559349,7440274,1,"[0, 1]"
348242,7559349,4747,0,"[0, 1]"
348242,7559349,7095568,1,"[0, 1]"
348242,7559349,7105513,1,"[0, 1]"
348242,7559349,7468991,1,"[0, 1]"
348242,7559349,2609809,1,"[0, 1]"
348242,7559349,7457652,1,"[0, 1]"
348242,7559349,7239766,1,"[0, 1]"
348242,7559349,7655357,1,"[0, 1]"
613870,7559421,7559421,1,"[1, 0]"
613870,7559421,2257,0,"[1, 0]"
613870,7559421,1128,0,"[1, 0]"
613870,7559421,563,0,"[1, 0]"
613870,7559421,281,0,"[1, 0]"
613870,7559421,140,0,"[1, 0]"
613870,7559421,69,0,"[1, 0]"
613870,7559421,34,0,"[1, 0]"
613870,7559421,16,0,"[1, 0]"
613870,7559421,7,0,"[1, 0]"
613870,7559421,3,0,"[1, 0]"
613870,7559421,1,0,"[1, 0]"
613870,7559421,0,0,"[1, 0]"
613870,7559421,1,0,"[0, 1]"
613870,7559421,2,0,"[0, 1]"
613870,7559421,5,0,"[0, 1]"
613870,7559421,4,0,"[0, 1]"
613870,7559421,3,0,"[0, 1]"
613870,7559421,6,0,"[0, 1]"
613870,7559421,12,0,"[0, 1]"
613870,7559421,10,0,"[0, 1]"
613870,7559421,7,0,"[0, 1]"
613870,7559421,14,0,"[0, 1]"
613870,7559421,13,0,"[0, 1]"
613870,7559421,11,0,"[0, 1]"
613870,7559421,21,0,"[0, 1]"
613870,7559421,18,0,"[0, 1]"
613870,7559421,25,0,"[0, 1]"
613870,7559421,16,0,"[0, 1]"
613870,7559421,22,0,"[0, 1]"
613870,7559421,20,0,"[0, 1]"
613870,7559421,23,0,"[0, 1]"
613870,7559421,26,0,"[0, 1]"
613870,7559421,47,0,"[0, 1]"
613870,7559421,54,0,"[0, 1]"
613870,7559421,43,0,"[0, 1]"
613870,7559421,62,0,"[0, 1]"
613870,7559421,57,0,"[0, 1]"
613870,7559421,33,0,"[0, 1]"
613870,7559421,61,0,"[0, 1]"
613870,7559421,50,0,"[0, 1]"
613870,7559421,32,0,"[0, 1]"
613870,7559421,48,0,"[0, 1]"
613870,7559421,111,0,"[0, 1]"
613870,7559421,70,0,"[0, 1]"
613870,7559421,109,0,"[0, 1]"
613870,7559421,110,0,"[0, 1]"
613870,7559421,125,0,"[0, 1]"
613870,7559421,96,0,"[0, 1]"
613870,7559421,88,0,"[0, 1]"
613870,7559421,101,0,"[0, 1]"
613870,7559421,68,0,"[0, 1]"
613870,7559421,102,0,"[0, 1]"
613870,7559421,64,0,"[0, 1]"
613870,7559421,126,0,"[0, 1]"
613870,7559421,157,0,"[0, 1]"
613870,7559421,186,0,"[0, 1]"
613870,7559421,201,0,"[0, 1]"
613870,7559421,217,0,"[0, 1]"
613870,7559421,234,0,"[0, 1]"
613870,7559421,171,0,"[0, 1]"
613870,7559421,191,0,"[0, 1]"
613870,7559421,144,0,"[0, 1]"
613870,7559421,249,0,"[0, 1]"
613870,7559421,175,0,"[0, 1]"
613870,7559421,161,0,"[0, 1]"
613870,7559421,155,0,"[0, 1]"
613870,7559421,248,0,"[0, 1]"
613870,7559421,231,0,"[0, 1]"
613870,7559421,327,0,"[0, 1]"
613870,7559421,440,0,"[0, 1]"
613870,7559421,474,0,"[0, 1]"
613870,7559421,316,0,"[0, 1]"
613870,7559421,495,0,"[0, 1]"
613870,7559421,318,0,"[0, 1]"
613870,7559421,498,0,"[0, 1]"
613870,7559421,460,0,"[0, 1]"
613870,7559421,417,0,"[0, 1]"
613870,7559421,263,0,"[0, 1]"
613870,7559421,405,0,"[0, 1]"
613870,7559421,352,0,"[0, 1]"
613870,7559421,384,0,"[0, 1]"
613870,7559421,345,0,"[0, 1]"
613870,7559421,467,0,"[0, 1]"
613870,7559421,430,0,"[0, 1]"
613870,7559421,794,0,"[0, 1]"
613870,7559421,751,0,"[0, 1]"
613870,7559421,647,0,"[0, 1]"
613870,7559421,820,0,"[0, 1]"
613870,7559421,634,0,"[0, 1]"
613870,7559421,981,0,"[0, 1]"
613870,7559421,615,0,"[0, 1]"
613870,7559421,723,0,"[0, 1]"
613870,7559421,695,0,"[0, 1]"
613870,7559421,690,0,"[0, 1]"
613870,7559421,514,0,"[0, 1]"
613870,7559421,673,0,"[0, 1]"
613870,7559421,656,0,"[0, 1]"
613870,7559421,728,0,"[0, 1]"
613870,7559421,854,0,"[0, 1]"
613870,7559421,738,0,"[0, 1]"
613870,7559421,758,0,"[0, 1]"
613870,7559421,961,0,"[0, 1]"
613870,7559421,1778,0,"[0, 1]"
613870,7559421,1570,0,"[0, 1]"
613870,7559421,1275,0,"[0, 1]"
613870,7559421,1925,0,"[0, 1]"
613870,7559421,2019,0,"[0, 1]"
613870,7559421,1352,0,"[0, 1]"
613870,7559421,1156,0,"[0, 1]"
613870,7559421,1973,0,"[0, 1]"
613870,7559421,1581,0,"[0, 1]"
613870,7559421,1877,0,"[0, 1]"
613870,7559421,1120,0,"[0, 1]"
613870,7559421,1511,0,"[0, 1]"
613870,7559421,1196,0,"[0, 1]"
613870,7559421,1970,0,"[0, 1]"
613870,7559421,1543,0,"[0, 1]"
613870,7559421,1180,0,"[0, 1]"
613870,7559421,1504,0,"[0, 1]"
613870,7559421,1662,0,"[0, 1]"
613870,7559421,1976,0,"[0, 1]"
613870,7559421,1483,0,"[0, 1]"
613870,7559421,3615,0,"[0, 1]"
613870,7559421,2471,0,"[0, 1]"
613870,7559421,3555,0,"[0, 1]"
613870,7559421,2592,0,"[0, 1]"
613870,7559421,2094,0,"[0, 1]"
613870,7559421,2836,0,"[0, 1]"
613870,7559421,3786,0,"[0, 1]"
613870,7559421,2804,0,"[0, 1]"
613870,7559421,2979,0,"[0, 1]"
613870,7559421,2745,0,"[0, 1]"
613870,7559421,2566,0,"[0, 1]"
613870,7559421,3916,0,"[0, 1]"
613870,7559421,3369,0,"[0, 1]"
613870,7559421,2443,0,"[0, 1]"
613870,7559421,3727,0,"[0, 1]"
613870,7559421,3402,0,"[0, 1]"
613870,7559421,3344,0,"[0, 1]"
613870,7559421,2925,0,"[0, 1]"
613870,7559421,2706,0,"[0, 1]"
613870,7559421,2694,0,"[0, 1]"
613870,7559421,2615,0,"[0, 1]"
613870,7559421,2714,0,"[0, 1]"
613870,7559421,7128560,1,"[0, 1]"
613870,7559421,4152,0,"[0, 1]"
613870,7559421,4568,0,"[0, 1]"
613870,7559421,7257371,1,"[0, 1]"
613870,7559421,7082281,1,"[0, 1]"
613870,7559421,4494,0,"[0, 1]"
613870,7559421,7257177,1,"[0, 1]"
613870,7559421,7365473,1,"[0, 1]"
613870,7559421,7506791,1,"[0, 1]"
613870,7559421,7523496,1,"[0, 1]"
613870,7559421,7424087,1,"[0, 1]"
613870,7559421,7639975,1,"[0, 1]"
613870,7559421,7373090,1,"[0, 1]"
613870,7559421,7494666,1,"[0, 1]"
613870,7559421,4681,0,"[0, 1]"
613870,7559421,7294084,1,"[0, 1]"
613870,7559421,7422184,1,"[0, 1]"
613870,7559421,7498688,1,"[0, 1]"
613870,7559421,3239670,1,"[0, 1]"
613870,7559421,7577745,1,"[0, 1]"
613870,7559421,7227476,1,"[0, 1]"
613870,7559421,2123320,1,"[0, 1]"
613870,7559421,7289144,1,"[0, 1]"
613870,7559421,2587770,1,"[0, 1]"
508316,7559424,7559424,1,"[1, 0]"
508316,7559424,4038,0,"[1, 0]"
508316,7559424,2018,0,"[1, 0]"
508316,7559424,1008,0,"[1, 0]"
508316,7559424,503,0,"[1, 0]"
508316,7559424,251,0,"[1, 0]"
508316,7559424,125,0,"[1, 0]"
508316,7559424,62,0,"[1, 0]"
508316,7559424,30,0,"[1, 0]"
508316,7559424,14,0,"[1, 0]"
508316,7559424,6,0,"[1, 0]"
508316,7559424,2,0,"[1, 0]"
508316,7559424,0,0,"[1, 0]"
508316,7559424,1,0,"[0, 1]"
508316,7559424,2,0,"[0, 1]"
508316,7559424,5,0,"[0, 1]"
508316,7559424,6,0,"[0, 1]"
508316,7559424,4,0,"[0, 1]"
508316,7559424,3,0,"[0, 1]"
508316,7559424,12,0,"[0, 1]"
508316,7559424,13,0,"[0, 1]"
508316,7559424,11,0,"[0, 1]"
508316,7559424,7,0,"[0, 1]"
508316,7559424,9,0,"[0, 1]"
508316,7559424,14,0,"[0, 1]"
508316,7559424,21,0,"[0, 1]"
508316,7559424,20,0,"[0, 1]"
508316,7559424,28,0,"[0, 1]"
508316,7559424,19,0,"[0, 1]"
508316,7559424,23,0,"[0, 1]"
508316,7559424,24,0,"[0, 1]"
508316,7559424,16,0,"[0, 1]"
508316,7559424,18,0,"[0, 1]"
508316,7559424,31,0,"[0, 1]"
508316,7559424,53,0,"[0, 1]"
508316,7559424,60,0,"[0, 1]"
508316,7559424,52,0,"[0, 1]"
508316,7559424,44,0,"[0, 1]"
508316,7559424,32,0,"[0, 1]"
508316,7559424,50,0,"[0, 1]"
508316,7559424,57,0,"[0, 1]"
508316,7559424,40,0,"[0, 1]"
508316,7559424,33,0,"[0, 1]"
508316,7559424,120,0,"[0, 1]"
508316,7559424,74,0,"[0, 1]"
508316,7559424,105,0,"[0, 1]"
508316,7559424,82,0,"[0, 1]"
508316,7559424,77,0,"[0, 1]"
508316,7559424,103,0,"[0, 1]"
508316,7559424,97,0,"[0, 1]"
508316,7559424,94,0,"[0, 1]"
508316,7559424,92,0,"[0, 1]"
508316,7559424,67,0,"[0, 1]"
508316,7559424,118,0,"[0, 1]"
508316,7559424,85,0,"[0, 1]"
508316,7559424,143,0,"[0, 1]"
508316,7559424,166,0,"[0, 1]"
508316,7559424,128,0,"[0, 1]"
508316,7559424,227,0,"[0, 1]"
508316,7559424,250,0,"[0, 1]"
508316,7559424,233,0,"[0, 1]"
508316,7559424,206,0,"[0, 1]"
508316,7559424,224,0,"[0, 1]"
508316,7559424,167,0,"[0, 1]"
508316,7559424,200,0,"[0, 1]"
508316,7559424,145,0,"[0, 1]"
508316,7559424,150,0,"[0, 1]"
508316,7559424,235,0,"[0, 1]"
508316,7559424,183,0,"[0, 1]"
508316,7559424,261,0,"[0, 1]"
508316,7559424,272,0,"[0, 1]"
508316,7559424,371,0,"[0, 1]"
508316,7559424,410,0,"[0, 1]"
508316,7559424,283,0,"[0, 1]"
508316,7559424,305,0,"[0, 1]"
508316,7559424,445,0,"[0, 1]"
508316,7559424,315,0,"[0, 1]"
508316,7559424,327,0,"[0, 1]"
508316,7559424,489,0,"[0, 1]"
508316,7559424,399,0,"[0, 1]"
508316,7559424,480,0,"[0, 1]"
508316,7559424,402,0,"[0, 1]"
508316,7559424,391,0,"[0, 1]"
508316,7559424,321,0,"[0, 1]"
508316,7559424,406,0,"[0, 1]"
508316,7559424,935,0,"[0, 1]"
508316,7559424,815,0,"[0, 1]"
508316,7559424,1013,0,"[0, 1]"
508316,7559424,726,0,"[0, 1]"
508316,7559424,917,0,"[0, 1]"
508316,7559424,998,0,"[0, 1]"
508316,7559424,559,0,"[0, 1]"
508316,7559424,569,0,"[0, 1]"
508316,7559424,913,0,"[0, 1]"
508316,7559424,941,0,"[0, 1]"
508316,7559424,688,0,"[0, 1]"
508316,7559424,719,0,"[0, 1]"
508316,7559424,820,0,"[0, 1]"
508316,7559424,652,0,"[0, 1]"
508316,7559424,991,0,"[0, 1]"
508316,7559424,746,0,"[0, 1]"
508316,7559424,765,0,"[0, 1]"
508316,7559424,945,0,"[0, 1]"
508316,7559424,1851,0,"[0, 1]"
508316,7559424,1391,0,"[0, 1]"
508316,7559424,1396,0,"[0, 1]"
508316,7559424,2013,0,"[0, 1]"
508316,7559424,1462,0,"[0, 1]"
508316,7559424,1033,0,"[0, 1]"
508316,7559424,1349,0,"[0, 1]"
508316,7559424,1581,0,"[0, 1]"
508316,7559424,1094,0,"[0, 1]"
508316,7559424,1848,0,"[0, 1]"
508316,7559424,1574,0,"[0, 1]"
508316,7559424,1344,0,"[0, 1]"
508316,7559424,1894,0,"[0, 1]"
508316,7559424,1432,0,"[0, 1]"
508316,7559424,1114,0,"[0, 1]"
508316,7559424,1943,0,"[0, 1]"
508316,7559424,1486,0,"[0, 1]"
508316,7559424,1380,0,"[0, 1]"
508316,7559424,1874,0,"[0, 1]"
508316,7559424,1092,0,"[0, 1]"
508316,7559424,2680,0,"[0, 1]"
508316,7559424,3158,0,"[0, 1]"
508316,7559424,3107,0,"[0, 1]"
508316,7559424,2834,0,"[0, 1]"
508316,7559424,3546,0,"[0, 1]"
508316,7559424,2678,0,"[0, 1]"
508316,7559424,2077,0,"[0, 1]"
508316,7559424,2230,0,"[0, 1]"
508316,7559424,3986,0,"[0, 1]"
508316,7559424,2111,0,"[0, 1]"
508316,7559424,4032,0,"[0, 1]"
508316,7559424,2838,0,"[0, 1]"
508316,7559424,2942,0,"[0, 1]"
508316,7559424,2709,0,"[0, 1]"
508316,7559424,2206,0,"[0, 1]"
508316,7559424,3638,0,"[0, 1]"
508316,7559424,2152,0,"[0, 1]"
508316,7559424,3919,0,"[0, 1]"
508316,7559424,2806,0,"[0, 1]"
508316,7559424,3862,0,"[0, 1]"
508316,7559424,3834,0,"[0, 1]"
508316,7559424,2848,0,"[0, 1]"
508316,7559424,7106567,1,"[0, 1]"
508316,7559424,7547353,1,"[0, 1]"
508316,7559424,7367183,1,"[0, 1]"
508316,7559424,7618413,1,"[0, 1]"
508316,7559424,7112966,1,"[0, 1]"
508316,7559424,7488529,1,"[0, 1]"
508316,7559424,4205,0,"[0, 1]"
508316,7559424,7211181,1,"[0, 1]"
508316,7559424,4977,0,"[0, 1]"
508316,7559424,3222178,1,"[0, 1]"
508316,7559424,7481432,1,"[0, 1]"
508316,7559424,4437,0,"[0, 1]"
508316,7559424,112313,1,"[0, 1]"
508316,7559424,7293481,1,"[0, 1]"
508316,7559424,4550,0,"[0, 1]"
508316,7559424,7646494,1,"[0, 1]"
508316,7559424,7259816,1,"[0, 1]"
508316,7559424,3835100,1,"[0, 1]"
508316,7559424,7311487,1,"[0, 1]"
508316,7559424,7210452,1,"[0, 1]"
508316,7559424,4910,0,"[0, 1]"
508316,7559424,4386,0,"[0, 1]"
508316,7559424,7235182,1,"[0, 1]"
508316,7559424,7407303,1,"[0, 1]"
508316,7559425,7559425,1,"[1, 0]"
508316,7559425,4975,0,"[1, 0]"
508316,7559425,4041,0,"[1, 0]"
508316,7559425,2020,0,"[1, 0]"
508316,7559425,1009,0,"[1, 0]"
508316,7559425,504,0,"[1, 0]"
508316,7559425,251,0,"[1, 0]"
508316,7559425,125,0,"[1, 0]"
508316,7559425,62,0,"[1, 0]"
508316,7559425,30,0,"[1, 0]"
508316,7559425,14,0,"[1, 0]"
508316,7559425,6,0,"[1, 0]"
508316,7559425,2,0,"[1, 0]"
508316,7559425,0,0,"[1, 0]"
508316,7559425,2,0,"[0, 1]"
508316,7559425,1,0,"[0, 1]"
508316,7559425,4,0,"[0, 1]"
508316,7559425,3,0,"[0, 1]"
508316,7559425,5,0,"[0, 1]"
508316,7559425,6,0,"[0, 1]"
508316,7559425,7,0,"[0, 1]"
508316,7559425,14,0,"[0, 1]"
508316,7559425,12,0,"[0, 1]"
508316,7559425,9,0,"[0, 1]"
508316,7559425,13,0,"[0, 1]"
508316,7559425,10,0,"[0, 1]"
508316,7559425,30,0,"[0, 1]"
508316,7559425,18,0,"[0, 1]"
508316,7559425,22,0,"[0, 1]"
508316,7559425,15,0,"[0, 1]"
508316,7559425,24,0,"[0, 1]"
508316,7559425,28,0,"[0, 1]"
508316,7559425,19,0,"[0, 1]"
508316,7559425,17,0,"[0, 1]"
508316,7559425,62,0,"[0, 1]"
508316,7559425,46,0,"[0, 1]"
508316,7559425,47,0,"[0, 1]"
508316,7559425,49,0,"[0, 1]"
508316,7559425,50,0,"[0, 1]"
508316,7559425,56,0,"[0, 1]"
508316,7559425,55,0,"[0, 1]"
508316,7559425,35,0,"[0, 1]"
508316,7559425,39,0,"[0, 1]"
508316,7559425,32,0,"[0, 1]"
508316,7559425,123,0,"[0, 1]"
508316,7559425,121,0,"[0, 1]"
508316,7559425,64,0,"[0, 1]"
508316,7559425,79,0,"[0, 1]"
508316,7559425,84,0,"[0, 1]"
508316,7559425,92,0,"[0, 1]"
508316,7559425,73,0,"[0, 1]"
508316,7559425,100,0,"[0, 1]"
508316,7559425,72,0,"[0, 1]"
508316,7559425,124,0,"[0, 1]"
508316,7559425,95,0,"[0, 1]"
508316,7559425,90,0,"[0, 1]"
508316,7559425,154,0,"[0, 1]"
508316,7559425,216,0,"[0, 1]"
508316,7559425,177,0,"[0, 1]"
508316,7559425,207,0,"[0, 1]"
508316,7559425,146,0,"[0, 1]"
508316,7559425,140,0,"[0, 1]"
508316,7559425,167,0,"[0, 1]"
508316,7559425,226,0,"[0, 1]"
508316,7559425,136,0,"[0, 1]"
508316,7559425,164,0,"[0, 1]"
508316,7559425,174,0,"[0, 1]"
508316,7559425,200,0,"[0, 1]"
508316,7559425,153,0,"[0, 1]"
508316,7559425,133,0,"[0, 1]"
508316,7559425,338,0,"[0, 1]"
508316,7559425,255,0,"[0, 1]"
508316,7559425,285,0,"[0, 1]"
508316,7559425,322,0,"[0, 1]"
508316,7559425,395,0,"[0, 1]"
508316,7559425,320,0,"[0, 1]"
508316,7559425,289,0,"[0, 1]"
508316,7559425,353,0,"[0, 1]"
508316,7559425,415,0,"[0, 1]"
508316,7559425,304,0,"[0, 1]"
508316,7559425,342,0,"[0, 1]"
508316,7559425,316,0,"[0, 1]"
508316,7559425,422,0,"[0, 1]"
508316,7559425,475,0,"[0, 1]"
508316,7559425,405,0,"[0, 1]"
508316,7559425,317,0,"[0, 1]"
508316,7559425,1001,0,"[0, 1]"
508316,7559425,591,0,"[0, 1]"
508316,7559425,724,0,"[0, 1]"
508316,7559425,766,0,"[0, 1]"
508316,7559425,983,0,"[0, 1]"
508316,7559425,863,0,"[0, 1]"
508316,7559425,630,0,"[0, 1]"
508316,7559425,711,0,"[0, 1]"
508316,7559425,801,0,"[0, 1]"
508316,7559425,602,0,"[0, 1]"
508316,7559425,679,0,"[0, 1]"
508316,7559425,664,0,"[0, 1]"
508316,7559425,899,0,"[0, 1]"
508316,7559425,545,0,"[0, 1]"
508316,7559425,917,0,"[0, 1]"
508316,7559425,813,0,"[0, 1]"
508316,7559425,568,0,"[0, 1]"
508316,7559425,880,0,"[0, 1]"
508316,7559425,1489,0,"[0, 1]"
508316,7559425,1842,0,"[0, 1]"
508316,7559425,1260,0,"[0, 1]"
508316,7559425,1526,0,"[0, 1]"
508316,7559425,1205,0,"[0, 1]"
508316,7559425,1771,0,"[0, 1]"
508316,7559425,1518,0,"[0, 1]"
508316,7559425,1130,0,"[0, 1]"
508316,7559425,1323,0,"[0, 1]"
508316,7559425,1464,0,"[0, 1]"
508316,7559425,1315,0,"[0, 1]"
508316,7559425,1537,0,"[0, 1]"
508316,7559425,1060,0,"[0, 1]"
508316,7559425,1222,0,"[0, 1]"
508316,7559425,2028,0,"[0, 1]"
508316,7559425,1355,0,"[0, 1]"
508316,7559425,1033,0,"[0, 1]"
508316,7559425,1498,0,"[0, 1]"
508316,7559425,2014,0,"[0, 1]"
508316,7559425,1160,0,"[0, 1]"
508316,7559425,3163,0,"[0, 1]"
508316,7559425,2441,0,"[0, 1]"
508316,7559425,3599,0,"[0, 1]"
508316,7559425,3511,0,"[0, 1]"
508316,7559425,2478,0,"[0, 1]"
508316,7559425,2490,0,"[0, 1]"
508316,7559425,3060,0,"[0, 1]"
508316,7559425,2551,0,"[0, 1]"
508316,7559425,4003,0,"[0, 1]"
508316,7559425,3457,0,"[0, 1]"
508316,7559425,2720,0,"[0, 1]"
508316,7559425,3624,0,"[0, 1]"
508316,7559425,3018,0,"[0, 1]"
508316,7559425,2487,0,"[0, 1]"
508316,7559425,3710,0,"[0, 1]"
508316,7559425,2966,0,"[0, 1]"
508316,7559425,3087,0,"[0, 1]"
508316,7559425,3609,0,"[0, 1]"
508316,7559425,3472,0,"[0, 1]"
508316,7559425,2723,0,"[0, 1]"
508316,7559425,3768,0,"[0, 1]"
508316,7559425,3255,0,"[0, 1]"
508316,7559425,7590504,1,"[0, 1]"
508316,7559425,7079676,1,"[0, 1]"
508316,7559425,7607852,1,"[0, 1]"
508316,7559425,7431182,1,"[0, 1]"
508316,7559425,7575259,1,"[0, 1]"
508316,7559425,4293,0,"[0, 1]"
508316,7559425,7071436,1,"[0, 1]"
508316,7559425,4694,0,"[0, 1]"
508316,7559425,4493,0,"[0, 1]"
508316,7559425,4335,0,"[0, 1]"
508316,7559425,4489,0,"[0, 1]"
508316,7559425,7282339,1,"[0, 1]"
508316,7559425,2863753,1,"[0, 1]"
508316,7559425,4426,0,"[0, 1]"
508316,7559425,7313842,1,"[0, 1]"
508316,7559425,7205912,1,"[0, 1]"
508316,7559425,4256,0,"[0, 1]"
508316,7559425,7563026,1,"[0, 1]"
508316,7559425,4964,0,"[0, 1]"
508316,7559425,4888,0,"[0, 1]"
508316,7559425,7080589,1,"[0, 1]"
508316,7559425,7225667,1,"[0, 1]"
508316,7559425,7571290,1,"[0, 1]"
508316,7559425,7112148,1,"[0, 1]"
508316,7559425,7146390,1,"[0, 1]"
508316,7559425,7389732,1,"[0, 1]"
508316,7559425,7133887,1,"[0, 1]"
508316,7559425,7148569,1,"[0, 1]"
508316,7559425,7446310,1,"[0, 1]"
508316,7559425,7641971,1,"[0, 1]"
508316,7559425,407030,1,"[0, 1]"
508316,7559425,4905388,1,"[0, 1]"
508316,7559425,7321899,1,"[0, 1]"
508316,7559425,5324342,1,"[0, 1]"
508316,7559425,7686662,1,"[0, 1]"
508316,7559425,7568193,1,"[0, 1]"
508316,7559425,7429625,1,"[0, 1]"
508316,7559425,7273159,1,"[0, 1]"
508316,7559425,5832346,1,"[0, 1]"
508316,7559425,7498257,1,"[0, 1]"
508316,7559425,7680327,1,"[0, 1]"
508316,7559425,7451133,1,"[0, 1]"
508316,7559425,7449185,1,"[0, 1]"
508316,7559425,7448805,1,"[0, 1]"
508316,7559425,5228964,1,"[0, 1]"
508316,7559425,7671593,1,"[0, 1]"
508316,7559425,7128779,1,"[0, 1]"
508316,7559425,7170260,1,"[0, 1]"
508316,7559425,7595984,1,"[0, 1]"
508316,7559425,7647720,1,"[0, 1]"
610132,7559702,7559702,1,"[1, 0]"
610132,7559702,2051,0,"[1, 0]"
610132,7559702,1025,0,"[1, 0]"
610132,7559702,512,0,"[1, 0]"
610132,7559702,255,0,"[1, 0]"
610132,7559702,127,0,"[1, 0]"
610132,7559702,63,0,"[1, 0]"
610132,7559702,31,0,"[1, 0]"
610132,7559702,15,0,"[1, 0]"
610132,7559702,7,0,"[1, 0]"
610132,7559702,3,0,"[1, 0]"
610132,7559702,1,0,"[1, 0]"
610132,7559702,0,0,"[1, 0]"
610132,7559702,2,0,"[0, 1]"
610132,7559702,1,0,"[0, 1]"
610132,7559702,5,0,"[0, 1]"
610132,7559702,3,0,"[0, 1]"
610132,7559702,6,0,"[0, 1]"
610132,7559702,4,0,"[0, 1]"
610132,7559702,7,0,"[0, 1]"
610132,7559702,11,0,"[0, 1]"
610132,7559702,10,0,"[0, 1]"
610132,7559702,9,0,"[0, 1]"
610132,7559702,14,0,"[0, 1]"
610132,7559702,12,0,"[0, 1]"
610132,7559702,19,0,"[0, 1]"
610132,7559702,16,0,"[0, 1]"
610132,7559702,24,0,"[0, 1]"
610132,7559702,23,0,"[0, 1]"
610132,7559702,20,0,"[0, 1]"
610132,7559702,21,0,"[0, 1]"
610132,7559702,22,0,"[0, 1]"
610132,7559702,27,0,"[0, 1]"
610132,7559702,43,0,"[0, 1]"
610132,7559702,49,0,"[0, 1]"
610132,7559702,36,0,"[0, 1]"
610132,7559702,57,0,"[0, 1]"
610132,7559702,62,0,"[0, 1]"
610132,7559702,51,0,"[0, 1]"
610132,7559702,47,0,"[0, 1]"
610132,7559702,38,0,"[0, 1]"
610132,7559702,40,0,"[0, 1]"
610132,7559702,54,0,"[0, 1]"
610132,7559702,123,0,"[0, 1]"
610132,7559702,106,0,"[0, 1]"
610132,7559702,96,0,"[0, 1]"
610132,7559702,118,0,"[0, 1]"
610132,7559702,67,0,"[0, 1]"
610132,7559702,113,0,"[0, 1]"
610132,7559702,114,0,"[0, 1]"
610132,7559702,115,0,"[0, 1]"
610132,7559702,82,0,"[0, 1]"
610132,7559702,107,0,"[0, 1]"
610132,7559702,126,0,"[0, 1]"
610132,7559702,101,0,"[0, 1]"
610132,7559702,219,0,"[0, 1]"
610132,7559702,205,0,"[0, 1]"
610132,7559702,156,0,"[0, 1]"
610132,7559702,218,0,"[0, 1]"
610132,7559702,193,0,"[0, 1]"
610132,7559702,161,0,"[0, 1]"
610132,7559702,128,0,"[0, 1]"
610132,7559702,247,0,"[0, 1]"
610132,7559702,168,0,"[0, 1]"
610132,7559702,221,0,"[0, 1]"
610132,7559702,187,0,"[0, 1]"
610132,7559702,189,0,"[0, 1]"
610132,7559702,137,0,"[0, 1]"
610132,7559702,240,0,"[0, 1]"
610132,7559702,319,0,"[0, 1]"
610132,7559702,398,0,"[0, 1]"
610132,7559702,493,0,"[0, 1]"
610132,7559702,441,0,"[0, 1]"
610132,7559702,350,0,"[0, 1]"
610132,7559702,273,0,"[0, 1]"
610132,7559702,479,0,"[0, 1]"
610132,7559702,353,0,"[0, 1]"
610132,7559702,397,0,"[0, 1]"
610132,7559702,269,0,"[0, 1]"
610132,7559702,328,0,"[0, 1]"
610132,7559702,463,0,"[0, 1]"
610132,7559702,439,0,"[0, 1]"
610132,7559702,446,0,"[0, 1]"
610132,7559702,418,0,"[0, 1]"
610132,7559702,435,0,"[0, 1]"
610132,7559702,620,0,"[0, 1]"
610132,7559702,978,0,"[0, 1]"
610132,7559702,726,0,"[0, 1]"
610132,7559702,634,0,"[0, 1]"
610132,7559702,757,0,"[0, 1]"
610132,7559702,732,0,"[0, 1]"
610132,7559702,638,0,"[0, 1]"
610132,7559702,893,0,"[0, 1]"
610132,7559702,577,0,"[0, 1]"
610132,7559702,848,0,"[0, 1]"
610132,7559702,943,0,"[0, 1]"
610132,7559702,742,0,"[0, 1]"
610132,7559702,820,0,"[0, 1]"
610132,7559702,866,0,"[0, 1]"
610132,7559702,816,0,"[0, 1]"
610132,7559702,751,0,"[0, 1]"
610132,7559702,986,0,"[0, 1]"
610132,7559702,761,0,"[0, 1]"
610132,7559702,1189,0,"[0, 1]"
610132,7559702,1694,0,"[0, 1]"
610132,7559702,1055,0,"[0, 1]"
610132,7559702,1748,0,"[0, 1]"
610132,7559702,1279,0,"[0, 1]"
610132,7559702,1820,0,"[0, 1]"
610132,7559702,1099,0,"[0, 1]"
610132,7559702,1671,0,"[0, 1]"
610132,7559702,1928,0,"[0, 1]"
610132,7559702,1883,0,"[0, 1]"
610132,7559702,1058,0,"[0, 1]"
610132,7559702,1846,0,"[0, 1]"
610132,7559702,1144,0,"[0, 1]"
610132,7559702,1325,0,"[0, 1]"
610132,7559702,1259,0,"[0, 1]"
610132,7559702,1029,0,"[0, 1]"
610132,7559702,1608,0,"[0, 1]"
610132,7559702,1620,0,"[0, 1]"
610132,7559702,1095,0,"[0, 1]"
610132,7559702,1881,0,"[0, 1]"
610132,7559702,2493,0,"[0, 1]"
610132,7559702,3795,0,"[0, 1]"
610132,7559702,2782,0,"[0, 1]"
610132,7559702,3389,0,"[0, 1]"
610132,7559702,2165,0,"[0, 1]"
610132,7559702,3088,0,"[0, 1]"
610132,7559702,3682,0,"[0, 1]"
610132,7559702,3769,0,"[0, 1]"
610132,7559702,3102,0,"[0, 1]"
610132,7559702,3502,0,"[0, 1]"
610132,7559702,2890,0,"[0, 1]"
610132,7559702,3375,0,"[0, 1]"
610132,7559702,2961,0,"[0, 1]"
610132,7559702,2216,0,"[0, 1]"
610132,7559702,3455,0,"[0, 1]"
610132,7559702,3906,0,"[0, 1]"
610132,7559702,3899,0,"[0, 1]"
610132,7559702,3480,0,"[0, 1]"
610132,7559702,3328,0,"[0, 1]"
610132,7559702,3384,0,"[0, 1]"
610132,7559702,3223,0,"[0, 1]"
610132,7559702,2259,0,"[0, 1]"
610132,7559702,4463,0,"[0, 1]"
610132,7559702,7509051,1,"[0, 1]"
610132,7559702,7067891,1,"[0, 1]"
610132,7559702,7416282,1,"[0, 1]"
610132,7559702,7095230,1,"[0, 1]"
610132,7559702,7575647,1,"[0, 1]"
610132,7559702,5279465,1,"[0, 1]"
610132,7559702,7583723,1,"[0, 1]"
610132,7559702,7104678,1,"[0, 1]"
610132,7559702,4429,0,"[0, 1]"
610132,7559702,7270152,1,"[0, 1]"
610132,7559702,6421434,1,"[0, 1]"
610132,7559702,7104460,1,"[0, 1]"
610132,7559702,7668392,1,"[0, 1]"
610132,7559702,7068066,1,"[0, 1]"
610132,7559702,4629,0,"[0, 1]"
610132,7559702,7526753,1,"[0, 1]"
610132,7559702,7263747,1,"[0, 1]"
610132,7559702,7207097,1,"[0, 1]"
610132,7559702,7337446,1,"[0, 1]"
610132,7559702,7577350,1,"[0, 1]"
610132,7559702,7256703,1,"[0, 1]"
610132,7559702,7463331,1,"[0, 1]"
610132,7559702,7142243,1,"[0, 1]"
406718,7559988,7559988,1,"[1, 0]"
406718,7559988,3661,0,"[1, 0]"
406718,7559988,1830,0,"[1, 0]"
406718,7559988,914,0,"[1, 0]"
406718,7559988,456,0,"[1, 0]"
406718,7559988,227,0,"[1, 0]"
406718,7559988,113,0,"[1, 0]"
406718,7559988,56,0,"[1, 0]"
406718,7559988,27,0,"[1, 0]"
406718,7559988,13,0,"[1, 0]"
406718,7559988,6,0,"[1, 0]"
406718,7559988,2,0,"[1, 0]"
406718,7559988,0,0,"[1, 0]"
406718,7559988,2,0,"[0, 1]"
406718,7559988,1,0,"[0, 1]"
406718,7559988,3,0,"[0, 1]"
406718,7559988,4,0,"[0, 1]"
406718,7559988,6,0,"[0, 1]"
406718,7559988,5,0,"[0, 1]"
406718,7559988,7,0,"[0, 1]"
406718,7559988,11,0,"[0, 1]"
406718,7559988,10,0,"[0, 1]"
406718,7559988,14,0,"[0, 1]"
406718,7559988,9,0,"[0, 1]"
406718,7559988,12,0,"[0, 1]"
406718,7559988,29,0,"[0, 1]"
406718,7559988,23,0,"[0, 1]"
406718,7559988,17,0,"[0, 1]"
406718,7559988,20,0,"[0, 1]"
406718,7559988,30,0,"[0, 1]"
406718,7559988,27,0,"[0, 1]"
406718,7559988,25,0,"[0, 1]"
406718,7559988,26,0,"[0, 1]"
406718,7559988,32,0,"[0, 1]"
406718,7559988,35,0,"[0, 1]"
406718,7559988,60,0,"[0, 1]"
406718,7559988,48,0,"[0, 1]"
406718,7559988,36,0,"[0, 1]"
406718,7559988,52,0,"[0, 1]"
406718,7559988,41,0,"[0, 1]"
406718,7559988,58,0,"[0, 1]"
406718,7559988,53,0,"[0, 1]"
406718,7559988,50,0,"[0, 1]"
406718,7559988,79,0,"[0, 1]"
406718,7559988,125,0,"[0, 1]"
406718,7559988,68,0,"[0, 1]"
406718,7559988,97,0,"[0, 1]"
406718,7559988,83,0,"[0, 1]"
406718,7559988,99,0,"[0, 1]"
406718,7559988,75,0,"[0, 1]"
406718,7559988,106,0,"[0, 1]"
406718,7559988,69,0,"[0, 1]"
406718,7559988,111,0,"[0, 1]"
406718,7559988,65,0,"[0, 1]"
406718,7559988,126,0,"[0, 1]"
406718,7559988,216,0,"[0, 1]"
406718,7559988,236,0,"[0, 1]"
406718,7559988,204,0,"[0, 1]"
406718,7559988,156,0,"[0, 1]"
406718,7559988,246,0,"[0, 1]"
406718,7559988,170,0,"[0, 1]"
406718,7559988,173,0,"[0, 1]"
406718,7559988,225,0,"[0, 1]"
406718,7559988,161,0,"[0, 1]"
406718,7559988,234,0,"[0, 1]"
406718,7559988,241,0,"[0, 1]"
406718,7559988,179,0,"[0, 1]"
406718,7559988,147,0,"[0, 1]"
406718,7559988,189,0,"[0, 1]"
406718,7559988,437,0,"[0, 1]"
406718,7559988,394,0,"[0, 1]"
406718,7559988,297,0,"[0, 1]"
406718,7559988,277,0,"[0, 1]"
406718,7559988,301,0,"[0, 1]"
406718,7559988,482,0,"[0, 1]"
406718,7559988,483,0,"[0, 1]"
406718,7559988,396,0,"[0, 1]"
406718,7559988,349,0,"[0, 1]"
406718,7559988,334,0,"[0, 1]"
406718,7559988,492,0,"[0, 1]"
406718,7559988,381,0,"[0, 1]"
406718,7559988,281,0,"[0, 1]"
406718,7559988,380,0,"[0, 1]"
406718,7559988,285,0,"[0, 1]"
406718,7559988,424,0,"[0, 1]"
406718,7559988,913,0,"[0, 1]"
406718,7559988,905,0,"[0, 1]"
406718,7559988,927,0,"[0, 1]"
406718,7559988,883,0,"[0, 1]"
406718,7559988,625,0,"[0, 1]"
406718,7559988,674,0,"[0, 1]"
406718,7559988,1018,0,"[0, 1]"
406718,7559988,550,0,"[0, 1]"
406718,7559988,938,0,"[0, 1]"
406718,7559988,954,0,"[0, 1]"
406718,7559988,666,0,"[0, 1]"
406718,7559988,832,0,"[0, 1]"
406718,7559988,848,0,"[0, 1]"
406718,7559988,540,0,"[0, 1]"
406718,7559988,836,0,"[0, 1]"
406718,7559988,875,0,"[0, 1]"
406718,7559988,937,0,"[0, 1]"
406718,7559988,611,0,"[0, 1]"
406718,7559988,1796,0,"[0, 1]"
406718,7559988,1158,0,"[0, 1]"
406718,7559988,1491,0,"[0, 1]"
406718,7559988,1813,0,"[0, 1]"
406718,7559988,1500,0,"[0, 1]"
406718,7559988,1340,0,"[0, 1]"
406718,7559988,1567,0,"[0, 1]"
406718,7559988,1079,0,"[0, 1]"
406718,7559988,1222,0,"[0, 1]"
406718,7559988,1299,0,"[0, 1]"
406718,7559988,1469,0,"[0, 1]"
406718,7559988,1352,0,"[0, 1]"
406718,7559988,1829,0,"[0, 1]"
406718,7559988,1428,0,"[0, 1]"
406718,7559988,1741,0,"[0, 1]"
406718,7559988,1899,0,"[0, 1]"
406718,7559988,1710,0,"[0, 1]"
406718,7559988,1322,0,"[0, 1]"
406718,7559988,1944,0,"[0, 1]"
406718,7559988,1455,0,"[0, 1]"
406718,7559988,4002,0,"[0, 1]"
406718,7559988,3844,0,"[0, 1]"
406718,7559988,2385,0,"[0, 1]"
406718,7559988,2807,0,"[0, 1]"
406718,7559988,2851,0,"[0, 1]"
406718,7559988,2799,0,"[0, 1]"
406718,7559988,3403,0,"[0, 1]"
406718,7559988,2443,0,"[0, 1]"
406718,7559988,2613,0,"[0, 1]"
406718,7559988,3075,0,"[0, 1]"
406718,7559988,3455,0,"[0, 1]"
406718,7559988,3012,0,"[0, 1]"
406718,7559988,3568,0,"[0, 1]"
406718,7559988,3969,0,"[0, 1]"
406718,7559988,4090,0,"[0, 1]"
406718,7559988,3561,0,"[0, 1]"
406718,7559988,2897,0,"[0, 1]"
406718,7559988,2266,0,"[0, 1]"
406718,7559988,2534,0,"[0, 1]"
406718,7559988,2124,0,"[0, 1]"
406718,7559988,2926,0,"[0, 1]"
406718,7559988,3328,0,"[0, 1]"
406718,7559988,7131489,1,"[0, 1]"
406718,7559988,7468513,1,"[0, 1]"
406718,7559988,7183716,1,"[0, 1]"
406718,7559988,7146502,1,"[0, 1]"
406718,7559988,7463343,1,"[0, 1]"
406718,7559988,7165375,1,"[0, 1]"
406718,7559988,7390692,1,"[0, 1]"
406718,7559988,7434035,1,"[0, 1]"
406718,7559988,7668487,1,"[0, 1]"
406718,7559988,7612858,1,"[0, 1]"
406718,7559988,7597514,1,"[0, 1]"
406718,7559988,7614556,1,"[0, 1]"
406718,7559988,7150401,1,"[0, 1]"
406718,7559988,7320544,1,"[0, 1]"
406718,7559988,7242060,1,"[0, 1]"
406718,7559988,7582911,1,"[0, 1]"
406718,7559988,4498,0,"[0, 1]"
406718,7559988,7457675,1,"[0, 1]"
406718,7559988,7657714,1,"[0, 1]"
406718,7559988,6970659,1,"[0, 1]"
406718,7559988,7674790,1,"[0, 1]"
406718,7559988,7575793,1,"[0, 1]"
406718,7559988,7575141,1,"[0, 1]"
406718,7559988,7291788,1,"[0, 1]"
483178,7560119,7560119,1,"[1, 0]"
483178,7560119,3856,0,"[1, 0]"
483178,7560119,1927,0,"[1, 0]"
483178,7560119,963,0,"[1, 0]"
483178,7560119,481,0,"[1, 0]"
483178,7560119,240,0,"[1, 0]"
483178,7560119,119,0,"[1, 0]"
483178,7560119,59,0,"[1, 0]"
483178,7560119,29,0,"[1, 0]"
483178,7560119,14,0,"[1, 0]"
483178,7560119,6,0,"[1, 0]"
483178,7560119,2,0,"[1, 0]"
483178,7560119,0,0,"[1, 0]"
483178,7560119,1,0,"[0, 1]"
483178,7560119,2,0,"[0, 1]"
483178,7560119,3,0,"[0, 1]"
483178,7560119,6,0,"[0, 1]"
483178,7560119,4,0,"[0, 1]"
483178,7560119,5,0,"[0, 1]"
483178,7560119,14,0,"[0, 1]"
483178,7560119,13,0,"[0, 1]"
483178,7560119,7,0,"[0, 1]"
483178,7560119,11,0,"[0, 1]"
483178,7560119,10,0,"[0, 1]"
483178,7560119,8,0,"[0, 1]"
483178,7560119,29,0,"[0, 1]"
483178,7560119,19,0,"[0, 1]"
483178,7560119,23,0,"[0, 1]"
483178,7560119,18,0,"[0, 1]"
483178,7560119,27,0,"[0, 1]"
483178,7560119,21,0,"[0, 1]"
483178,7560119,24,0,"[0, 1]"
483178,7560119,17,0,"[0, 1]"
483178,7560119,49,0,"[0, 1]"
483178,7560119,34,0,"[0, 1]"
483178,7560119,60,0,"[0, 1]"
483178,7560119,46,0,"[0, 1]"
483178,7560119,59,0,"[0, 1]"
483178,7560119,31,0,"[0, 1]"
483178,7560119,45,0,"[0, 1]"
483178,7560119,39,0,"[0, 1]"
483178,7560119,38,0,"[0, 1]"
483178,7560119,54,0,"[0, 1]"
483178,7560119,116,0,"[0, 1]"
483178,7560119,73,0,"[0, 1]"
483178,7560119,102,0,"[0, 1]"
483178,7560119,74,0,"[0, 1]"
483178,7560119,98,0,"[0, 1]"
483178,7560119,110,0,"[0, 1]"
483178,7560119,77,0,"[0, 1]"
483178,7560119,64,0,"[0, 1]"
483178,7560119,113,0,"[0, 1]"
483178,7560119,125,0,"[0, 1]"
483178,7560119,112,0,"[0, 1]"
483178,7560119,84,0,"[0, 1]"
483178,7560119,132,0,"[0, 1]"
483178,7560119,191,0,"[0, 1]"
483178,7560119,166,0,"[0, 1]"
483178,7560119,211,0,"[0, 1]"
483178,7560119,128,0,"[0, 1]"
483178,7560119,165,0,"[0, 1]"
483178,7560119,170,0,"[0, 1]"
483178,7560119,155,0,"[0, 1]"
483178,7560119,226,0,"[0, 1]"
483178,7560119,178,0,"[0, 1]"
483178,7560119,207,0,"[0, 1]"
483178,7560119,175,0,"[0, 1]"
483178,7560119,163,0,"[0, 1]"
483178,7560119,145,0,"[0, 1]"
483178,7560119,343,0,"[0, 1]"
483178,7560119,338,0,"[0, 1]"
483178,7560119,485,0,"[0, 1]"
483178,7560119,503,0,"[0, 1]"
483178,7560119,483,0,"[0, 1]"
483178,7560119,419,0,"[0, 1]"
483178,7560119,455,0,"[0, 1]"
483178,7560119,505,0,"[0, 1]"
483178,7560119,341,0,"[0, 1]"
483178,7560119,501,0,"[0, 1]"
483178,7560119,467,0,"[0, 1]"
483178,7560119,356,0,"[0, 1]"
483178,7560119,255,0,"[0, 1]"
483178,7560119,316,0,"[0, 1]"
483178,7560119,381,0,"[0, 1]"
483178,7560119,366,0,"[0, 1]"
483178,7560119,700,0,"[0, 1]"
483178,7560119,533,0,"[0, 1]"
483178,7560119,891,0,"[0, 1]"
483178,7560119,971,0,"[0, 1]"
483178,7560119,586,0,"[0, 1]"
483178,7560119,561,0,"[0, 1]"
483178,7560119,894,0,"[0, 1]"
483178,7560119,650,0,"[0, 1]"
483178,7560119,878,0,"[0, 1]"
483178,7560119,898,0,"[0, 1]"
483178,7560119,723,0,"[0, 1]"
483178,7560119,653,0,"[0, 1]"
483178,7560119,901,0,"[0, 1]"
483178,7560119,724,0,"[0, 1]"
483178,7560119,619,0,"[0, 1]"
483178,7560119,869,0,"[0, 1]"
483178,7560119,753,0,"[0, 1]"
483178,7560119,897,0,"[0, 1]"
483178,7560119,1103,0,"[0, 1]"
483178,7560119,1236,0,"[0, 1]"
483178,7560119,1339,0,"[0, 1]"
483178,7560119,1872,0,"[0, 1]"
483178,7560119,1853,0,"[0, 1]"
483178,7560119,1492,0,"[0, 1]"
483178,7560119,1666,0,"[0, 1]"
483178,7560119,1895,0,"[0, 1]"
483178,7560119,1463,0,"[0, 1]"
483178,7560119,1586,0,"[0, 1]"
483178,7560119,1364,0,"[0, 1]"
483178,7560119,1916,0,"[0, 1]"
483178,7560119,1770,0,"[0, 1]"
483178,7560119,1249,0,"[0, 1]"
483178,7560119,1962,0,"[0, 1]"
483178,7560119,1088,0,"[0, 1]"
483178,7560119,1670,0,"[0, 1]"
483178,7560119,1506,0,"[0, 1]"
483178,7560119,1137,0,"[0, 1]"
483178,7560119,1348,0,"[0, 1]"
483178,7560119,2892,0,"[0, 1]"
483178,7560119,3930,0,"[0, 1]"
483178,7560119,2574,0,"[0, 1]"
483178,7560119,3438,0,"[0, 1]"
483178,7560119,3398,0,"[0, 1]"
483178,7560119,2262,0,"[0, 1]"
483178,7560119,3510,0,"[0, 1]"
483178,7560119,2666,0,"[0, 1]"
483178,7560119,4033,0,"[0, 1]"
483178,7560119,2919,0,"[0, 1]"
483178,7560119,2074,0,"[0, 1]"
483178,7560119,3605,0,"[0, 1]"
483178,7560119,2636,0,"[0, 1]"
483178,7560119,2954,0,"[0, 1]"
483178,7560119,2491,0,"[0, 1]"
483178,7560119,3265,0,"[0, 1]"
483178,7560119,3562,0,"[0, 1]"
483178,7560119,2729,0,"[0, 1]"
483178,7560119,3465,0,"[0, 1]"
483178,7560119,3471,0,"[0, 1]"
483178,7560119,3439,0,"[0, 1]"
483178,7560119,3867,0,"[0, 1]"
483178,7560119,4182082,1,"[0, 1]"
483178,7560119,7638638,1,"[0, 1]"
483178,7560119,7247851,1,"[0, 1]"
483178,7560119,7385292,1,"[0, 1]"
483178,7560119,7123013,1,"[0, 1]"
483178,7560119,543240,1,"[0, 1]"
483178,7560119,7526095,1,"[0, 1]"
483178,7560119,7304912,1,"[0, 1]"
483178,7560119,4688552,1,"[0, 1]"
483178,7560119,7550499,1,"[0, 1]"
483178,7560119,4818,0,"[0, 1]"
483178,7560119,7226978,1,"[0, 1]"
483178,7560119,7165423,1,"[0, 1]"
483178,7560119,7365439,1,"[0, 1]"
483178,7560119,7447492,1,"[0, 1]"
483178,7560119,4188,0,"[0, 1]"
483178,7560119,7198180,1,"[0, 1]"
483178,7560119,5616677,1,"[0, 1]"
483178,7560119,7159801,1,"[0, 1]"
483178,7560119,4913,0,"[0, 1]"
483178,7560119,7230416,1,"[0, 1]"
483178,7560119,7153209,1,"[0, 1]"
483178,7560119,3471973,1,"[0, 1]"
483178,7560119,4955,0,"[0, 1]"
481297,7560260,7560260,1,"[1, 0]"
481297,7560260,2861,0,"[1, 0]"
481297,7560260,1430,0,"[1, 0]"
481297,7560260,714,0,"[1, 0]"
481297,7560260,356,0,"[1, 0]"
481297,7560260,177,0,"[1, 0]"
481297,7560260,88,0,"[1, 0]"
481297,7560260,43,0,"[1, 0]"
481297,7560260,21,0,"[1, 0]"
481297,7560260,10,0,"[1, 0]"
481297,7560260,4,0,"[1, 0]"
481297,7560260,1,0,"[1, 0]"
481297,7560260,0,0,"[1, 0]"
481297,7560260,2,0,"[0, 1]"
481297,7560260,1,0,"[0, 1]"
481297,7560260,6,0,"[0, 1]"
481297,7560260,4,0,"[0, 1]"
481297,7560260,3,0,"[0, 1]"
481297,7560260,5,0,"[0, 1]"
481297,7560260,7,0,"[0, 1]"
481297,7560260,14,0,"[0, 1]"
481297,7560260,12,0,"[0, 1]"
481297,7560260,9,0,"[0, 1]"
481297,7560260,11,0,"[0, 1]"
481297,7560260,13,0,"[0, 1]"
481297,7560260,30,0,"[0, 1]"
481297,7560260,29,0,"[0, 1]"
481297,7560260,17,0,"[0, 1]"
481297,7560260,23,0,"[0, 1]"
481297,7560260,21,0,"[0, 1]"
481297,7560260,15,0,"[0, 1]"
481297,7560260,25,0,"[0, 1]"
481297,7560260,28,0,"[0, 1]"
481297,7560260,43,0,"[0, 1]"
481297,7560260,52,0,"[0, 1]"
481297,7560260,48,0,"[0, 1]"
481297,7560260,41,0,"[0, 1]"
481297,7560260,59,0,"[0, 1]"
481297,7560260,54,0,"[0, 1]"
481297,7560260,50,0,"[0, 1]"
481297,7560260,55,0,"[0, 1]"
481297,7560260,46,0,"[0, 1]"
481297,7560260,57,0,"[0, 1]"
481297,7560260,88,0,"[0, 1]"
481297,7560260,106,0,"[0, 1]"
481297,7560260,64,0,"[0, 1]"
481297,7560260,99,0,"[0, 1]"
481297,7560260,69,0,"[0, 1]"
481297,7560260,91,0,"[0, 1]"
481297,7560260,90,0,"[0, 1]"
481297,7560260,96,0,"[0, 1]"
481297,7560260,72,0,"[0, 1]"
481297,7560260,112,0,"[0, 1]"
481297,7560260,83,0,"[0, 1]"
481297,7560260,100,0,"[0, 1]"
481297,7560260,245,0,"[0, 1]"
481297,7560260,204,0,"[0, 1]"
481297,7560260,244,0,"[0, 1]"
481297,7560260,173,0,"[0, 1]"
481297,7560260,177,0,"[0, 1]"
481297,7560260,163,0,"[0, 1]"
481297,7560260,208,0,"[0, 1]"
481297,7560260,138,0,"[0, 1]"
481297,7560260,191,0,"[0, 1]"
481297,7560260,219,0,"[0, 1]"
481297,7560260,189,0,"[0, 1]"
481297,7560260,186,0,"[0, 1]"
481297,7560260,226,0,"[0, 1]"
481297,7560260,223,0,"[0, 1]"
481297,7560260,313,0,"[0, 1]"
481297,7560260,429,0,"[0, 1]"
481297,7560260,463,0,"[0, 1]"
481297,7560260,491,0,"[0, 1]"
481297,7560260,303,0,"[0, 1]"
481297,7560260,310,0,"[0, 1]"
481297,7560260,365,0,"[0, 1]"
481297,7560260,417,0,"[0, 1]"
481297,7560260,363,0,"[0, 1]"
481297,7560260,469,0,"[0, 1]"
481297,7560260,261,0,"[0, 1]"
481297,7560260,413,0,"[0, 1]"
481297,7560260,340,0,"[0, 1]"
481297,7560260,350,0,"[0, 1]"
481297,7560260,497,0,"[0, 1]"
481297,7560260,456,0,"[0, 1]"
481297,7560260,799,0,"[0, 1]"
481297,7560260,1001,0,"[0, 1]"
481297,7560260,1021,0,"[0, 1]"
481297,7560260,703,0,"[0, 1]"
481297,7560260,651,0,"[0, 1]"
481297,7560260,652,0,"[0, 1]"
481297,7560260,901,0,"[0, 1]"
481297,7560260,1000,0,"[0, 1]"
481297,7560260,681,0,"[0, 1]"
481297,7560260,547,0,"[0, 1]"
481297,7560260,607,0,"[0, 1]"
481297,7560260,595,0,"[0, 1]"
481297,7560260,594,0,"[0, 1]"
481297,7560260,584,0,"[0, 1]"
481297,7560260,940,0,"[0, 1]"
481297,7560260,813,0,"[0, 1]"
481297,7560260,909,0,"[0, 1]"
481297,7560260,982,0,"[0, 1]"
481297,7560260,1406,0,"[0, 1]"
481297,7560260,1139,0,"[0, 1]"
481297,7560260,1875,0,"[0, 1]"
481297,7560260,1989,0,"[0, 1]"
481297,7560260,1930,0,"[0, 1]"
481297,7560260,1387,0,"[0, 1]"
481297,7560260,1377,0,"[0, 1]"
481297,7560260,1034,0,"[0, 1]"
481297,7560260,1839,0,"[0, 1]"
481297,7560260,1657,0,"[0, 1]"
481297,7560260,1677,0,"[0, 1]"
481297,7560260,1618,0,"[0, 1]"
481297,7560260,1694,0,"[0, 1]"
481297,7560260,1190,0,"[0, 1]"
481297,7560260,1512,0,"[0, 1]"
481297,7560260,2016,0,"[0, 1]"
481297,7560260,1771,0,"[0, 1]"
481297,7560260,1254,0,"[0, 1]"
481297,7560260,1917,0,"[0, 1]"
481297,7560260,1297,0,"[0, 1]"
481297,7560260,3207,0,"[0, 1]"
481297,7560260,3461,0,"[0, 1]"
481297,7560260,2333,0,"[0, 1]"
481297,7560260,3189,0,"[0, 1]"
481297,7560260,3253,0,"[0, 1]"
481297,7560260,3924,0,"[0, 1]"
481297,7560260,2795,0,"[0, 1]"
481297,7560260,2794,0,"[0, 1]"
481297,7560260,3887,0,"[0, 1]"
481297,7560260,3544,0,"[0, 1]"
481297,7560260,2574,0,"[0, 1]"
481297,7560260,2793,0,"[0, 1]"
481297,7560260,3666,0,"[0, 1]"
481297,7560260,2930,0,"[0, 1]"
481297,7560260,3033,0,"[0, 1]"
481297,7560260,2196,0,"[0, 1]"
481297,7560260,3068,0,"[0, 1]"
481297,7560260,2066,0,"[0, 1]"
481297,7560260,2970,0,"[0, 1]"
481297,7560260,2991,0,"[0, 1]"
481297,7560260,3429,0,"[0, 1]"
481297,7560260,3679,0,"[0, 1]"
481297,7560260,4110,0,"[0, 1]"
481297,7560260,7079067,1,"[0, 1]"
481297,7560260,7215055,1,"[0, 1]"
481297,7560260,7194251,1,"[0, 1]"
481297,7560260,4893,0,"[0, 1]"
481297,7560260,7583985,1,"[0, 1]"
481297,7560260,4829,0,"[0, 1]"
481297,7560260,4908,0,"[0, 1]"
481297,7560260,7108258,1,"[0, 1]"
481297,7560260,4923,0,"[0, 1]"
481297,7560260,7493194,1,"[0, 1]"
481297,7560260,7138770,1,"[0, 1]"
481297,7560260,2020524,1,"[0, 1]"
481297,7560260,7623307,1,"[0, 1]"
481297,7560260,7212184,1,"[0, 1]"
481297,7560260,7411800,1,"[0, 1]"
481297,7560260,4364,0,"[0, 1]"
481297,7560260,4264,0,"[0, 1]"
481297,7560260,7459757,1,"[0, 1]"
481297,7560260,4906,0,"[0, 1]"
481297,7560260,7429319,1,"[0, 1]"
481297,7560260,7070877,1,"[0, 1]"
481297,7560260,7408281,1,"[0, 1]"
481297,7560260,4231,0,"[0, 1]"
156889,7560358,7560358,1,"[1, 0]"
156889,7560358,2615,0,"[1, 0]"
156889,7560358,1307,0,"[1, 0]"
156889,7560358,653,0,"[1, 0]"
156889,7560358,326,0,"[1, 0]"
156889,7560358,162,0,"[1, 0]"
156889,7560358,80,0,"[1, 0]"
156889,7560358,39,0,"[1, 0]"
156889,7560358,19,0,"[1, 0]"
156889,7560358,9,0,"[1, 0]"
156889,7560358,4,0,"[1, 0]"
156889,7560358,1,0,"[1, 0]"
156889,7560358,0,0,"[1, 0]"
156889,7560358,2,0,"[0, 1]"
156889,7560358,1,0,"[0, 1]"
156889,7560358,4,0,"[0, 1]"
156889,7560358,6,0,"[0, 1]"
156889,7560358,5,0,"[0, 1]"
156889,7560358,3,0,"[0, 1]"
156889,7560358,11,0,"[0, 1]"
156889,7560358,7,0,"[0, 1]"
156889,7560358,14,0,"[0, 1]"
156889,7560358,12,0,"[0, 1]"
156889,7560358,8,0,"[0, 1]"
156889,7560358,10,0,"[0, 1]"
156889,7560358,15,0,"[0, 1]"
156889,7560358,28,0,"[0, 1]"
156889,7560358,20,0,"[0, 1]"
156889,7560358,22,0,"[0, 1]"
156889,7560358,26,0,"[0, 1]"
156889,7560358,29,0,"[0, 1]"
156889,7560358,30,0,"[0, 1]"
156889,7560358,17,0,"[0, 1]"
156889,7560358,48,0,"[0, 1]"
156889,7560358,56,0,"[0, 1]"
156889,7560358,45,0,"[0, 1]"
156889,7560358,49,0,"[0, 1]"
156889,7560358,35,0,"[0, 1]"
156889,7560358,47,0,"[0, 1]"
156889,7560358,52,0,"[0, 1]"
156889,7560358,43,0,"[0, 1]"
156889,7560358,31,0,"[0, 1]"
156889,7560358,33,0,"[0, 1]"
156889,7560358,114,0,"[0, 1]"
156889,7560358,106,0,"[0, 1]"
156889,7560358,83,0,"[0, 1]"
156889,7560358,104,0,"[0, 1]"
156889,7560358,96,0,"[0, 1]"
156889,7560358,115,0,"[0, 1]"
156889,7560358,80,0,"[0, 1]"
156889,7560358,117,0,"[0, 1]"
156889,7560358,99,0,"[0, 1]"
156889,7560358,97,0,"[0, 1]"
156889,7560358,125,0,"[0, 1]"
156889,7560358,66,0,"[0, 1]"
156889,7560358,188,0,"[0, 1]"
156889,7560358,232,0,"[0, 1]"
156889,7560358,129,0,"[0, 1]"
156889,7560358,158,0,"[0, 1]"
156889,7560358,161,0,"[0, 1]"
156889,7560358,131,0,"[0, 1]"
156889,7560358,132,0,"[0, 1]"
156889,7560358,187,0,"[0, 1]"
156889,7560358,143,0,"[0, 1]"
156889,7560358,235,0,"[0, 1]"
156889,7560358,247,0,"[0, 1]"
156889,7560358,166,0,"[0, 1]"
156889,7560358,135,0,"[0, 1]"
156889,7560358,199,0,"[0, 1]"
156889,7560358,336,0,"[0, 1]"
156889,7560358,330,0,"[0, 1]"
156889,7560358,498,0,"[0, 1]"
156889,7560358,401,0,"[0, 1]"
156889,7560358,502,0,"[0, 1]"
156889,7560358,277,0,"[0, 1]"
156889,7560358,393,0,"[0, 1]"
156889,7560358,449,0,"[0, 1]"
156889,7560358,504,0,"[0, 1]"
156889,7560358,474,0,"[0, 1]"
156889,7560358,473,0,"[0, 1]"
156889,7560358,465,0,"[0, 1]"
156889,7560358,487,0,"[0, 1]"
156889,7560358,439,0,"[0, 1]"
156889,7560358,438,0,"[0, 1]"
156889,7560358,299,0,"[0, 1]"
156889,7560358,597,0,"[0, 1]"
156889,7560358,904,0,"[0, 1]"
156889,7560358,987,0,"[0, 1]"
156889,7560358,978,0,"[0, 1]"
156889,7560358,857,0,"[0, 1]"
156889,7560358,537,0,"[0, 1]"
156889,7560358,564,0,"[0, 1]"
156889,7560358,588,0,"[0, 1]"
156889,7560358,581,0,"[0, 1]"
156889,7560358,1013,0,"[0, 1]"
156889,7560358,554,0,"[0, 1]"
156889,7560358,934,0,"[0, 1]"
156889,7560358,917,0,"[0, 1]"
156889,7560358,998,0,"[0, 1]"
156889,7560358,926,0,"[0, 1]"
156889,7560358,890,0,"[0, 1]"
156889,7560358,812,0,"[0, 1]"
156889,7560358,986,0,"[0, 1]"
156889,7560358,1853,0,"[0, 1]"
156889,7560358,1293,0,"[0, 1]"
156889,7560358,1611,0,"[0, 1]"
156889,7560358,1205,0,"[0, 1]"
156889,7560358,1286,0,"[0, 1]"
156889,7560358,1579,0,"[0, 1]"
156889,7560358,1726,0,"[0, 1]"
156889,7560358,1787,0,"[0, 1]"
156889,7560358,2042,0,"[0, 1]"
156889,7560358,1603,0,"[0, 1]"
156889,7560358,1893,0,"[0, 1]"
156889,7560358,1081,0,"[0, 1]"
156889,7560358,1743,0,"[0, 1]"
156889,7560358,1460,0,"[0, 1]"
156889,7560358,1484,0,"[0, 1]"
156889,7560358,1816,0,"[0, 1]"
156889,7560358,1536,0,"[0, 1]"
156889,7560358,1583,0,"[0, 1]"
156889,7560358,1069,0,"[0, 1]"
156889,7560358,1904,0,"[0, 1]"
156889,7560358,4004,0,"[0, 1]"
156889,7560358,2955,0,"[0, 1]"
156889,7560358,3004,0,"[0, 1]"
156889,7560358,2692,0,"[0, 1]"
156889,7560358,2858,0,"[0, 1]"
156889,7560358,2968,0,"[0, 1]"
156889,7560358,3264,0,"[0, 1]"
156889,7560358,2182,0,"[0, 1]"
156889,7560358,2388,0,"[0, 1]"
156889,7560358,3527,0,"[0, 1]"
156889,7560358,2748,0,"[0, 1]"
156889,7560358,2310,0,"[0, 1]"
156889,7560358,2307,0,"[0, 1]"
156889,7560358,3050,0,"[0, 1]"
156889,7560358,2514,0,"[0, 1]"
156889,7560358,2882,0,"[0, 1]"
156889,7560358,2389,0,"[0, 1]"
156889,7560358,2161,0,"[0, 1]"
156889,7560358,2773,0,"[0, 1]"
156889,7560358,3321,0,"[0, 1]"
156889,7560358,3650,0,"[0, 1]"
156889,7560358,3326,0,"[0, 1]"
156889,7560358,7592578,1,"[0, 1]"
156889,7560358,7519664,1,"[0, 1]"
156889,7560358,7258070,1,"[0, 1]"
156889,7560358,4887,0,"[0, 1]"
156889,7560358,7235794,1,"[0, 1]"
156889,7560358,7241909,1,"[0, 1]"
156889,7560358,7488621,1,"[0, 1]"
156889,7560358,7349282,1,"[0, 1]"
156889,7560358,7113831,1,"[0, 1]"
156889,7560358,7086051,1,"[0, 1]"
156889,7560358,7572381,1,"[0, 1]"
156889,7560358,7167801,1,"[0, 1]"
156889,7560358,7230798,1,"[0, 1]"
156889,7560358,4247,0,"[0, 1]"
156889,7560358,2904176,1,"[0, 1]"
156889,7560358,7463236,1,"[0, 1]"
156889,7560358,4713,0,"[0, 1]"
156889,7560358,7183716,1,"[0, 1]"
156889,7560358,7481700,1,"[0, 1]"
156889,7560358,4212,0,"[0, 1]"
156889,7560358,7378243,1,"[0, 1]"
156889,7560358,7141450,1,"[0, 1]"
156889,7560358,7648972,1,"[0, 1]"
156889,7560358,7458120,1,"[0, 1]"
525534,7560662,7560662,1,"[1, 0]"
525534,7560662,2626,0,"[1, 0]"
525534,7560662,1312,0,"[1, 0]"
525534,7560662,655,0,"[1, 0]"
525534,7560662,327,0,"[1, 0]"
525534,7560662,163,0,"[1, 0]"
525534,7560662,81,0,"[1, 0]"
525534,7560662,40,0,"[1, 0]"
525534,7560662,19,0,"[1, 0]"
525534,7560662,9,0,"[1, 0]"
525534,7560662,4,0,"[1, 0]"
525534,7560662,1,0,"[1, 0]"
525534,7560662,0,0,"[1, 0]"
525534,7560662,1,0,"[0, 1]"
525534,7560662,2,0,"[0, 1]"
525534,7560662,4,0,"[0, 1]"
525534,7560662,3,0,"[0, 1]"
525534,7560662,6,0,"[0, 1]"
525534,7560662,5,0,"[0, 1]"
525534,7560662,11,0,"[0, 1]"
525534,7560662,13,0,"[0, 1]"
525534,7560662,12,0,"[0, 1]"
525534,7560662,10,0,"[0, 1]"
525534,7560662,7,0,"[0, 1]"
525534,7560662,14,0,"[0, 1]"
525534,7560662,17,0,"[0, 1]"
525534,7560662,22,0,"[0, 1]"
525534,7560662,19,0,"[0, 1]"
525534,7560662,24,0,"[0, 1]"
525534,7560662,23,0,"[0, 1]"
525534,7560662,15,0,"[0, 1]"
525534,7560662,26,0,"[0, 1]"
525534,7560662,27,0,"[0, 1]"
525534,7560662,32,0,"[0, 1]"
525534,7560662,54,0,"[0, 1]"
525534,7560662,53,0,"[0, 1]"
525534,7560662,44,0,"[0, 1]"
525534,7560662,51,0,"[0, 1]"
525534,7560662,34,0,"[0, 1]"
525534,7560662,59,0,"[0, 1]"
525534,7560662,60,0,"[0, 1]"
525534,7560662,56,0,"[0, 1]"
525534,7560662,50,0,"[0, 1]"
525534,7560662,107,0,"[0, 1]"
525534,7560662,91,0,"[0, 1]"
525534,7560662,88,0,"[0, 1]"
525534,7560662,123,0,"[0, 1]"
525534,7560662,95,0,"[0, 1]"
525534,7560662,119,0,"[0, 1]"
525534,7560662,76,0,"[0, 1]"
525534,7560662,63,0,"[0, 1]"
525534,7560662,108,0,"[0, 1]"
525534,7560662,104,0,"[0, 1]"
525534,7560662,93,0,"[0, 1]"
525534,7560662,64,0,"[0, 1]"
525534,7560662,232,0,"[0, 1]"
525534,7560662,145,0,"[0, 1]"
525534,7560662,210,0,"[0, 1]"
525534,7560662,234,0,"[0, 1]"
525534,7560662,131,0,"[0, 1]"
525534,7560662,165,0,"[0, 1]"
525534,7560662,135,0,"[0, 1]"
525534,7560662,247,0,"[0, 1]"
525534,7560662,202,0,"[0, 1]"
525534,7560662,196,0,"[0, 1]"
525534,7560662,233,0,"[0, 1]"
525534,7560662,230,0,"[0, 1]"
525534,7560662,127,0,"[0, 1]"
525534,7560662,153,0,"[0, 1]"
525534,7560662,346,0,"[0, 1]"
525534,7560662,482,0,"[0, 1]"
525534,7560662,416,0,"[0, 1]"
525534,7560662,440,0,"[0, 1]"
525534,7560662,463,0,"[0, 1]"
525534,7560662,503,0,"[0, 1]"
525534,7560662,475,0,"[0, 1]"
525534,7560662,269,0,"[0, 1]"
525534,7560662,420,0,"[0, 1]"
525534,7560662,402,0,"[0, 1]"
525534,7560662,455,0,"[0, 1]"
525534,7560662,262,0,"[0, 1]"
525534,7560662,363,0,"[0, 1]"
525534,7560662,497,0,"[0, 1]"
525534,7560662,470,0,"[0, 1]"
525534,7560662,357,0,"[0, 1]"
525534,7560662,594,0,"[0, 1]"
525534,7560662,991,0,"[0, 1]"
525534,7560662,842,0,"[0, 1]"
525534,7560662,528,0,"[0, 1]"
525534,7560662,983,0,"[0, 1]"
525534,7560662,1004,0,"[0, 1]"
525534,7560662,890,0,"[0, 1]"
525534,7560662,672,0,"[0, 1]"
525534,7560662,688,0,"[0, 1]"
525534,7560662,926,0,"[0, 1]"
525534,7560662,986,0,"[0, 1]"
525534,7560662,1003,0,"[0, 1]"
525534,7560662,1011,0,"[0, 1]"
525534,7560662,934,0,"[0, 1]"
525534,7560662,691,0,"[0, 1]"
525534,7560662,661,0,"[0, 1]"
525534,7560662,931,0,"[0, 1]"
525534,7560662,960,0,"[0, 1]"
525534,7560662,1127,0,"[0, 1]"
525534,7560662,1955,0,"[0, 1]"
525534,7560662,1393,0,"[0, 1]"
525534,7560662,1911,0,"[0, 1]"
525534,7560662,1064,0,"[0, 1]"
525534,7560662,1447,0,"[0, 1]"
525534,7560662,1645,0,"[0, 1]"
525534,7560662,1388,0,"[0, 1]"
525534,7560662,1633,0,"[0, 1]"
525534,7560662,1818,0,"[0, 1]"
525534,7560662,1469,0,"[0, 1]"
525534,7560662,1291,0,"[0, 1]"
525534,7560662,1827,0,"[0, 1]"
525534,7560662,1502,0,"[0, 1]"
525534,7560662,1579,0,"[0, 1]"
525534,7560662,1320,0,"[0, 1]"
525534,7560662,1864,0,"[0, 1]"
525534,7560662,1727,0,"[0, 1]"
525534,7560662,1851,0,"[0, 1]"
525534,7560662,1675,0,"[0, 1]"
525534,7560662,2468,0,"[0, 1]"
525534,7560662,2834,0,"[0, 1]"
525534,7560662,2096,0,"[0, 1]"
525534,7560662,3770,0,"[0, 1]"
525534,7560662,3573,0,"[0, 1]"
525534,7560662,2775,0,"[0, 1]"
525534,7560662,2350,0,"[0, 1]"
525534,7560662,2301,0,"[0, 1]"
525534,7560662,2850,0,"[0, 1]"
525534,7560662,3155,0,"[0, 1]"
525534,7560662,3274,0,"[0, 1]"
525534,7560662,3741,0,"[0, 1]"
525534,7560662,2688,0,"[0, 1]"
525534,7560662,3120,0,"[0, 1]"
525534,7560662,4002,0,"[0, 1]"
525534,7560662,3025,0,"[0, 1]"
525534,7560662,3363,0,"[0, 1]"
525534,7560662,2265,0,"[0, 1]"
525534,7560662,3228,0,"[0, 1]"
525534,7560662,3997,0,"[0, 1]"
525534,7560662,2064,0,"[0, 1]"
525534,7560662,3016,0,"[0, 1]"
525534,7560662,7547873,1,"[0, 1]"
525534,7560662,4111,0,"[0, 1]"
525534,7560662,4902384,1,"[0, 1]"
525534,7560662,7611443,1,"[0, 1]"
525534,7560662,312683,1,"[0, 1]"
525534,7560662,7074414,1,"[0, 1]"
525534,7560662,7664890,1,"[0, 1]"
525534,7560662,4118,0,"[0, 1]"
525534,7560662,533017,1,"[0, 1]"
525534,7560662,7461599,1,"[0, 1]"
525534,7560662,7140503,1,"[0, 1]"
525534,7560662,7499337,1,"[0, 1]"
525534,7560662,7487828,1,"[0, 1]"
525534,7560662,7291788,1,"[0, 1]"
525534,7560662,4103,0,"[0, 1]"
525534,7560662,4879323,1,"[0, 1]"
525534,7560662,7386094,1,"[0, 1]"
525534,7560662,7452632,1,"[0, 1]"
525534,7560662,7639666,1,"[0, 1]"
525534,7560662,4252,0,"[0, 1]"
525534,7560662,7686516,1,"[0, 1]"
525534,7560662,7368756,1,"[0, 1]"
525534,7560662,7329090,1,"[0, 1]"
525534,7560662,4940,0,"[0, 1]"
663771,1183072,1183072,1,"[1, 0]"
663771,1183072,4867,0,"[1, 0]"
663771,1183072,3797,0,"[1, 0]"
663771,1183072,1898,0,"[1, 0]"
663771,1183072,948,0,"[1, 0]"
663771,1183072,473,0,"[1, 0]"
663771,1183072,236,0,"[1, 0]"
663771,1183072,117,0,"[1, 0]"
663771,1183072,58,0,"[1, 0]"
663771,1183072,28,0,"[1, 0]"
663771,1183072,13,0,"[1, 0]"
663771,1183072,6,0,"[1, 0]"
663771,1183072,2,0,"[1, 0]"
663771,1183072,0,0,"[1, 0]"
663771,1183072,2,0,"[0, 1]"
663771,1183072,1,0,"[0, 1]"
663771,1183072,5,0,"[0, 1]"
663771,1183072,3,0,"[0, 1]"
663771,1183072,6,0,"[0, 1]"
663771,1183072,4,0,"[0, 1]"
663771,1183072,14,0,"[0, 1]"
663771,1183072,8,0,"[0, 1]"
663771,1183072,11,0,"[0, 1]"
663771,1183072,12,0,"[0, 1]"
663771,1183072,9,0,"[0, 1]"
663771,1183072,7,0,"[0, 1]"
663771,1183072,24,0,"[0, 1]"
663771,1183072,28,0,"[0, 1]"
663771,1183072,30,0,"[0, 1]"
663771,1183072,18,0,"[0, 1]"
663771,1183072,16,0,"[0, 1]"
663771,1183072,23,0,"[0, 1]"
663771,1183072,19,0,"[0, 1]"
663771,1183072,27,0,"[0, 1]"
663771,1183072,57,0,"[0, 1]"
663771,1183072,55,0,"[0, 1]"
663771,1183072,46,0,"[0, 1]"
663771,1183072,50,0,"[0, 1]"
663771,1183072,60,0,"[0, 1]"
663771,1183072,54,0,"[0, 1]"
663771,1183072,47,0,"[0, 1]"
663771,1183072,35,0,"[0, 1]"
663771,1183072,42,0,"[0, 1]"
663771,1183072,34,0,"[0, 1]"
663771,1183072,82,0,"[0, 1]"
663771,1183072,97,0,"[0, 1]"
663771,1183072,79,0,"[0, 1]"
663771,1183072,106,0,"[0, 1]"
663771,1183072,112,0,"[0, 1]"
663771,1183072,113,0,"[0, 1]"
663771,1183072,72,0,"[0, 1]"
663771,1183072,116,0,"[0, 1]"
663771,1183072,81,0,"[0, 1]"
663771,1183072,80,0,"[0, 1]"
663771,1183072,68,0,"[0, 1]"
663771,1183072,110,0,"[0, 1]"
663771,1183072,215,0,"[0, 1]"
663771,1183072,185,0,"[0, 1]"
663771,1183072,140,0,"[0, 1]"
663771,1183072,251,0,"[0, 1]"
663771,1183072,199,0,"[0, 1]"
663771,1183072,154,0,"[0, 1]"
663771,1183072,225,0,"[0, 1]"
663771,1183072,235,0,"[0, 1]"
663771,1183072,200,0,"[0, 1]"
663771,1183072,232,0,"[0, 1]"
663771,1183072,237,0,"[0, 1]"
663771,1183072,156,0,"[0, 1]"
663771,1183072,159,0,"[0, 1]"
663771,1183072,132,0,"[0, 1]"
663771,1183072,411,0,"[0, 1]"
663771,1183072,501,0,"[0, 1]"
663771,1183072,331,0,"[0, 1]"
663771,1183072,311,0,"[0, 1]"
663771,1183072,381,0,"[0, 1]"
663771,1183072,390,0,"[0, 1]"
663771,1183072,454,0,"[0, 1]"
663771,1183072,412,0,"[0, 1]"
663771,1183072,385,0,"[0, 1]"
663771,1183072,285,0,"[0, 1]"
663771,1183072,456,0,"[0, 1]"
663771,1183072,255,0,"[0, 1]"
663771,1183072,257,0,"[0, 1]"
663771,1183072,492,0,"[0, 1]"
663771,1183072,422,0,"[0, 1]"
663771,1183072,265,0,"[0, 1]"
663771,1183072,627,0,"[0, 1]"
663771,1183072,1001,0,"[0, 1]"
663771,1183072,664,0,"[0, 1]"
663771,1183072,550,0,"[0, 1]"
663771,1183072,938,0,"[0, 1]"
663771,1183072,824,0,"[0, 1]"
663771,1183072,1011,0,"[0, 1]"
663771,1183072,846,0,"[0, 1]"
663771,1183072,928,0,"[0, 1]"
663771,1183072,720,0,"[0, 1]"
663771,1183072,531,0,"[0, 1]"
663771,1183072,1000,0,"[0, 1]"
663771,1183072,651,0,"[0, 1]"
663771,1183072,538,0,"[0, 1]"
663771,1183072,722,0,"[0, 1]"
663771,1183072,744,0,"[0, 1]"
663771,1183072,724,0,"[0, 1]"
663771,1183072,677,0,"[0, 1]"
663771,1183072,1513,0,"[0, 1]"
663771,1183072,1211,0,"[0, 1]"
663771,1183072,1484,0,"[0, 1]"
663771,1183072,1148,0,"[0, 1]"
663771,1183072,1678,0,"[0, 1]"
663771,1183072,1537,0,"[0, 1]"
663771,1183072,1874,0,"[0, 1]"
663771,1183072,1955,0,"[0, 1]"
663771,1183072,1533,0,"[0, 1]"
663771,1183072,1345,0,"[0, 1]"
663771,1183072,1239,0,"[0, 1]"
663771,1183072,1991,0,"[0, 1]"
663771,1183072,1737,0,"[0, 1]"
663771,1183072,1746,0,"[0, 1]"
663771,1183072,1144,0,"[0, 1]"
663771,1183072,1496,0,"[0, 1]"
663771,1183072,1354,0,"[0, 1]"
663771,1183072,2033,0,"[0, 1]"
663771,1183072,1367,0,"[0, 1]"
663771,1183072,1993,0,"[0, 1]"
663771,1183072,3270,0,"[0, 1]"
663771,1183072,2892,0,"[0, 1]"
663771,1183072,3496,0,"[0, 1]"
663771,1183072,3054,0,"[0, 1]"
663771,1183072,2704,0,"[0, 1]"
663771,1183072,2761,0,"[0, 1]"
663771,1183072,3206,0,"[0, 1]"
663771,1183072,3781,0,"[0, 1]"
663771,1183072,4000,0,"[0, 1]"
663771,1183072,3069,0,"[0, 1]"
663771,1183072,2686,0,"[0, 1]"
663771,1183072,3558,0,"[0, 1]"
663771,1183072,2260,0,"[0, 1]"
663771,1183072,2942,0,"[0, 1]"
663771,1183072,3053,0,"[0, 1]"
663771,1183072,2052,0,"[0, 1]"
663771,1183072,3711,0,"[0, 1]"
663771,1183072,3207,0,"[0, 1]"
663771,1183072,3078,0,"[0, 1]"
663771,1183072,3181,0,"[0, 1]"
663771,1183072,2698,0,"[0, 1]"
663771,1183072,3576,0,"[0, 1]"
663771,1183072,7290474,1,"[0, 1]"
663771,1183072,7086188,1,"[0, 1]"
663771,1183072,7516558,1,"[0, 1]"
663771,1183072,7423657,1,"[0, 1]"
663771,1183072,6419354,1,"[0, 1]"
663771,1183072,7184530,1,"[0, 1]"
663771,1183072,7284874,1,"[0, 1]"
663771,1183072,7294084,1,"[0, 1]"
663771,1183072,7254169,1,"[0, 1]"
663771,1183072,7138843,1,"[0, 1]"
663771,1183072,7395960,1,"[0, 1]"
663771,1183072,7596571,1,"[0, 1]"
663771,1183072,4546,0,"[0, 1]"
663771,1183072,3314229,1,"[0, 1]"
663771,1183072,7633169,1,"[0, 1]"
663771,1183072,7079658,1,"[0, 1]"
663771,1183072,7451812,1,"[0, 1]"
663771,1183072,7115790,1,"[0, 1]"
663771,1183072,7094398,1,"[0, 1]"
663771,1183072,7660579,1,"[0, 1]"
663771,1183072,7603386,1,"[0, 1]"
663771,1183072,7563535,1,"[0, 1]"
663771,1183072,7675991,1,"[0, 1]"
663771,1183072,7655302,1,"[0, 1]"
663771,1183072,7653942,1,"[0, 1]"
663771,1183072,7611282,1,"[0, 1]"
663771,1183072,7634688,1,"[0, 1]"
663771,1183072,2586628,1,"[0, 1]"
663771,1183072,7129309,1,"[0, 1]"
663771,1183072,7391977,1,"[0, 1]"
663771,1183072,7176630,1,"[0, 1]"
663771,1183072,7682611,1,"[0, 1]"
663771,1183072,7373037,1,"[0, 1]"
663771,1183072,7160927,1,"[0, 1]"
663771,1183072,7670435,1,"[0, 1]"
663771,1183072,7605167,1,"[0, 1]"
663771,1183072,7292455,1,"[0, 1]"
663771,1183072,7288044,1,"[0, 1]"
663771,1183072,73242,1,"[0, 1]"
663771,1183072,5751034,1,"[0, 1]"
663771,1183072,7082006,1,"[0, 1]"
663771,1183072,7679623,1,"[0, 1]"
663771,1183072,7156996,1,"[0, 1]"
663771,1183072,4792479,1,"[0, 1]"
663771,1183072,7118287,1,"[0, 1]"
663771,1183072,7201783,1,"[0, 1]"
663771,1183072,7582982,1,"[0, 1]"
663771,1183072,5475009,1,"[0, 1]"
663771,1183072,7411576,1,"[0, 1]"
663771,1183072,7517897,1,"[0, 1]"
1095816,7560913,7560913,1,"[1, 0]"
1095816,7560913,2924,0,"[1, 0]"
1095816,7560913,1461,0,"[1, 0]"
1095816,7560913,730,0,"[1, 0]"
1095816,7560913,364,0,"[1, 0]"
1095816,7560913,181,0,"[1, 0]"
1095816,7560913,90,0,"[1, 0]"
1095816,7560913,44,0,"[1, 0]"
1095816,7560913,21,0,"[1, 0]"
1095816,7560913,10,0,"[1, 0]"
1095816,7560913,4,0,"[1, 0]"
1095816,7560913,1,0,"[1, 0]"
1095816,7560913,0,0,"[1, 0]"
1095816,7560913,2,0,"[0, 1]"
1095816,7560913,1,0,"[0, 1]"
1095816,7560913,6,0,"[0, 1]"
1095816,7560913,3,0,"[0, 1]"
1095816,7560913,5,0,"[0, 1]"
1095816,7560913,4,0,"[0, 1]"
1095816,7560913,13,0,"[0, 1]"
1095816,7560913,11,0,"[0, 1]"
1095816,7560913,7,0,"[0, 1]"
1095816,7560913,10,0,"[0, 1]"
1095816,7560913,9,0,"[0, 1]"
1095816,7560913,14,0,"[0, 1]"
1095816,7560913,16,0,"[0, 1]"
1095816,7560913,20,0,"[0, 1]"
1095816,7560913,29,0,"[0, 1]"
1095816,7560913,23,0,"[0, 1]"
1095816,7560913,30,0,"[0, 1]"
1095816,7560913,25,0,"[0, 1]"
1095816,7560913,18,0,"[0, 1]"
1095816,7560913,22,0,"[0, 1]"
1095816,7560913,46,0,"[0, 1]"
1095816,7560913,54,0,"[0, 1]"
1095816,7560913,31,0,"[0, 1]"
1095816,7560913,38,0,"[0, 1]"
1095816,7560913,37,0,"[0, 1]"
1095816,7560913,32,0,"[0, 1]"
1095816,7560913,40,0,"[0, 1]"
1095816,7560913,56,0,"[0, 1]"
1095816,7560913,44,0,"[0, 1]"
1095816,7560913,48,0,"[0, 1]"
1095816,7560913,75,0,"[0, 1]"
1095816,7560913,119,0,"[0, 1]"
1095816,7560913,118,0,"[0, 1]"
1095816,7560913,85,0,"[0, 1]"
1095816,7560913,104,0,"[0, 1]"
1095816,7560913,90,0,"[0, 1]"
1095816,7560913,67,0,"[0, 1]"
1095816,7560913,113,0,"[0, 1]"
1095816,7560913,96,0,"[0, 1]"
1095816,7560913,95,0,"[0, 1]"
1095816,7560913,77,0,"[0, 1]"
1095816,7560913,98,0,"[0, 1]"
1095816,7560913,193,0,"[0, 1]"
1095816,7560913,180,0,"[0, 1]"
1095816,7560913,212,0,"[0, 1]"
1095816,7560913,196,0,"[0, 1]"
1095816,7560913,136,0,"[0, 1]"
1095816,7560913,131,0,"[0, 1]"
1095816,7560913,235,0,"[0, 1]"
1095816,7560913,232,0,"[0, 1]"
1095816,7560913,215,0,"[0, 1]"
1095816,7560913,154,0,"[0, 1]"
1095816,7560913,217,0,"[0, 1]"
1095816,7560913,254,0,"[0, 1]"
1095816,7560913,239,0,"[0, 1]"
1095816,7560913,182,0,"[0, 1]"
1095816,7560913,499,0,"[0, 1]"
1095816,7560913,380,0,"[0, 1]"
1095816,7560913,411,0,"[0, 1]"
1095816,7560913,378,0,"[0, 1]"
1095816,7560913,500,0,"[0, 1]"
1095816,7560913,296,0,"[0, 1]"
1095816,7560913,377,0,"[0, 1]"
1095816,7560913,255,0,"[0, 1]"
1095816,7560913,466,0,"[0, 1]"
1095816,7560913,408,0,"[0, 1]"
1095816,7560913,501,0,"[0, 1]"
1095816,7560913,298,0,"[0, 1]"
1095816,7560913,307,0,"[0, 1]"
1095816,7560913,433,0,"[0, 1]"
1095816,7560913,355,0,"[0, 1]"
1095816,7560913,284,0,"[0, 1]"
1095816,7560913,999,0,"[0, 1]"
1095816,7560913,891,0,"[0, 1]"
1095816,7560913,778,0,"[0, 1]"
1095816,7560913,697,0,"[0, 1]"
1095816,7560913,960,0,"[0, 1]"
1095816,7560913,847,0,"[0, 1]"
1095816,7560913,570,0,"[0, 1]"
1095816,7560913,788,0,"[0, 1]"
1095816,7560913,783,0,"[0, 1]"
1095816,7560913,746,0,"[0, 1]"
1095816,7560913,764,0,"[0, 1]"
1095816,7560913,823,0,"[0, 1]"
1095816,7560913,562,0,"[0, 1]"
1095816,7560913,636,0,"[0, 1]"
1095816,7560913,957,0,"[0, 1]"
1095816,7560913,552,0,"[0, 1]"
1095816,7560913,1015,0,"[0, 1]"
1095816,7560913,877,0,"[0, 1]"
1095816,7560913,1639,0,"[0, 1]"
1095816,7560913,1189,0,"[0, 1]"
1095816,7560913,1707,0,"[0, 1]"
1095816,7560913,1429,0,"[0, 1]"
1095816,7560913,1589,0,"[0, 1]"
1095816,7560913,1370,0,"[0, 1]"
1095816,7560913,1794,0,"[0, 1]"
1095816,7560913,1361,0,"[0, 1]"
1095816,7560913,1557,0,"[0, 1]"
1095816,7560913,1598,0,"[0, 1]"
1095816,7560913,1629,0,"[0, 1]"
1095816,7560913,1522,0,"[0, 1]"
1095816,7560913,1861,0,"[0, 1]"
1095816,7560913,1777,0,"[0, 1]"
1095816,7560913,1494,0,"[0, 1]"
1095816,7560913,1984,0,"[0, 1]"
1095816,7560913,1064,0,"[0, 1]"
1095816,7560913,1210,0,"[0, 1]"
1095816,7560913,1088,0,"[0, 1]"
1095816,7560913,1434,0,"[0, 1]"
1095816,7560913,3532,0,"[0, 1]"
1095816,7560913,2779,0,"[0, 1]"
1095816,7560913,2266,0,"[0, 1]"
1095816,7560913,3270,0,"[0, 1]"
1095816,7560913,3622,0,"[0, 1]"
1095816,7560913,2514,0,"[0, 1]"
1095816,7560913,2302,0,"[0, 1]"
1095816,7560913,2718,0,"[0, 1]"
1095816,7560913,2695,0,"[0, 1]"
1095816,7560913,3123,0,"[0, 1]"
1095816,7560913,2602,0,"[0, 1]"
1095816,7560913,4060,0,"[0, 1]"
1095816,7560913,4010,0,"[0, 1]"
1095816,7560913,3285,0,"[0, 1]"
1095816,7560913,3385,0,"[0, 1]"
1095816,7560913,3346,0,"[0, 1]"
1095816,7560913,3634,0,"[0, 1]"
1095816,7560913,2726,0,"[0, 1]"
1095816,7560913,3594,0,"[0, 1]"
1095816,7560913,3755,0,"[0, 1]"
1095816,7560913,2841,0,"[0, 1]"
1095816,7560913,4077,0,"[0, 1]"
1095816,7560913,7092272,1,"[0, 1]"
1095816,7560913,7075870,1,"[0, 1]"
1095816,7560913,7528854,1,"[0, 1]"
1095816,7560913,7278548,1,"[0, 1]"
1095816,7560913,7202357,1,"[0, 1]"
1095816,7560913,7456155,1,"[0, 1]"
1095816,7560913,7482389,1,"[0, 1]"
1095816,7560913,4277,0,"[0, 1]"
1095816,7560913,2643049,1,"[0, 1]"
1095816,7560913,4878458,1,"[0, 1]"
1095816,7560913,7543353,1,"[0, 1]"
1095816,7560913,7322579,1,"[0, 1]"
1095816,7560913,4916,0,"[0, 1]"
1095816,7560913,4383,0,"[0, 1]"
1095816,7560913,4787,0,"[0, 1]"
1095816,7560913,4791,0,"[0, 1]"
1095816,7560913,7242338,1,"[0, 1]"
1095816,7560913,7489495,1,"[0, 1]"
1095816,7560913,7392836,1,"[0, 1]"
1095816,7560913,7506366,1,"[0, 1]"
1095816,7560913,7493757,1,"[0, 1]"
1095816,7560913,7377517,1,"[0, 1]"
1095816,7560913,7085726,1,"[0, 1]"
1095816,7560913,4795,0,"[0, 1]"
40337,3504966,3504966,1,"[1, 0]"
40337,3504966,2850,0,"[1, 0]"
40337,3504966,1424,0,"[1, 0]"
40337,3504966,711,0,"[1, 0]"
40337,3504966,355,0,"[1, 0]"
40337,3504966,177,0,"[1, 0]"
40337,3504966,88,0,"[1, 0]"
40337,3504966,43,0,"[1, 0]"
40337,3504966,21,0,"[1, 0]"
40337,3504966,10,0,"[1, 0]"
40337,3504966,4,0,"[1, 0]"
40337,3504966,1,0,"[1, 0]"
40337,3504966,0,0,"[1, 0]"
40337,3504966,1,0,"[0, 1]"
40337,3504966,2,0,"[0, 1]"
40337,3504966,6,0,"[0, 1]"
40337,3504966,3,0,"[0, 1]"
40337,3504966,4,0,"[0, 1]"
40337,3504966,5,0,"[0, 1]"
40337,3504966,11,0,"[0, 1]"
40337,3504966,14,0,"[0, 1]"
40337,3504966,13,0,"[0, 1]"
40337,3504966,8,0,"[0, 1]"
40337,3504966,7,0,"[0, 1]"
40337,3504966,10,0,"[0, 1]"
40337,3504966,29,0,"[0, 1]"
40337,3504966,27,0,"[0, 1]"
40337,3504966,30,0,"[0, 1]"
40337,3504966,17,0,"[0, 1]"
40337,3504966,26,0,"[0, 1]"
40337,3504966,20,0,"[0, 1]"
40337,3504966,22,0,"[0, 1]"
40337,3504966,24,0,"[0, 1]"
40337,3504966,34,0,"[0, 1]"
40337,3504966,61,0,"[0, 1]"
40337,3504966,39,0,"[0, 1]"
40337,3504966,37,0,"[0, 1]"
40337,3504966,44,0,"[0, 1]"
40337,3504966,31,0,"[0, 1]"
40337,3504966,47,0,"[0, 1]"
40337,3504966,54,0,"[0, 1]"
40337,3504966,56,0,"[0, 1]"
40337,3504966,35,0,"[0, 1]"
40337,3504966,119,0,"[0, 1]"
40337,3504966,124,0,"[0, 1]"
40337,3504966,113,0,"[0, 1]"
40337,3504966,92,0,"[0, 1]"
40337,3504966,89,0,"[0, 1]"
40337,3504966,120,0,"[0, 1]"
40337,3504966,91,0,"[0, 1]"
40337,3504966,70,0,"[0, 1]"
40337,3504966,105,0,"[0, 1]"
40337,3504966,115,0,"[0, 1]"
40337,3504966,125,0,"[0, 1]"
40337,3504966,109,0,"[0, 1]"
40337,3504966,207,0,"[0, 1]"
40337,3504966,163,0,"[0, 1]"
40337,3504966,137,0,"[0, 1]"
40337,3504966,159,0,"[0, 1]"
40337,3504966,202,0,"[0, 1]"
40337,3504966,146,0,"[0, 1]"
40337,3504966,199,0,"[0, 1]"
40337,3504966,144,0,"[0, 1]"
40337,3504966,232,0,"[0, 1]"
40337,3504966,176,0,"[0, 1]"
40337,3504966,239,0,"[0, 1]"
40337,3504966,170,0,"[0, 1]"
40337,3504966,157,0,"[0, 1]"
40337,3504966,198,0,"[0, 1]"
40337,3504966,300,0,"[0, 1]"
40337,3504966,419,0,"[0, 1]"
40337,3504966,338,0,"[0, 1]"
40337,3504966,458,0,"[0, 1]"
40337,3504966,425,0,"[0, 1]"
40337,3504966,468,0,"[0, 1]"
40337,3504966,287,0,"[0, 1]"
40337,3504966,378,0,"[0, 1]"
40337,3504966,322,0,"[0, 1]"
40337,3504966,275,0,"[0, 1]"
40337,3504966,389,0,"[0, 1]"
40337,3504966,266,0,"[0, 1]"
40337,3504966,370,0,"[0, 1]"
40337,3504966,444,0,"[0, 1]"
40337,3504966,496,0,"[0, 1]"
40337,3504966,399,0,"[0, 1]"
40337,3504966,676,0,"[0, 1]"
40337,3504966,645,0,"[0, 1]"
40337,3504966,750,0,"[0, 1]"
40337,3504966,937,0,"[0, 1]"
40337,3504966,924,0,"[0, 1]"
40337,3504966,751,0,"[0, 1]"
40337,3504966,648,0,"[0, 1]"
40337,3504966,712,0,"[0, 1]"
40337,3504966,847,0,"[0, 1]"
40337,3504966,681,0,"[0, 1]"
40337,3504966,511,0,"[0, 1]"
40337,3504966,759,0,"[0, 1]"
40337,3504966,988,0,"[0, 1]"
40337,3504966,657,0,"[0, 1]"
40337,3504966,809,0,"[0, 1]"
40337,3504966,725,0,"[0, 1]"
40337,3504966,800,0,"[0, 1]"
40337,3504966,754,0,"[0, 1]"
40337,3504966,1308,0,"[0, 1]"
40337,3504966,1763,0,"[0, 1]"
40337,3504966,1082,0,"[0, 1]"
40337,3504966,1154,0,"[0, 1]"
40337,3504966,1175,0,"[0, 1]"
40337,3504966,1434,0,"[0, 1]"
40337,3504966,1280,0,"[0, 1]"
40337,3504966,1273,0,"[0, 1]"
40337,3504966,1205,0,"[0, 1]"
40337,3504966,1595,0,"[0, 1]"
40337,3504966,1343,0,"[0, 1]"
40337,3504966,1412,0,"[0, 1]"
40337,3504966,1582,0,"[0, 1]"
40337,3504966,1215,0,"[0, 1]"
40337,3504966,1076,0,"[0, 1]"
40337,3504966,1786,0,"[0, 1]"
40337,3504966,1469,0,"[0, 1]"
40337,3504966,1419,0,"[0, 1]"
40337,3504966,1038,0,"[0, 1]"
40337,3504966,1449,0,"[0, 1]"
40337,3504966,2434,0,"[0, 1]"
40337,3504966,2280,0,"[0, 1]"
40337,3504966,2205,0,"[0, 1]"
40337,3504966,2435,0,"[0, 1]"
40337,3504966,3679,0,"[0, 1]"
40337,3504966,2191,0,"[0, 1]"
40337,3504966,3574,0,"[0, 1]"
40337,3504966,2257,0,"[0, 1]"
40337,3504966,2199,0,"[0, 1]"
40337,3504966,2495,0,"[0, 1]"
40337,3504966,2171,0,"[0, 1]"
40337,3504966,4020,0,"[0, 1]"
40337,3504966,3864,0,"[0, 1]"
40337,3504966,3426,0,"[0, 1]"
40337,3504966,3309,0,"[0, 1]"
40337,3504966,3689,0,"[0, 1]"
40337,3504966,2525,0,"[0, 1]"
40337,3504966,3603,0,"[0, 1]"
40337,3504966,2172,0,"[0, 1]"
40337,3504966,3103,0,"[0, 1]"
40337,3504966,2419,0,"[0, 1]"
40337,3504966,2663,0,"[0, 1]"
40337,3504966,7120828,1,"[0, 1]"
40337,3504966,7082136,1,"[0, 1]"
40337,3504966,4463,0,"[0, 1]"
40337,3504966,4855,0,"[0, 1]"
40337,3504966,7232975,1,"[0, 1]"
40337,3504966,7144391,1,"[0, 1]"
40337,3504966,7086354,1,"[0, 1]"
40337,3504966,7452937,1,"[0, 1]"
40337,3504966,7243111,1,"[0, 1]"
40337,3504966,7472819,1,"[0, 1]"
40337,3504966,7201611,1,"[0, 1]"
40337,3504966,7541256,1,"[0, 1]"
40337,3504966,7166774,1,"[0, 1]"
40337,3504966,7682183,1,"[0, 1]"
40337,3504966,4645,0,"[0, 1]"
40337,3504966,7379136,1,"[0, 1]"
40337,3504966,7250839,1,"[0, 1]"
40337,3504966,7275685,1,"[0, 1]"
40337,3504966,7635938,1,"[0, 1]"
40337,3504966,4746,0,"[0, 1]"
40337,3504966,7324293,1,"[0, 1]"
40337,3504966,7499577,1,"[0, 1]"
40337,3504966,7529565,1,"[0, 1]"
40337,3504966,4199,0,"[0, 1]"
159078,7561238,7561238,1,"[1, 0]"
159078,7561238,3229,0,"[1, 0]"
159078,7561238,1614,0,"[1, 0]"
159078,7561238,806,0,"[1, 0]"
159078,7561238,402,0,"[1, 0]"
159078,7561238,200,0,"[1, 0]"
159078,7561238,99,0,"[1, 0]"
159078,7561238,49,0,"[1, 0]"
159078,7561238,24,0,"[1, 0]"
159078,7561238,11,0,"[1, 0]"
159078,7561238,5,0,"[1, 0]"
159078,7561238,2,0,"[1, 0]"
159078,7561238,0,0,"[1, 0]"
159078,7561238,2,0,"[0, 1]"
159078,7561238,1,0,"[0, 1]"
159078,7561238,4,0,"[0, 1]"
159078,7561238,3,0,"[0, 1]"
159078,7561238,5,0,"[0, 1]"
159078,7561238,6,0,"[0, 1]"
159078,7561238,9,0,"[0, 1]"
159078,7561238,14,0,"[0, 1]"
159078,7561238,7,0,"[0, 1]"
159078,7561238,13,0,"[0, 1]"
159078,7561238,11,0,"[0, 1]"
159078,7561238,12,0,"[0, 1]"
159078,7561238,16,0,"[0, 1]"
159078,7561238,23,0,"[0, 1]"
159078,7561238,17,0,"[0, 1]"
159078,7561238,15,0,"[0, 1]"
159078,7561238,29,0,"[0, 1]"
159078,7561238,28,0,"[0, 1]"
159078,7561238,20,0,"[0, 1]"
159078,7561238,19,0,"[0, 1]"
159078,7561238,42,0,"[0, 1]"
159078,7561238,39,0,"[0, 1]"
159078,7561238,46,0,"[0, 1]"
159078,7561238,53,0,"[0, 1]"
159078,7561238,58,0,"[0, 1]"
159078,7561238,31,0,"[0, 1]"
159078,7561238,56,0,"[0, 1]"
159078,7561238,37,0,"[0, 1]"
159078,7561238,55,0,"[0, 1]"
159078,7561238,43,0,"[0, 1]"
159078,7561238,85,0,"[0, 1]"
159078,7561238,72,0,"[0, 1]"
159078,7561238,78,0,"[0, 1]"
159078,7561238,68,0,"[0, 1]"
159078,7561238,67,0,"[0, 1]"
159078,7561238,64,0,"[0, 1]"
159078,7561238,111,0,"[0, 1]"
159078,7561238,87,0,"[0, 1]"
159078,7561238,118,0,"[0, 1]"
159078,7561238,102,0,"[0, 1]"
159078,7561238,116,0,"[0, 1]"
159078,7561238,109,0,"[0, 1]"
159078,7561238,128,0,"[0, 1]"
159078,7561238,215,0,"[0, 1]"
159078,7561238,173,0,"[0, 1]"
159078,7561238,140,0,"[0, 1]"
159078,7561238,149,0,"[0, 1]"
159078,7561238,191,0,"[0, 1]"
159078,7561238,183,0,"[0, 1]"
159078,7561238,151,0,"[0, 1]"
159078,7561238,234,0,"[0, 1]"
159078,7561238,211,0,"[0, 1]"
159078,7561238,184,0,"[0, 1]"
159078,7561238,180,0,"[0, 1]"
159078,7561238,212,0,"[0, 1]"
159078,7561238,218,0,"[0, 1]"
159078,7561238,408,0,"[0, 1]"
159078,7561238,362,0,"[0, 1]"
159078,7561238,463,0,"[0, 1]"
159078,7561238,380,0,"[0, 1]"
159078,7561238,297,0,"[0, 1]"
159078,7561238,472,0,"[0, 1]"
159078,7561238,407,0,"[0, 1]"
159078,7561238,395,0,"[0, 1]"
159078,7561238,283,0,"[0, 1]"
159078,7561238,387,0,"[0, 1]"
159078,7561238,500,0,"[0, 1]"
159078,7561238,290,0,"[0, 1]"
159078,7561238,492,0,"[0, 1]"
159078,7561238,419,0,"[0, 1]"
159078,7561238,462,0,"[0, 1]"
159078,7561238,316,0,"[0, 1]"
159078,7561238,994,0,"[0, 1]"
159078,7561238,731,0,"[0, 1]"
159078,7561238,607,0,"[0, 1]"
159078,7561238,915,0,"[0, 1]"
159078,7561238,802,0,"[0, 1]"
159078,7561238,668,0,"[0, 1]"
159078,7561238,800,0,"[0, 1]"
159078,7561238,1005,0,"[0, 1]"
159078,7561238,852,0,"[0, 1]"
159078,7561238,701,0,"[0, 1]"
159078,7561238,858,0,"[0, 1]"
159078,7561238,891,0,"[0, 1]"
159078,7561238,677,0,"[0, 1]"
159078,7561238,549,0,"[0, 1]"
159078,7561238,740,0,"[0, 1]"
159078,7561238,667,0,"[0, 1]"
159078,7561238,684,0,"[0, 1]"
159078,7561238,699,0,"[0, 1]"
159078,7561238,1436,0,"[0, 1]"
159078,7561238,1745,0,"[0, 1]"
159078,7561238,1612,0,"[0, 1]"
159078,7561238,1400,0,"[0, 1]"
159078,7561238,1310,0,"[0, 1]"
159078,7561238,1818,0,"[0, 1]"
159078,7561238,1525,0,"[0, 1]"
159078,7561238,1659,0,"[0, 1]"
159078,7561238,1990,0,"[0, 1]"
159078,7561238,1798,0,"[0, 1]"
159078,7561238,1921,0,"[0, 1]"
159078,7561238,1781,0,"[0, 1]"
159078,7561238,1674,0,"[0, 1]"
159078,7561238,1077,0,"[0, 1]"
159078,7561238,1749,0,"[0, 1]"
159078,7561238,1633,0,"[0, 1]"
159078,7561238,1112,0,"[0, 1]"
159078,7561238,1532,0,"[0, 1]"
159078,7561238,1651,0,"[0, 1]"
159078,7561238,1725,0,"[0, 1]"
159078,7561238,2747,0,"[0, 1]"
159078,7561238,3026,0,"[0, 1]"
159078,7561238,3076,0,"[0, 1]"
159078,7561238,3898,0,"[0, 1]"
159078,7561238,2586,0,"[0, 1]"
159078,7561238,3534,0,"[0, 1]"
159078,7561238,3478,0,"[0, 1]"
159078,7561238,3985,0,"[0, 1]"
159078,7561238,2905,0,"[0, 1]"
159078,7561238,3093,0,"[0, 1]"
159078,7561238,2250,0,"[0, 1]"
159078,7561238,2213,0,"[0, 1]"
159078,7561238,3454,0,"[0, 1]"
159078,7561238,4055,0,"[0, 1]"
159078,7561238,3750,0,"[0, 1]"
159078,7561238,2878,0,"[0, 1]"
159078,7561238,2716,0,"[0, 1]"
159078,7561238,3042,0,"[0, 1]"
159078,7561238,3907,0,"[0, 1]"
159078,7561238,2395,0,"[0, 1]"
159078,7561238,3628,0,"[0, 1]"
159078,7561238,2828,0,"[0, 1]"
159078,7561238,7644294,1,"[0, 1]"
159078,7561238,7434268,1,"[0, 1]"
159078,7561238,4262,0,"[0, 1]"
159078,7561238,7420248,1,"[0, 1]"
159078,7561238,2322244,1,"[0, 1]"
159078,7561238,5167800,1,"[0, 1]"
159078,7561238,7608823,1,"[0, 1]"
159078,7561238,4125,0,"[0, 1]"
159078,7561238,7129766,1,"[0, 1]"
159078,7561238,4328,0,"[0, 1]"
159078,7561238,7524398,1,"[0, 1]"
159078,7561238,4393,0,"[0, 1]"
159078,7561238,7107100,1,"[0, 1]"
159078,7561238,7273302,1,"[0, 1]"
159078,7561238,7086051,1,"[0, 1]"
159078,7561238,7071494,1,"[0, 1]"
159078,7561238,7628598,1,"[0, 1]"
159078,7561238,4536,0,"[0, 1]"
159078,7561238,7438306,1,"[0, 1]"
159078,7561238,7466816,1,"[0, 1]"
159078,7561238,7601418,1,"[0, 1]"
159078,7561238,4216,0,"[0, 1]"
159078,7561238,7442823,1,"[0, 1]"
159078,7561238,7183057,1,"[0, 1]"
153981,7561367,7561367,1,"[1, 0]"
153981,7561367,4465,0,"[1, 0]"
153981,7561367,2885,0,"[1, 0]"
153981,7561367,1442,0,"[1, 0]"
153981,7561367,720,0,"[1, 0]"
153981,7561367,359,0,"[1, 0]"
153981,7561367,179,0,"[1, 0]"
153981,7561367,89,0,"[1, 0]"
153981,7561367,44,0,"[1, 0]"
153981,7561367,21,0,"[1, 0]"
153981,7561367,10,0,"[1, 0]"
153981,7561367,4,0,"[1, 0]"
153981,7561367,1,0,"[1, 0]"
153981,7561367,0,0,"[1, 0]"
153981,7561367,2,0,"[0, 1]"
153981,7561367,1,0,"[0, 1]"
153981,7561367,6,0,"[0, 1]"
153981,7561367,3,0,"[0, 1]"
153981,7561367,5,0,"[0, 1]"
153981,7561367,4,0,"[0, 1]"
153981,7561367,10,0,"[0, 1]"
153981,7561367,14,0,"[0, 1]"
153981,7561367,7,0,"[0, 1]"
153981,7561367,13,0,"[0, 1]"
153981,7561367,12,0,"[0, 1]"
153981,7561367,8,0,"[0, 1]"
153981,7561367,23,0,"[0, 1]"
153981,7561367,17,0,"[0, 1]"
153981,7561367,30,0,"[0, 1]"
153981,7561367,22,0,"[0, 1]"
153981,7561367,28,0,"[0, 1]"
153981,7561367,25,0,"[0, 1]"
153981,7561367,29,0,"[0, 1]"
153981,7561367,21,0,"[0, 1]"
153981,7561367,32,0,"[0, 1]"
153981,7561367,57,0,"[0, 1]"
153981,7561367,59,0,"[0, 1]"
153981,7561367,55,0,"[0, 1]"
153981,7561367,56,0,"[0, 1]"
153981,7561367,40,0,"[0, 1]"
153981,7561367,34,0,"[0, 1]"
153981,7561367,58,0,"[0, 1]"
153981,7561367,60,0,"[0, 1]"
153981,7561367,62,0,"[0, 1]"
153981,7561367,70,0,"[0, 1]"
153981,7561367,92,0,"[0, 1]"
153981,7561367,115,0,"[0, 1]"
153981,7561367,68,0,"[0, 1]"
153981,7561367,77,0,"[0, 1]"
153981,7561367,119,0,"[0, 1]"
153981,7561367,89,0,"[0, 1]"
153981,7561367,64,0,"[0, 1]"
153981,7561367,78,0,"[0, 1]"
153981,7561367,123,0,"[0, 1]"
153981,7561367,69,0,"[0, 1]"
153981,7561367,91,0,"[0, 1]"
153981,7561367,243,0,"[0, 1]"
153981,7561367,210,0,"[0, 1]"
153981,7561367,217,0,"[0, 1]"
153981,7561367,215,0,"[0, 1]"
153981,7561367,146,0,"[0, 1]"
153981,7561367,230,0,"[0, 1]"
153981,7561367,151,0,"[0, 1]"
153981,7561367,251,0,"[0, 1]"
153981,7561367,166,0,"[0, 1]"
153981,7561367,223,0,"[0, 1]"
153981,7561367,131,0,"[0, 1]"
153981,7561367,178,0,"[0, 1]"
153981,7561367,149,0,"[0, 1]"
153981,7561367,200,0,"[0, 1]"
153981,7561367,327,0,"[0, 1]"
153981,7561367,359,0,"[0, 1]"
153981,7561367,323,0,"[0, 1]"
153981,7561367,487,0,"[0, 1]"
153981,7561367,494,0,"[0, 1]"
153981,7561367,508,0,"[0, 1]"
153981,7561367,443,0,"[0, 1]"
153981,7561367,326,0,"[0, 1]"
153981,7561367,263,0,"[0, 1]"
153981,7561367,270,0,"[0, 1]"
153981,7561367,389,0,"[0, 1]"
153981,7561367,370,0,"[0, 1]"
153981,7561367,361,0,"[0, 1]"
153981,7561367,292,0,"[0, 1]"
153981,7561367,383,0,"[0, 1]"
153981,7561367,496,0,"[0, 1]"
153981,7561367,758,0,"[0, 1]"
153981,7561367,513,0,"[0, 1]"
153981,7561367,783,0,"[0, 1]"
153981,7561367,572,0,"[0, 1]"
153981,7561367,993,0,"[0, 1]"
153981,7561367,611,0,"[0, 1]"
153981,7561367,705,0,"[0, 1]"
153981,7561367,724,0,"[0, 1]"
153981,7561367,739,0,"[0, 1]"
153981,7561367,912,0,"[0, 1]"
153981,7561367,664,0,"[0, 1]"
153981,7561367,935,0,"[0, 1]"
153981,7561367,629,0,"[0, 1]"
153981,7561367,981,0,"[0, 1]"
153981,7561367,559,0,"[0, 1]"
153981,7561367,940,0,"[0, 1]"
153981,7561367,1009,0,"[0, 1]"
153981,7561367,814,0,"[0, 1]"
153981,7561367,1809,0,"[0, 1]"
153981,7561367,1712,0,"[0, 1]"
153981,7561367,2045,0,"[0, 1]"
153981,7561367,1615,0,"[0, 1]"
153981,7561367,1093,0,"[0, 1]"
153981,7561367,1769,0,"[0, 1]"
153981,7561367,1139,0,"[0, 1]"
153981,7561367,1630,0,"[0, 1]"
153981,7561367,1357,0,"[0, 1]"
153981,7561367,1509,0,"[0, 1]"
153981,7561367,1211,0,"[0, 1]"
153981,7561367,1111,0,"[0, 1]"
153981,7561367,1940,0,"[0, 1]"
153981,7561367,2025,0,"[0, 1]"
153981,7561367,1347,0,"[0, 1]"
153981,7561367,2031,0,"[0, 1]"
153981,7561367,1453,0,"[0, 1]"
153981,7561367,1437,0,"[0, 1]"
153981,7561367,1162,0,"[0, 1]"
153981,7561367,1444,0,"[0, 1]"
153981,7561367,2701,0,"[0, 1]"
153981,7561367,2379,0,"[0, 1]"
153981,7561367,2864,0,"[0, 1]"
153981,7561367,2329,0,"[0, 1]"
153981,7561367,3022,0,"[0, 1]"
153981,7561367,2961,0,"[0, 1]"
153981,7561367,3347,0,"[0, 1]"
153981,7561367,3395,0,"[0, 1]"
153981,7561367,2869,0,"[0, 1]"
153981,7561367,3881,0,"[0, 1]"
153981,7561367,2681,0,"[0, 1]"
153981,7561367,2926,0,"[0, 1]"
153981,7561367,3815,0,"[0, 1]"
153981,7561367,2744,0,"[0, 1]"
153981,7561367,2689,0,"[0, 1]"
153981,7561367,2460,0,"[0, 1]"
153981,7561367,3225,0,"[0, 1]"
153981,7561367,3840,0,"[0, 1]"
153981,7561367,2888,0,"[0, 1]"
153981,7561367,3890,0,"[0, 1]"
153981,7561367,3438,0,"[0, 1]"
153981,7561367,3585,0,"[0, 1]"
153981,7561367,4803,0,"[0, 1]"
153981,7561367,7372190,1,"[0, 1]"
153981,7561367,7645681,1,"[0, 1]"
153981,7561367,7272750,1,"[0, 1]"
153981,7561367,4320,0,"[0, 1]"
153981,7561367,7164470,1,"[0, 1]"
153981,7561367,4959,0,"[0, 1]"
153981,7561367,7200213,1,"[0, 1]"
153981,7561367,4781,0,"[0, 1]"
153981,7561367,7373639,1,"[0, 1]"
153981,7561367,4796,0,"[0, 1]"
153981,7561367,7269883,1,"[0, 1]"
153981,7561367,4289,0,"[0, 1]"
153981,7561367,4130,0,"[0, 1]"
153981,7561367,4947,0,"[0, 1]"
153981,7561367,4960,0,"[0, 1]"
153981,7561367,7440274,1,"[0, 1]"
153981,7561367,7188594,1,"[0, 1]"
153981,7561367,7082281,1,"[0, 1]"
153981,7561367,7644827,1,"[0, 1]"
153981,7561367,4459,0,"[0, 1]"
153981,7561367,7676222,1,"[0, 1]"
153981,7561367,7106746,1,"[0, 1]"
153981,7561367,4517,0,"[0, 1]"
153981,7561367,7576937,1,"[0, 1]"
153981,7561367,7204742,1,"[0, 1]"
153981,7561367,7160927,1,"[0, 1]"
153981,7561367,1357096,1,"[0, 1]"
153981,7561367,7214862,1,"[0, 1]"
153981,7561367,6269504,1,"[0, 1]"
153981,7561367,7268026,1,"[0, 1]"
153981,7561367,7185662,1,"[0, 1]"
153981,7561367,3595128,1,"[0, 1]"
153981,7561367,7223855,1,"[0, 1]"
153981,7561367,7179283,1,"[0, 1]"
153981,7561367,5489517,1,"[0, 1]"
153981,7561367,7430773,1,"[0, 1]"
153981,7561367,7226805,1,"[0, 1]"
153981,7561367,7582932,1,"[0, 1]"
153981,7561367,7075411,1,"[0, 1]"
153981,7561367,7148569,1,"[0, 1]"
153981,7561367,3727684,1,"[0, 1]"
153981,7561367,695187,1,"[0, 1]"
153981,7561367,7430638,1,"[0, 1]"
153981,7561367,7437842,1,"[0, 1]"
153981,7561367,7580404,1,"[0, 1]"
153981,7561367,7161185,1,"[0, 1]"
153981,7561367,7116141,1,"[0, 1]"
153981,7561367,4615954,1,"[0, 1]"
153981,7561367,7207568,1,"[0, 1]"
425505,7561410,7561410,1,"[1, 0]"
425505,7561410,4733,0,"[1, 0]"
425505,7561410,3493,0,"[1, 0]"
425505,7561410,1746,0,"[1, 0]"
425505,7561410,872,0,"[1, 0]"
425505,7561410,435,0,"[1, 0]"
425505,7561410,217,0,"[1, 0]"
425505,7561410,108,0,"[1, 0]"
425505,7561410,53,0,"[1, 0]"
425505,7561410,26,0,"[1, 0]"
425505,7561410,12,0,"[1, 0]"
425505,7561410,5,0,"[1, 0]"
425505,7561410,2,0,"[1, 0]"
425505,7561410,0,0,"[1, 0]"
425505,7561410,1,0,"[0, 1]"
425505,7561410,2,0,"[0, 1]"
425505,7561410,6,0,"[0, 1]"
425505,7561410,4,0,"[0, 1]"
425505,7561410,5,0,"[0, 1]"
425505,7561410,3,0,"[0, 1]"
425505,7561410,14,0,"[0, 1]"
425505,7561410,13,0,"[0, 1]"
425505,7561410,7,0,"[0, 1]"
425505,7561410,12,0,"[0, 1]"
425505,7561410,11,0,"[0, 1]"
425505,7561410,10,0,"[0, 1]"
425505,7561410,19,0,"[0, 1]"
425505,7561410,17,0,"[0, 1]"
425505,7561410,18,0,"[0, 1]"
425505,7561410,16,0,"[0, 1]"
425505,7561410,30,0,"[0, 1]"
425505,7561410,27,0,"[0, 1]"
425505,7561410,23,0,"[0, 1]"
425505,7561410,28,0,"[0, 1]"
425505,7561410,44,0,"[0, 1]"
425505,7561410,43,0,"[0, 1]"
425505,7561410,33,0,"[0, 1]"
425505,7561410,39,0,"[0, 1]"
425505,7561410,55,0,"[0, 1]"
425505,7561410,58,0,"[0, 1]"
425505,7561410,54,0,"[0, 1]"
425505,7561410,52,0,"[0, 1]"
425505,7561410,37,0,"[0, 1]"
425505,7561410,38,0,"[0, 1]"
425505,7561410,114,0,"[0, 1]"
425505,7561410,103,0,"[0, 1]"
425505,7561410,83,0,"[0, 1]"
425505,7561410,74,0,"[0, 1]"
425505,7561410,69,0,"[0, 1]"
425505,7561410,64,0,"[0, 1]"
425505,7561410,123,0,"[0, 1]"
425505,7561410,102,0,"[0, 1]"
425505,7561410,108,0,"[0, 1]"
425505,7561410,78,0,"[0, 1]"
425505,7561410,66,0,"[0, 1]"
425505,7561410,109,0,"[0, 1]"
425505,7561410,207,0,"[0, 1]"
425505,7561410,231,0,"[0, 1]"
425505,7561410,176,0,"[0, 1]"
425505,7561410,239,0,"[0, 1]"
425505,7561410,169,0,"[0, 1]"
425505,7561410,162,0,"[0, 1]"
425505,7561410,186,0,"[0, 1]"
425505,7561410,210,0,"[0, 1]"
425505,7561410,200,0,"[0, 1]"
425505,7561410,185,0,"[0, 1]"
425505,7561410,156,0,"[0, 1]"
425505,7561410,131,0,"[0, 1]"
425505,7561410,142,0,"[0, 1]"
425505,7561410,143,0,"[0, 1]"
425505,7561410,286,0,"[0, 1]"
425505,7561410,510,0,"[0, 1]"
425505,7561410,454,0,"[0, 1]"
425505,7561410,268,0,"[0, 1]"
425505,7561410,380,0,"[0, 1]"
425505,7561410,499,0,"[0, 1]"
425505,7561410,432,0,"[0, 1]"
425505,7561410,386,0,"[0, 1]"
425505,7561410,289,0,"[0, 1]"
425505,7561410,350,0,"[0, 1]"
425505,7561410,387,0,"[0, 1]"
425505,7561410,419,0,"[0, 1]"
425505,7561410,352,0,"[0, 1]"
425505,7561410,503,0,"[0, 1]"
425505,7561410,391,0,"[0, 1]"
425505,7561410,261,0,"[0, 1]"
425505,7561410,602,0,"[0, 1]"
425505,7561410,835,0,"[0, 1]"
425505,7561410,831,0,"[0, 1]"
425505,7561410,856,0,"[0, 1]"
425505,7561410,966,0,"[0, 1]"
425505,7561410,913,0,"[0, 1]"
425505,7561410,680,0,"[0, 1]"
425505,7561410,925,0,"[0, 1]"
425505,7561410,610,0,"[0, 1]"
425505,7561410,782,0,"[0, 1]"
425505,7561410,787,0,"[0, 1]"
425505,7561410,963,0,"[0, 1]"
425505,7561410,901,0,"[0, 1]"
425505,7561410,894,0,"[0, 1]"
425505,7561410,770,0,"[0, 1]"
425505,7561410,613,0,"[0, 1]"
425505,7561410,608,0,"[0, 1]"
425505,7561410,950,0,"[0, 1]"
425505,7561410,1439,0,"[0, 1]"
425505,7561410,1424,0,"[0, 1]"
425505,7561410,1929,0,"[0, 1]"
425505,7561410,1025,0,"[0, 1]"
425505,7561410,1344,0,"[0, 1]"
425505,7561410,1846,0,"[0, 1]"
425505,7561410,1957,0,"[0, 1]"
425505,7561410,1717,0,"[0, 1]"
425505,7561410,1973,0,"[0, 1]"
425505,7561410,1343,0,"[0, 1]"
425505,7561410,1294,0,"[0, 1]"
425505,7561410,1622,0,"[0, 1]"
425505,7561410,1229,0,"[0, 1]"
425505,7561410,1238,0,"[0, 1]"
425505,7561410,1788,0,"[0, 1]"
425505,7561410,1023,0,"[0, 1]"
425505,7561410,1968,0,"[0, 1]"
425505,7561410,1931,0,"[0, 1]"
425505,7561410,1557,0,"[0, 1]"
425505,7561410,1279,0,"[0, 1]"
425505,7561410,2474,0,"[0, 1]"
425505,7561410,3357,0,"[0, 1]"
425505,7561410,3165,0,"[0, 1]"
425505,7561410,3135,0,"[0, 1]"
425505,7561410,2441,0,"[0, 1]"
425505,7561410,2341,0,"[0, 1]"
425505,7561410,4064,0,"[0, 1]"
425505,7561410,2166,0,"[0, 1]"
425505,7561410,2133,0,"[0, 1]"
425505,7561410,3236,0,"[0, 1]"
425505,7561410,2982,0,"[0, 1]"
425505,7561410,2228,0,"[0, 1]"
425505,7561410,2596,0,"[0, 1]"
425505,7561410,3870,0,"[0, 1]"
425505,7561410,3715,0,"[0, 1]"
425505,7561410,3149,0,"[0, 1]"
425505,7561410,2822,0,"[0, 1]"
425505,7561410,4043,0,"[0, 1]"
425505,7561410,2723,0,"[0, 1]"
425505,7561410,2708,0,"[0, 1]"
425505,7561410,2653,0,"[0, 1]"
425505,7561410,3844,0,"[0, 1]"
425505,7561410,7416971,1,"[0, 1]"
425505,7561410,850886,1,"[0, 1]"
425505,7561410,4350,0,"[0, 1]"
425505,7561410,4650,0,"[0, 1]"
425505,7561410,7645183,1,"[0, 1]"
425505,7561410,3403837,1,"[0, 1]"
425505,7561410,4671,0,"[0, 1]"
425505,7561410,4602,0,"[0, 1]"
425505,7561410,7085252,1,"[0, 1]"
425505,7561410,7141552,1,"[0, 1]"
425505,7561410,7682286,1,"[0, 1]"
425505,7561410,7519104,1,"[0, 1]"
425505,7561410,7568153,1,"[0, 1]"
425505,7561410,7557520,1,"[0, 1]"
425505,7561410,7098048,1,"[0, 1]"
425505,7561410,4313,0,"[0, 1]"
425505,7561410,4119,0,"[0, 1]"
425505,7561410,2009392,1,"[0, 1]"
425505,7561410,4356,0,"[0, 1]"
425505,7561410,7665992,1,"[0, 1]"
425505,7561410,4786,0,"[0, 1]"
425505,7561410,4728,0,"[0, 1]"
425505,7561410,7306463,1,"[0, 1]"
425505,7561410,4332,0,"[0, 1]"
425505,7561410,7295347,1,"[0, 1]"
425505,7561410,7587676,1,"[0, 1]"
425505,7561410,7156123,1,"[0, 1]"
425505,7561410,7191628,1,"[0, 1]"
425505,7561410,7270553,1,"[0, 1]"
425505,7561410,7544458,1,"[0, 1]"
425505,7561410,7131995,1,"[0, 1]"
425505,7561410,7088930,1,"[0, 1]"
425505,7561410,7156243,1,"[0, 1]"
425505,7561410,7681577,1,"[0, 1]"
425505,7561410,7550141,1,"[0, 1]"
425505,7561410,7484614,1,"[0, 1]"
425505,7561410,6121038,1,"[0, 1]"
425505,7561410,7078672,1,"[0, 1]"
425505,7561410,7325051,1,"[0, 1]"
425505,7561410,2269086,1,"[0, 1]"
425505,7561410,7087585,1,"[0, 1]"
425505,7561410,7624391,1,"[0, 1]"
425505,7561410,7668258,1,"[0, 1]"
425505,7561410,7185490,1,"[0, 1]"
425505,7561410,7406317,1,"[0, 1]"
425505,7561410,7534196,1,"[0, 1]"
425505,7561410,7236941,1,"[0, 1]"
425505,7561410,7095217,1,"[0, 1]"
425505,7561410,3222326,1,"[0, 1]"
425505,7561410,7116282,1,"[0, 1]"
694726,1954925,1954925,1,"[1, 0]"
694726,1954925,4553,0,"[1, 0]"
694726,1954925,3085,0,"[1, 0]"
694726,1954925,1542,0,"[1, 0]"
694726,1954925,770,0,"[1, 0]"
694726,1954925,384,0,"[1, 0]"
694726,1954925,191,0,"[1, 0]"
694726,1954925,95,0,"[1, 0]"
694726,1954925,47,0,"[1, 0]"
694726,1954925,23,0,"[1, 0]"
694726,1954925,11,0,"[1, 0]"
694726,1954925,5,0,"[1, 0]"
694726,1954925,2,0,"[1, 0]"
694726,1954925,0,0,"[1, 0]"
694726,1954925,1,0,"[0, 1]"
694726,1954925,2,0,"[0, 1]"
694726,1954925,6,0,"[0, 1]"
694726,1954925,3,0,"[0, 1]"
694726,1954925,5,0,"[0, 1]"
694726,1954925,4,0,"[0, 1]"
694726,1954925,14,0,"[0, 1]"
694726,1954925,8,0,"[0, 1]"
694726,1954925,12,0,"[0, 1]"
694726,1954925,9,0,"[0, 1]"
694726,1954925,10,0,"[0, 1]"
694726,1954925,13,0,"[0, 1]"
694726,1954925,26,0,"[0, 1]"
694726,1954925,21,0,"[0, 1]"
694726,1954925,28,0,"[0, 1]"
694726,1954925,25,0,"[0, 1]"
694726,1954925,16,0,"[0, 1]"
694726,1954925,30,0,"[0, 1]"
694726,1954925,18,0,"[0, 1]"
694726,1954925,19,0,"[0, 1]"
694726,1954925,53,0,"[0, 1]"
694726,1954925,36,0,"[0, 1]"
694726,1954925,37,0,"[0, 1]"
694726,1954925,47,0,"[0, 1]"
694726,1954925,48,0,"[0, 1]"
694726,1954925,41,0,"[0, 1]"
694726,1954925,55,0,"[0, 1]"
694726,1954925,43,0,"[0, 1]"
694726,1954925,49,0,"[0, 1]"
694726,1954925,45,0,"[0, 1]"
694726,1954925,100,0,"[0, 1]"
694726,1954925,107,0,"[0, 1]"
694726,1954925,72,0,"[0, 1]"
694726,1954925,87,0,"[0, 1]"
694726,1954925,79,0,"[0, 1]"
694726,1954925,110,0,"[0, 1]"
694726,1954925,126,0,"[0, 1]"
694726,1954925,74,0,"[0, 1]"
694726,1954925,95,0,"[0, 1]"
694726,1954925,102,0,"[0, 1]"
694726,1954925,103,0,"[0, 1]"
694726,1954925,83,0,"[0, 1]"
694726,1954925,204,0,"[0, 1]"
694726,1954925,210,0,"[0, 1]"
694726,1954925,221,0,"[0, 1]"
694726,1954925,225,0,"[0, 1]"
694726,1954925,138,0,"[0, 1]"
694726,1954925,184,0,"[0, 1]"
694726,1954925,239,0,"[0, 1]"
694726,1954925,224,0,"[0, 1]"
694726,1954925,237,0,"[0, 1]"
694726,1954925,188,0,"[0, 1]"
694726,1954925,137,0,"[0, 1]"
694726,1954925,235,0,"[0, 1]"
694726,1954925,153,0,"[0, 1]"
694726,1954925,217,0,"[0, 1]"
694726,1954925,495,0,"[0, 1]"
694726,1954925,330,0,"[0, 1]"
694726,1954925,435,0,"[0, 1]"
694726,1954925,366,0,"[0, 1]"
694726,1954925,342,0,"[0, 1]"
694726,1954925,423,0,"[0, 1]"
694726,1954925,308,0,"[0, 1]"
694726,1954925,358,0,"[0, 1]"
694726,1954925,318,0,"[0, 1]"
694726,1954925,392,0,"[0, 1]"
694726,1954925,384,0,"[0, 1]"
694726,1954925,259,0,"[0, 1]"
694726,1954925,406,0,"[0, 1]"
694726,1954925,469,0,"[0, 1]"
694726,1954925,327,0,"[0, 1]"
694726,1954925,444,0,"[0, 1]"
694726,1954925,857,0,"[0, 1]"
694726,1954925,831,0,"[0, 1]"
694726,1954925,990,0,"[0, 1]"
694726,1954925,529,0,"[0, 1]"
694726,1954925,566,0,"[0, 1]"
694726,1954925,992,0,"[0, 1]"
694726,1954925,737,0,"[0, 1]"
694726,1954925,723,0,"[0, 1]"
694726,1954925,743,0,"[0, 1]"
694726,1954925,810,0,"[0, 1]"
694726,1954925,958,0,"[0, 1]"
694726,1954925,583,0,"[0, 1]"
694726,1954925,564,0,"[0, 1]"
694726,1954925,768,0,"[0, 1]"
694726,1954925,634,0,"[0, 1]"
694726,1954925,782,0,"[0, 1]"
694726,1954925,519,0,"[0, 1]"
694726,1954925,987,0,"[0, 1]"
694726,1954925,1118,0,"[0, 1]"
694726,1954925,1674,0,"[0, 1]"
694726,1954925,1811,0,"[0, 1]"
694726,1954925,1509,0,"[0, 1]"
694726,1954925,1725,0,"[0, 1]"
694726,1954925,1552,0,"[0, 1]"
694726,1954925,1737,0,"[0, 1]"
694726,1954925,1883,0,"[0, 1]"
694726,1954925,1490,0,"[0, 1]"
694726,1954925,1633,0,"[0, 1]"
694726,1954925,1302,0,"[0, 1]"
694726,1954925,2002,0,"[0, 1]"
694726,1954925,1332,0,"[0, 1]"
694726,1954925,1375,0,"[0, 1]"
694726,1954925,1517,0,"[0, 1]"
694726,1954925,1958,0,"[0, 1]"
694726,1954925,1761,0,"[0, 1]"
694726,1954925,1593,0,"[0, 1]"
694726,1954925,2017,0,"[0, 1]"
694726,1954925,1812,0,"[0, 1]"
694726,1954925,3892,0,"[0, 1]"
694726,1954925,2222,0,"[0, 1]"
694726,1954925,3863,0,"[0, 1]"
694726,1954925,3460,0,"[0, 1]"
694726,1954925,2115,0,"[0, 1]"
694726,1954925,3795,0,"[0, 1]"
694726,1954925,2302,0,"[0, 1]"
694726,1954925,2317,0,"[0, 1]"
694726,1954925,2443,0,"[0, 1]"
694726,1954925,2495,0,"[0, 1]"
694726,1954925,3633,0,"[0, 1]"
694726,1954925,3141,0,"[0, 1]"
694726,1954925,3742,0,"[0, 1]"
694726,1954925,3844,0,"[0, 1]"
694726,1954925,2161,0,"[0, 1]"
694726,1954925,2525,0,"[0, 1]"
694726,1954925,2053,0,"[0, 1]"
694726,1954925,2197,0,"[0, 1]"
694726,1954925,3253,0,"[0, 1]"
694726,1954925,2647,0,"[0, 1]"
694726,1954925,2056,0,"[0, 1]"
694726,1954925,2136,0,"[0, 1]"
694726,1954925,7324866,1,"[0, 1]"
694726,1954925,7281799,1,"[0, 1]"
694726,1954925,7410037,1,"[0, 1]"
694726,1954925,4491,0,"[0, 1]"
694726,1954925,7273248,1,"[0, 1]"
694726,1954925,7324293,1,"[0, 1]"
694726,1954925,7566638,1,"[0, 1]"
694726,1954925,4139,0,"[0, 1]"
694726,1954925,7092278,1,"[0, 1]"
694726,1954925,7367183,1,"[0, 1]"
694726,1954925,4902,0,"[0, 1]"
694726,1954925,4810,0,"[0, 1]"
694726,1954925,7628015,1,"[0, 1]"
694726,1954925,7281645,1,"[0, 1]"
694726,1954925,7478541,1,"[0, 1]"
694726,1954925,7568324,1,"[0, 1]"
694726,1954925,4463,0,"[0, 1]"
694726,1954925,7176667,1,"[0, 1]"
694726,1954925,4643,0,"[0, 1]"
694726,1954925,4781,0,"[0, 1]"
694726,1954925,7142571,1,"[0, 1]"
694726,1954925,7436421,1,"[0, 1]"
694726,1954925,7251657,1,"[0, 1]"
694726,1954925,7106343,1,"[0, 1]"
694726,1954925,7426898,1,"[0, 1]"
694726,1954925,366294,1,"[0, 1]"
694726,1954925,7519905,1,"[0, 1]"
694726,1954925,7074235,1,"[0, 1]"
694726,1954925,7403875,1,"[0, 1]"
694726,1954925,7078672,1,"[0, 1]"
694726,1954925,7544458,1,"[0, 1]"
694726,1954925,7162765,1,"[0, 1]"
694726,1954925,7244033,1,"[0, 1]"
694726,1954925,7232228,1,"[0, 1]"
694726,1954925,7584178,1,"[0, 1]"
694726,1954925,7683773,1,"[0, 1]"
694726,1954925,7581263,1,"[0, 1]"
694726,1954925,7161745,1,"[0, 1]"
694726,1954925,4615954,1,"[0, 1]"
694726,1954925,7292184,1,"[0, 1]"
694726,1954925,455251,1,"[0, 1]"
694726,1954925,7637310,1,"[0, 1]"
694726,1954925,7185644,1,"[0, 1]"
694726,1954925,7207492,1,"[0, 1]"
694726,1954925,7081198,1,"[0, 1]"
694726,1954925,2089563,1,"[0, 1]"
694726,1954925,5324342,1,"[0, 1]"
694726,1954925,7192489,1,"[0, 1]"
694726,1954925,5228964,1,"[0, 1]"
694726,1954925,7398113,1,"[0, 1]"
481387,7561502,7561502,1,"[1, 0]"
481387,7561502,2166,0,"[1, 0]"
481387,7561502,1082,0,"[1, 0]"
481387,7561502,540,0,"[1, 0]"
481387,7561502,269,0,"[1, 0]"
481387,7561502,134,0,"[1, 0]"
481387,7561502,66,0,"[1, 0]"
481387,7561502,32,0,"[1, 0]"
481387,7561502,15,0,"[1, 0]"
481387,7561502,7,0,"[1, 0]"
481387,7561502,3,0,"[1, 0]"
481387,7561502,1,0,"[1, 0]"
481387,7561502,0,0,"[1, 0]"
481387,7561502,2,0,"[0, 1]"
481387,7561502,1,0,"[0, 1]"
481387,7561502,6,0,"[0, 1]"
481387,7561502,3,0,"[0, 1]"
481387,7561502,5,0,"[0, 1]"
481387,7561502,4,0,"[0, 1]"
481387,7561502,9,0,"[0, 1]"
481387,7561502,11,0,"[0, 1]"
481387,7561502,7,0,"[0, 1]"
481387,7561502,14,0,"[0, 1]"
481387,7561502,13,0,"[0, 1]"
481387,7561502,12,0,"[0, 1]"
481387,7561502,21,0,"[0, 1]"
481387,7561502,28,0,"[0, 1]"
481387,7561502,29,0,"[0, 1]"
481387,7561502,30,0,"[0, 1]"
481387,7561502,17,0,"[0, 1]"
481387,7561502,16,0,"[0, 1]"
481387,7561502,19,0,"[0, 1]"
481387,7561502,25,0,"[0, 1]"
481387,7561502,49,0,"[0, 1]"
481387,7561502,47,0,"[0, 1]"
481387,7561502,44,0,"[0, 1]"
481387,7561502,60,0,"[0, 1]"
481387,7561502,58,0,"[0, 1]"
481387,7561502,41,0,"[0, 1]"
481387,7561502,31,0,"[0, 1]"
481387,7561502,36,0,"[0, 1]"
481387,7561502,43,0,"[0, 1]"
481387,7561502,42,0,"[0, 1]"
481387,7561502,80,0,"[0, 1]"
481387,7561502,124,0,"[0, 1]"
481387,7561502,116,0,"[0, 1]"
481387,7561502,99,0,"[0, 1]"
481387,7561502,114,0,"[0, 1]"
481387,7561502,111,0,"[0, 1]"
481387,7561502,102,0,"[0, 1]"
481387,7561502,70,0,"[0, 1]"
481387,7561502,123,0,"[0, 1]"
481387,7561502,65,0,"[0, 1]"
481387,7561502,86,0,"[0, 1]"
481387,7561502,73,0,"[0, 1]"
481387,7561502,246,0,"[0, 1]"
481387,7561502,173,0,"[0, 1]"
481387,7561502,134,0,"[0, 1]"
481387,7561502,183,0,"[0, 1]"
481387,7561502,227,0,"[0, 1]"
481387,7561502,213,0,"[0, 1]"
481387,7561502,172,0,"[0, 1]"
481387,7561502,239,0,"[0, 1]"
481387,7561502,128,0,"[0, 1]"
481387,7561502,238,0,"[0, 1]"
481387,7561502,150,0,"[0, 1]"
481387,7561502,154,0,"[0, 1]"
481387,7561502,237,0,"[0, 1]"
481387,7561502,159,0,"[0, 1]"
481387,7561502,342,0,"[0, 1]"
481387,7561502,438,0,"[0, 1]"
481387,7561502,417,0,"[0, 1]"
481387,7561502,331,0,"[0, 1]"
481387,7561502,289,0,"[0, 1]"
481387,7561502,426,0,"[0, 1]"
481387,7561502,378,0,"[0, 1]"
481387,7561502,400,0,"[0, 1]"
481387,7561502,414,0,"[0, 1]"
481387,7561502,431,0,"[0, 1]"
481387,7561502,372,0,"[0, 1]"
481387,7561502,359,0,"[0, 1]"
481387,7561502,277,0,"[0, 1]"
481387,7561502,339,0,"[0, 1]"
481387,7561502,340,0,"[0, 1]"
481387,7561502,345,0,"[0, 1]"
481387,7561502,585,0,"[0, 1]"
481387,7561502,721,0,"[0, 1]"
481387,7561502,870,0,"[0, 1]"
481387,7561502,568,0,"[0, 1]"
481387,7561502,645,0,"[0, 1]"
481387,7561502,651,0,"[0, 1]"
481387,7561502,559,0,"[0, 1]"
481387,7561502,599,0,"[0, 1]"
481387,7561502,929,0,"[0, 1]"
481387,7561502,988,0,"[0, 1]"
481387,7561502,532,0,"[0, 1]"
481387,7561502,822,0,"[0, 1]"
481387,7561502,755,0,"[0, 1]"
481387,7561502,543,0,"[0, 1]"
481387,7561502,649,0,"[0, 1]"
481387,7561502,669,0,"[0, 1]"
481387,7561502,665,0,"[0, 1]"
481387,7561502,725,0,"[0, 1]"
481387,7561502,1444,0,"[0, 1]"
481387,7561502,1548,0,"[0, 1]"
481387,7561502,1388,0,"[0, 1]"
481387,7561502,1351,0,"[0, 1]"
481387,7561502,1842,0,"[0, 1]"
481387,7561502,1740,0,"[0, 1]"
481387,7561502,1962,0,"[0, 1]"
481387,7561502,1797,0,"[0, 1]"
481387,7561502,1720,0,"[0, 1]"
481387,7561502,1258,0,"[0, 1]"
481387,7561502,1450,0,"[0, 1]"
481387,7561502,1370,0,"[0, 1]"
481387,7561502,1732,0,"[0, 1]"
481387,7561502,1869,0,"[0, 1]"
481387,7561502,1894,0,"[0, 1]"
481387,7561502,1688,0,"[0, 1]"
481387,7561502,1835,0,"[0, 1]"
481387,7561502,1529,0,"[0, 1]"
481387,7561502,1783,0,"[0, 1]"
481387,7561502,1068,0,"[0, 1]"
481387,7561502,3597,0,"[0, 1]"
481387,7561502,2867,0,"[0, 1]"
481387,7561502,3242,0,"[0, 1]"
481387,7561502,2845,0,"[0, 1]"
481387,7561502,3074,0,"[0, 1]"
481387,7561502,2675,0,"[0, 1]"
481387,7561502,2539,0,"[0, 1]"
481387,7561502,3576,0,"[0, 1]"
481387,7561502,3228,0,"[0, 1]"
481387,7561502,3248,0,"[0, 1]"
481387,7561502,3403,0,"[0, 1]"
481387,7561502,2366,0,"[0, 1]"
481387,7561502,4088,0,"[0, 1]"
481387,7561502,2264,0,"[0, 1]"
481387,7561502,3768,0,"[0, 1]"
481387,7561502,3558,0,"[0, 1]"
481387,7561502,2458,0,"[0, 1]"
481387,7561502,2052,0,"[0, 1]"
481387,7561502,3377,0,"[0, 1]"
481387,7561502,3036,0,"[0, 1]"
481387,7561502,2597,0,"[0, 1]"
481387,7561502,3530,0,"[0, 1]"
481387,7561502,7365386,1,"[0, 1]"
481387,7561502,7552919,1,"[0, 1]"
481387,7561502,4658,0,"[0, 1]"
481387,7561502,2135853,1,"[0, 1]"
481387,7561502,7613985,1,"[0, 1]"
481387,7561502,7644294,1,"[0, 1]"
481387,7561502,4389,0,"[0, 1]"
481387,7561502,7590762,1,"[0, 1]"
481387,7561502,7565942,1,"[0, 1]"
481387,7561502,4383,0,"[0, 1]"
481387,7561502,7330714,1,"[0, 1]"
481387,7561502,7597457,1,"[0, 1]"
481387,7561502,4981,0,"[0, 1]"
481387,7561502,5403877,1,"[0, 1]"
481387,7561502,7134339,1,"[0, 1]"
481387,7561502,7203676,1,"[0, 1]"
481387,7561502,1216143,1,"[0, 1]"
481387,7561502,7592945,1,"[0, 1]"
481387,7561502,4350,0,"[0, 1]"
481387,7561502,7082390,1,"[0, 1]"
481387,7561502,7296936,1,"[0, 1]"
481387,7561502,7274572,1,"[0, 1]"
481387,7561502,4867,0,"[0, 1]"
481387,7561502,7432082,1,"[0, 1]"
266920,3200880,3200880,1,"[1, 0]"
266920,3200880,2994,0,"[1, 0]"
266920,3200880,1496,0,"[1, 0]"
266920,3200880,747,0,"[1, 0]"
266920,3200880,373,0,"[1, 0]"
266920,3200880,186,0,"[1, 0]"
266920,3200880,92,0,"[1, 0]"
266920,3200880,45,0,"[1, 0]"
266920,3200880,22,0,"[1, 0]"
266920,3200880,10,0,"[1, 0]"
266920,3200880,4,0,"[1, 0]"
266920,3200880,1,0,"[1, 0]"
266920,3200880,0,0,"[1, 0]"
266920,3200880,1,0,"[0, 1]"
266920,3200880,2,0,"[0, 1]"
266920,3200880,5,0,"[0, 1]"
266920,3200880,3,0,"[0, 1]"
266920,3200880,6,0,"[0, 1]"
266920,3200880,4,0,"[0, 1]"
266920,3200880,13,0,"[0, 1]"
266920,3200880,8,0,"[0, 1]"
266920,3200880,10,0,"[0, 1]"
266920,3200880,14,0,"[0, 1]"
266920,3200880,7,0,"[0, 1]"
266920,3200880,12,0,"[0, 1]"
266920,3200880,24,0,"[0, 1]"
266920,3200880,16,0,"[0, 1]"
266920,3200880,30,0,"[0, 1]"
266920,3200880,20,0,"[0, 1]"
266920,3200880,18,0,"[0, 1]"
266920,3200880,26,0,"[0, 1]"
266920,3200880,15,0,"[0, 1]"
266920,3200880,25,0,"[0, 1]"
266920,3200880,50,0,"[0, 1]"
266920,3200880,57,0,"[0, 1]"
266920,3200880,53,0,"[0, 1]"
266920,3200880,39,0,"[0, 1]"
266920,3200880,38,0,"[0, 1]"
266920,3200880,43,0,"[0, 1]"
266920,3200880,32,0,"[0, 1]"
266920,3200880,47,0,"[0, 1]"
266920,3200880,34,0,"[0, 1]"
266920,3200880,42,0,"[0, 1]"
266920,3200880,87,0,"[0, 1]"
266920,3200880,72,0,"[0, 1]"
266920,3200880,91,0,"[0, 1]"
266920,3200880,74,0,"[0, 1]"
266920,3200880,92,0,"[0, 1]"
266920,3200880,124,0,"[0, 1]"
266920,3200880,110,0,"[0, 1]"
266920,3200880,119,0,"[0, 1]"
266920,3200880,116,0,"[0, 1]"
266920,3200880,96,0,"[0, 1]"
266920,3200880,80,0,"[0, 1]"
266920,3200880,98,0,"[0, 1]"
266920,3200880,250,0,"[0, 1]"
266920,3200880,131,0,"[0, 1]"
266920,3200880,214,0,"[0, 1]"
266920,3200880,236,0,"[0, 1]"
266920,3200880,174,0,"[0, 1]"
266920,3200880,251,0,"[0, 1]"
266920,3200880,178,0,"[0, 1]"
266920,3200880,153,0,"[0, 1]"
266920,3200880,204,0,"[0, 1]"
266920,3200880,248,0,"[0, 1]"
266920,3200880,241,0,"[0, 1]"
266920,3200880,188,0,"[0, 1]"
266920,3200880,179,0,"[0, 1]"
266920,3200880,197,0,"[0, 1]"
266920,3200880,468,0,"[0, 1]"
266920,3200880,346,0,"[0, 1]"
266920,3200880,351,0,"[0, 1]"
266920,3200880,356,0,"[0, 1]"
266920,3200880,261,0,"[0, 1]"
266920,3200880,379,0,"[0, 1]"
266920,3200880,396,0,"[0, 1]"
266920,3200880,439,0,"[0, 1]"
266920,3200880,329,0,"[0, 1]"
266920,3200880,402,0,"[0, 1]"
266920,3200880,510,0,"[0, 1]"
266920,3200880,397,0,"[0, 1]"
266920,3200880,447,0,"[0, 1]"
266920,3200880,291,0,"[0, 1]"
266920,3200880,436,0,"[0, 1]"
266920,3200880,374,0,"[0, 1]"
266920,3200880,870,0,"[0, 1]"
266920,3200880,775,0,"[0, 1]"
266920,3200880,997,0,"[0, 1]"
266920,3200880,584,0,"[0, 1]"
266920,3200880,849,0,"[0, 1]"
266920,3200880,664,0,"[0, 1]"
266920,3200880,725,0,"[0, 1]"
266920,3200880,719,0,"[0, 1]"
266920,3200880,740,0,"[0, 1]"
266920,3200880,767,0,"[0, 1]"
266920,3200880,689,0,"[0, 1]"
266920,3200880,825,0,"[0, 1]"
266920,3200880,1012,0,"[0, 1]"
266920,3200880,943,0,"[0, 1]"
266920,3200880,796,0,"[0, 1]"
266920,3200880,786,0,"[0, 1]"
266920,3200880,788,0,"[0, 1]"
266920,3200880,567,0,"[0, 1]"
266920,3200880,1119,0,"[0, 1]"
266920,3200880,1490,0,"[0, 1]"
266920,3200880,1860,0,"[0, 1]"
266920,3200880,1980,0,"[0, 1]"
266920,3200880,1164,0,"[0, 1]"
266920,3200880,1935,0,"[0, 1]"
266920,3200880,1501,0,"[0, 1]"
266920,3200880,1466,0,"[0, 1]"
266920,3200880,1811,0,"[0, 1]"
266920,3200880,1093,0,"[0, 1]"
266920,3200880,1678,0,"[0, 1]"
266920,3200880,1866,0,"[0, 1]"
266920,3200880,1760,0,"[0, 1]"
266920,3200880,1234,0,"[0, 1]"
266920,3200880,1617,0,"[0, 1]"
266920,3200880,2019,0,"[0, 1]"
266920,3200880,1058,0,"[0, 1]"
266920,3200880,1732,0,"[0, 1]"
266920,3200880,1251,0,"[0, 1]"
266920,3200880,1857,0,"[0, 1]"
266920,3200880,3806,0,"[0, 1]"
266920,3200880,2139,0,"[0, 1]"
266920,3200880,2748,0,"[0, 1]"
266920,3200880,2151,0,"[0, 1]"
266920,3200880,3099,0,"[0, 1]"
266920,3200880,2179,0,"[0, 1]"
266920,3200880,3687,0,"[0, 1]"
266920,3200880,2885,0,"[0, 1]"
266920,3200880,2643,0,"[0, 1]"
266920,3200880,3169,0,"[0, 1]"
266920,3200880,2820,0,"[0, 1]"
266920,3200880,2489,0,"[0, 1]"
266920,3200880,2555,0,"[0, 1]"
266920,3200880,3444,0,"[0, 1]"
266920,3200880,2959,0,"[0, 1]"
266920,3200880,2199,0,"[0, 1]"
266920,3200880,3207,0,"[0, 1]"
266920,3200880,2608,0,"[0, 1]"
266920,3200880,3998,0,"[0, 1]"
266920,3200880,2563,0,"[0, 1]"
266920,3200880,3550,0,"[0, 1]"
266920,3200880,3878,0,"[0, 1]"
266920,3200880,7466196,1,"[0, 1]"
266920,3200880,7476054,1,"[0, 1]"
266920,3200880,4791,0,"[0, 1]"
266920,3200880,4203,0,"[0, 1]"
266920,3200880,7541807,1,"[0, 1]"
266920,3200880,4240,0,"[0, 1]"
266920,3200880,7270257,1,"[0, 1]"
266920,3200880,7129543,1,"[0, 1]"
266920,3200880,7415523,1,"[0, 1]"
266920,3200880,7425223,1,"[0, 1]"
266920,3200880,7373458,1,"[0, 1]"
266920,3200880,7592578,1,"[0, 1]"
266920,3200880,7329732,1,"[0, 1]"
266920,3200880,7230876,1,"[0, 1]"
266920,3200880,7527607,1,"[0, 1]"
266920,3200880,7525949,1,"[0, 1]"
266920,3200880,7353185,1,"[0, 1]"
266920,3200880,7476021,1,"[0, 1]"
266920,3200880,7212184,1,"[0, 1]"
266920,3200880,4948,0,"[0, 1]"
266920,3200880,7481663,1,"[0, 1]"
266920,3200880,7617757,1,"[0, 1]"
266920,3200880,110805,1,"[0, 1]"
266920,3200880,7462294,1,"[0, 1]"
1095807,7561627,7561627,1,"[1, 0]"
1095807,7561627,4489,0,"[1, 0]"
1095807,7561627,2939,0,"[1, 0]"
1095807,7561627,1469,0,"[1, 0]"
1095807,7561627,734,0,"[1, 0]"
1095807,7561627,366,0,"[1, 0]"
1095807,7561627,182,0,"[1, 0]"
1095807,7561627,90,0,"[1, 0]"
1095807,7561627,44,0,"[1, 0]"
1095807,7561627,21,0,"[1, 0]"
1095807,7561627,10,0,"[1, 0]"
1095807,7561627,4,0,"[1, 0]"
1095807,7561627,1,0,"[1, 0]"
1095807,7561627,0,0,"[1, 0]"
1095807,7561627,2,0,"[0, 1]"
1095807,7561627,1,0,"[0, 1]"
1095807,7561627,3,0,"[0, 1]"
1095807,7561627,5,0,"[0, 1]"
1095807,7561627,6,0,"[0, 1]"
1095807,7561627,4,0,"[0, 1]"
1095807,7561627,10,0,"[0, 1]"
1095807,7561627,12,0,"[0, 1]"
1095807,7561627,11,0,"[0, 1]"
1095807,7561627,14,0,"[0, 1]"
1095807,7561627,8,0,"[0, 1]"
1095807,7561627,7,0,"[0, 1]"
1095807,7561627,25,0,"[0, 1]"
1095807,7561627,20,0,"[0, 1]"
1095807,7561627,23,0,"[0, 1]"
1095807,7561627,26,0,"[0, 1]"
1095807,7561627,27,0,"[0, 1]"
1095807,7561627,29,0,"[0, 1]"
1095807,7561627,21,0,"[0, 1]"
1095807,7561627,17,0,"[0, 1]"
1095807,7561627,46,0,"[0, 1]"
1095807,7561627,60,0,"[0, 1]"
1095807,7561627,33,0,"[0, 1]"
1095807,7561627,55,0,"[0, 1]"
1095807,7561627,45,0,"[0, 1]"
1095807,7561627,58,0,"[0, 1]"
1095807,7561627,38,0,"[0, 1]"
1095807,7561627,43,0,"[0, 1]"
1095807,7561627,56,0,"[0, 1]"
1095807,7561627,62,0,"[0, 1]"
1095807,7561627,75,0,"[0, 1]"
1095807,7561627,79,0,"[0, 1]"
1095807,7561627,73,0,"[0, 1]"
1095807,7561627,119,0,"[0, 1]"
1095807,7561627,96,0,"[0, 1]"
1095807,7561627,81,0,"[0, 1]"
1095807,7561627,121,0,"[0, 1]"
1095807,7561627,105,0,"[0, 1]"
1095807,7561627,98,0,"[0, 1]"
1095807,7561627,103,0,"[0, 1]"
1095807,7561627,117,0,"[0, 1]"
1095807,7561627,84,0,"[0, 1]"
1095807,7561627,243,0,"[0, 1]"
1095807,7561627,160,0,"[0, 1]"
1095807,7561627,249,0,"[0, 1]"
1095807,7561627,161,0,"[0, 1]"
1095807,7561627,133,0,"[0, 1]"
1095807,7561627,245,0,"[0, 1]"
1095807,7561627,197,0,"[0, 1]"
1095807,7561627,172,0,"[0, 1]"
1095807,7561627,127,0,"[0, 1]"
1095807,7561627,148,0,"[0, 1]"
1095807,7561627,193,0,"[0, 1]"
1095807,7561627,175,0,"[0, 1]"
1095807,7561627,218,0,"[0, 1]"
1095807,7561627,177,0,"[0, 1]"
1095807,7561627,502,0,"[0, 1]"
1095807,7561627,400,0,"[0, 1]"
1095807,7561627,303,0,"[0, 1]"
1095807,7561627,382,0,"[0, 1]"
1095807,7561627,310,0,"[0, 1]"
1095807,7561627,418,0,"[0, 1]"
1095807,7561627,277,0,"[0, 1]"
1095807,7561627,360,0,"[0, 1]"
1095807,7561627,367,0,"[0, 1]"
1095807,7561627,485,0,"[0, 1]"
1095807,7561627,510,0,"[0, 1]"
1095807,7561627,409,0,"[0, 1]"
1095807,7561627,255,0,"[0, 1]"
1095807,7561627,415,0,"[0, 1]"
1095807,7561627,411,0,"[0, 1]"
1095807,7561627,383,0,"[0, 1]"
1095807,7561627,803,0,"[0, 1]"
1095807,7561627,651,0,"[0, 1]"
1095807,7561627,953,0,"[0, 1]"
1095807,7561627,880,0,"[0, 1]"
1095807,7561627,723,0,"[0, 1]"
1095807,7561627,685,0,"[0, 1]"
1095807,7561627,738,0,"[0, 1]"
1095807,7561627,581,0,"[0, 1]"
1095807,7561627,1004,0,"[0, 1]"
1095807,7561627,668,0,"[0, 1]"
1095807,7561627,961,0,"[0, 1]"
1095807,7561627,933,0,"[0, 1]"
1095807,7561627,846,0,"[0, 1]"
1095807,7561627,817,0,"[0, 1]"
1095807,7561627,826,0,"[0, 1]"
1095807,7561627,763,0,"[0, 1]"
1095807,7561627,882,0,"[0, 1]"
1095807,7561627,552,0,"[0, 1]"
1095807,7561627,1851,0,"[0, 1]"
1095807,7561627,1659,0,"[0, 1]"
1095807,7561627,1145,0,"[0, 1]"
1095807,7561627,1221,0,"[0, 1]"
1095807,7561627,1140,0,"[0, 1]"
1095807,7561627,1586,0,"[0, 1]"
1095807,7561627,1289,0,"[0, 1]"
1095807,7561627,1986,0,"[0, 1]"
1095807,7561627,2042,0,"[0, 1]"
1095807,7561627,1772,0,"[0, 1]"
1095807,7561627,1104,0,"[0, 1]"
1095807,7561627,1146,0,"[0, 1]"
1095807,7561627,1437,0,"[0, 1]"
1095807,7561627,1585,0,"[0, 1]"
1095807,7561627,1170,0,"[0, 1]"
1095807,7561627,1690,0,"[0, 1]"
1095807,7561627,1701,0,"[0, 1]"
1095807,7561627,1775,0,"[0, 1]"
1095807,7561627,1933,0,"[0, 1]"
1095807,7561627,1770,0,"[0, 1]"
1095807,7561627,3936,0,"[0, 1]"
1095807,7561627,3870,0,"[0, 1]"
1095807,7561627,2240,0,"[0, 1]"
1095807,7561627,2543,0,"[0, 1]"
1095807,7561627,3390,0,"[0, 1]"
1095807,7561627,3596,0,"[0, 1]"
1095807,7561627,3065,0,"[0, 1]"
1095807,7561627,2647,0,"[0, 1]"
1095807,7561627,2994,0,"[0, 1]"
1095807,7561627,2596,0,"[0, 1]"
1095807,7561627,2843,0,"[0, 1]"
1095807,7561627,2509,0,"[0, 1]"
1095807,7561627,2773,0,"[0, 1]"
1095807,7561627,3315,0,"[0, 1]"
1095807,7561627,3052,0,"[0, 1]"
1095807,7561627,2158,0,"[0, 1]"
1095807,7561627,2447,0,"[0, 1]"
1095807,7561627,3925,0,"[0, 1]"
1095807,7561627,3436,0,"[0, 1]"
1095807,7561627,2913,0,"[0, 1]"
1095807,7561627,3685,0,"[0, 1]"
1095807,7561627,3369,0,"[0, 1]"
1095807,7561627,7573434,1,"[0, 1]"
1095807,7561627,7637191,1,"[0, 1]"
1095807,7561627,7166524,1,"[0, 1]"
1095807,7561627,7164384,1,"[0, 1]"
1095807,7561627,6552452,1,"[0, 1]"
1095807,7561627,7595707,1,"[0, 1]"
1095807,7561627,7428391,1,"[0, 1]"
1095807,7561627,7116157,1,"[0, 1]"
1095807,7561627,4308,0,"[0, 1]"
1095807,7561627,7586101,1,"[0, 1]"
1095807,7561627,7390692,1,"[0, 1]"
1095807,7561627,2009392,1,"[0, 1]"
1095807,7561627,4796,0,"[0, 1]"
1095807,7561627,7634509,1,"[0, 1]"
1095807,7561627,7140047,1,"[0, 1]"
1095807,7561627,4683,0,"[0, 1]"
1095807,7561627,7096873,1,"[0, 1]"
1095807,7561627,4834,0,"[0, 1]"
1095807,7561627,7306463,1,"[0, 1]"
1095807,7561627,7454330,1,"[0, 1]"
1095807,7561627,7367066,1,"[0, 1]"
1095807,7561627,3266196,1,"[0, 1]"
1095807,7561627,4944,0,"[0, 1]"
1095807,7561627,2135853,1,"[0, 1]"
1095807,7561627,7221489,1,"[0, 1]"
1095807,7561627,7661753,1,"[0, 1]"
1095807,7561627,7372760,1,"[0, 1]"
1095807,7561627,7497558,1,"[0, 1]"
1095807,7561627,7524343,1,"[0, 1]"
1095807,7561627,7648865,1,"[0, 1]"
1095807,7561627,7225843,1,"[0, 1]"
1095807,7561627,7673699,1,"[0, 1]"
1095807,7561627,542028,1,"[0, 1]"
1095807,7561627,7103529,1,"[0, 1]"
1095807,7561627,7088908,1,"[0, 1]"
1095807,7561627,7305462,1,"[0, 1]"
1095807,7561627,7081198,1,"[0, 1]"
1095807,7561627,7156061,1,"[0, 1]"
1095807,7561627,7171320,1,"[0, 1]"
1095807,7561627,7344079,1,"[0, 1]"
1095807,7561627,7193473,1,"[0, 1]"
1095807,7561627,2041081,1,"[0, 1]"
1095807,7561627,7146390,1,"[0, 1]"
1095807,7561627,7231423,1,"[0, 1]"
1095807,7561627,7495369,1,"[0, 1]"
1095807,7561627,7680302,1,"[0, 1]"
1095807,7561627,7562097,1,"[0, 1]"
1095807,7561627,7431469,1,"[0, 1]"
1095807,7561627,7270352,1,"[0, 1]"
1095807,7561627,7413603,1,"[0, 1]"
1095806,7561728,7561728,1,"[1, 0]"
1095806,7561728,3781,0,"[1, 0]"
1095806,7561728,1890,0,"[1, 0]"
1095806,7561728,944,0,"[1, 0]"
1095806,7561728,471,0,"[1, 0]"
1095806,7561728,235,0,"[1, 0]"
1095806,7561728,117,0,"[1, 0]"
1095806,7561728,58,0,"[1, 0]"
1095806,7561728,28,0,"[1, 0]"
1095806,7561728,13,0,"[1, 0]"
1095806,7561728,6,0,"[1, 0]"
1095806,7561728,2,0,"[1, 0]"
1095806,7561728,0,0,"[1, 0]"
1095806,7561728,2,0,"[0, 1]"
1095806,7561728,1,0,"[0, 1]"
1095806,7561728,3,0,"[0, 1]"
1095806,7561728,4,0,"[0, 1]"
1095806,7561728,5,0,"[0, 1]"
1095806,7561728,6,0,"[0, 1]"
1095806,7561728,12,0,"[0, 1]"
1095806,7561728,10,0,"[0, 1]"
1095806,7561728,13,0,"[0, 1]"
1095806,7561728,8,0,"[0, 1]"
1095806,7561728,14,0,"[0, 1]"
1095806,7561728,11,0,"[0, 1]"
1095806,7561728,17,0,"[0, 1]"
1095806,7561728,28,0,"[0, 1]"
1095806,7561728,22,0,"[0, 1]"
1095806,7561728,27,0,"[0, 1]"
1095806,7561728,26,0,"[0, 1]"
1095806,7561728,19,0,"[0, 1]"
1095806,7561728,21,0,"[0, 1]"
1095806,7561728,20,0,"[0, 1]"
1095806,7561728,47,0,"[0, 1]"
1095806,7561728,33,0,"[0, 1]"
1095806,7561728,48,0,"[0, 1]"
1095806,7561728,39,0,"[0, 1]"
1095806,7561728,32,0,"[0, 1]"
1095806,7561728,57,0,"[0, 1]"
1095806,7561728,45,0,"[0, 1]"
1095806,7561728,58,0,"[0, 1]"
1095806,7561728,43,0,"[0, 1]"
1095806,7561728,36,0,"[0, 1]"
1095806,7561728,98,0,"[0, 1]"
1095806,7561728,77,0,"[0, 1]"
1095806,7561728,88,0,"[0, 1]"
1095806,7561728,72,0,"[0, 1]"
1095806,7561728,122,0,"[0, 1]"
1095806,7561728,120,0,"[0, 1]"
1095806,7561728,101,0,"[0, 1]"
1095806,7561728,118,0,"[0, 1]"
1095806,7561728,116,0,"[0, 1]"
1095806,7561728,121,0,"[0, 1]"
1095806,7561728,86,0,"[0, 1]"
1095806,7561728,81,0,"[0, 1]"
1095806,7561728,163,0,"[0, 1]"
1095806,7561728,161,0,"[0, 1]"
1095806,7561728,253,0,"[0, 1]"
1095806,7561728,174,0,"[0, 1]"
1095806,7561728,202,0,"[0, 1]"
1095806,7561728,192,0,"[0, 1]"
1095806,7561728,209,0,"[0, 1]"
1095806,7561728,212,0,"[0, 1]"
1095806,7561728,200,0,"[0, 1]"
1095806,7561728,242,0,"[0, 1]"
1095806,7561728,131,0,"[0, 1]"
1095806,7561728,188,0,"[0, 1]"
1095806,7561728,229,0,"[0, 1]"
1095806,7561728,157,0,"[0, 1]"
1095806,7561728,424,0,"[0, 1]"
1095806,7561728,276,0,"[0, 1]"
1095806,7561728,344,0,"[0, 1]"
1095806,7561728,340,0,"[0, 1]"
1095806,7561728,376,0,"[0, 1]"
1095806,7561728,484,0,"[0, 1]"
1095806,7561728,508,0,"[0, 1]"
1095806,7561728,348,0,"[0, 1]"
1095806,7561728,414,0,"[0, 1]"
1095806,7561728,329,0,"[0, 1]"
1095806,7561728,478,0,"[0, 1]"
1095806,7561728,279,0,"[0, 1]"
1095806,7561728,510,0,"[0, 1]"
1095806,7561728,262,0,"[0, 1]"
1095806,7561728,480,0,"[0, 1]"
1095806,7561728,452,0,"[0, 1]"
1095806,7561728,692,0,"[0, 1]"
1095806,7561728,578,0,"[0, 1]"
1095806,7561728,725,0,"[0, 1]"
1095806,7561728,863,0,"[0, 1]"
1095806,7561728,696,0,"[0, 1]"
1095806,7561728,991,0,"[0, 1]"
1095806,7561728,560,0,"[0, 1]"
1095806,7561728,738,0,"[0, 1]"
1095806,7561728,854,0,"[0, 1]"
1095806,7561728,678,0,"[0, 1]"
1095806,7561728,603,0,"[0, 1]"
1095806,7561728,572,0,"[0, 1]"
1095806,7561728,654,0,"[0, 1]"
1095806,7561728,1015,0,"[0, 1]"
1095806,7561728,622,0,"[0, 1]"
1095806,7561728,813,0,"[0, 1]"
1095806,7561728,910,0,"[0, 1]"
1095806,7561728,969,0,"[0, 1]"
1095806,7561728,2030,0,"[0, 1]"
1095806,7561728,1994,0,"[0, 1]"
1095806,7561728,1202,0,"[0, 1]"
1095806,7561728,1176,0,"[0, 1]"
1095806,7561728,2025,0,"[0, 1]"
1095806,7561728,1058,0,"[0, 1]"
1095806,7561728,1051,0,"[0, 1]"
1095806,7561728,1576,0,"[0, 1]"
1095806,7561728,1393,0,"[0, 1]"
1095806,7561728,1728,0,"[0, 1]"
1095806,7561728,1790,0,"[0, 1]"
1095806,7561728,1720,0,"[0, 1]"
1095806,7561728,1315,0,"[0, 1]"
1095806,7561728,1467,0,"[0, 1]"
1095806,7561728,1911,0,"[0, 1]"
1095806,7561728,1699,0,"[0, 1]"
1095806,7561728,1976,0,"[0, 1]"
1095806,7561728,1240,0,"[0, 1]"
1095806,7561728,1305,0,"[0, 1]"
1095806,7561728,1438,0,"[0, 1]"
1095806,7561728,3636,0,"[0, 1]"
1095806,7561728,2091,0,"[0, 1]"
1095806,7561728,2727,0,"[0, 1]"
1095806,7561728,2589,0,"[0, 1]"
1095806,7561728,3881,0,"[0, 1]"
1095806,7561728,3348,0,"[0, 1]"
1095806,7561728,3358,0,"[0, 1]"
1095806,7561728,3083,0,"[0, 1]"
1095806,7561728,3905,0,"[0, 1]"
1095806,7561728,3526,0,"[0, 1]"
1095806,7561728,2467,0,"[0, 1]"
1095806,7561728,2526,0,"[0, 1]"
1095806,7561728,2771,0,"[0, 1]"
1095806,7561728,2495,0,"[0, 1]"
1095806,7561728,2195,0,"[0, 1]"
1095806,7561728,3212,0,"[0, 1]"
1095806,7561728,2856,0,"[0, 1]"
1095806,7561728,2152,0,"[0, 1]"
1095806,7561728,3704,0,"[0, 1]"
1095806,7561728,2987,0,"[0, 1]"
1095806,7561728,3536,0,"[0, 1]"
1095806,7561728,3041,0,"[0, 1]"
1095806,7561728,7389177,1,"[0, 1]"
1095806,7561728,4706,0,"[0, 1]"
1095806,7561728,4893,0,"[0, 1]"
1095806,7561728,7416852,1,"[0, 1]"
1095806,7561728,7150489,1,"[0, 1]"
1095806,7561728,7557021,1,"[0, 1]"
1095806,7561728,4482,0,"[0, 1]"
1095806,7561728,7153842,1,"[0, 1]"
1095806,7561728,4613,0,"[0, 1]"
1095806,7561728,7188594,1,"[0, 1]"
1095806,7561728,7651062,1,"[0, 1]"
1095806,7561728,4341,0,"[0, 1]"
1095806,7561728,7119787,1,"[0, 1]"
1095806,7561728,7600584,1,"[0, 1]"
1095806,7561728,7673655,1,"[0, 1]"
1095806,7561728,7322359,1,"[0, 1]"
1095806,7561728,4788,0,"[0, 1]"
1095806,7561728,7430503,1,"[0, 1]"
1095806,7561728,5529138,1,"[0, 1]"
1095806,7561728,4580,0,"[0, 1]"
1095806,7561728,7476146,1,"[0, 1]"
1095806,7561728,4641,0,"[0, 1]"
1095806,7561728,7351200,1,"[0, 1]"
1095806,7561728,7159288,1,"[0, 1]"
173391,7561900,7561900,1,"[1, 0]"
173391,7561900,4791,0,"[1, 0]"
173391,7561900,3625,0,"[1, 0]"
173391,7561900,1812,0,"[1, 0]"
173391,7561900,905,0,"[1, 0]"
173391,7561900,452,0,"[1, 0]"
173391,7561900,225,0,"[1, 0]"
173391,7561900,112,0,"[1, 0]"
173391,7561900,55,0,"[1, 0]"
173391,7561900,27,0,"[1, 0]"
173391,7561900,13,0,"[1, 0]"
173391,7561900,6,0,"[1, 0]"
173391,7561900,2,0,"[1, 0]"
173391,7561900,0,0,"[1, 0]"
173391,7561900,2,0,"[0, 1]"
173391,7561900,1,0,"[0, 1]"
173391,7561900,5,0,"[0, 1]"
173391,7561900,3,0,"[0, 1]"
173391,7561900,4,0,"[0, 1]"
173391,7561900,6,0,"[0, 1]"
173391,7561900,13,0,"[0, 1]"
173391,7561900,10,0,"[0, 1]"
173391,7561900,9,0,"[0, 1]"
173391,7561900,7,0,"[0, 1]"
173391,7561900,11,0,"[0, 1]"
173391,7561900,12,0,"[0, 1]"
173391,7561900,22,0,"[0, 1]"
173391,7561900,15,0,"[0, 1]"
173391,7561900,16,0,"[0, 1]"
173391,7561900,18,0,"[0, 1]"
173391,7561900,23,0,"[0, 1]"
173391,7561900,24,0,"[0, 1]"
173391,7561900,29,0,"[0, 1]"
173391,7561900,28,0,"[0, 1]"
173391,7561900,40,0,"[0, 1]"
173391,7561900,61,0,"[0, 1]"
173391,7561900,53,0,"[0, 1]"
173391,7561900,35,0,"[0, 1]"
173391,7561900,41,0,"[0, 1]"
173391,7561900,52,0,"[0, 1]"
173391,7561900,47,0,"[0, 1]"
173391,7561900,32,0,"[0, 1]"
173391,7561900,55,0,"[0, 1]"
173391,7561900,59,0,"[0, 1]"
173391,7561900,99,0,"[0, 1]"
173391,7561900,63,0,"[0, 1]"
173391,7561900,89,0,"[0, 1]"
173391,7561900,94,0,"[0, 1]"
173391,7561900,116,0,"[0, 1]"
173391,7561900,71,0,"[0, 1]"
173391,7561900,79,0,"[0, 1]"
173391,7561900,125,0,"[0, 1]"
173391,7561900,84,0,"[0, 1]"
173391,7561900,100,0,"[0, 1]"
173391,7561900,121,0,"[0, 1]"
173391,7561900,74,0,"[0, 1]"
173391,7561900,151,0,"[0, 1]"
173391,7561900,206,0,"[0, 1]"
173391,7561900,173,0,"[0, 1]"
173391,7561900,246,0,"[0, 1]"
173391,7561900,129,0,"[0, 1]"
173391,7561900,207,0,"[0, 1]"
173391,7561900,133,0,"[0, 1]"
173391,7561900,167,0,"[0, 1]"
173391,7561900,245,0,"[0, 1]"
173391,7561900,185,0,"[0, 1]"
173391,7561900,221,0,"[0, 1]"
173391,7561900,239,0,"[0, 1]"
173391,7561900,142,0,"[0, 1]"
173391,7561900,220,0,"[0, 1]"
173391,7561900,260,0,"[0, 1]"
173391,7561900,344,0,"[0, 1]"
173391,7561900,328,0,"[0, 1]"
173391,7561900,478,0,"[0, 1]"
173391,7561900,308,0,"[0, 1]"
173391,7561900,416,0,"[0, 1]"
173391,7561900,472,0,"[0, 1]"
173391,7561900,474,0,"[0, 1]"
173391,7561900,430,0,"[0, 1]"
173391,7561900,490,0,"[0, 1]"
173391,7561900,418,0,"[0, 1]"
173391,7561900,377,0,"[0, 1]"
173391,7561900,464,0,"[0, 1]"
173391,7561900,339,0,"[0, 1]"
173391,7561900,436,0,"[0, 1]"
173391,7561900,280,0,"[0, 1]"
173391,7561900,563,0,"[0, 1]"
173391,7561900,693,0,"[0, 1]"
173391,7561900,947,0,"[0, 1]"
173391,7561900,877,0,"[0, 1]"
173391,7561900,955,0,"[0, 1]"
173391,7561900,884,0,"[0, 1]"
173391,7561900,904,0,"[0, 1]"
173391,7561900,863,0,"[0, 1]"
173391,7561900,632,0,"[0, 1]"
173391,7561900,827,0,"[0, 1]"
173391,7561900,992,0,"[0, 1]"
173391,7561900,768,0,"[0, 1]"
173391,7561900,846,0,"[0, 1]"
173391,7561900,880,0,"[0, 1]"
173391,7561900,857,0,"[0, 1]"
173391,7561900,777,0,"[0, 1]"
173391,7561900,974,0,"[0, 1]"
173391,7561900,1003,0,"[0, 1]"
173391,7561900,1851,0,"[0, 1]"
173391,7561900,1432,0,"[0, 1]"
173391,7561900,1078,0,"[0, 1]"
173391,7561900,1620,0,"[0, 1]"
173391,7561900,1679,0,"[0, 1]"
173391,7561900,1692,0,"[0, 1]"
173391,7561900,1890,0,"[0, 1]"
173391,7561900,1213,0,"[0, 1]"
173391,7561900,1158,0,"[0, 1]"
173391,7561900,1830,0,"[0, 1]"
173391,7561900,1181,0,"[0, 1]"
173391,7561900,1254,0,"[0, 1]"
173391,7561900,1673,0,"[0, 1]"
173391,7561900,1467,0,"[0, 1]"
173391,7561900,1074,0,"[0, 1]"
173391,7561900,1480,0,"[0, 1]"
173391,7561900,1383,0,"[0, 1]"
173391,7561900,1567,0,"[0, 1]"
173391,7561900,1531,0,"[0, 1]"
173391,7561900,1561,0,"[0, 1]"
173391,7561900,3442,0,"[0, 1]"
173391,7561900,3893,0,"[0, 1]"
173391,7561900,2425,0,"[0, 1]"
173391,7561900,3620,0,"[0, 1]"
173391,7561900,3131,0,"[0, 1]"
173391,7561900,3008,0,"[0, 1]"
173391,7561900,2359,0,"[0, 1]"
173391,7561900,2551,0,"[0, 1]"
173391,7561900,3003,0,"[0, 1]"
173391,7561900,3635,0,"[0, 1]"
173391,7561900,2619,0,"[0, 1]"
173391,7561900,3181,0,"[0, 1]"
173391,7561900,3991,0,"[0, 1]"
173391,7561900,2640,0,"[0, 1]"
173391,7561900,2399,0,"[0, 1]"
173391,7561900,3551,0,"[0, 1]"
173391,7561900,2052,0,"[0, 1]"
173391,7561900,2129,0,"[0, 1]"
173391,7561900,2986,0,"[0, 1]"
173391,7561900,3679,0,"[0, 1]"
173391,7561900,2705,0,"[0, 1]"
173391,7561900,2848,0,"[0, 1]"
173391,7561900,7320965,1,"[0, 1]"
173391,7561900,105526,1,"[0, 1]"
173391,7561900,7468935,1,"[0, 1]"
173391,7561900,7256703,1,"[0, 1]"
173391,7561900,7371853,1,"[0, 1]"
173391,7561900,4401,0,"[0, 1]"
173391,7561900,7197436,1,"[0, 1]"
173391,7561900,7186309,1,"[0, 1]"
173391,7561900,7126387,1,"[0, 1]"
173391,7561900,7083057,1,"[0, 1]"
173391,7561900,7629156,1,"[0, 1]"
173391,7561900,7135949,1,"[0, 1]"
173391,7561900,4746,0,"[0, 1]"
173391,7561900,7428337,1,"[0, 1]"
173391,7561900,7254196,1,"[0, 1]"
173391,7561900,7332373,1,"[0, 1]"
173391,7561900,7393316,1,"[0, 1]"
173391,7561900,7116118,1,"[0, 1]"
173391,7561900,7297838,1,"[0, 1]"
173391,7561900,7577411,1,"[0, 1]"
173391,7561900,7287218,1,"[0, 1]"
173391,7561900,7116278,1,"[0, 1]"
173391,7561900,7124113,1,"[0, 1]"
173391,7561900,3554513,1,"[0, 1]"
173391,7561900,7102127,1,"[0, 1]"
173391,7561900,7333167,1,"[0, 1]"
173391,7561900,7534867,1,"[0, 1]"
173391,7561900,7405441,1,"[0, 1]"
173391,7561900,7179283,1,"[0, 1]"
173391,7561900,7082331,1,"[0, 1]"
173391,7561900,7200210,1,"[0, 1]"
173391,7561900,7249642,1,"[0, 1]"
173391,7561900,7650812,1,"[0, 1]"
173391,7561900,7100317,1,"[0, 1]"
173391,7561900,7091499,1,"[0, 1]"
173391,7561900,7595431,1,"[0, 1]"
173391,7561900,7654838,1,"[0, 1]"
173391,7561900,7183892,1,"[0, 1]"
173391,7561900,7682835,1,"[0, 1]"
173391,7561900,2536541,1,"[0, 1]"
173391,7561900,7519905,1,"[0, 1]"
173391,7561900,7181986,1,"[0, 1]"
173391,7561900,822108,1,"[0, 1]"
173391,7561900,7579269,1,"[0, 1]"
173391,7561900,7476485,1,"[0, 1]"
173391,7561900,7328877,1,"[0, 1]"
173391,7561900,7266811,1,"[0, 1]"
173391,7561900,7508908,1,"[0, 1]"
173391,7561900,7091657,1,"[0, 1]"
173391,7561900,7169557,1,"[0, 1]"
451609,7562097,7562097,1,"[1, 0]"
451609,7562097,4899,0,"[1, 0]"
451609,7562097,3870,0,"[1, 0]"
451609,7562097,1934,0,"[1, 0]"
451609,7562097,966,0,"[1, 0]"
451609,7562097,482,0,"[1, 0]"
451609,7562097,240,0,"[1, 0]"
451609,7562097,119,0,"[1, 0]"
451609,7562097,59,0,"[1, 0]"
451609,7562097,29,0,"[1, 0]"
451609,7562097,14,0,"[1, 0]"
451609,7562097,6,0,"[1, 0]"
451609,7562097,2,0,"[1, 0]"
451609,7562097,0,0,"[1, 0]"
451609,7562097,1,0,"[0, 1]"
451609,7562097,2,0,"[0, 1]"
451609,7562097,5,0,"[0, 1]"
451609,7562097,4,0,"[0, 1]"
451609,7562097,6,0,"[0, 1]"
451609,7562097,3,0,"[0, 1]"
451609,7562097,7,0,"[0, 1]"
451609,7562097,9,0,"[0, 1]"
451609,7562097,14,0,"[0, 1]"
451609,7562097,10,0,"[0, 1]"
451609,7562097,13,0,"[0, 1]"
451609,7562097,12,0,"[0, 1]"
451609,7562097,22,0,"[0, 1]"
451609,7562097,18,0,"[0, 1]"
451609,7562097,24,0,"[0, 1]"
451609,7562097,21,0,"[0, 1]"
451609,7562097,16,0,"[0, 1]"
451609,7562097,23,0,"[0, 1]"
451609,7562097,30,0,"[0, 1]"
451609,7562097,27,0,"[0, 1]"
451609,7562097,46,0,"[0, 1]"
451609,7562097,55,0,"[0, 1]"
451609,7562097,50,0,"[0, 1]"
451609,7562097,43,0,"[0, 1]"
451609,7562097,31,0,"[0, 1]"
451609,7562097,53,0,"[0, 1]"
451609,7562097,56,0,"[0, 1]"
451609,7562097,34,0,"[0, 1]"
451609,7562097,52,0,"[0, 1]"
451609,7562097,57,0,"[0, 1]"
451609,7562097,65,0,"[0, 1]"
451609,7562097,63,0,"[0, 1]"
451609,7562097,73,0,"[0, 1]"
451609,7562097,99,0,"[0, 1]"
451609,7562097,82,0,"[0, 1]"
451609,7562097,126,0,"[0, 1]"
451609,7562097,107,0,"[0, 1]"
451609,7562097,81,0,"[0, 1]"
451609,7562097,104,0,"[0, 1]"
451609,7562097,75,0,"[0, 1]"
451609,7562097,123,0,"[0, 1]"
451609,7562097,72,0,"[0, 1]"
451609,7562097,208,0,"[0, 1]"
451609,7562097,132,0,"[0, 1]"
451609,7562097,190,0,"[0, 1]"
451609,7562097,248,0,"[0, 1]"
451609,7562097,154,0,"[0, 1]"
451609,7562097,127,0,"[0, 1]"
451609,7562097,237,0,"[0, 1]"
451609,7562097,138,0,"[0, 1]"
451609,7562097,135,0,"[0, 1]"
451609,7562097,222,0,"[0, 1]"
451609,7562097,158,0,"[0, 1]"
451609,7562097,153,0,"[0, 1]"
451609,7562097,146,0,"[0, 1]"
451609,7562097,215,0,"[0, 1]"
451609,7562097,339,0,"[0, 1]"
451609,7562097,477,0,"[0, 1]"
451609,7562097,392,0,"[0, 1]"
451609,7562097,315,0,"[0, 1]"
451609,7562097,389,0,"[0, 1]"
451609,7562097,372,0,"[0, 1]"
451609,7562097,363,0,"[0, 1]"
451609,7562097,307,0,"[0, 1]"
451609,7562097,364,0,"[0, 1]"
451609,7562097,503,0,"[0, 1]"
451609,7562097,303,0,"[0, 1]"
451609,7562097,483,0,"[0, 1]"
451609,7562097,482,0,"[0, 1]"
451609,7562097,399,0,"[0, 1]"
451609,7562097,344,0,"[0, 1]"
451609,7562097,321,0,"[0, 1]"
451609,7562097,1017,0,"[0, 1]"
451609,7562097,974,0,"[0, 1]"
451609,7562097,733,0,"[0, 1]"
451609,7562097,573,0,"[0, 1]"
451609,7562097,966,0,"[0, 1]"
451609,7562097,737,0,"[0, 1]"
451609,7562097,520,0,"[0, 1]"
451609,7562097,534,0,"[0, 1]"
451609,7562097,895,0,"[0, 1]"
451609,7562097,1016,0,"[0, 1]"
451609,7562097,853,0,"[0, 1]"
451609,7562097,538,0,"[0, 1]"
451609,7562097,970,0,"[0, 1]"
451609,7562097,554,0,"[0, 1]"
451609,7562097,571,0,"[0, 1]"
451609,7562097,947,0,"[0, 1]"
451609,7562097,605,0,"[0, 1]"
451609,7562097,898,0,"[0, 1]"
451609,7562097,1963,0,"[0, 1]"
451609,7562097,1807,0,"[0, 1]"
451609,7562097,1187,0,"[0, 1]"
451609,7562097,1664,0,"[0, 1]"
451609,7562097,1848,0,"[0, 1]"
451609,7562097,1790,0,"[0, 1]"
451609,7562097,1993,0,"[0, 1]"
451609,7562097,1560,0,"[0, 1]"
451609,7562097,1551,0,"[0, 1]"
451609,7562097,1352,0,"[0, 1]"
451609,7562097,1812,0,"[0, 1]"
451609,7562097,1204,0,"[0, 1]"
451609,7562097,1047,0,"[0, 1]"
451609,7562097,1143,0,"[0, 1]"
451609,7562097,1890,0,"[0, 1]"
451609,7562097,1357,0,"[0, 1]"
451609,7562097,1958,0,"[0, 1]"
451609,7562097,1978,0,"[0, 1]"
451609,7562097,1499,0,"[0, 1]"
451609,7562097,1532,0,"[0, 1]"
451609,7562097,3840,0,"[0, 1]"
451609,7562097,2568,0,"[0, 1]"
451609,7562097,3310,0,"[0, 1]"
451609,7562097,3826,0,"[0, 1]"
451609,7562097,2525,0,"[0, 1]"
451609,7562097,3118,0,"[0, 1]"
451609,7562097,2856,0,"[0, 1]"
451609,7562097,3590,0,"[0, 1]"
451609,7562097,2626,0,"[0, 1]"
451609,7562097,3761,0,"[0, 1]"
451609,7562097,2529,0,"[0, 1]"
451609,7562097,3653,0,"[0, 1]"
451609,7562097,2919,0,"[0, 1]"
451609,7562097,4039,0,"[0, 1]"
451609,7562097,3845,0,"[0, 1]"
451609,7562097,2407,0,"[0, 1]"
451609,7562097,3248,0,"[0, 1]"
451609,7562097,2469,0,"[0, 1]"
451609,7562097,2149,0,"[0, 1]"
451609,7562097,3639,0,"[0, 1]"
451609,7562097,2966,0,"[0, 1]"
451609,7562097,2941,0,"[0, 1]"
451609,7562097,7089760,1,"[0, 1]"
451609,7562097,4967,0,"[0, 1]"
451609,7562097,7543689,1,"[0, 1]"
451609,7562097,7464139,1,"[0, 1]"
451609,7562097,7549686,1,"[0, 1]"
451609,7562097,7504350,1,"[0, 1]"
451609,7562097,7188670,1,"[0, 1]"
451609,7562097,7512908,1,"[0, 1]"
451609,7562097,7424368,1,"[0, 1]"
451609,7562097,4645,0,"[0, 1]"
451609,7562097,7304676,1,"[0, 1]"
451609,7562097,7296936,1,"[0, 1]"
451609,7562097,7468368,1,"[0, 1]"
451609,7562097,4235,0,"[0, 1]"
451609,7562097,4251,0,"[0, 1]"
451609,7562097,7505572,1,"[0, 1]"
451609,7562097,7610789,1,"[0, 1]"
451609,7562097,4552,0,"[0, 1]"
451609,7562097,4819,0,"[0, 1]"
451609,7562097,7650075,1,"[0, 1]"
451609,7562097,7462170,1,"[0, 1]"
451609,7562097,7291169,1,"[0, 1]"
451609,7562097,7152839,1,"[0, 1]"
451609,7562097,7178665,1,"[0, 1]"
451609,7562097,7597940,1,"[0, 1]"
451609,7562097,7078204,1,"[0, 1]"
451609,7562097,7111207,1,"[0, 1]"
451609,7562097,7261053,1,"[0, 1]"
451609,7562097,7542507,1,"[0, 1]"
451609,7562097,7256015,1,"[0, 1]"
451609,7562097,7125784,1,"[0, 1]"
451609,7562097,7552094,1,"[0, 1]"
451609,7562097,7578567,1,"[0, 1]"
451609,7562097,7548309,1,"[0, 1]"
451609,7562097,6026974,1,"[0, 1]"
451609,7562097,7471912,1,"[0, 1]"
451609,7562097,7130174,1,"[0, 1]"
451609,7562097,7082303,1,"[0, 1]"
451609,7562097,7451712,1,"[0, 1]"
451609,7562097,7322652,1,"[0, 1]"
451609,7562097,7470598,1,"[0, 1]"
451609,7562097,7168467,1,"[0, 1]"
451609,7562097,7292903,1,"[0, 1]"
451609,7562097,7084213,1,"[0, 1]"
451609,7562097,7430627,1,"[0, 1]"
451609,7562097,6956695,1,"[0, 1]"
451609,7562097,7401592,1,"[0, 1]"
451609,7562097,7636556,1,"[0, 1]"
451609,7562097,7183362,1,"[0, 1]"
451609,7562097,7100317,1,"[0, 1]"
432161,7562245,7562245,1,"[1, 0]"
432161,7562245,2649,0,"[1, 0]"
432161,7562245,1324,0,"[1, 0]"
432161,7562245,661,0,"[1, 0]"
432161,7562245,330,0,"[1, 0]"
432161,7562245,164,0,"[1, 0]"
432161,7562245,81,0,"[1, 0]"
432161,7562245,40,0,"[1, 0]"
432161,7562245,19,0,"[1, 0]"
432161,7562245,9,0,"[1, 0]"
432161,7562245,4,0,"[1, 0]"
432161,7562245,1,0,"[1, 0]"
432161,7562245,0,0,"[1, 0]"
432161,7562245,1,0,"[0, 1]"
432161,7562245,2,0,"[0, 1]"
432161,7562245,6,0,"[0, 1]"
432161,7562245,5,0,"[0, 1]"
432161,7562245,3,0,"[0, 1]"
432161,7562245,4,0,"[0, 1]"
432161,7562245,10,0,"[0, 1]"
432161,7562245,12,0,"[0, 1]"
432161,7562245,7,0,"[0, 1]"
432161,7562245,13,0,"[0, 1]"
432161,7562245,9,0,"[0, 1]"
432161,7562245,11,0,"[0, 1]"
432161,7562245,18,0,"[0, 1]"
432161,7562245,23,0,"[0, 1]"
432161,7562245,19,0,"[0, 1]"
432161,7562245,24,0,"[0, 1]"
432161,7562245,16,0,"[0, 1]"
432161,7562245,27,0,"[0, 1]"
432161,7562245,20,0,"[0, 1]"
432161,7562245,22,0,"[0, 1]"
432161,7562245,48,0,"[0, 1]"
432161,7562245,55,0,"[0, 1]"
432161,7562245,54,0,"[0, 1]"
432161,7562245,40,0,"[0, 1]"
432161,7562245,49,0,"[0, 1]"
432161,7562245,36,0,"[0, 1]"
432161,7562245,42,0,"[0, 1]"
432161,7562245,39,0,"[0, 1]"
432161,7562245,31,0,"[0, 1]"
432161,7562245,32,0,"[0, 1]"
432161,7562245,110,0,"[0, 1]"
432161,7562245,72,0,"[0, 1]"
432161,7562245,95,0,"[0, 1]"
432161,7562245,73,0,"[0, 1]"
432161,7562245,117,0,"[0, 1]"
432161,7562245,108,0,"[0, 1]"
432161,7562245,81,0,"[0, 1]"
432161,7562245,125,0,"[0, 1]"
432161,7562245,126,0,"[0, 1]"
432161,7562245,82,0,"[0, 1]"
432161,7562245,71,0,"[0, 1]"
432161,7562245,89,0,"[0, 1]"
432161,7562245,234,0,"[0, 1]"
432161,7562245,142,0,"[0, 1]"
432161,7562245,227,0,"[0, 1]"
432161,7562245,253,0,"[0, 1]"
432161,7562245,187,0,"[0, 1]"
432161,7562245,144,0,"[0, 1]"
432161,7562245,249,0,"[0, 1]"
432161,7562245,224,0,"[0, 1]"
432161,7562245,240,0,"[0, 1]"
432161,7562245,131,0,"[0, 1]"
432161,7562245,244,0,"[0, 1]"
432161,7562245,179,0,"[0, 1]"
432161,7562245,205,0,"[0, 1]"
432161,7562245,241,0,"[0, 1]"
432161,7562245,327,0,"[0, 1]"
432161,7562245,421,0,"[0, 1]"
432161,7562245,509,0,"[0, 1]"
432161,7562245,482,0,"[0, 1]"
432161,7562245,398,0,"[0, 1]"
432161,7562245,276,0,"[0, 1]"
432161,7562245,430,0,"[0, 1]"
432161,7562245,267,0,"[0, 1]"
432161,7562245,379,0,"[0, 1]"
432161,7562245,277,0,"[0, 1]"
432161,7562245,268,0,"[0, 1]"
432161,7562245,460,0,"[0, 1]"
432161,7562245,262,0,"[0, 1]"
432161,7562245,275,0,"[0, 1]"
432161,7562245,402,0,"[0, 1]"
432161,7562245,472,0,"[0, 1]"
432161,7562245,977,0,"[0, 1]"
432161,7562245,591,0,"[0, 1]"
432161,7562245,784,0,"[0, 1]"
432161,7562245,545,0,"[0, 1]"
432161,7562245,921,0,"[0, 1]"
432161,7562245,557,0,"[0, 1]"
432161,7562245,711,0,"[0, 1]"
432161,7562245,878,0,"[0, 1]"
432161,7562245,647,0,"[0, 1]"
432161,7562245,668,0,"[0, 1]"
432161,7562245,918,0,"[0, 1]"
432161,7562245,836,0,"[0, 1]"
432161,7562245,950,0,"[0, 1]"
432161,7562245,629,0,"[0, 1]"
432161,7562245,612,0,"[0, 1]"
432161,7562245,778,0,"[0, 1]"
432161,7562245,614,0,"[0, 1]"
432161,7562245,766,0,"[0, 1]"
432161,7562245,1814,0,"[0, 1]"
432161,7562245,1025,0,"[0, 1]"
432161,7562245,1609,0,"[0, 1]"
432161,7562245,1777,0,"[0, 1]"
432161,7562245,1619,0,"[0, 1]"
432161,7562245,1849,0,"[0, 1]"
432161,7562245,1206,0,"[0, 1]"
432161,7562245,1273,0,"[0, 1]"
432161,7562245,1073,0,"[0, 1]"
432161,7562245,2032,0,"[0, 1]"
432161,7562245,1445,0,"[0, 1]"
432161,7562245,1398,0,"[0, 1]"
432161,7562245,1455,0,"[0, 1]"
432161,7562245,1773,0,"[0, 1]"
432161,7562245,1396,0,"[0, 1]"
432161,7562245,1493,0,"[0, 1]"
432161,7562245,1553,0,"[0, 1]"
432161,7562245,2043,0,"[0, 1]"
432161,7562245,1346,0,"[0, 1]"
432161,7562245,1130,0,"[0, 1]"
432161,7562245,2328,0,"[0, 1]"
432161,7562245,3641,0,"[0, 1]"
432161,7562245,3952,0,"[0, 1]"
432161,7562245,3245,0,"[0, 1]"
432161,7562245,2748,0,"[0, 1]"
432161,7562245,3986,0,"[0, 1]"
432161,7562245,2932,0,"[0, 1]"
432161,7562245,2872,0,"[0, 1]"
432161,7562245,3770,0,"[0, 1]"
432161,7562245,3332,0,"[0, 1]"
432161,7562245,3538,0,"[0, 1]"
432161,7562245,3483,0,"[0, 1]"
432161,7562245,3602,0,"[0, 1]"
432161,7562245,3808,0,"[0, 1]"
432161,7562245,3958,0,"[0, 1]"
432161,7562245,3236,0,"[0, 1]"
432161,7562245,3611,0,"[0, 1]"
432161,7562245,2249,0,"[0, 1]"
432161,7562245,2220,0,"[0, 1]"
432161,7562245,3575,0,"[0, 1]"
432161,7562245,3005,0,"[0, 1]"
432161,7562245,2878,0,"[0, 1]"
432161,7562245,7188745,1,"[0, 1]"
432161,7562245,7267491,1,"[0, 1]"
432161,7562245,4505,0,"[0, 1]"
432161,7562245,7204654,1,"[0, 1]"
432161,7562245,7457256,1,"[0, 1]"
432161,7562245,7209930,1,"[0, 1]"
432161,7562245,7604262,1,"[0, 1]"
432161,7562245,7111499,1,"[0, 1]"
432161,7562245,7143807,1,"[0, 1]"
432161,7562245,7079065,1,"[0, 1]"
432161,7562245,7291169,1,"[0, 1]"
432161,7562245,7314729,1,"[0, 1]"
432161,7562245,7367066,1,"[0, 1]"
432161,7562245,7312117,1,"[0, 1]"
432161,7562245,7457798,1,"[0, 1]"
432161,7562245,7291937,1,"[0, 1]"
432161,7562245,7275120,1,"[0, 1]"
432161,7562245,4544,0,"[0, 1]"
432161,7562245,7128776,1,"[0, 1]"
432161,7562245,4266,0,"[0, 1]"
432161,7562245,7540058,1,"[0, 1]"
432161,7562245,7094260,1,"[0, 1]"
432161,7562245,7396548,1,"[0, 1]"
432161,7562245,7245148,1,"[0, 1]"
574547,2089563,2089563,1,"[1, 0]"
574547,2089563,4744,0,"[1, 0]"
574547,2089563,3519,0,"[1, 0]"
574547,2089563,1759,0,"[1, 0]"
574547,2089563,879,0,"[1, 0]"
574547,2089563,439,0,"[1, 0]"
574547,2089563,219,0,"[1, 0]"
574547,2089563,109,0,"[1, 0]"
574547,2089563,54,0,"[1, 0]"
574547,2089563,26,0,"[1, 0]"
574547,2089563,12,0,"[1, 0]"
574547,2089563,5,0,"[1, 0]"
574547,2089563,2,0,"[1, 0]"
574547,2089563,0,0,"[1, 0]"
574547,2089563,2,0,"[0, 1]"
574547,2089563,1,0,"[0, 1]"
574547,2089563,5,0,"[0, 1]"
574547,2089563,6,0,"[0, 1]"
574547,2089563,4,0,"[0, 1]"
574547,2089563,3,0,"[0, 1]"
574547,2089563,10,0,"[0, 1]"
574547,2089563,8,0,"[0, 1]"
574547,2089563,13,0,"[0, 1]"
574547,2089563,14,0,"[0, 1]"
574547,2089563,7,0,"[0, 1]"
574547,2089563,12,0,"[0, 1]"
574547,2089563,19,0,"[0, 1]"
574547,2089563,21,0,"[0, 1]"
574547,2089563,29,0,"[0, 1]"
574547,2089563,16,0,"[0, 1]"
574547,2089563,20,0,"[0, 1]"
574547,2089563,27,0,"[0, 1]"
574547,2089563,25,0,"[0, 1]"
574547,2089563,23,0,"[0, 1]"
574547,2089563,53,0,"[0, 1]"
574547,2089563,54,0,"[0, 1]"
574547,2089563,52,0,"[0, 1]"
574547,2089563,59,0,"[0, 1]"
574547,2089563,46,0,"[0, 1]"
574547,2089563,60,0,"[0, 1]"
574547,2089563,37,0,"[0, 1]"
574547,2089563,43,0,"[0, 1]"
574547,2089563,38,0,"[0, 1]"
574547,2089563,57,0,"[0, 1]"
574547,2089563,98,0,"[0, 1]"
574547,2089563,89,0,"[0, 1]"
574547,2089563,114,0,"[0, 1]"
574547,2089563,92,0,"[0, 1]"
574547,2089563,101,0,"[0, 1]"
574547,2089563,70,0,"[0, 1]"
574547,2089563,83,0,"[0, 1]"
574547,2089563,76,0,"[0, 1]"
574547,2089563,74,0,"[0, 1]"
574547,2089563,68,0,"[0, 1]"
574547,2089563,104,0,"[0, 1]"
574547,2089563,79,0,"[0, 1]"
574547,2089563,197,0,"[0, 1]"
574547,2089563,168,0,"[0, 1]"
574547,2089563,148,0,"[0, 1]"
574547,2089563,192,0,"[0, 1]"
574547,2089563,222,0,"[0, 1]"
574547,2089563,208,0,"[0, 1]"
574547,2089563,245,0,"[0, 1]"
574547,2089563,182,0,"[0, 1]"
574547,2089563,155,0,"[0, 1]"
574547,2089563,193,0,"[0, 1]"
574547,2089563,238,0,"[0, 1]"
574547,2089563,174,0,"[0, 1]"
574547,2089563,128,0,"[0, 1]"
574547,2089563,251,0,"[0, 1]"
574547,2089563,434,0,"[0, 1]"
574547,2089563,349,0,"[0, 1]"
574547,2089563,407,0,"[0, 1]"
574547,2089563,356,0,"[0, 1]"
574547,2089563,487,0,"[0, 1]"
574547,2089563,467,0,"[0, 1]"
574547,2089563,260,0,"[0, 1]"
574547,2089563,502,0,"[0, 1]"
574547,2089563,347,0,"[0, 1]"
574547,2089563,504,0,"[0, 1]"
574547,2089563,370,0,"[0, 1]"
574547,2089563,329,0,"[0, 1]"
574547,2089563,311,0,"[0, 1]"
574547,2089563,288,0,"[0, 1]"
574547,2089563,402,0,"[0, 1]"
574547,2089563,359,0,"[0, 1]"
574547,2089563,776,0,"[0, 1]"
574547,2089563,767,0,"[0, 1]"
574547,2089563,542,0,"[0, 1]"
574547,2089563,773,0,"[0, 1]"
574547,2089563,583,0,"[0, 1]"
574547,2089563,808,0,"[0, 1]"
574547,2089563,875,0,"[0, 1]"
574547,2089563,605,0,"[0, 1]"
574547,2089563,544,0,"[0, 1]"
574547,2089563,737,0,"[0, 1]"
574547,2089563,1020,0,"[0, 1]"
574547,2089563,976,0,"[0, 1]"
574547,2089563,626,0,"[0, 1]"
574547,2089563,848,0,"[0, 1]"
574547,2089563,711,0,"[0, 1]"
574547,2089563,606,0,"[0, 1]"
574547,2089563,674,0,"[0, 1]"
574547,2089563,532,0,"[0, 1]"
574547,2089563,1192,0,"[0, 1]"
574547,2089563,1864,0,"[0, 1]"
574547,2089563,1031,0,"[0, 1]"
574547,2089563,1875,0,"[0, 1]"
574547,2089563,1217,0,"[0, 1]"
574547,2089563,1937,0,"[0, 1]"
574547,2089563,1262,0,"[0, 1]"
574547,2089563,1083,0,"[0, 1]"
574547,2089563,1987,0,"[0, 1]"
574547,2089563,1989,0,"[0, 1]"
574547,2089563,2014,0,"[0, 1]"
574547,2089563,1361,0,"[0, 1]"
574547,2089563,1857,0,"[0, 1]"
574547,2089563,1072,0,"[0, 1]"
574547,2089563,1144,0,"[0, 1]"
574547,2089563,1332,0,"[0, 1]"
574547,2089563,1023,0,"[0, 1]"
574547,2089563,1790,0,"[0, 1]"
574547,2089563,1988,0,"[0, 1]"
574547,2089563,1225,0,"[0, 1]"
574547,2089563,2451,0,"[0, 1]"
574547,2089563,4085,0,"[0, 1]"
574547,2089563,4001,0,"[0, 1]"
574547,2089563,3808,0,"[0, 1]"
574547,2089563,3591,0,"[0, 1]"
574547,2089563,2132,0,"[0, 1]"
574547,2089563,2735,0,"[0, 1]"
574547,2089563,2173,0,"[0, 1]"
574547,2089563,2243,0,"[0, 1]"
574547,2089563,2083,0,"[0, 1]"
574547,2089563,3186,0,"[0, 1]"
574547,2089563,4012,0,"[0, 1]"
574547,2089563,3890,0,"[0, 1]"
574547,2089563,3482,0,"[0, 1]"
574547,2089563,2971,0,"[0, 1]"
574547,2089563,3422,0,"[0, 1]"
574547,2089563,3657,0,"[0, 1]"
574547,2089563,2235,0,"[0, 1]"
574547,2089563,3399,0,"[0, 1]"
574547,2089563,2218,0,"[0, 1]"
574547,2089563,2545,0,"[0, 1]"
574547,2089563,2442,0,"[0, 1]"
574547,2089563,7333867,1,"[0, 1]"
574547,2089563,4655,0,"[0, 1]"
574547,2089563,7421528,1,"[0, 1]"
574547,2089563,4939,0,"[0, 1]"
574547,2089563,7251313,1,"[0, 1]"
574547,2089563,7197738,1,"[0, 1]"
574547,2089563,7339273,1,"[0, 1]"
574547,2089563,7144619,1,"[0, 1]"
574547,2089563,7600584,1,"[0, 1]"
574547,2089563,7171472,1,"[0, 1]"
574547,2089563,7587602,1,"[0, 1]"
574547,2089563,7386099,1,"[0, 1]"
574547,2089563,7238544,1,"[0, 1]"
574547,2089563,7528547,1,"[0, 1]"
574547,2089563,7137600,1,"[0, 1]"
574547,2089563,7250839,1,"[0, 1]"
574547,2089563,7102914,1,"[0, 1]"
574547,2089563,7198180,1,"[0, 1]"
574547,2089563,7600257,1,"[0, 1]"
574547,2089563,7576803,1,"[0, 1]"
574547,2089563,4613,0,"[0, 1]"
574547,2089563,7642464,1,"[0, 1]"
574547,2089563,7378227,1,"[0, 1]"
574547,2089563,7513338,1,"[0, 1]"
574547,2089563,7153494,1,"[0, 1]"
574547,2089563,7165391,1,"[0, 1]"
574547,2089563,7389410,1,"[0, 1]"
574547,2089563,7231321,1,"[0, 1]"
574547,2089563,7093987,1,"[0, 1]"
574547,2089563,4137291,1,"[0, 1]"
574547,2089563,7647465,1,"[0, 1]"
574547,2089563,7635318,1,"[0, 1]"
574547,2089563,7561900,1,"[0, 1]"
574547,2089563,7251748,1,"[0, 1]"
574547,2089563,6271183,1,"[0, 1]"
574547,2089563,7256943,1,"[0, 1]"
574547,2089563,7689001,1,"[0, 1]"
574547,2089563,7524000,1,"[0, 1]"
574547,2089563,7321899,1,"[0, 1]"
574547,2089563,7539897,1,"[0, 1]"
574547,2089563,45888,1,"[0, 1]"
574547,2089563,7613438,1,"[0, 1]"
574547,2089563,7451308,1,"[0, 1]"
574547,2089563,7538092,1,"[0, 1]"
574547,2089563,7266164,1,"[0, 1]"
574547,2089563,7626279,1,"[0, 1]"
574547,2089563,6815057,1,"[0, 1]"
574547,2089563,7398113,1,"[0, 1]"
574547,2089563,7347359,1,"[0, 1]"
574547,2089563,7661753,1,"[0, 1]"
1095798,7562444,7562444,1,"[1, 0]"
1095798,7562444,2697,0,"[1, 0]"
1095798,7562444,1348,0,"[1, 0]"
1095798,7562444,673,0,"[1, 0]"
1095798,7562444,336,0,"[1, 0]"
1095798,7562444,167,0,"[1, 0]"
1095798,7562444,83,0,"[1, 0]"
1095798,7562444,41,0,"[1, 0]"
1095798,7562444,20,0,"[1, 0]"
1095798,7562444,9,0,"[1, 0]"
1095798,7562444,4,0,"[1, 0]"
1095798,7562444,1,0,"[1, 0]"
1095798,7562444,0,0,"[1, 0]"
1095798,7562444,2,0,"[0, 1]"
1095798,7562444,1,0,"[0, 1]"
1095798,7562444,4,0,"[0, 1]"
1095798,7562444,6,0,"[0, 1]"
1095798,7562444,3,0,"[0, 1]"
1095798,7562444,5,0,"[0, 1]"
1095798,7562444,8,0,"[0, 1]"
1095798,7562444,9,0,"[0, 1]"
1095798,7562444,14,0,"[0, 1]"
1095798,7562444,13,0,"[0, 1]"
1095798,7562444,11,0,"[0, 1]"
1095798,7562444,10,0,"[0, 1]"
1095798,7562444,26,0,"[0, 1]"
1095798,7562444,30,0,"[0, 1]"
1095798,7562444,15,0,"[0, 1]"
1095798,7562444,29,0,"[0, 1]"
1095798,7562444,24,0,"[0, 1]"
1095798,7562444,19,0,"[0, 1]"
1095798,7562444,25,0,"[0, 1]"
1095798,7562444,20,0,"[0, 1]"
1095798,7562444,47,0,"[0, 1]"
1095798,7562444,48,0,"[0, 1]"
1095798,7562444,39,0,"[0, 1]"
1095798,7562444,49,0,"[0, 1]"
1095798,7562444,62,0,"[0, 1]"
1095798,7562444,58,0,"[0, 1]"
1095798,7562444,51,0,"[0, 1]"
1095798,7562444,54,0,"[0, 1]"
1095798,7562444,44,0,"[0, 1]"
1095798,7562444,59,0,"[0, 1]"
1095798,7562444,97,0,"[0, 1]"
1095798,7562444,115,0,"[0, 1]"
1095798,7562444,100,0,"[0, 1]"
1095798,7562444,111,0,"[0, 1]"
1095798,7562444,123,0,"[0, 1]"
1095798,7562444,79,0,"[0, 1]"
1095798,7562444,124,0,"[0, 1]"
1095798,7562444,75,0,"[0, 1]"
1095798,7562444,120,0,"[0, 1]"
1095798,7562444,78,0,"[0, 1]"
1095798,7562444,101,0,"[0, 1]"
1095798,7562444,107,0,"[0, 1]"
1095798,7562444,159,0,"[0, 1]"
1095798,7562444,178,0,"[0, 1]"
1095798,7562444,162,0,"[0, 1]"
1095798,7562444,191,0,"[0, 1]"
1095798,7562444,134,0,"[0, 1]"
1095798,7562444,167,0,"[0, 1]"
1095798,7562444,195,0,"[0, 1]"
1095798,7562444,229,0,"[0, 1]"
1095798,7562444,185,0,"[0, 1]"
1095798,7562444,250,0,"[0, 1]"
1095798,7562444,205,0,"[0, 1]"
1095798,7562444,201,0,"[0, 1]"
1095798,7562444,172,0,"[0, 1]"
1095798,7562444,227,0,"[0, 1]"
1095798,7562444,505,0,"[0, 1]"
1095798,7562444,311,0,"[0, 1]"
1095798,7562444,362,0,"[0, 1]"
1095798,7562444,340,0,"[0, 1]"
1095798,7562444,360,0,"[0, 1]"
1095798,7562444,458,0,"[0, 1]"
1095798,7562444,258,0,"[0, 1]"
1095798,7562444,259,0,"[0, 1]"
1095798,7562444,370,0,"[0, 1]"
1095798,7562444,419,0,"[0, 1]"
1095798,7562444,388,0,"[0, 1]"
1095798,7562444,325,0,"[0, 1]"
1095798,7562444,314,0,"[0, 1]"
1095798,7562444,486,0,"[0, 1]"
1095798,7562444,293,0,"[0, 1]"
1095798,7562444,436,0,"[0, 1]"
1095798,7562444,801,0,"[0, 1]"
1095798,7562444,532,0,"[0, 1]"
1095798,7562444,518,0,"[0, 1]"
1095798,7562444,659,0,"[0, 1]"
1095798,7562444,964,0,"[0, 1]"
1095798,7562444,545,0,"[0, 1]"
1095798,7562444,932,0,"[0, 1]"
1095798,7562444,513,0,"[0, 1]"
1095798,7562444,846,0,"[0, 1]"
1095798,7562444,868,0,"[0, 1]"
1095798,7562444,747,0,"[0, 1]"
1095798,7562444,987,0,"[0, 1]"
1095798,7562444,900,0,"[0, 1]"
1095798,7562444,870,0,"[0, 1]"
1095798,7562444,841,0,"[0, 1]"
1095798,7562444,517,0,"[0, 1]"
1095798,7562444,902,0,"[0, 1]"
1095798,7562444,566,0,"[0, 1]"
1095798,7562444,1115,0,"[0, 1]"
1095798,7562444,1959,0,"[0, 1]"
1095798,7562444,1786,0,"[0, 1]"
1095798,7562444,1985,0,"[0, 1]"
1095798,7562444,1641,0,"[0, 1]"
1095798,7562444,1383,0,"[0, 1]"
1095798,7562444,1337,0,"[0, 1]"
1095798,7562444,1118,0,"[0, 1]"
1095798,7562444,1044,0,"[0, 1]"
1095798,7562444,1436,0,"[0, 1]"
1095798,7562444,1697,0,"[0, 1]"
1095798,7562444,1784,0,"[0, 1]"
1095798,7562444,1759,0,"[0, 1]"
1095798,7562444,1705,0,"[0, 1]"
1095798,7562444,1755,0,"[0, 1]"
1095798,7562444,1464,0,"[0, 1]"
1095798,7562444,1202,0,"[0, 1]"
1095798,7562444,1583,0,"[0, 1]"
1095798,7562444,1758,0,"[0, 1]"
1095798,7562444,1304,0,"[0, 1]"
1095798,7562444,3718,0,"[0, 1]"
1095798,7562444,3100,0,"[0, 1]"
1095798,7562444,3409,0,"[0, 1]"
1095798,7562444,3919,0,"[0, 1]"
1095798,7562444,2361,0,"[0, 1]"
1095798,7562444,2889,0,"[0, 1]"
1095798,7562444,3429,0,"[0, 1]"
1095798,7562444,3007,0,"[0, 1]"
1095798,7562444,3819,0,"[0, 1]"
1095798,7562444,2538,0,"[0, 1]"
1095798,7562444,2550,0,"[0, 1]"
1095798,7562444,2339,0,"[0, 1]"
1095798,7562444,3670,0,"[0, 1]"
1095798,7562444,2203,0,"[0, 1]"
1095798,7562444,2644,0,"[0, 1]"
1095798,7562444,2362,0,"[0, 1]"
1095798,7562444,3097,0,"[0, 1]"
1095798,7562444,3291,0,"[0, 1]"
1095798,7562444,3528,0,"[0, 1]"
1095798,7562444,3425,0,"[0, 1]"
1095798,7562444,2135,0,"[0, 1]"
1095798,7562444,2156,0,"[0, 1]"
1095798,7562444,7686458,1,"[0, 1]"
1095798,7562444,7400587,1,"[0, 1]"
1095798,7562444,7257997,1,"[0, 1]"
1095798,7562444,7262346,1,"[0, 1]"
1095798,7562444,7276254,1,"[0, 1]"
1095798,7562444,7585777,1,"[0, 1]"
1095798,7562444,7147182,1,"[0, 1]"
1095798,7562444,4214,0,"[0, 1]"
1095798,7562444,4418,0,"[0, 1]"
1095798,7562444,7332373,1,"[0, 1]"
1095798,7562444,7360038,1,"[0, 1]"
1095798,7562444,2056798,1,"[0, 1]"
1095798,7562444,6315263,1,"[0, 1]"
1095798,7562444,7541804,1,"[0, 1]"
1095798,7562444,7672252,1,"[0, 1]"
1095798,7562444,7239631,1,"[0, 1]"
1095798,7562444,7392290,1,"[0, 1]"
1095798,7562444,4624,0,"[0, 1]"
1095798,7562444,7140105,1,"[0, 1]"
1095798,7562444,7534438,1,"[0, 1]"
1095798,7562444,7687385,1,"[0, 1]"
1095798,7562444,4243,0,"[0, 1]"
1095798,7562444,7575256,1,"[0, 1]"
1095798,7562444,4764,0,"[0, 1]"
480536,6956847,6956847,1,"[1, 0]"
480536,6956847,2942,0,"[1, 0]"
480536,6956847,1470,0,"[1, 0]"
480536,6956847,734,0,"[1, 0]"
480536,6956847,366,0,"[1, 0]"
480536,6956847,182,0,"[1, 0]"
480536,6956847,90,0,"[1, 0]"
480536,6956847,44,0,"[1, 0]"
480536,6956847,21,0,"[1, 0]"
480536,6956847,10,0,"[1, 0]"
480536,6956847,4,0,"[1, 0]"
480536,6956847,1,0,"[1, 0]"
480536,6956847,0,0,"[1, 0]"
480536,6956847,1,0,"[0, 1]"
480536,6956847,2,0,"[0, 1]"
480536,6956847,4,0,"[0, 1]"
480536,6956847,6,0,"[0, 1]"
480536,6956847,5,0,"[0, 1]"
480536,6956847,3,0,"[0, 1]"
480536,6956847,7,0,"[0, 1]"
480536,6956847,13,0,"[0, 1]"
480536,6956847,10,0,"[0, 1]"
480536,6956847,8,0,"[0, 1]"
480536,6956847,11,0,"[0, 1]"
480536,6956847,12,0,"[0, 1]"
480536,6956847,19,0,"[0, 1]"
480536,6956847,21,0,"[0, 1]"
480536,6956847,20,0,"[0, 1]"
480536,6956847,29,0,"[0, 1]"
480536,6956847,18,0,"[0, 1]"
480536,6956847,15,0,"[0, 1]"
480536,6956847,24,0,"[0, 1]"
480536,6956847,26,0,"[0, 1]"
480536,6956847,61,0,"[0, 1]"
480536,6956847,53,0,"[0, 1]"
480536,6956847,56,0,"[0, 1]"
480536,6956847,46,0,"[0, 1]"
480536,6956847,57,0,"[0, 1]"
480536,6956847,35,0,"[0, 1]"
480536,6956847,52,0,"[0, 1]"
480536,6956847,48,0,"[0, 1]"
480536,6956847,36,0,"[0, 1]"
480536,6956847,51,0,"[0, 1]"
480536,6956847,63,0,"[0, 1]"
480536,6956847,72,0,"[0, 1]"
480536,6956847,77,0,"[0, 1]"
480536,6956847,70,0,"[0, 1]"
480536,6956847,123,0,"[0, 1]"
480536,6956847,71,0,"[0, 1]"
480536,6956847,102,0,"[0, 1]"
480536,6956847,114,0,"[0, 1]"
480536,6956847,117,0,"[0, 1]"
480536,6956847,84,0,"[0, 1]"
480536,6956847,95,0,"[0, 1]"
480536,6956847,94,0,"[0, 1]"
480536,6956847,184,0,"[0, 1]"
480536,6956847,246,0,"[0, 1]"
480536,6956847,230,0,"[0, 1]"
480536,6956847,211,0,"[0, 1]"
480536,6956847,248,0,"[0, 1]"
480536,6956847,175,0,"[0, 1]"
480536,6956847,173,0,"[0, 1]"
480536,6956847,189,0,"[0, 1]"
480536,6956847,224,0,"[0, 1]"
480536,6956847,241,0,"[0, 1]"
480536,6956847,223,0,"[0, 1]"
480536,6956847,133,0,"[0, 1]"
480536,6956847,161,0,"[0, 1]"
480536,6956847,198,0,"[0, 1]"
480536,6956847,423,0,"[0, 1]"
480536,6956847,360,0,"[0, 1]"
480536,6956847,281,0,"[0, 1]"
480536,6956847,327,0,"[0, 1]"
480536,6956847,317,0,"[0, 1]"
480536,6956847,316,0,"[0, 1]"
480536,6956847,434,0,"[0, 1]"
480536,6956847,482,0,"[0, 1]"
480536,6956847,441,0,"[0, 1]"
480536,6956847,390,0,"[0, 1]"
480536,6956847,384,0,"[0, 1]"
480536,6956847,282,0,"[0, 1]"
480536,6956847,419,0,"[0, 1]"
480536,6956847,397,0,"[0, 1]"
480536,6956847,336,0,"[0, 1]"
480536,6956847,488,0,"[0, 1]"
480536,6956847,903,0,"[0, 1]"
480536,6956847,753,0,"[0, 1]"
480536,6956847,997,0,"[0, 1]"
480536,6956847,783,0,"[0, 1]"
480536,6956847,526,0,"[0, 1]"
480536,6956847,987,0,"[0, 1]"
480536,6956847,730,0,"[0, 1]"
480536,6956847,534,0,"[0, 1]"
480536,6956847,986,0,"[0, 1]"
480536,6956847,922,0,"[0, 1]"
480536,6956847,947,0,"[0, 1]"
480536,6956847,974,0,"[0, 1]"
480536,6956847,859,0,"[0, 1]"
480536,6956847,548,0,"[0, 1]"
480536,6956847,619,0,"[0, 1]"
480536,6956847,727,0,"[0, 1]"
480536,6956847,719,0,"[0, 1]"
480536,6956847,656,0,"[0, 1]"
480536,6956847,1990,0,"[0, 1]"
480536,6956847,1294,0,"[0, 1]"
480536,6956847,1609,0,"[0, 1]"
480536,6956847,1691,0,"[0, 1]"
480536,6956847,1690,0,"[0, 1]"
480536,6956847,1101,0,"[0, 1]"
480536,6956847,1436,0,"[0, 1]"
480536,6956847,1116,0,"[0, 1]"
480536,6956847,1379,0,"[0, 1]"
480536,6956847,1470,0,"[0, 1]"
480536,6956847,1721,0,"[0, 1]"
480536,6956847,1679,0,"[0, 1]"
480536,6956847,1543,0,"[0, 1]"
480536,6956847,1232,0,"[0, 1]"
480536,6956847,1925,0,"[0, 1]"
480536,6956847,2026,0,"[0, 1]"
480536,6956847,1483,0,"[0, 1]"
480536,6956847,2001,0,"[0, 1]"
480536,6956847,1134,0,"[0, 1]"
480536,6956847,1197,0,"[0, 1]"
480536,6956847,2919,0,"[0, 1]"
480536,6956847,2698,0,"[0, 1]"
480536,6956847,3648,0,"[0, 1]"
480536,6956847,3354,0,"[0, 1]"
480536,6956847,2361,0,"[0, 1]"
480536,6956847,3813,0,"[0, 1]"
480536,6956847,3493,0,"[0, 1]"
480536,6956847,3353,0,"[0, 1]"
480536,6956847,3168,0,"[0, 1]"
480536,6956847,3717,0,"[0, 1]"
480536,6956847,2205,0,"[0, 1]"
480536,6956847,3468,0,"[0, 1]"
480536,6956847,2401,0,"[0, 1]"
480536,6956847,2571,0,"[0, 1]"
480536,6956847,2439,0,"[0, 1]"
480536,6956847,2405,0,"[0, 1]"
480536,6956847,2832,0,"[0, 1]"
480536,6956847,2106,0,"[0, 1]"
480536,6956847,2533,0,"[0, 1]"
480536,6956847,3301,0,"[0, 1]"
480536,6956847,2444,0,"[0, 1]"
480536,6956847,2400,0,"[0, 1]"
480536,6956847,6008284,1,"[0, 1]"
480536,6956847,7658180,1,"[0, 1]"
480536,6956847,4321,0,"[0, 1]"
480536,6956847,4275,0,"[0, 1]"
480536,6956847,7601933,1,"[0, 1]"
480536,6956847,7321859,1,"[0, 1]"
480536,6956847,7178038,1,"[0, 1]"
480536,6956847,7557260,1,"[0, 1]"
480536,6956847,7359361,1,"[0, 1]"
480536,6956847,7563950,1,"[0, 1]"
480536,6956847,4557,0,"[0, 1]"
480536,6956847,7597426,1,"[0, 1]"
480536,6956847,7478241,1,"[0, 1]"
480536,6956847,5529138,1,"[0, 1]"
480536,6956847,7434272,1,"[0, 1]"
480536,6956847,7453985,1,"[0, 1]"
480536,6956847,7590379,1,"[0, 1]"
480536,6956847,7169984,1,"[0, 1]"
480536,6956847,7598434,1,"[0, 1]"
480536,6956847,4792,0,"[0, 1]"
480536,6956847,7681913,1,"[0, 1]"
480536,6956847,7171168,1,"[0, 1]"
480536,6956847,7290481,1,"[0, 1]"
480536,6956847,7647986,1,"[0, 1]"
392195,2011125,2011125,1,"[1, 0]"
392195,2011125,4941,0,"[1, 0]"
392195,2011125,3966,0,"[1, 0]"
392195,2011125,1982,0,"[1, 0]"
392195,2011125,990,0,"[1, 0]"
392195,2011125,494,0,"[1, 0]"
392195,2011125,246,0,"[1, 0]"
392195,2011125,122,0,"[1, 0]"
392195,2011125,60,0,"[1, 0]"
392195,2011125,29,0,"[1, 0]"
392195,2011125,14,0,"[1, 0]"
392195,2011125,6,0,"[1, 0]"
392195,2011125,2,0,"[1, 0]"
392195,2011125,0,0,"[1, 0]"
392195,2011125,1,0,"[0, 1]"
392195,2011125,2,0,"[0, 1]"
392195,2011125,5,0,"[0, 1]"
392195,2011125,3,0,"[0, 1]"
392195,2011125,6,0,"[0, 1]"
392195,2011125,4,0,"[0, 1]"
392195,2011125,14,0,"[0, 1]"
392195,2011125,10,0,"[0, 1]"
392195,2011125,12,0,"[0, 1]"
392195,2011125,7,0,"[0, 1]"
392195,2011125,9,0,"[0, 1]"
392195,2011125,8,0,"[0, 1]"
392195,2011125,27,0,"[0, 1]"
392195,2011125,29,0,"[0, 1]"
392195,2011125,20,0,"[0, 1]"
392195,2011125,25,0,"[0, 1]"
392195,2011125,26,0,"[0, 1]"
392195,2011125,24,0,"[0, 1]"
392195,2011125,21,0,"[0, 1]"
392195,2011125,16,0,"[0, 1]"
392195,2011125,36,0,"[0, 1]"
392195,2011125,37,0,"[0, 1]"
392195,2011125,46,0,"[0, 1]"
392195,2011125,39,0,"[0, 1]"
392195,2011125,60,0,"[0, 1]"
392195,2011125,41,0,"[0, 1]"
392195,2011125,33,0,"[0, 1]"
392195,2011125,51,0,"[0, 1]"
392195,2011125,49,0,"[0, 1]"
392195,2011125,55,0,"[0, 1]"
392195,2011125,107,0,"[0, 1]"
392195,2011125,66,0,"[0, 1]"
392195,2011125,73,0,"[0, 1]"
392195,2011125,68,0,"[0, 1]"
392195,2011125,84,0,"[0, 1]"
392195,2011125,83,0,"[0, 1]"
392195,2011125,111,0,"[0, 1]"
392195,2011125,96,0,"[0, 1]"
392195,2011125,77,0,"[0, 1]"
392195,2011125,76,0,"[0, 1]"
392195,2011125,79,0,"[0, 1]"
392195,2011125,98,0,"[0, 1]"
392195,2011125,234,0,"[0, 1]"
392195,2011125,144,0,"[0, 1]"
392195,2011125,239,0,"[0, 1]"
392195,2011125,180,0,"[0, 1]"
392195,2011125,199,0,"[0, 1]"
392195,2011125,252,0,"[0, 1]"
392195,2011125,214,0,"[0, 1]"
392195,2011125,197,0,"[0, 1]"
392195,2011125,212,0,"[0, 1]"
392195,2011125,138,0,"[0, 1]"
392195,2011125,200,0,"[0, 1]"
392195,2011125,205,0,"[0, 1]"
392195,2011125,195,0,"[0, 1]"
392195,2011125,245,0,"[0, 1]"
392195,2011125,440,0,"[0, 1]"
392195,2011125,486,0,"[0, 1]"
392195,2011125,466,0,"[0, 1]"
392195,2011125,274,0,"[0, 1]"
392195,2011125,319,0,"[0, 1]"
392195,2011125,421,0,"[0, 1]"
392195,2011125,312,0,"[0, 1]"
392195,2011125,315,0,"[0, 1]"
392195,2011125,256,0,"[0, 1]"
392195,2011125,360,0,"[0, 1]"
392195,2011125,262,0,"[0, 1]"
392195,2011125,331,0,"[0, 1]"
392195,2011125,432,0,"[0, 1]"
392195,2011125,303,0,"[0, 1]"
392195,2011125,288,0,"[0, 1]"
392195,2011125,307,0,"[0, 1]"
392195,2011125,946,0,"[0, 1]"
392195,2011125,680,0,"[0, 1]"
392195,2011125,964,0,"[0, 1]"
392195,2011125,557,0,"[0, 1]"
392195,2011125,854,0,"[0, 1]"
392195,2011125,670,0,"[0, 1]"
392195,2011125,941,0,"[0, 1]"
392195,2011125,568,0,"[0, 1]"
392195,2011125,850,0,"[0, 1]"
392195,2011125,901,0,"[0, 1]"
392195,2011125,832,0,"[0, 1]"
392195,2011125,588,0,"[0, 1]"
392195,2011125,972,0,"[0, 1]"
392195,2011125,862,0,"[0, 1]"
392195,2011125,902,0,"[0, 1]"
392195,2011125,744,0,"[0, 1]"
392195,2011125,678,0,"[0, 1]"
392195,2011125,579,0,"[0, 1]"
392195,2011125,1165,0,"[0, 1]"
392195,2011125,1055,0,"[0, 1]"
392195,2011125,1361,0,"[0, 1]"
392195,2011125,1868,0,"[0, 1]"
392195,2011125,1948,0,"[0, 1]"
392195,2011125,1572,0,"[0, 1]"
392195,2011125,1459,0,"[0, 1]"
392195,2011125,1499,0,"[0, 1]"
392195,2011125,1916,0,"[0, 1]"
392195,2011125,1404,0,"[0, 1]"
392195,2011125,1408,0,"[0, 1]"
392195,2011125,1613,0,"[0, 1]"
392195,2011125,1225,0,"[0, 1]"
392195,2011125,1043,0,"[0, 1]"
392195,2011125,1822,0,"[0, 1]"
392195,2011125,1460,0,"[0, 1]"
392195,2011125,1379,0,"[0, 1]"
392195,2011125,1062,0,"[0, 1]"
392195,2011125,1706,0,"[0, 1]"
392195,2011125,1867,0,"[0, 1]"
392195,2011125,3821,0,"[0, 1]"
392195,2011125,2275,0,"[0, 1]"
392195,2011125,3854,0,"[0, 1]"
392195,2011125,2756,0,"[0, 1]"
392195,2011125,2743,0,"[0, 1]"
392195,2011125,3952,0,"[0, 1]"
392195,2011125,3752,0,"[0, 1]"
392195,2011125,2294,0,"[0, 1]"
392195,2011125,3070,0,"[0, 1]"
392195,2011125,2565,0,"[0, 1]"
392195,2011125,4009,0,"[0, 1]"
392195,2011125,2256,0,"[0, 1]"
392195,2011125,3249,0,"[0, 1]"
392195,2011125,3102,0,"[0, 1]"
392195,2011125,2242,0,"[0, 1]"
392195,2011125,2556,0,"[0, 1]"
392195,2011125,3374,0,"[0, 1]"
392195,2011125,3927,0,"[0, 1]"
392195,2011125,3804,0,"[0, 1]"
392195,2011125,2889,0,"[0, 1]"
392195,2011125,2139,0,"[0, 1]"
392195,2011125,3313,0,"[0, 1]"
392195,2011125,7564578,1,"[0, 1]"
392195,2011125,4784,0,"[0, 1]"
392195,2011125,7222808,1,"[0, 1]"
392195,2011125,7197777,1,"[0, 1]"
392195,2011125,7326330,1,"[0, 1]"
392195,2011125,7604262,1,"[0, 1]"
392195,2011125,7559244,1,"[0, 1]"
392195,2011125,7637574,1,"[0, 1]"
392195,2011125,7301814,1,"[0, 1]"
392195,2011125,7237947,1,"[0, 1]"
392195,2011125,7297318,1,"[0, 1]"
392195,2011125,7326183,1,"[0, 1]"
392195,2011125,7443792,1,"[0, 1]"
392195,2011125,7419865,1,"[0, 1]"
392195,2011125,7170192,1,"[0, 1]"
392195,2011125,7268747,1,"[0, 1]"
392195,2011125,4789,0,"[0, 1]"
392195,2011125,7443688,1,"[0, 1]"
392195,2011125,4113868,1,"[0, 1]"
392195,2011125,7524413,1,"[0, 1]"
392195,2011125,7663389,1,"[0, 1]"
392195,2011125,533017,1,"[0, 1]"
392195,2011125,7311598,1,"[0, 1]"
392195,2011125,7591292,1,"[0, 1]"
392195,2011125,7183892,1,"[0, 1]"
392195,2011125,7083703,1,"[0, 1]"
392195,2011125,7119910,1,"[0, 1]"
392195,2011125,7370908,1,"[0, 1]"
392195,2011125,7153494,1,"[0, 1]"
392195,2011125,7403592,1,"[0, 1]"
392195,2011125,7078672,1,"[0, 1]"
392195,2011125,7630382,1,"[0, 1]"
392195,2011125,7246712,1,"[0, 1]"
392195,2011125,7613438,1,"[0, 1]"
392195,2011125,7225843,1,"[0, 1]"
392195,2011125,7688588,1,"[0, 1]"
392195,2011125,7166661,1,"[0, 1]"
392195,2011125,7653998,1,"[0, 1]"
392195,2011125,7217741,1,"[0, 1]"
392195,2011125,7076536,1,"[0, 1]"
392195,2011125,7206078,1,"[0, 1]"
392195,2011125,1499955,1,"[0, 1]"
392195,2011125,7118287,1,"[0, 1]"
392195,2011125,7540508,1,"[0, 1]"
392195,2011125,7256015,1,"[0, 1]"
392195,2011125,7687460,1,"[0, 1]"
392195,2011125,7423351,1,"[0, 1]"
392195,2011125,7147522,1,"[0, 1]"
392195,2011125,7411066,1,"[0, 1]"
392195,2011125,1520189,1,"[0, 1]"
544319,7562624,7562624,1,"[1, 0]"
544319,7562624,2281,0,"[1, 0]"
544319,7562624,1140,0,"[1, 0]"
544319,7562624,569,0,"[1, 0]"
544319,7562624,284,0,"[1, 0]"
544319,7562624,141,0,"[1, 0]"
544319,7562624,70,0,"[1, 0]"
544319,7562624,34,0,"[1, 0]"
544319,7562624,16,0,"[1, 0]"
544319,7562624,7,0,"[1, 0]"
544319,7562624,3,0,"[1, 0]"
544319,7562624,1,0,"[1, 0]"
544319,7562624,0,0,"[1, 0]"
544319,7562624,2,0,"[0, 1]"
544319,7562624,1,0,"[0, 1]"
544319,7562624,4,0,"[0, 1]"
544319,7562624,6,0,"[0, 1]"
544319,7562624,5,0,"[0, 1]"
544319,7562624,3,0,"[0, 1]"
544319,7562624,11,0,"[0, 1]"
544319,7562624,9,0,"[0, 1]"
544319,7562624,14,0,"[0, 1]"
544319,7562624,8,0,"[0, 1]"
544319,7562624,13,0,"[0, 1]"
544319,7562624,10,0,"[0, 1]"
544319,7562624,29,0,"[0, 1]"
544319,7562624,30,0,"[0, 1]"
544319,7562624,17,0,"[0, 1]"
544319,7562624,23,0,"[0, 1]"
544319,7562624,19,0,"[0, 1]"
544319,7562624,26,0,"[0, 1]"
544319,7562624,21,0,"[0, 1]"
544319,7562624,16,0,"[0, 1]"
544319,7562624,53,0,"[0, 1]"
544319,7562624,51,0,"[0, 1]"
544319,7562624,59,0,"[0, 1]"
544319,7562624,37,0,"[0, 1]"
544319,7562624,55,0,"[0, 1]"
544319,7562624,35,0,"[0, 1]"
544319,7562624,33,0,"[0, 1]"
544319,7562624,50,0,"[0, 1]"
544319,7562624,60,0,"[0, 1]"
544319,7562624,46,0,"[0, 1]"
544319,7562624,120,0,"[0, 1]"
544319,7562624,97,0,"[0, 1]"
544319,7562624,63,0,"[0, 1]"
544319,7562624,96,0,"[0, 1]"
544319,7562624,72,0,"[0, 1]"
544319,7562624,107,0,"[0, 1]"
544319,7562624,114,0,"[0, 1]"
544319,7562624,111,0,"[0, 1]"
544319,7562624,64,0,"[0, 1]"
544319,7562624,81,0,"[0, 1]"
544319,7562624,95,0,"[0, 1]"
544319,7562624,105,0,"[0, 1]"
544319,7562624,215,0,"[0, 1]"
544319,7562624,181,0,"[0, 1]"
544319,7562624,216,0,"[0, 1]"
544319,7562624,191,0,"[0, 1]"
544319,7562624,138,0,"[0, 1]"
544319,7562624,186,0,"[0, 1]"
544319,7562624,254,0,"[0, 1]"
544319,7562624,199,0,"[0, 1]"
544319,7562624,208,0,"[0, 1]"
544319,7562624,245,0,"[0, 1]"
544319,7562624,136,0,"[0, 1]"
544319,7562624,203,0,"[0, 1]"
544319,7562624,229,0,"[0, 1]"
544319,7562624,223,0,"[0, 1]"
544319,7562624,261,0,"[0, 1]"
544319,7562624,462,0,"[0, 1]"
544319,7562624,298,0,"[0, 1]"
544319,7562624,296,0,"[0, 1]"
544319,7562624,436,0,"[0, 1]"
544319,7562624,465,0,"[0, 1]"
544319,7562624,371,0,"[0, 1]"
544319,7562624,393,0,"[0, 1]"
544319,7562624,258,0,"[0, 1]"
544319,7562624,265,0,"[0, 1]"
544319,7562624,472,0,"[0, 1]"
544319,7562624,427,0,"[0, 1]"
544319,7562624,497,0,"[0, 1]"
544319,7562624,480,0,"[0, 1]"
544319,7562624,464,0,"[0, 1]"
544319,7562624,481,0,"[0, 1]"
544319,7562624,653,0,"[0, 1]"
544319,7562624,550,0,"[0, 1]"
544319,7562624,699,0,"[0, 1]"
544319,7562624,530,0,"[0, 1]"
544319,7562624,694,0,"[0, 1]"
544319,7562624,890,0,"[0, 1]"
544319,7562624,869,0,"[0, 1]"
544319,7562624,913,0,"[0, 1]"
544319,7562624,708,0,"[0, 1]"
544319,7562624,806,0,"[0, 1]"
544319,7562624,689,0,"[0, 1]"
544319,7562624,875,0,"[0, 1]"
544319,7562624,799,0,"[0, 1]"
544319,7562624,761,0,"[0, 1]"
544319,7562624,748,0,"[0, 1]"
544319,7562624,972,0,"[0, 1]"
544319,7562624,643,0,"[0, 1]"
544319,7562624,864,0,"[0, 1]"
544319,7562624,1492,0,"[0, 1]"
544319,7562624,1420,0,"[0, 1]"
544319,7562624,1991,0,"[0, 1]"
544319,7562624,1980,0,"[0, 1]"
544319,7562624,1310,0,"[0, 1]"
544319,7562624,1681,0,"[0, 1]"
544319,7562624,1865,0,"[0, 1]"
544319,7562624,1170,0,"[0, 1]"
544319,7562624,1456,0,"[0, 1]"
544319,7562624,1436,0,"[0, 1]"
544319,7562624,1529,0,"[0, 1]"
544319,7562624,1215,0,"[0, 1]"
544319,7562624,1955,0,"[0, 1]"
544319,7562624,1244,0,"[0, 1]"
544319,7562624,1636,0,"[0, 1]"
544319,7562624,1408,0,"[0, 1]"
544319,7562624,1610,0,"[0, 1]"
544319,7562624,1151,0,"[0, 1]"
544319,7562624,1794,0,"[0, 1]"
544319,7562624,1983,0,"[0, 1]"
544319,7562624,2751,0,"[0, 1]"
544319,7562624,3703,0,"[0, 1]"
544319,7562624,3931,0,"[0, 1]"
544319,7562624,3603,0,"[0, 1]"
544319,7562624,2523,0,"[0, 1]"
544319,7562624,2879,0,"[0, 1]"
544319,7562624,3497,0,"[0, 1]"
544319,7562624,3570,0,"[0, 1]"
544319,7562624,3272,0,"[0, 1]"
544319,7562624,3224,0,"[0, 1]"
544319,7562624,2941,0,"[0, 1]"
544319,7562624,2973,0,"[0, 1]"
544319,7562624,2384,0,"[0, 1]"
544319,7562624,2731,0,"[0, 1]"
544319,7562624,3216,0,"[0, 1]"
544319,7562624,3714,0,"[0, 1]"
544319,7562624,2175,0,"[0, 1]"
544319,7562624,2257,0,"[0, 1]"
544319,7562624,2435,0,"[0, 1]"
544319,7562624,3215,0,"[0, 1]"
544319,7562624,2321,0,"[0, 1]"
544319,7562624,3565,0,"[0, 1]"
544319,7562624,7682286,1,"[0, 1]"
544319,7562624,7364279,1,"[0, 1]"
544319,7562624,7499577,1,"[0, 1]"
544319,7562624,7689572,1,"[0, 1]"
544319,7562624,7444555,1,"[0, 1]"
544319,7562624,7279023,1,"[0, 1]"
544319,7562624,1059218,1,"[0, 1]"
544319,7562624,7493363,1,"[0, 1]"
544319,7562624,4603,0,"[0, 1]"
544319,7562624,7143126,1,"[0, 1]"
544319,7562624,4729,0,"[0, 1]"
544319,7562624,7334481,1,"[0, 1]"
544319,7562624,7311518,1,"[0, 1]"
544319,7562624,7262777,1,"[0, 1]"
544319,7562624,7331507,1,"[0, 1]"
544319,7562624,7549537,1,"[0, 1]"
544319,7562624,7600706,1,"[0, 1]"
544319,7562624,7267561,1,"[0, 1]"
544319,7562624,7658180,1,"[0, 1]"
544319,7562624,7209267,1,"[0, 1]"
544319,7562624,7380587,1,"[0, 1]"
544319,7562624,4198,0,"[0, 1]"
544319,7562624,7267603,1,"[0, 1]"
544319,7562624,7110143,1,"[0, 1]"
742988,7562778,7562778,1,"[1, 0]"
742988,7562778,4516,0,"[1, 0]"
742988,7562778,3004,0,"[1, 0]"
742988,7562778,1501,0,"[1, 0]"
742988,7562778,750,0,"[1, 0]"
742988,7562778,374,0,"[1, 0]"
742988,7562778,186,0,"[1, 0]"
742988,7562778,92,0,"[1, 0]"
742988,7562778,45,0,"[1, 0]"
742988,7562778,22,0,"[1, 0]"
742988,7562778,10,0,"[1, 0]"
742988,7562778,4,0,"[1, 0]"
742988,7562778,1,0,"[1, 0]"
742988,7562778,0,0,"[1, 0]"
742988,7562778,1,0,"[0, 1]"
742988,7562778,2,0,"[0, 1]"
742988,7562778,4,0,"[0, 1]"
742988,7562778,5,0,"[0, 1]"
742988,7562778,3,0,"[0, 1]"
742988,7562778,6,0,"[0, 1]"
742988,7562778,13,0,"[0, 1]"
742988,7562778,14,0,"[0, 1]"
742988,7562778,10,0,"[0, 1]"
742988,7562778,7,0,"[0, 1]"
742988,7562778,8,0,"[0, 1]"
742988,7562778,11,0,"[0, 1]"
742988,7562778,17,0,"[0, 1]"
742988,7562778,29,0,"[0, 1]"
742988,7562778,28,0,"[0, 1]"
742988,7562778,16,0,"[0, 1]"
742988,7562778,30,0,"[0, 1]"
742988,7562778,15,0,"[0, 1]"
742988,7562778,24,0,"[0, 1]"
742988,7562778,21,0,"[0, 1]"
742988,7562778,38,0,"[0, 1]"
742988,7562778,41,0,"[0, 1]"
742988,7562778,56,0,"[0, 1]"
742988,7562778,59,0,"[0, 1]"
742988,7562778,60,0,"[0, 1]"
742988,7562778,36,0,"[0, 1]"
742988,7562778,62,0,"[0, 1]"
742988,7562778,48,0,"[0, 1]"
742988,7562778,34,0,"[0, 1]"
742988,7562778,55,0,"[0, 1]"
742988,7562778,66,0,"[0, 1]"
742988,7562778,73,0,"[0, 1]"
742988,7562778,105,0,"[0, 1]"
742988,7562778,102,0,"[0, 1]"
742988,7562778,123,0,"[0, 1]"
742988,7562778,64,0,"[0, 1]"
742988,7562778,106,0,"[0, 1]"
742988,7562778,108,0,"[0, 1]"
742988,7562778,67,0,"[0, 1]"
742988,7562778,114,0,"[0, 1]"
742988,7562778,63,0,"[0, 1]"
742988,7562778,107,0,"[0, 1]"
742988,7562778,167,0,"[0, 1]"
742988,7562778,187,0,"[0, 1]"
742988,7562778,232,0,"[0, 1]"
742988,7562778,145,0,"[0, 1]"
742988,7562778,141,0,"[0, 1]"
742988,7562778,165,0,"[0, 1]"
742988,7562778,161,0,"[0, 1]"
742988,7562778,205,0,"[0, 1]"
742988,7562778,173,0,"[0, 1]"
742988,7562778,172,0,"[0, 1]"
742988,7562778,230,0,"[0, 1]"
742988,7562778,208,0,"[0, 1]"
742988,7562778,197,0,"[0, 1]"
742988,7562778,136,0,"[0, 1]"
742988,7562778,379,0,"[0, 1]"
742988,7562778,333,0,"[0, 1]"
742988,7562778,275,0,"[0, 1]"
742988,7562778,265,0,"[0, 1]"
742988,7562778,454,0,"[0, 1]"
742988,7562778,305,0,"[0, 1]"
742988,7562778,340,0,"[0, 1]"
742988,7562778,321,0,"[0, 1]"
742988,7562778,353,0,"[0, 1]"
742988,7562778,474,0,"[0, 1]"
742988,7562778,398,0,"[0, 1]"
742988,7562778,440,0,"[0, 1]"
742988,7562778,284,0,"[0, 1]"
742988,7562778,401,0,"[0, 1]"
742988,7562778,463,0,"[0, 1]"
742988,7562778,307,0,"[0, 1]"
742988,7562778,604,0,"[0, 1]"
742988,7562778,659,0,"[0, 1]"
742988,7562778,569,0,"[0, 1]"
742988,7562778,961,0,"[0, 1]"
742988,7562778,557,0,"[0, 1]"
742988,7562778,797,0,"[0, 1]"
742988,7562778,779,0,"[0, 1]"
742988,7562778,868,0,"[0, 1]"
742988,7562778,990,0,"[0, 1]"
742988,7562778,545,0,"[0, 1]"
742988,7562778,594,0,"[0, 1]"
742988,7562778,683,0,"[0, 1]"
742988,7562778,842,0,"[0, 1]"
742988,7562778,597,0,"[0, 1]"
742988,7562778,619,0,"[0, 1]"
742988,7562778,938,0,"[0, 1]"
742988,7562778,866,0,"[0, 1]"
742988,7562778,911,0,"[0, 1]"
742988,7562778,1399,0,"[0, 1]"
742988,7562778,1318,0,"[0, 1]"
742988,7562778,1814,0,"[0, 1]"
742988,7562778,1484,0,"[0, 1]"
742988,7562778,1473,0,"[0, 1]"
742988,7562778,1024,0,"[0, 1]"
742988,7562778,1280,0,"[0, 1]"
742988,7562778,2045,0,"[0, 1]"
742988,7562778,1387,0,"[0, 1]"
742988,7562778,1559,0,"[0, 1]"
742988,7562778,1941,0,"[0, 1]"
742988,7562778,1825,0,"[0, 1]"
742988,7562778,1754,0,"[0, 1]"
742988,7562778,1029,0,"[0, 1]"
742988,7562778,2043,0,"[0, 1]"
742988,7562778,1675,0,"[0, 1]"
742988,7562778,1198,0,"[0, 1]"
742988,7562778,1110,0,"[0, 1]"
742988,7562778,1538,0,"[0, 1]"
742988,7562778,1920,0,"[0, 1]"
742988,7562778,3128,0,"[0, 1]"
742988,7562778,3906,0,"[0, 1]"
742988,7562778,2325,0,"[0, 1]"
742988,7562778,2122,0,"[0, 1]"
742988,7562778,2942,0,"[0, 1]"
742988,7562778,3581,0,"[0, 1]"
742988,7562778,3534,0,"[0, 1]"
742988,7562778,3869,0,"[0, 1]"
742988,7562778,3457,0,"[0, 1]"
742988,7562778,4031,0,"[0, 1]"
742988,7562778,2295,0,"[0, 1]"
742988,7562778,3375,0,"[0, 1]"
742988,7562778,3087,0,"[0, 1]"
742988,7562778,3709,0,"[0, 1]"
742988,7562778,2292,0,"[0, 1]"
742988,7562778,3512,0,"[0, 1]"
742988,7562778,3995,0,"[0, 1]"
742988,7562778,3329,0,"[0, 1]"
742988,7562778,2797,0,"[0, 1]"
742988,7562778,3463,0,"[0, 1]"
742988,7562778,3176,0,"[0, 1]"
742988,7562778,2771,0,"[0, 1]"
742988,7562778,7270780,1,"[0, 1]"
742988,7562778,4204,0,"[0, 1]"
742988,7562778,1265701,1,"[0, 1]"
742988,7562778,7604003,1,"[0, 1]"
742988,7562778,7296936,1,"[0, 1]"
742988,7562778,7405041,1,"[0, 1]"
742988,7562778,7258744,1,"[0, 1]"
742988,7562778,4181,0,"[0, 1]"
742988,7562778,7183442,1,"[0, 1]"
742988,7562778,4641,0,"[0, 1]"
742988,7562778,7116260,1,"[0, 1]"
742988,7562778,7304932,1,"[0, 1]"
742988,7562778,4105,0,"[0, 1]"
742988,7562778,7478931,1,"[0, 1]"
742988,7562778,7538601,1,"[0, 1]"
742988,7562778,4805,0,"[0, 1]"
742988,7562778,7437185,1,"[0, 1]"
742988,7562778,7507377,1,"[0, 1]"
742988,7562778,4409,0,"[0, 1]"
742988,7562778,100163,1,"[0, 1]"
742988,7562778,7092963,1,"[0, 1]"
742988,7562778,7536587,1,"[0, 1]"
742988,7562778,7162062,1,"[0, 1]"
742988,7562778,7337466,1,"[0, 1]"
742988,7562778,7544870,1,"[0, 1]"
742988,7562778,7400778,1,"[0, 1]"
742988,7562778,7089653,1,"[0, 1]"
742988,7562778,7093179,1,"[0, 1]"
742988,7562778,7636375,1,"[0, 1]"
742988,7562778,3222326,1,"[0, 1]"
742988,7562778,7138601,1,"[0, 1]"
742988,7562778,7573780,1,"[0, 1]"
742988,7562778,7204742,1,"[0, 1]"
742988,7562778,7188777,1,"[0, 1]"
742988,7562778,7275505,1,"[0, 1]"
742988,7562778,7596038,1,"[0, 1]"
742988,7562778,2586628,1,"[0, 1]"
742988,7562778,7115057,1,"[0, 1]"
742988,7562778,7186042,1,"[0, 1]"
742988,7562778,7290527,1,"[0, 1]"
742988,7562778,7217129,1,"[0, 1]"
742988,7562778,7539897,1,"[0, 1]"
742988,7562778,7243486,1,"[0, 1]"
742988,7562778,5324342,1,"[0, 1]"
742988,7562778,7598917,1,"[0, 1]"
742988,7562778,7424106,1,"[0, 1]"
742988,7562778,7223048,1,"[0, 1]"
742988,7562778,7249575,1,"[0, 1]"
742988,7562778,7629139,1,"[0, 1]"
742988,7562778,7660760,1,"[0, 1]"
552868,7562944,7562944,1,"[1, 0]"
552868,7562944,2625,0,"[1, 0]"
552868,7562944,1312,0,"[1, 0]"
552868,7562944,655,0,"[1, 0]"
552868,7562944,327,0,"[1, 0]"
552868,7562944,163,0,"[1, 0]"
552868,7562944,81,0,"[1, 0]"
552868,7562944,40,0,"[1, 0]"
552868,7562944,19,0,"[1, 0]"
552868,7562944,9,0,"[1, 0]"
552868,7562944,4,0,"[1, 0]"
552868,7562944,1,0,"[1, 0]"
552868,7562944,0,0,"[1, 0]"
552868,7562944,1,0,"[0, 1]"
552868,7562944,2,0,"[0, 1]"
552868,7562944,5,0,"[0, 1]"
552868,7562944,6,0,"[0, 1]"
552868,7562944,3,0,"[0, 1]"
552868,7562944,4,0,"[0, 1]"
552868,7562944,10,0,"[0, 1]"
552868,7562944,14,0,"[0, 1]"
552868,7562944,8,0,"[0, 1]"
552868,7562944,12,0,"[0, 1]"
552868,7562944,11,0,"[0, 1]"
552868,7562944,13,0,"[0, 1]"
552868,7562944,23,0,"[0, 1]"
552868,7562944,29,0,"[0, 1]"
552868,7562944,24,0,"[0, 1]"
552868,7562944,15,0,"[0, 1]"
552868,7562944,16,0,"[0, 1]"
552868,7562944,28,0,"[0, 1]"
552868,7562944,27,0,"[0, 1]"
552868,7562944,22,0,"[0, 1]"
552868,7562944,46,0,"[0, 1]"
552868,7562944,62,0,"[0, 1]"
552868,7562944,60,0,"[0, 1]"
552868,7562944,48,0,"[0, 1]"
552868,7562944,44,0,"[0, 1]"
552868,7562944,49,0,"[0, 1]"
552868,7562944,59,0,"[0, 1]"
552868,7562944,53,0,"[0, 1]"
552868,7562944,36,0,"[0, 1]"
552868,7562944,54,0,"[0, 1]"
552868,7562944,117,0,"[0, 1]"
552868,7562944,79,0,"[0, 1]"
552868,7562944,72,0,"[0, 1]"
552868,7562944,122,0,"[0, 1]"
552868,7562944,80,0,"[0, 1]"
552868,7562944,73,0,"[0, 1]"
552868,7562944,87,0,"[0, 1]"
552868,7562944,112,0,"[0, 1]"
552868,7562944,89,0,"[0, 1]"
552868,7562944,106,0,"[0, 1]"
552868,7562944,95,0,"[0, 1]"
552868,7562944,110,0,"[0, 1]"
552868,7562944,227,0,"[0, 1]"
552868,7562944,236,0,"[0, 1]"
552868,7562944,131,0,"[0, 1]"
552868,7562944,222,0,"[0, 1]"
552868,7562944,223,0,"[0, 1]"
552868,7562944,205,0,"[0, 1]"
552868,7562944,189,0,"[0, 1]"
552868,7562944,143,0,"[0, 1]"
552868,7562944,157,0,"[0, 1]"
552868,7562944,160,0,"[0, 1]"
552868,7562944,204,0,"[0, 1]"
552868,7562944,229,0,"[0, 1]"
552868,7562944,162,0,"[0, 1]"
552868,7562944,220,0,"[0, 1]"
552868,7562944,280,0,"[0, 1]"
552868,7562944,300,0,"[0, 1]"
552868,7562944,288,0,"[0, 1]"
552868,7562944,472,0,"[0, 1]"
552868,7562944,495,0,"[0, 1]"
552868,7562944,326,0,"[0, 1]"
552868,7562944,466,0,"[0, 1]"
552868,7562944,418,0,"[0, 1]"
552868,7562944,299,0,"[0, 1]"
552868,7562944,439,0,"[0, 1]"
552868,7562944,348,0,"[0, 1]"
552868,7562944,457,0,"[0, 1]"
552868,7562944,501,0,"[0, 1]"
552868,7562944,295,0,"[0, 1]"
552868,7562944,260,0,"[0, 1]"
552868,7562944,343,0,"[0, 1]"
552868,7562944,756,0,"[0, 1]"
552868,7562944,792,0,"[0, 1]"
552868,7562944,867,0,"[0, 1]"
552868,7562944,589,0,"[0, 1]"
552868,7562944,713,0,"[0, 1]"
552868,7562944,708,0,"[0, 1]"
552868,7562944,962,0,"[0, 1]"
552868,7562944,655,0,"[0, 1]"
552868,7562944,944,0,"[0, 1]"
552868,7562944,685,0,"[0, 1]"
552868,7562944,779,0,"[0, 1]"
552868,7562944,614,0,"[0, 1]"
552868,7562944,751,0,"[0, 1]"
552868,7562944,1020,0,"[0, 1]"
552868,7562944,854,0,"[0, 1]"
552868,7562944,971,0,"[0, 1]"
552868,7562944,602,0,"[0, 1]"
552868,7562944,737,0,"[0, 1]"
552868,7562944,1206,0,"[0, 1]"
552868,7562944,1865,0,"[0, 1]"
552868,7562944,1256,0,"[0, 1]"
552868,7562944,1793,0,"[0, 1]"
552868,7562944,1693,0,"[0, 1]"
552868,7562944,1820,0,"[0, 1]"
552868,7562944,1704,0,"[0, 1]"
552868,7562944,1540,0,"[0, 1]"
552868,7562944,1175,0,"[0, 1]"
552868,7562944,1158,0,"[0, 1]"
552868,7562944,1483,0,"[0, 1]"
552868,7562944,1713,0,"[0, 1]"
552868,7562944,1521,0,"[0, 1]"
552868,7562944,1948,0,"[0, 1]"
552868,7562944,1978,0,"[0, 1]"
552868,7562944,1921,0,"[0, 1]"
552868,7562944,1112,0,"[0, 1]"
552868,7562944,1710,0,"[0, 1]"
552868,7562944,1658,0,"[0, 1]"
552868,7562944,1234,0,"[0, 1]"
552868,7562944,2820,0,"[0, 1]"
552868,7562944,2651,0,"[0, 1]"
552868,7562944,3765,0,"[0, 1]"
552868,7562944,3314,0,"[0, 1]"
552868,7562944,2831,0,"[0, 1]"
552868,7562944,3440,0,"[0, 1]"
552868,7562944,3448,0,"[0, 1]"
552868,7562944,2415,0,"[0, 1]"
552868,7562944,3554,0,"[0, 1]"
552868,7562944,3978,0,"[0, 1]"
552868,7562944,3107,0,"[0, 1]"
552868,7562944,3751,0,"[0, 1]"
552868,7562944,3145,0,"[0, 1]"
552868,7562944,3309,0,"[0, 1]"
552868,7562944,3863,0,"[0, 1]"
552868,7562944,3852,0,"[0, 1]"
552868,7562944,2941,0,"[0, 1]"
552868,7562944,2804,0,"[0, 1]"
552868,7562944,3047,0,"[0, 1]"
552868,7562944,2346,0,"[0, 1]"
552868,7562944,2996,0,"[0, 1]"
552868,7562944,3468,0,"[0, 1]"
552868,7562944,7125623,1,"[0, 1]"
552868,7562944,4885,0,"[0, 1]"
552868,7562944,1263638,1,"[0, 1]"
552868,7562944,7429319,1,"[0, 1]"
552868,7562944,7403564,1,"[0, 1]"
552868,7562944,7085194,1,"[0, 1]"
552868,7562944,7625918,1,"[0, 1]"
552868,7562944,7260599,1,"[0, 1]"
552868,7562944,7299671,1,"[0, 1]"
552868,7562944,7477283,1,"[0, 1]"
552868,7562944,4776,0,"[0, 1]"
552868,7562944,7637574,1,"[0, 1]"
552868,7562944,4337,0,"[0, 1]"
552868,7562944,7166120,1,"[0, 1]"
552868,7562944,7646087,1,"[0, 1]"
552868,7562944,4452,0,"[0, 1]"
552868,7562944,7514867,1,"[0, 1]"
552868,7562944,7506366,1,"[0, 1]"
552868,7562944,4136,0,"[0, 1]"
552868,7562944,4437,0,"[0, 1]"
552868,7562944,905454,1,"[0, 1]"
552868,7562944,7645500,1,"[0, 1]"
552868,7562944,7102411,1,"[0, 1]"
552868,7562944,7651286,1,"[0, 1]"
435412,7563026,7563026,1,"[1, 0]"
435412,7563026,2094,0,"[1, 0]"
435412,7563026,1046,0,"[1, 0]"
435412,7563026,522,0,"[1, 0]"
435412,7563026,260,0,"[1, 0]"
435412,7563026,129,0,"[1, 0]"
435412,7563026,64,0,"[1, 0]"
435412,7563026,31,0,"[1, 0]"
435412,7563026,15,0,"[1, 0]"
435412,7563026,7,0,"[1, 0]"
435412,7563026,3,0,"[1, 0]"
435412,7563026,1,0,"[1, 0]"
435412,7563026,0,0,"[1, 0]"
435412,7563026,1,0,"[0, 1]"
435412,7563026,2,0,"[0, 1]"
435412,7563026,3,0,"[0, 1]"
435412,7563026,6,0,"[0, 1]"
435412,7563026,4,0,"[0, 1]"
435412,7563026,5,0,"[0, 1]"
435412,7563026,13,0,"[0, 1]"
435412,7563026,14,0,"[0, 1]"
435412,7563026,12,0,"[0, 1]"
435412,7563026,7,0,"[0, 1]"
435412,7563026,11,0,"[0, 1]"
435412,7563026,8,0,"[0, 1]"
435412,7563026,16,0,"[0, 1]"
435412,7563026,15,0,"[0, 1]"
435412,7563026,17,0,"[0, 1]"
435412,7563026,18,0,"[0, 1]"
435412,7563026,30,0,"[0, 1]"
435412,7563026,29,0,"[0, 1]"
435412,7563026,28,0,"[0, 1]"
435412,7563026,23,0,"[0, 1]"
435412,7563026,50,0,"[0, 1]"
435412,7563026,51,0,"[0, 1]"
435412,7563026,34,0,"[0, 1]"
435412,7563026,32,0,"[0, 1]"
435412,7563026,57,0,"[0, 1]"
435412,7563026,37,0,"[0, 1]"
435412,7563026,41,0,"[0, 1]"
435412,7563026,45,0,"[0, 1]"
435412,7563026,46,0,"[0, 1]"
435412,7563026,35,0,"[0, 1]"
435412,7563026,64,0,"[0, 1]"
435412,7563026,101,0,"[0, 1]"
435412,7563026,67,0,"[0, 1]"
435412,7563026,76,0,"[0, 1]"
435412,7563026,117,0,"[0, 1]"
435412,7563026,95,0,"[0, 1]"
435412,7563026,74,0,"[0, 1]"
435412,7563026,68,0,"[0, 1]"
435412,7563026,84,0,"[0, 1]"
435412,7563026,77,0,"[0, 1]"
435412,7563026,75,0,"[0, 1]"
435412,7563026,66,0,"[0, 1]"
435412,7563026,217,0,"[0, 1]"
435412,7563026,197,0,"[0, 1]"
435412,7563026,136,0,"[0, 1]"
435412,7563026,241,0,"[0, 1]"
435412,7563026,222,0,"[0, 1]"
435412,7563026,212,0,"[0, 1]"
435412,7563026,235,0,"[0, 1]"
435412,7563026,232,0,"[0, 1]"
435412,7563026,153,0,"[0, 1]"
435412,7563026,192,0,"[0, 1]"
435412,7563026,243,0,"[0, 1]"
435412,7563026,152,0,"[0, 1]"
435412,7563026,168,0,"[0, 1]"
435412,7563026,247,0,"[0, 1]"
435412,7563026,481,0,"[0, 1]"
435412,7563026,446,0,"[0, 1]"
435412,7563026,264,0,"[0, 1]"
435412,7563026,499,0,"[0, 1]"
435412,7563026,353,0,"[0, 1]"
435412,7563026,436,0,"[0, 1]"
435412,7563026,431,0,"[0, 1]"
435412,7563026,343,0,"[0, 1]"
435412,7563026,504,0,"[0, 1]"
435412,7563026,362,0,"[0, 1]"
435412,7563026,260,0,"[0, 1]"
435412,7563026,379,0,"[0, 1]"
435412,7563026,345,0,"[0, 1]"
435412,7563026,509,0,"[0, 1]"
435412,7563026,279,0,"[0, 1]"
435412,7563026,493,0,"[0, 1]"
435412,7563026,879,0,"[0, 1]"
435412,7563026,642,0,"[0, 1]"
435412,7563026,676,0,"[0, 1]"
435412,7563026,674,0,"[0, 1]"
435412,7563026,945,0,"[0, 1]"
435412,7563026,699,0,"[0, 1]"
435412,7563026,917,0,"[0, 1]"
435412,7563026,1013,0,"[0, 1]"
435412,7563026,610,0,"[0, 1]"
435412,7563026,916,0,"[0, 1]"
435412,7563026,787,0,"[0, 1]"
435412,7563026,873,0,"[0, 1]"
435412,7563026,660,0,"[0, 1]"
435412,7563026,566,0,"[0, 1]"
435412,7563026,615,0,"[0, 1]"
435412,7563026,947,0,"[0, 1]"
435412,7563026,715,0,"[0, 1]"
435412,7563026,997,0,"[0, 1]"
435412,7563026,1934,0,"[0, 1]"
435412,7563026,1752,0,"[0, 1]"
435412,7563026,1919,0,"[0, 1]"
435412,7563026,1673,0,"[0, 1]"
435412,7563026,1887,0,"[0, 1]"
435412,7563026,1971,0,"[0, 1]"
435412,7563026,1049,0,"[0, 1]"
435412,7563026,1894,0,"[0, 1]"
435412,7563026,1440,0,"[0, 1]"
435412,7563026,1415,0,"[0, 1]"
435412,7563026,1205,0,"[0, 1]"
435412,7563026,1816,0,"[0, 1]"
435412,7563026,1069,0,"[0, 1]"
435412,7563026,1390,0,"[0, 1]"
435412,7563026,1755,0,"[0, 1]"
435412,7563026,1026,0,"[0, 1]"
435412,7563026,1273,0,"[0, 1]"
435412,7563026,1109,0,"[0, 1]"
435412,7563026,1769,0,"[0, 1]"
435412,7563026,1162,0,"[0, 1]"
435412,7563026,3033,0,"[0, 1]"
435412,7563026,3577,0,"[0, 1]"
435412,7563026,2415,0,"[0, 1]"
435412,7563026,3232,0,"[0, 1]"
435412,7563026,3699,0,"[0, 1]"
435412,7563026,2099,0,"[0, 1]"
435412,7563026,2911,0,"[0, 1]"
435412,7563026,3343,0,"[0, 1]"
435412,7563026,3810,0,"[0, 1]"
435412,7563026,2158,0,"[0, 1]"
435412,7563026,3497,0,"[0, 1]"
435412,7563026,3588,0,"[0, 1]"
435412,7563026,3199,0,"[0, 1]"
435412,7563026,2143,0,"[0, 1]"
435412,7563026,2073,0,"[0, 1]"
435412,7563026,3860,0,"[0, 1]"
435412,7563026,4041,0,"[0, 1]"
435412,7563026,3357,0,"[0, 1]"
435412,7563026,3996,0,"[0, 1]"
435412,7563026,3073,0,"[0, 1]"
435412,7563026,3328,0,"[0, 1]"
435412,7563026,2199,0,"[0, 1]"
435412,7563026,7429680,1,"[0, 1]"
435412,7563026,7644144,1,"[0, 1]"
435412,7563026,4571,0,"[0, 1]"
435412,7563026,7297000,1,"[0, 1]"
435412,7563026,1427131,1,"[0, 1]"
435412,7563026,7204887,1,"[0, 1]"
435412,7563026,7289438,1,"[0, 1]"
435412,7563026,7264376,1,"[0, 1]"
435412,7563026,4662,0,"[0, 1]"
435412,7563026,7315032,1,"[0, 1]"
435412,7563026,7181095,1,"[0, 1]"
435412,7563026,7222518,1,"[0, 1]"
435412,7563026,7221317,1,"[0, 1]"
435412,7563026,4168,0,"[0, 1]"
435412,7563026,7089215,1,"[0, 1]"
435412,7563026,7095016,1,"[0, 1]"
435412,7563026,4590,0,"[0, 1]"
435412,7563026,4878,0,"[0, 1]"
435412,7563026,7281645,1,"[0, 1]"
435412,7563026,4369406,1,"[0, 1]"
435412,7563026,7484293,1,"[0, 1]"
435412,7563026,7113578,1,"[0, 1]"
435412,7563026,7387931,1,"[0, 1]"
435412,7563026,4602,0,"[0, 1]"
1095787,7563256,7563256,1,"[1, 0]"
1095787,7563256,4354,0,"[1, 0]"
1095787,7563256,2636,0,"[1, 0]"
1095787,7563256,1317,0,"[1, 0]"
1095787,7563256,658,0,"[1, 0]"
1095787,7563256,328,0,"[1, 0]"
1095787,7563256,163,0,"[1, 0]"
1095787,7563256,81,0,"[1, 0]"
1095787,7563256,40,0,"[1, 0]"
1095787,7563256,19,0,"[1, 0]"
1095787,7563256,9,0,"[1, 0]"
1095787,7563256,4,0,"[1, 0]"
1095787,7563256,1,0,"[1, 0]"
1095787,7563256,0,0,"[1, 0]"
1095787,7563256,2,0,"[0, 1]"
1095787,7563256,1,0,"[0, 1]"
1095787,7563256,3,0,"[0, 1]"
1095787,7563256,6,0,"[0, 1]"
1095787,7563256,4,0,"[0, 1]"
1095787,7563256,5,0,"[0, 1]"
1095787,7563256,11,0,"[0, 1]"
1095787,7563256,9,0,"[0, 1]"
1095787,7563256,8,0,"[0, 1]"
1095787,7563256,12,0,"[0, 1]"
1095787,7563256,7,0,"[0, 1]"
1095787,7563256,10,0,"[0, 1]"
1095787,7563256,20,0,"[0, 1]"
1095787,7563256,29,0,"[0, 1]"
1095787,7563256,30,0,"[0, 1]"
1095787,7563256,25,0,"[0, 1]"
1095787,7563256,21,0,"[0, 1]"
1095787,7563256,23,0,"[0, 1]"
1095787,7563256,22,0,"[0, 1]"
1095787,7563256,26,0,"[0, 1]"
1095787,7563256,55,0,"[0, 1]"
1095787,7563256,32,0,"[0, 1]"
1095787,7563256,51,0,"[0, 1]"
1095787,7563256,60,0,"[0, 1]"
1095787,7563256,61,0,"[0, 1]"
1095787,7563256,45,0,"[0, 1]"
1095787,7563256,42,0,"[0, 1]"
1095787,7563256,33,0,"[0, 1]"
1095787,7563256,54,0,"[0, 1]"
1095787,7563256,46,0,"[0, 1]"
1095787,7563256,64,0,"[0, 1]"
1095787,7563256,123,0,"[0, 1]"
1095787,7563256,113,0,"[0, 1]"
1095787,7563256,77,0,"[0, 1]"
1095787,7563256,126,0,"[0, 1]"
1095787,7563256,116,0,"[0, 1]"
1095787,7563256,104,0,"[0, 1]"
1095787,7563256,99,0,"[0, 1]"
1095787,7563256,79,0,"[0, 1]"
1095787,7563256,88,0,"[0, 1]"
1095787,7563256,121,0,"[0, 1]"
1095787,7563256,80,0,"[0, 1]"
1095787,7563256,128,0,"[0, 1]"
1095787,7563256,148,0,"[0, 1]"
1095787,7563256,161,0,"[0, 1]"
1095787,7563256,167,0,"[0, 1]"
1095787,7563256,199,0,"[0, 1]"
1095787,7563256,169,0,"[0, 1]"
1095787,7563256,210,0,"[0, 1]"
1095787,7563256,216,0,"[0, 1]"
1095787,7563256,248,0,"[0, 1]"
1095787,7563256,191,0,"[0, 1]"
1095787,7563256,134,0,"[0, 1]"
1095787,7563256,138,0,"[0, 1]"
1095787,7563256,226,0,"[0, 1]"
1095787,7563256,172,0,"[0, 1]"
1095787,7563256,326,0,"[0, 1]"
1095787,7563256,278,0,"[0, 1]"
1095787,7563256,262,0,"[0, 1]"
1095787,7563256,292,0,"[0, 1]"
1095787,7563256,318,0,"[0, 1]"
1095787,7563256,351,0,"[0, 1]"
1095787,7563256,288,0,"[0, 1]"
1095787,7563256,260,0,"[0, 1]"
1095787,7563256,438,0,"[0, 1]"
1095787,7563256,491,0,"[0, 1]"
1095787,7563256,406,0,"[0, 1]"
1095787,7563256,442,0,"[0, 1]"
1095787,7563256,480,0,"[0, 1]"
1095787,7563256,323,0,"[0, 1]"
1095787,7563256,256,0,"[0, 1]"
1095787,7563256,340,0,"[0, 1]"
1095787,7563256,713,0,"[0, 1]"
1095787,7563256,928,0,"[0, 1]"
1095787,7563256,736,0,"[0, 1]"
1095787,7563256,747,0,"[0, 1]"
1095787,7563256,533,0,"[0, 1]"
1095787,7563256,773,0,"[0, 1]"
1095787,7563256,653,0,"[0, 1]"
1095787,7563256,798,0,"[0, 1]"
1095787,7563256,790,0,"[0, 1]"
1095787,7563256,739,0,"[0, 1]"
1095787,7563256,645,0,"[0, 1]"
1095787,7563256,1018,0,"[0, 1]"
1095787,7563256,548,0,"[0, 1]"
1095787,7563256,591,0,"[0, 1]"
1095787,7563256,551,0,"[0, 1]"
1095787,7563256,579,0,"[0, 1]"
1095787,7563256,608,0,"[0, 1]"
1095787,7563256,744,0,"[0, 1]"
1095787,7563256,1339,0,"[0, 1]"
1095787,7563256,1621,0,"[0, 1]"
1095787,7563256,1376,0,"[0, 1]"
1095787,7563256,1106,0,"[0, 1]"
1095787,7563256,1950,0,"[0, 1]"
1095787,7563256,1707,0,"[0, 1]"
1095787,7563256,1704,0,"[0, 1]"
1095787,7563256,2007,0,"[0, 1]"
1095787,7563256,1109,0,"[0, 1]"
1095787,7563256,1519,0,"[0, 1]"
1095787,7563256,1394,0,"[0, 1]"
1095787,7563256,1546,0,"[0, 1]"
1095787,7563256,1595,0,"[0, 1]"
1095787,7563256,1936,0,"[0, 1]"
1095787,7563256,1490,0,"[0, 1]"
1095787,7563256,1879,0,"[0, 1]"
1095787,7563256,1159,0,"[0, 1]"
1095787,7563256,1961,0,"[0, 1]"
1095787,7563256,1940,0,"[0, 1]"
1095787,7563256,1671,0,"[0, 1]"
1095787,7563256,2136,0,"[0, 1]"
1095787,7563256,3637,0,"[0, 1]"
1095787,7563256,3074,0,"[0, 1]"
1095787,7563256,2113,0,"[0, 1]"
1095787,7563256,2323,0,"[0, 1]"
1095787,7563256,2922,0,"[0, 1]"
1095787,7563256,3819,0,"[0, 1]"
1095787,7563256,2284,0,"[0, 1]"
1095787,7563256,3694,0,"[0, 1]"
1095787,7563256,3646,0,"[0, 1]"
1095787,7563256,2589,0,"[0, 1]"
1095787,7563256,3716,0,"[0, 1]"
1095787,7563256,2419,0,"[0, 1]"
1095787,7563256,3851,0,"[0, 1]"
1095787,7563256,2394,0,"[0, 1]"
1095787,7563256,3252,0,"[0, 1]"
1095787,7563256,3839,0,"[0, 1]"
1095787,7563256,2537,0,"[0, 1]"
1095787,7563256,2131,0,"[0, 1]"
1095787,7563256,3667,0,"[0, 1]"
1095787,7563256,3107,0,"[0, 1]"
1095787,7563256,3068,0,"[0, 1]"
1095787,7563256,7533374,1,"[0, 1]"
1095787,7563256,7480498,1,"[0, 1]"
1095787,7563256,4781,0,"[0, 1]"
1095787,7563256,4738,0,"[0, 1]"
1095787,7563256,7567214,1,"[0, 1]"
1095787,7563256,7616512,1,"[0, 1]"
1095787,7563256,4879323,1,"[0, 1]"
1095787,7563256,7424207,1,"[0, 1]"
1095787,7563256,7584078,1,"[0, 1]"
1095787,7563256,7447712,1,"[0, 1]"
1095787,7563256,4422,0,"[0, 1]"
1095787,7563256,4313602,1,"[0, 1]"
1095787,7563256,1243823,1,"[0, 1]"
1095787,7563256,7075801,1,"[0, 1]"
1095787,7563256,7543689,1,"[0, 1]"
1095787,7563256,7573435,1,"[0, 1]"
1095787,7563256,4988,0,"[0, 1]"
1095787,7563256,3504966,1,"[0, 1]"
1095787,7563256,4100,0,"[0, 1]"
1095787,7563256,7333867,1,"[0, 1]"
1095787,7563256,7687385,1,"[0, 1]"
1095787,7563256,4761,0,"[0, 1]"
1095787,7563256,7202337,1,"[0, 1]"
1095787,7563256,4880,0,"[0, 1]"
1095787,7563256,7268026,1,"[0, 1]"
1095787,7563256,4103115,1,"[0, 1]"
1095787,7563256,7208390,1,"[0, 1]"
1095787,7563256,7578411,1,"[0, 1]"
1095787,7563256,7099130,1,"[0, 1]"
1095787,7563256,7583330,1,"[0, 1]"
1095787,7563256,7404959,1,"[0, 1]"
1095787,7563256,5719260,1,"[0, 1]"
1095787,7563256,7276138,1,"[0, 1]"
1095787,7563256,7212434,1,"[0, 1]"
1095787,7563256,7162765,1,"[0, 1]"
1095787,7563256,7303270,1,"[0, 1]"
1095787,7563256,7681577,1,"[0, 1]"
1095787,7563256,7355625,1,"[0, 1]"
1095787,7563256,7660760,1,"[0, 1]"
1095787,7563256,7224650,1,"[0, 1]"
1095787,7563256,7681649,1,"[0, 1]"
1095787,7563256,7149789,1,"[0, 1]"
1095787,7563256,7372760,1,"[0, 1]"
1095787,7563256,2872182,1,"[0, 1]"
1095787,7563256,7330109,1,"[0, 1]"
1095787,7563256,7321478,1,"[0, 1]"
1095787,7563256,7108466,1,"[0, 1]"
1095787,7563256,7264235,1,"[0, 1]"
1095787,7563256,7569884,1,"[0, 1]"
1095787,7563256,7595430,1,"[0, 1]"
633617,7563535,7563535,1,"[1, 0]"
633617,7563535,3387,0,"[1, 0]"
633617,7563535,1693,0,"[1, 0]"
633617,7563535,846,0,"[1, 0]"
633617,7563535,422,0,"[1, 0]"
633617,7563535,210,0,"[1, 0]"
633617,7563535,104,0,"[1, 0]"
633617,7563535,51,0,"[1, 0]"
633617,7563535,25,0,"[1, 0]"
633617,7563535,12,0,"[1, 0]"
633617,7563535,5,0,"[1, 0]"
633617,7563535,2,0,"[1, 0]"
633617,7563535,0,0,"[1, 0]"
633617,7563535,1,0,"[0, 1]"
633617,7563535,2,0,"[0, 1]"
633617,7563535,6,0,"[0, 1]"
633617,7563535,3,0,"[0, 1]"
633617,7563535,4,0,"[0, 1]"
633617,7563535,5,0,"[0, 1]"
633617,7563535,8,0,"[0, 1]"
633617,7563535,10,0,"[0, 1]"
633617,7563535,12,0,"[0, 1]"
633617,7563535,7,0,"[0, 1]"
633617,7563535,14,0,"[0, 1]"
633617,7563535,11,0,"[0, 1]"
633617,7563535,20,0,"[0, 1]"
633617,7563535,29,0,"[0, 1]"
633617,7563535,25,0,"[0, 1]"
633617,7563535,19,0,"[0, 1]"
633617,7563535,30,0,"[0, 1]"
633617,7563535,23,0,"[0, 1]"
633617,7563535,18,0,"[0, 1]"
633617,7563535,22,0,"[0, 1]"
633617,7563535,39,0,"[0, 1]"
633617,7563535,32,0,"[0, 1]"
633617,7563535,62,0,"[0, 1]"
633617,7563535,43,0,"[0, 1]"
633617,7563535,49,0,"[0, 1]"
633617,7563535,41,0,"[0, 1]"
633617,7563535,59,0,"[0, 1]"
633617,7563535,56,0,"[0, 1]"
633617,7563535,52,0,"[0, 1]"
633617,7563535,48,0,"[0, 1]"
633617,7563535,84,0,"[0, 1]"
633617,7563535,77,0,"[0, 1]"
633617,7563535,92,0,"[0, 1]"
633617,7563535,94,0,"[0, 1]"
633617,7563535,107,0,"[0, 1]"
633617,7563535,97,0,"[0, 1]"
633617,7563535,71,0,"[0, 1]"
633617,7563535,65,0,"[0, 1]"
633617,7563535,117,0,"[0, 1]"
633617,7563535,113,0,"[0, 1]"
633617,7563535,74,0,"[0, 1]"
633617,7563535,102,0,"[0, 1]"
633617,7563535,181,0,"[0, 1]"
633617,7563535,179,0,"[0, 1]"
633617,7563535,227,0,"[0, 1]"
633617,7563535,241,0,"[0, 1]"
633617,7563535,197,0,"[0, 1]"
633617,7563535,161,0,"[0, 1]"
633617,7563535,235,0,"[0, 1]"
633617,7563535,193,0,"[0, 1]"
633617,7563535,245,0,"[0, 1]"
633617,7563535,150,0,"[0, 1]"
633617,7563535,232,0,"[0, 1]"
633617,7563535,242,0,"[0, 1]"
633617,7563535,169,0,"[0, 1]"
633617,7563535,187,0,"[0, 1]"
633617,7563535,495,0,"[0, 1]"
633617,7563535,346,0,"[0, 1]"
633617,7563535,276,0,"[0, 1]"
633617,7563535,426,0,"[0, 1]"
633617,7563535,508,0,"[0, 1]"
633617,7563535,310,0,"[0, 1]"
633617,7563535,328,0,"[0, 1]"
633617,7563535,292,0,"[0, 1]"
633617,7563535,303,0,"[0, 1]"
633617,7563535,455,0,"[0, 1]"
633617,7563535,482,0,"[0, 1]"
633617,7563535,368,0,"[0, 1]"
633617,7563535,334,0,"[0, 1]"
633617,7563535,505,0,"[0, 1]"
633617,7563535,408,0,"[0, 1]"
633617,7563535,282,0,"[0, 1]"
633617,7563535,1016,0,"[0, 1]"
633617,7563535,983,0,"[0, 1]"
633617,7563535,963,0,"[0, 1]"
633617,7563535,591,0,"[0, 1]"
633617,7563535,774,0,"[0, 1]"
633617,7563535,998,0,"[0, 1]"
633617,7563535,940,0,"[0, 1]"
633617,7563535,959,0,"[0, 1]"
633617,7563535,623,0,"[0, 1]"
633617,7563535,809,0,"[0, 1]"
633617,7563535,512,0,"[0, 1]"
633617,7563535,831,0,"[0, 1]"
633617,7563535,631,0,"[0, 1]"
633617,7563535,907,0,"[0, 1]"
633617,7563535,789,0,"[0, 1]"
633617,7563535,796,0,"[0, 1]"
633617,7563535,596,0,"[0, 1]"
633617,7563535,734,0,"[0, 1]"
633617,7563535,1685,0,"[0, 1]"
633617,7563535,1773,0,"[0, 1]"
633617,7563535,1221,0,"[0, 1]"
633617,7563535,1891,0,"[0, 1]"
633617,7563535,1664,0,"[0, 1]"
633617,7563535,1157,0,"[0, 1]"
633617,7563535,1087,0,"[0, 1]"
633617,7563535,1493,0,"[0, 1]"
633617,7563535,1173,0,"[0, 1]"
633617,7563535,1737,0,"[0, 1]"
633617,7563535,2030,0,"[0, 1]"
633617,7563535,1583,0,"[0, 1]"
633617,7563535,1450,0,"[0, 1]"
633617,7563535,1885,0,"[0, 1]"
633617,7563535,1127,0,"[0, 1]"
633617,7563535,1529,0,"[0, 1]"
633617,7563535,1095,0,"[0, 1]"
633617,7563535,1471,0,"[0, 1]"
633617,7563535,1560,0,"[0, 1]"
633617,7563535,1348,0,"[0, 1]"
633617,7563535,3274,0,"[0, 1]"
633617,7563535,2445,0,"[0, 1]"
633617,7563535,3017,0,"[0, 1]"
633617,7563535,3727,0,"[0, 1]"
633617,7563535,2563,0,"[0, 1]"
633617,7563535,3327,0,"[0, 1]"
633617,7563535,2738,0,"[0, 1]"
633617,7563535,2083,0,"[0, 1]"
633617,7563535,3795,0,"[0, 1]"
633617,7563535,2593,0,"[0, 1]"
633617,7563535,2808,0,"[0, 1]"
633617,7563535,3694,0,"[0, 1]"
633617,7563535,2619,0,"[0, 1]"
633617,7563535,2474,0,"[0, 1]"
633617,7563535,3064,0,"[0, 1]"
633617,7563535,2391,0,"[0, 1]"
633617,7563535,3570,0,"[0, 1]"
633617,7563535,3151,0,"[0, 1]"
633617,7563535,2196,0,"[0, 1]"
633617,7563535,2685,0,"[0, 1]"
633617,7563535,2306,0,"[0, 1]"
633617,7563535,2197,0,"[0, 1]"
633617,7563535,7359452,1,"[0, 1]"
633617,7563535,7612858,1,"[0, 1]"
633617,7563535,7207608,1,"[0, 1]"
633617,7563535,7253021,1,"[0, 1]"
633617,7563535,4505,0,"[0, 1]"
633617,7563535,7359558,1,"[0, 1]"
633617,7563535,4967,0,"[0, 1]"
633617,7563535,7384901,1,"[0, 1]"
633617,7563535,7175177,1,"[0, 1]"
633617,7563535,3835100,1,"[0, 1]"
633617,7563535,7318277,1,"[0, 1]"
633617,7563535,7384802,1,"[0, 1]"
633617,7563535,7096464,1,"[0, 1]"
633617,7563535,4881,0,"[0, 1]"
633617,7563535,4212045,1,"[0, 1]"
633617,7563535,7544274,1,"[0, 1]"
633617,7563535,7170192,1,"[0, 1]"
633617,7563535,4494,0,"[0, 1]"
633617,7563535,7292567,1,"[0, 1]"
633617,7563535,7189043,1,"[0, 1]"
633617,7563535,7289154,1,"[0, 1]"
633617,7563535,4673,0,"[0, 1]"
633617,7563535,4938,0,"[0, 1]"
633617,7563535,7578450,1,"[0, 1]"
163038,7563727,7563727,1,"[1, 0]"
163038,7563727,2916,0,"[1, 0]"
163038,7563727,1457,0,"[1, 0]"
163038,7563727,728,0,"[1, 0]"
163038,7563727,363,0,"[1, 0]"
163038,7563727,181,0,"[1, 0]"
163038,7563727,90,0,"[1, 0]"
163038,7563727,44,0,"[1, 0]"
163038,7563727,21,0,"[1, 0]"
163038,7563727,10,0,"[1, 0]"
163038,7563727,4,0,"[1, 0]"
163038,7563727,1,0,"[1, 0]"
163038,7563727,0,0,"[1, 0]"
163038,7563727,1,0,"[0, 1]"
163038,7563727,2,0,"[0, 1]"
163038,7563727,4,0,"[0, 1]"
163038,7563727,6,0,"[0, 1]"
163038,7563727,5,0,"[0, 1]"
163038,7563727,3,0,"[0, 1]"
163038,7563727,13,0,"[0, 1]"
163038,7563727,7,0,"[0, 1]"
163038,7563727,9,0,"[0, 1]"
163038,7563727,14,0,"[0, 1]"
163038,7563727,11,0,"[0, 1]"
163038,7563727,12,0,"[0, 1]"
163038,7563727,16,0,"[0, 1]"
163038,7563727,25,0,"[0, 1]"
163038,7563727,20,0,"[0, 1]"
163038,7563727,27,0,"[0, 1]"
163038,7563727,22,0,"[0, 1]"
163038,7563727,30,0,"[0, 1]"
163038,7563727,21,0,"[0, 1]"
163038,7563727,18,0,"[0, 1]"
163038,7563727,43,0,"[0, 1]"
163038,7563727,61,0,"[0, 1]"
163038,7563727,34,0,"[0, 1]"
163038,7563727,54,0,"[0, 1]"
163038,7563727,46,0,"[0, 1]"
163038,7563727,39,0,"[0, 1]"
163038,7563727,37,0,"[0, 1]"
163038,7563727,59,0,"[0, 1]"
163038,7563727,51,0,"[0, 1]"
163038,7563727,47,0,"[0, 1]"
163038,7563727,67,0,"[0, 1]"
163038,7563727,108,0,"[0, 1]"
163038,7563727,115,0,"[0, 1]"
163038,7563727,101,0,"[0, 1]"
163038,7563727,74,0,"[0, 1]"
163038,7563727,97,0,"[0, 1]"
163038,7563727,125,0,"[0, 1]"
163038,7563727,93,0,"[0, 1]"
163038,7563727,111,0,"[0, 1]"
163038,7563727,66,0,"[0, 1]"
163038,7563727,94,0,"[0, 1]"
163038,7563727,106,0,"[0, 1]"
163038,7563727,196,0,"[0, 1]"
163038,7563727,188,0,"[0, 1]"
163038,7563727,128,0,"[0, 1]"
163038,7563727,210,0,"[0, 1]"
163038,7563727,238,0,"[0, 1]"
163038,7563727,157,0,"[0, 1]"
163038,7563727,199,0,"[0, 1]"
163038,7563727,232,0,"[0, 1]"
163038,7563727,221,0,"[0, 1]"
163038,7563727,217,0,"[0, 1]"
163038,7563727,247,0,"[0, 1]"
163038,7563727,185,0,"[0, 1]"
163038,7563727,200,0,"[0, 1]"
163038,7563727,166,0,"[0, 1]"
163038,7563727,353,0,"[0, 1]"
163038,7563727,425,0,"[0, 1]"
163038,7563727,328,0,"[0, 1]"
163038,7563727,465,0,"[0, 1]"
163038,7563727,306,0,"[0, 1]"
163038,7563727,382,0,"[0, 1]"
163038,7563727,409,0,"[0, 1]"
163038,7563727,341,0,"[0, 1]"
163038,7563727,347,0,"[0, 1]"
163038,7563727,315,0,"[0, 1]"
163038,7563727,348,0,"[0, 1]"
163038,7563727,460,0,"[0, 1]"
163038,7563727,498,0,"[0, 1]"
163038,7563727,270,0,"[0, 1]"
163038,7563727,314,0,"[0, 1]"
163038,7563727,427,0,"[0, 1]"
163038,7563727,711,0,"[0, 1]"
163038,7563727,851,0,"[0, 1]"
163038,7563727,834,0,"[0, 1]"
163038,7563727,700,0,"[0, 1]"
163038,7563727,904,0,"[0, 1]"
163038,7563727,946,0,"[0, 1]"
163038,7563727,1010,0,"[0, 1]"
163038,7563727,933,0,"[0, 1]"
163038,7563727,752,0,"[0, 1]"
163038,7563727,840,0,"[0, 1]"
163038,7563727,975,0,"[0, 1]"
163038,7563727,886,0,"[0, 1]"
163038,7563727,976,0,"[0, 1]"
163038,7563727,860,0,"[0, 1]"
163038,7563727,761,0,"[0, 1]"
163038,7563727,785,0,"[0, 1]"
163038,7563727,765,0,"[0, 1]"
163038,7563727,571,0,"[0, 1]"
163038,7563727,1995,0,"[0, 1]"
163038,7563727,1993,0,"[0, 1]"
163038,7563727,1219,0,"[0, 1]"
163038,7563727,1934,0,"[0, 1]"
163038,7563727,1392,0,"[0, 1]"
163038,7563727,1640,0,"[0, 1]"
163038,7563727,1988,0,"[0, 1]"
163038,7563727,1441,0,"[0, 1]"
163038,7563727,1348,0,"[0, 1]"
163038,7563727,1979,0,"[0, 1]"
163038,7563727,1314,0,"[0, 1]"
163038,7563727,1130,0,"[0, 1]"
163038,7563727,1429,0,"[0, 1]"
163038,7563727,1546,0,"[0, 1]"
163038,7563727,1023,0,"[0, 1]"
163038,7563727,1335,0,"[0, 1]"
163038,7563727,1877,0,"[0, 1]"
163038,7563727,1437,0,"[0, 1]"
163038,7563727,1790,0,"[0, 1]"
163038,7563727,1387,0,"[0, 1]"
163038,7563727,3487,0,"[0, 1]"
163038,7563727,2932,0,"[0, 1]"
163038,7563727,3321,0,"[0, 1]"
163038,7563727,2400,0,"[0, 1]"
163038,7563727,3859,0,"[0, 1]"
163038,7563727,2816,0,"[0, 1]"
163038,7563727,4048,0,"[0, 1]"
163038,7563727,3312,0,"[0, 1]"
163038,7563727,2434,0,"[0, 1]"
163038,7563727,4058,0,"[0, 1]"
163038,7563727,3357,0,"[0, 1]"
163038,7563727,3543,0,"[0, 1]"
163038,7563727,2625,0,"[0, 1]"
163038,7563727,2150,0,"[0, 1]"
163038,7563727,3445,0,"[0, 1]"
163038,7563727,3609,0,"[0, 1]"
163038,7563727,2540,0,"[0, 1]"
163038,7563727,2585,0,"[0, 1]"
163038,7563727,2583,0,"[0, 1]"
163038,7563727,2122,0,"[0, 1]"
163038,7563727,3689,0,"[0, 1]"
163038,7563727,2073,0,"[0, 1]"
163038,7563727,7322359,1,"[0, 1]"
163038,7563727,7633985,1,"[0, 1]"
163038,7563727,7660579,1,"[0, 1]"
163038,7563727,7514459,1,"[0, 1]"
163038,7563727,7241157,1,"[0, 1]"
163038,7563727,1602468,1,"[0, 1]"
163038,7563727,7468935,1,"[0, 1]"
163038,7563727,7279737,1,"[0, 1]"
163038,7563727,7387266,1,"[0, 1]"
163038,7563727,7258070,1,"[0, 1]"
163038,7563727,4239,0,"[0, 1]"
163038,7563727,7515977,1,"[0, 1]"
163038,7563727,7107568,1,"[0, 1]"
163038,7563727,7461599,1,"[0, 1]"
163038,7563727,2266319,1,"[0, 1]"
163038,7563727,7095568,1,"[0, 1]"
163038,7563727,7268725,1,"[0, 1]"
163038,7563727,7290474,1,"[0, 1]"
163038,7563727,7513792,1,"[0, 1]"
163038,7563727,4365,0,"[0, 1]"
163038,7563727,654791,1,"[0, 1]"
163038,7563727,3724143,1,"[0, 1]"
163038,7563727,7127554,1,"[0, 1]"
163038,7563727,7173901,1,"[0, 1]"
212251,7563950,7563950,1,"[1, 0]"
212251,7563950,3016,0,"[1, 0]"
212251,7563950,1507,0,"[1, 0]"
212251,7563950,753,0,"[1, 0]"
212251,7563950,376,0,"[1, 0]"
212251,7563950,187,0,"[1, 0]"
212251,7563950,93,0,"[1, 0]"
212251,7563950,46,0,"[1, 0]"
212251,7563950,22,0,"[1, 0]"
212251,7563950,10,0,"[1, 0]"
212251,7563950,4,0,"[1, 0]"
212251,7563950,1,0,"[1, 0]"
212251,7563950,0,0,"[1, 0]"
212251,7563950,2,0,"[0, 1]"
212251,7563950,1,0,"[0, 1]"
212251,7563950,4,0,"[0, 1]"
212251,7563950,6,0,"[0, 1]"
212251,7563950,3,0,"[0, 1]"
212251,7563950,5,0,"[0, 1]"
212251,7563950,13,0,"[0, 1]"
212251,7563950,7,0,"[0, 1]"
212251,7563950,12,0,"[0, 1]"
212251,7563950,9,0,"[0, 1]"
212251,7563950,14,0,"[0, 1]"
212251,7563950,11,0,"[0, 1]"
212251,7563950,21,0,"[0, 1]"
212251,7563950,24,0,"[0, 1]"
212251,7563950,17,0,"[0, 1]"
212251,7563950,30,0,"[0, 1]"
212251,7563950,27,0,"[0, 1]"
212251,7563950,20,0,"[0, 1]"
212251,7563950,18,0,"[0, 1]"
212251,7563950,29,0,"[0, 1]"
212251,7563950,48,0,"[0, 1]"
212251,7563950,50,0,"[0, 1]"
212251,7563950,46,0,"[0, 1]"
212251,7563950,43,0,"[0, 1]"
212251,7563950,51,0,"[0, 1]"
212251,7563950,58,0,"[0, 1]"
212251,7563950,31,0,"[0, 1]"
212251,7563950,59,0,"[0, 1]"
212251,7563950,32,0,"[0, 1]"
212251,7563950,60,0,"[0, 1]"
212251,7563950,66,0,"[0, 1]"
212251,7563950,90,0,"[0, 1]"
212251,7563950,83,0,"[0, 1]"
212251,7563950,69,0,"[0, 1]"
212251,7563950,107,0,"[0, 1]"
212251,7563950,87,0,"[0, 1]"
212251,7563950,103,0,"[0, 1]"
212251,7563950,68,0,"[0, 1]"
212251,7563950,115,0,"[0, 1]"
212251,7563950,73,0,"[0, 1]"
212251,7563950,104,0,"[0, 1]"
212251,7563950,126,0,"[0, 1]"
212251,7563950,202,0,"[0, 1]"
212251,7563950,216,0,"[0, 1]"
212251,7563950,219,0,"[0, 1]"
212251,7563950,131,0,"[0, 1]"
212251,7563950,136,0,"[0, 1]"
212251,7563950,159,0,"[0, 1]"
212251,7563950,203,0,"[0, 1]"
212251,7563950,218,0,"[0, 1]"
212251,7563950,163,0,"[0, 1]"
212251,7563950,181,0,"[0, 1]"
212251,7563950,156,0,"[0, 1]"
212251,7563950,228,0,"[0, 1]"
212251,7563950,241,0,"[0, 1]"
212251,7563950,169,0,"[0, 1]"
212251,7563950,383,0,"[0, 1]"
212251,7563950,319,0,"[0, 1]"
212251,7563950,472,0,"[0, 1]"
212251,7563950,410,0,"[0, 1]"
212251,7563950,258,0,"[0, 1]"
212251,7563950,477,0,"[0, 1]"
212251,7563950,267,0,"[0, 1]"
212251,7563950,262,0,"[0, 1]"
212251,7563950,500,0,"[0, 1]"
212251,7563950,296,0,"[0, 1]"
212251,7563950,483,0,"[0, 1]"
212251,7563950,294,0,"[0, 1]"
212251,7563950,413,0,"[0, 1]"
212251,7563950,295,0,"[0, 1]"
212251,7563950,368,0,"[0, 1]"
212251,7563950,492,0,"[0, 1]"
212251,7563950,613,0,"[0, 1]"
212251,7563950,681,0,"[0, 1]"
212251,7563950,618,0,"[0, 1]"
212251,7563950,535,0,"[0, 1]"
212251,7563950,533,0,"[0, 1]"
212251,7563950,615,0,"[0, 1]"
212251,7563950,836,0,"[0, 1]"
212251,7563950,866,0,"[0, 1]"
212251,7563950,898,0,"[0, 1]"
212251,7563950,658,0,"[0, 1]"
212251,7563950,712,0,"[0, 1]"
212251,7563950,819,0,"[0, 1]"
212251,7563950,607,0,"[0, 1]"
212251,7563950,764,0,"[0, 1]"
212251,7563950,840,0,"[0, 1]"
212251,7563950,612,0,"[0, 1]"
212251,7563950,916,0,"[0, 1]"
212251,7563950,622,0,"[0, 1]"
212251,7563950,1503,0,"[0, 1]"
212251,7563950,1703,0,"[0, 1]"
212251,7563950,2032,0,"[0, 1]"
212251,7563950,1322,0,"[0, 1]"
212251,7563950,1269,0,"[0, 1]"
212251,7563950,1866,0,"[0, 1]"
212251,7563950,1445,0,"[0, 1]"
212251,7563950,1807,0,"[0, 1]"
212251,7563950,1375,0,"[0, 1]"
212251,7563950,1629,0,"[0, 1]"
212251,7563950,1430,0,"[0, 1]"
212251,7563950,1155,0,"[0, 1]"
212251,7563950,1536,0,"[0, 1]"
212251,7563950,2042,0,"[0, 1]"
212251,7563950,1675,0,"[0, 1]"
212251,7563950,1579,0,"[0, 1]"
212251,7563950,2006,0,"[0, 1]"
212251,7563950,1776,0,"[0, 1]"
212251,7563950,1940,0,"[0, 1]"
212251,7563950,1693,0,"[0, 1]"
212251,7563950,2321,0,"[0, 1]"
212251,7563950,2395,0,"[0, 1]"
212251,7563950,3491,0,"[0, 1]"
212251,7563950,3594,0,"[0, 1]"
212251,7563950,3721,0,"[0, 1]"
212251,7563950,2683,0,"[0, 1]"
212251,7563950,3733,0,"[0, 1]"
212251,7563950,3418,0,"[0, 1]"
212251,7563950,2464,0,"[0, 1]"
212251,7563950,4026,0,"[0, 1]"
212251,7563950,3910,0,"[0, 1]"
212251,7563950,3373,0,"[0, 1]"
212251,7563950,2516,0,"[0, 1]"
212251,7563950,2830,0,"[0, 1]"
212251,7563950,2317,0,"[0, 1]"
212251,7563950,2454,0,"[0, 1]"
212251,7563950,2480,0,"[0, 1]"
212251,7563950,3479,0,"[0, 1]"
212251,7563950,2763,0,"[0, 1]"
212251,7563950,4084,0,"[0, 1]"
212251,7563950,4028,0,"[0, 1]"
212251,7563950,2900,0,"[0, 1]"
212251,7563950,103635,1,"[0, 1]"
212251,7563950,4445,0,"[0, 1]"
212251,7563950,7220975,1,"[0, 1]"
212251,7563950,4495,0,"[0, 1]"
212251,7563950,7071642,1,"[0, 1]"
212251,7563950,7133662,1,"[0, 1]"
212251,7563950,4524,0,"[0, 1]"
212251,7563950,7663734,1,"[0, 1]"
212251,7563950,7132843,1,"[0, 1]"
212251,7563950,3828290,1,"[0, 1]"
212251,7563950,7408658,1,"[0, 1]"
212251,7563950,7590504,1,"[0, 1]"
212251,7563950,4730338,1,"[0, 1]"
212251,7563950,4124,0,"[0, 1]"
212251,7563950,7488637,1,"[0, 1]"
212251,7563950,7494327,1,"[0, 1]"
212251,7563950,7380037,1,"[0, 1]"
212251,7563950,7148643,1,"[0, 1]"
212251,7563950,5735433,1,"[0, 1]"
212251,7563950,3583169,1,"[0, 1]"
212251,7563950,7610789,1,"[0, 1]"
212251,7563950,4464,0,"[0, 1]"
212251,7563950,4716,0,"[0, 1]"
212251,7563950,4613,0,"[0, 1]"
447340,7564301,7564301,1,"[1, 0]"
447340,7564301,2259,0,"[1, 0]"
447340,7564301,1129,0,"[1, 0]"
447340,7564301,564,0,"[1, 0]"
447340,7564301,281,0,"[1, 0]"
447340,7564301,140,0,"[1, 0]"
447340,7564301,69,0,"[1, 0]"
447340,7564301,34,0,"[1, 0]"
447340,7564301,16,0,"[1, 0]"
447340,7564301,7,0,"[1, 0]"
447340,7564301,3,0,"[1, 0]"
447340,7564301,1,0,"[1, 0]"
447340,7564301,0,0,"[1, 0]"
447340,7564301,1,0,"[0, 1]"
447340,7564301,2,0,"[0, 1]"
447340,7564301,6,0,"[0, 1]"
447340,7564301,5,0,"[0, 1]"
447340,7564301,3,0,"[0, 1]"
447340,7564301,4,0,"[0, 1]"
447340,7564301,12,0,"[0, 1]"
447340,7564301,8,0,"[0, 1]"
447340,7564301,13,0,"[0, 1]"
447340,7564301,14,0,"[0, 1]"
447340,7564301,9,0,"[0, 1]"
447340,7564301,11,0,"[0, 1]"
447340,7564301,19,0,"[0, 1]"
447340,7564301,18,0,"[0, 1]"
447340,7564301,17,0,"[0, 1]"
447340,7564301,29,0,"[0, 1]"
447340,7564301,25,0,"[0, 1]"
447340,7564301,21,0,"[0, 1]"
447340,7564301,30,0,"[0, 1]"
447340,7564301,22,0,"[0, 1]"
447340,7564301,34,0,"[0, 1]"
447340,7564301,44,0,"[0, 1]"
447340,7564301,55,0,"[0, 1]"
447340,7564301,59,0,"[0, 1]"
447340,7564301,62,0,"[0, 1]"
447340,7564301,58,0,"[0, 1]"
447340,7564301,36,0,"[0, 1]"
447340,7564301,47,0,"[0, 1]"
447340,7564301,42,0,"[0, 1]"
447340,7564301,61,0,"[0, 1]"
447340,7564301,98,0,"[0, 1]"
447340,7564301,125,0,"[0, 1]"
447340,7564301,107,0,"[0, 1]"
447340,7564301,66,0,"[0, 1]"
447340,7564301,65,0,"[0, 1]"
447340,7564301,106,0,"[0, 1]"
447340,7564301,119,0,"[0, 1]"
447340,7564301,79,0,"[0, 1]"
447340,7564301,94,0,"[0, 1]"
447340,7564301,101,0,"[0, 1]"
447340,7564301,121,0,"[0, 1]"
447340,7564301,116,0,"[0, 1]"
447340,7564301,234,0,"[0, 1]"
447340,7564301,172,0,"[0, 1]"
447340,7564301,240,0,"[0, 1]"
447340,7564301,217,0,"[0, 1]"
447340,7564301,127,0,"[0, 1]"
447340,7564301,129,0,"[0, 1]"
447340,7564301,177,0,"[0, 1]"
447340,7564301,229,0,"[0, 1]"
447340,7564301,170,0,"[0, 1]"
447340,7564301,159,0,"[0, 1]"
447340,7564301,161,0,"[0, 1]"
447340,7564301,181,0,"[0, 1]"
447340,7564301,248,0,"[0, 1]"
447340,7564301,238,0,"[0, 1]"
447340,7564301,276,0,"[0, 1]"
447340,7564301,442,0,"[0, 1]"
447340,7564301,478,0,"[0, 1]"
447340,7564301,415,0,"[0, 1]"
447340,7564301,266,0,"[0, 1]"
447340,7564301,472,0,"[0, 1]"
447340,7564301,482,0,"[0, 1]"
447340,7564301,377,0,"[0, 1]"
447340,7564301,355,0,"[0, 1]"
447340,7564301,507,0,"[0, 1]"
447340,7564301,500,0,"[0, 1]"
447340,7564301,376,0,"[0, 1]"
447340,7564301,401,0,"[0, 1]"
447340,7564301,292,0,"[0, 1]"
447340,7564301,363,0,"[0, 1]"
447340,7564301,341,0,"[0, 1]"
447340,7564301,828,0,"[0, 1]"
447340,7564301,679,0,"[0, 1]"
447340,7564301,812,0,"[0, 1]"
447340,7564301,850,0,"[0, 1]"
447340,7564301,522,0,"[0, 1]"
447340,7564301,870,0,"[0, 1]"
447340,7564301,702,0,"[0, 1]"
447340,7564301,619,0,"[0, 1]"
447340,7564301,690,0,"[0, 1]"
447340,7564301,711,0,"[0, 1]"
447340,7564301,644,0,"[0, 1]"
447340,7564301,655,0,"[0, 1]"
447340,7564301,588,0,"[0, 1]"
447340,7564301,544,0,"[0, 1]"
447340,7564301,567,0,"[0, 1]"
447340,7564301,979,0,"[0, 1]"
447340,7564301,536,0,"[0, 1]"
447340,7564301,554,0,"[0, 1]"
447340,7564301,1127,0,"[0, 1]"
447340,7564301,1063,0,"[0, 1]"
447340,7564301,1533,0,"[0, 1]"
447340,7564301,1729,0,"[0, 1]"
447340,7564301,1183,0,"[0, 1]"
447340,7564301,1432,0,"[0, 1]"
447340,7564301,1292,0,"[0, 1]"
447340,7564301,1052,0,"[0, 1]"
447340,7564301,1420,0,"[0, 1]"
447340,7564301,1056,0,"[0, 1]"
447340,7564301,1266,0,"[0, 1]"
447340,7564301,1172,0,"[0, 1]"
447340,7564301,1343,0,"[0, 1]"
447340,7564301,1478,0,"[0, 1]"
447340,7564301,1853,0,"[0, 1]"
447340,7564301,1278,0,"[0, 1]"
447340,7564301,1775,0,"[0, 1]"
447340,7564301,1693,0,"[0, 1]"
447340,7564301,1861,0,"[0, 1]"
447340,7564301,1251,0,"[0, 1]"
447340,7564301,3463,0,"[0, 1]"
447340,7564301,2302,0,"[0, 1]"
447340,7564301,2506,0,"[0, 1]"
447340,7564301,2998,0,"[0, 1]"
447340,7564301,3390,0,"[0, 1]"
447340,7564301,3332,0,"[0, 1]"
447340,7564301,2607,0,"[0, 1]"
447340,7564301,2084,0,"[0, 1]"
447340,7564301,3852,0,"[0, 1]"
447340,7564301,3854,0,"[0, 1]"
447340,7564301,3432,0,"[0, 1]"
447340,7564301,3654,0,"[0, 1]"
447340,7564301,2636,0,"[0, 1]"
447340,7564301,3454,0,"[0, 1]"
447340,7564301,2986,0,"[0, 1]"
447340,7564301,2382,0,"[0, 1]"
447340,7564301,2873,0,"[0, 1]"
447340,7564301,2317,0,"[0, 1]"
447340,7564301,2688,0,"[0, 1]"
447340,7564301,3251,0,"[0, 1]"
447340,7564301,2722,0,"[0, 1]"
447340,7564301,3460,0,"[0, 1]"
447340,7564301,7324451,1,"[0, 1]"
447340,7564301,7630267,1,"[0, 1]"
447340,7564301,7294874,1,"[0, 1]"
447340,7564301,4370,0,"[0, 1]"
447340,7564301,4717,0,"[0, 1]"
447340,7564301,4961,0,"[0, 1]"
447340,7564301,2953793,1,"[0, 1]"
447340,7564301,4536,0,"[0, 1]"
447340,7564301,1091839,1,"[0, 1]"
447340,7564301,7458481,1,"[0, 1]"
447340,7564301,4802,0,"[0, 1]"
447340,7564301,7227711,1,"[0, 1]"
447340,7564301,7345682,1,"[0, 1]"
447340,7564301,4159,0,"[0, 1]"
447340,7564301,7612985,1,"[0, 1]"
447340,7564301,7308294,1,"[0, 1]"
447340,7564301,7149425,1,"[0, 1]"
447340,7564301,7124636,1,"[0, 1]"
447340,7564301,7115471,1,"[0, 1]"
447340,7564301,7648655,1,"[0, 1]"
447340,7564301,7415082,1,"[0, 1]"
447340,7564301,7621843,1,"[0, 1]"
447340,7564301,7632291,1,"[0, 1]"
447340,7564301,7676295,1,"[0, 1]"
585378,395796,395796,1,"[1, 0]"
585378,395796,4988,0,"[1, 0]"
585378,395796,4070,0,"[1, 0]"
585378,395796,2034,0,"[1, 0]"
585378,395796,1016,0,"[1, 0]"
585378,395796,507,0,"[1, 0]"
585378,395796,253,0,"[1, 0]"
585378,395796,126,0,"[1, 0]"
585378,395796,62,0,"[1, 0]"
585378,395796,30,0,"[1, 0]"
585378,395796,14,0,"[1, 0]"
585378,395796,6,0,"[1, 0]"
585378,395796,2,0,"[1, 0]"
585378,395796,0,0,"[1, 0]"
585378,395796,2,0,"[0, 1]"
585378,395796,1,0,"[0, 1]"
585378,395796,5,0,"[0, 1]"
585378,395796,4,0,"[0, 1]"
585378,395796,6,0,"[0, 1]"
585378,395796,3,0,"[0, 1]"
585378,395796,12,0,"[0, 1]"
585378,395796,11,0,"[0, 1]"
585378,395796,10,0,"[0, 1]"
585378,395796,8,0,"[0, 1]"
585378,395796,7,0,"[0, 1]"
585378,395796,13,0,"[0, 1]"
585378,395796,16,0,"[0, 1]"
585378,395796,23,0,"[0, 1]"
585378,395796,30,0,"[0, 1]"
585378,395796,28,0,"[0, 1]"
585378,395796,20,0,"[0, 1]"
585378,395796,29,0,"[0, 1]"
585378,395796,26,0,"[0, 1]"
585378,395796,27,0,"[0, 1]"
585378,395796,59,0,"[0, 1]"
585378,395796,31,0,"[0, 1]"
585378,395796,54,0,"[0, 1]"
585378,395796,36,0,"[0, 1]"
585378,395796,38,0,"[0, 1]"
585378,395796,52,0,"[0, 1]"
585378,395796,51,0,"[0, 1]"
585378,395796,49,0,"[0, 1]"
585378,395796,45,0,"[0, 1]"
585378,395796,47,0,"[0, 1]"
585378,395796,103,0,"[0, 1]"
585378,395796,108,0,"[0, 1]"
585378,395796,121,0,"[0, 1]"
585378,395796,105,0,"[0, 1]"
585378,395796,82,0,"[0, 1]"
585378,395796,65,0,"[0, 1]"
585378,395796,85,0,"[0, 1]"
585378,395796,68,0,"[0, 1]"
585378,395796,123,0,"[0, 1]"
585378,395796,126,0,"[0, 1]"
585378,395796,69,0,"[0, 1]"
585378,395796,75,0,"[0, 1]"
585378,395796,165,0,"[0, 1]"
585378,395796,191,0,"[0, 1]"
585378,395796,203,0,"[0, 1]"
585378,395796,127,0,"[0, 1]"
585378,395796,249,0,"[0, 1]"
585378,395796,139,0,"[0, 1]"
585378,395796,221,0,"[0, 1]"
585378,395796,156,0,"[0, 1]"
585378,395796,152,0,"[0, 1]"
585378,395796,173,0,"[0, 1]"
585378,395796,216,0,"[0, 1]"
585378,395796,144,0,"[0, 1]"
585378,395796,134,0,"[0, 1]"
585378,395796,192,0,"[0, 1]"
585378,395796,347,0,"[0, 1]"
585378,395796,453,0,"[0, 1]"
585378,395796,362,0,"[0, 1]"
585378,395796,283,0,"[0, 1]"
585378,395796,467,0,"[0, 1]"
585378,395796,457,0,"[0, 1]"
585378,395796,308,0,"[0, 1]"
585378,395796,368,0,"[0, 1]"
585378,395796,263,0,"[0, 1]"
585378,395796,329,0,"[0, 1]"
585378,395796,318,0,"[0, 1]"
585378,395796,489,0,"[0, 1]"
585378,395796,375,0,"[0, 1]"
585378,395796,458,0,"[0, 1]"
585378,395796,387,0,"[0, 1]"
585378,395796,445,0,"[0, 1]"
585378,395796,816,0,"[0, 1]"
585378,395796,870,0,"[0, 1]"
585378,395796,856,0,"[0, 1]"
585378,395796,632,0,"[0, 1]"
585378,395796,628,0,"[0, 1]"
585378,395796,801,0,"[0, 1]"
585378,395796,794,0,"[0, 1]"
585378,395796,703,0,"[0, 1]"
585378,395796,705,0,"[0, 1]"
585378,395796,690,0,"[0, 1]"
585378,395796,661,0,"[0, 1]"
585378,395796,986,0,"[0, 1]"
585378,395796,976,0,"[0, 1]"
585378,395796,912,0,"[0, 1]"
585378,395796,666,0,"[0, 1]"
585378,395796,683,0,"[0, 1]"
585378,395796,955,0,"[0, 1]"
585378,395796,663,0,"[0, 1]"
585378,395796,1177,0,"[0, 1]"
585378,395796,1464,0,"[0, 1]"
585378,395796,1801,0,"[0, 1]"
585378,395796,1189,0,"[0, 1]"
585378,395796,1425,0,"[0, 1]"
585378,395796,1990,0,"[0, 1]"
585378,395796,1971,0,"[0, 1]"
585378,395796,1603,0,"[0, 1]"
585378,395796,1781,0,"[0, 1]"
585378,395796,1896,0,"[0, 1]"
585378,395796,1038,0,"[0, 1]"
585378,395796,1351,0,"[0, 1]"
585378,395796,1696,0,"[0, 1]"
585378,395796,1259,0,"[0, 1]"
585378,395796,1599,0,"[0, 1]"
585378,395796,1556,0,"[0, 1]"
585378,395796,1924,0,"[0, 1]"
585378,395796,2042,0,"[0, 1]"
585378,395796,1661,0,"[0, 1]"
585378,395796,1985,0,"[0, 1]"
585378,395796,2228,0,"[0, 1]"
585378,395796,2214,0,"[0, 1]"
585378,395796,3307,0,"[0, 1]"
585378,395796,3485,0,"[0, 1]"
585378,395796,3177,0,"[0, 1]"
585378,395796,2275,0,"[0, 1]"
585378,395796,2222,0,"[0, 1]"
585378,395796,3111,0,"[0, 1]"
585378,395796,3248,0,"[0, 1]"
585378,395796,3150,0,"[0, 1]"
585378,395796,3122,0,"[0, 1]"
585378,395796,3868,0,"[0, 1]"
585378,395796,2554,0,"[0, 1]"
585378,395796,2979,0,"[0, 1]"
585378,395796,3525,0,"[0, 1]"
585378,395796,3900,0,"[0, 1]"
585378,395796,3416,0,"[0, 1]"
585378,395796,3444,0,"[0, 1]"
585378,395796,3843,0,"[0, 1]"
585378,395796,2844,0,"[0, 1]"
585378,395796,3715,0,"[0, 1]"
585378,395796,2209,0,"[0, 1]"
585378,395796,7645681,1,"[0, 1]"
585378,395796,7623736,1,"[0, 1]"
585378,395796,7086918,1,"[0, 1]"
585378,395796,7507883,1,"[0, 1]"
585378,395796,7105513,1,"[0, 1]"
585378,395796,6998646,1,"[0, 1]"
585378,395796,7279737,1,"[0, 1]"
585378,395796,7532374,1,"[0, 1]"
585378,395796,7534976,1,"[0, 1]"
585378,395796,7675809,1,"[0, 1]"
585378,395796,7183581,1,"[0, 1]"
585378,395796,7244458,1,"[0, 1]"
585378,395796,7590032,1,"[0, 1]"
585378,395796,4546,0,"[0, 1]"
585378,395796,4441,0,"[0, 1]"
585378,395796,7406467,1,"[0, 1]"
585378,395796,7188993,1,"[0, 1]"
585378,395796,4327,0,"[0, 1]"
585378,395796,7299733,1,"[0, 1]"
585378,395796,7341497,1,"[0, 1]"
585378,395796,4269,0,"[0, 1]"
585378,395796,7596075,1,"[0, 1]"
585378,395796,4742,0,"[0, 1]"
585378,395796,4398,0,"[0, 1]"
585378,395796,7595984,1,"[0, 1]"
585378,395796,7277219,1,"[0, 1]"
585378,395796,7167468,1,"[0, 1]"
585378,395796,7212637,1,"[0, 1]"
585378,395796,7194955,1,"[0, 1]"
585378,395796,7633162,1,"[0, 1]"
585378,395796,7360776,1,"[0, 1]"
585378,395796,7621493,1,"[0, 1]"
585378,395796,7283273,1,"[0, 1]"
585378,395796,2196128,1,"[0, 1]"
585378,395796,7392704,1,"[0, 1]"
585378,395796,7460520,1,"[0, 1]"
585378,395796,7556353,1,"[0, 1]"
585378,395796,7550141,1,"[0, 1]"
585378,395796,7636872,1,"[0, 1]"
585378,395796,821558,1,"[0, 1]"
585378,395796,7163548,1,"[0, 1]"
585378,395796,7671912,1,"[0, 1]"
585378,395796,4778293,1,"[0, 1]"
585378,395796,7626279,1,"[0, 1]"
585378,395796,7136893,1,"[0, 1]"
585378,395796,7143330,1,"[0, 1]"
585378,395796,2866050,1,"[0, 1]"
585378,395796,7264235,1,"[0, 1]"
585378,395796,7167039,1,"[0, 1]"
585378,395796,7174285,1,"[0, 1]"
91422,7564348,7564348,1,"[1, 0]"
91422,7564348,2880,0,"[1, 0]"
91422,7564348,1439,0,"[1, 0]"
91422,7564348,719,0,"[1, 0]"
91422,7564348,359,0,"[1, 0]"
91422,7564348,179,0,"[1, 0]"
91422,7564348,89,0,"[1, 0]"
91422,7564348,44,0,"[1, 0]"
91422,7564348,21,0,"[1, 0]"
91422,7564348,10,0,"[1, 0]"
91422,7564348,4,0,"[1, 0]"
91422,7564348,1,0,"[1, 0]"
91422,7564348,0,0,"[1, 0]"
91422,7564348,2,0,"[0, 1]"
91422,7564348,1,0,"[0, 1]"
91422,7564348,6,0,"[0, 1]"
91422,7564348,5,0,"[0, 1]"
91422,7564348,3,0,"[0, 1]"
91422,7564348,4,0,"[0, 1]"
91422,7564348,8,0,"[0, 1]"
91422,7564348,11,0,"[0, 1]"
91422,7564348,12,0,"[0, 1]"
91422,7564348,9,0,"[0, 1]"
91422,7564348,14,0,"[0, 1]"
91422,7564348,10,0,"[0, 1]"
91422,7564348,29,0,"[0, 1]"
91422,7564348,27,0,"[0, 1]"
91422,7564348,25,0,"[0, 1]"
91422,7564348,20,0,"[0, 1]"
91422,7564348,15,0,"[0, 1]"
91422,7564348,30,0,"[0, 1]"
91422,7564348,21,0,"[0, 1]"
91422,7564348,16,0,"[0, 1]"
91422,7564348,58,0,"[0, 1]"
91422,7564348,59,0,"[0, 1]"
91422,7564348,62,0,"[0, 1]"
91422,7564348,53,0,"[0, 1]"
91422,7564348,54,0,"[0, 1]"
91422,7564348,55,0,"[0, 1]"
91422,7564348,48,0,"[0, 1]"
91422,7564348,60,0,"[0, 1]"
91422,7564348,44,0,"[0, 1]"
91422,7564348,49,0,"[0, 1]"
91422,7564348,117,0,"[0, 1]"
91422,7564348,105,0,"[0, 1]"
91422,7564348,69,0,"[0, 1]"
91422,7564348,100,0,"[0, 1]"
91422,7564348,76,0,"[0, 1]"
91422,7564348,104,0,"[0, 1]"
91422,7564348,99,0,"[0, 1]"
91422,7564348,66,0,"[0, 1]"
91422,7564348,73,0,"[0, 1]"
91422,7564348,82,0,"[0, 1]"
91422,7564348,81,0,"[0, 1]"
91422,7564348,126,0,"[0, 1]"
91422,7564348,215,0,"[0, 1]"
91422,7564348,235,0,"[0, 1]"
91422,7564348,226,0,"[0, 1]"
91422,7564348,237,0,"[0, 1]"
91422,7564348,179,0,"[0, 1]"
91422,7564348,242,0,"[0, 1]"
91422,7564348,251,0,"[0, 1]"
91422,7564348,129,0,"[0, 1]"
91422,7564348,233,0,"[0, 1]"
91422,7564348,198,0,"[0, 1]"
91422,7564348,164,0,"[0, 1]"
91422,7564348,144,0,"[0, 1]"
91422,7564348,145,0,"[0, 1]"
91422,7564348,244,0,"[0, 1]"
91422,7564348,287,0,"[0, 1]"
91422,7564348,427,0,"[0, 1]"
91422,7564348,405,0,"[0, 1]"
91422,7564348,415,0,"[0, 1]"
91422,7564348,391,0,"[0, 1]"
91422,7564348,316,0,"[0, 1]"
91422,7564348,407,0,"[0, 1]"
91422,7564348,402,0,"[0, 1]"
91422,7564348,334,0,"[0, 1]"
91422,7564348,496,0,"[0, 1]"
91422,7564348,458,0,"[0, 1]"
91422,7564348,358,0,"[0, 1]"
91422,7564348,318,0,"[0, 1]"
91422,7564348,363,0,"[0, 1]"
91422,7564348,299,0,"[0, 1]"
91422,7564348,333,0,"[0, 1]"
91422,7564348,919,0,"[0, 1]"
91422,7564348,603,0,"[0, 1]"
91422,7564348,963,0,"[0, 1]"
91422,7564348,711,0,"[0, 1]"
91422,7564348,583,0,"[0, 1]"
91422,7564348,792,0,"[0, 1]"
91422,7564348,955,0,"[0, 1]"
91422,7564348,599,0,"[0, 1]"
91422,7564348,618,0,"[0, 1]"
91422,7564348,913,0,"[0, 1]"
91422,7564348,902,0,"[0, 1]"
91422,7564348,887,0,"[0, 1]"
91422,7564348,829,0,"[0, 1]"
91422,7564348,623,0,"[0, 1]"
91422,7564348,629,0,"[0, 1]"
91422,7564348,763,0,"[0, 1]"
91422,7564348,833,0,"[0, 1]"
91422,7564348,753,0,"[0, 1]"
91422,7564348,1098,0,"[0, 1]"
91422,7564348,1484,0,"[0, 1]"
91422,7564348,1343,0,"[0, 1]"
91422,7564348,1765,0,"[0, 1]"
91422,7564348,1865,0,"[0, 1]"
91422,7564348,1633,0,"[0, 1]"
91422,7564348,2033,0,"[0, 1]"
91422,7564348,1304,0,"[0, 1]"
91422,7564348,1220,0,"[0, 1]"
91422,7564348,1307,0,"[0, 1]"
91422,7564348,1413,0,"[0, 1]"
91422,7564348,1080,0,"[0, 1]"
91422,7564348,1810,0,"[0, 1]"
91422,7564348,1179,0,"[0, 1]"
91422,7564348,1748,0,"[0, 1]"
91422,7564348,1347,0,"[0, 1]"
91422,7564348,1072,0,"[0, 1]"
91422,7564348,1510,0,"[0, 1]"
91422,7564348,2041,0,"[0, 1]"
91422,7564348,2032,0,"[0, 1]"
91422,7564348,2827,0,"[0, 1]"
91422,7564348,3358,0,"[0, 1]"
91422,7564348,3920,0,"[0, 1]"
91422,7564348,2934,0,"[0, 1]"
91422,7564348,3704,0,"[0, 1]"
91422,7564348,2363,0,"[0, 1]"
91422,7564348,3850,0,"[0, 1]"
91422,7564348,3847,0,"[0, 1]"
91422,7564348,3927,0,"[0, 1]"
91422,7564348,2781,0,"[0, 1]"
91422,7564348,3626,0,"[0, 1]"
91422,7564348,2407,0,"[0, 1]"
91422,7564348,3360,0,"[0, 1]"
91422,7564348,2662,0,"[0, 1]"
91422,7564348,2544,0,"[0, 1]"
91422,7564348,3940,0,"[0, 1]"
91422,7564348,3612,0,"[0, 1]"
91422,7564348,4087,0,"[0, 1]"
91422,7564348,3473,0,"[0, 1]"
91422,7564348,3036,0,"[0, 1]"
91422,7564348,3165,0,"[0, 1]"
91422,7564348,2290,0,"[0, 1]"
91422,7564348,7559988,1,"[0, 1]"
91422,7564348,7248353,1,"[0, 1]"
91422,7564348,4737,0,"[0, 1]"
91422,7564348,7112788,1,"[0, 1]"
91422,7564348,4944,0,"[0, 1]"
91422,7564348,4211,0,"[0, 1]"
91422,7564348,7300747,1,"[0, 1]"
91422,7564348,7104483,1,"[0, 1]"
91422,7564348,3732068,1,"[0, 1]"
91422,7564348,4592,0,"[0, 1]"
91422,7564348,7133967,1,"[0, 1]"
91422,7564348,4783,0,"[0, 1]"
91422,7564348,7401497,1,"[0, 1]"
91422,7564348,4951,0,"[0, 1]"
91422,7564348,7339077,1,"[0, 1]"
91422,7564348,7267561,1,"[0, 1]"
91422,7564348,7331293,1,"[0, 1]"
91422,7564348,7393316,1,"[0, 1]"
91422,7564348,4599,0,"[0, 1]"
91422,7564348,4836,0,"[0, 1]"
91422,7564348,7221023,1,"[0, 1]"
91422,7564348,7183532,1,"[0, 1]"
91422,7564348,4775,0,"[0, 1]"
91422,7564348,7258070,1,"[0, 1]"
272815,7564578,7564578,1,"[1, 0]"
272815,7564578,3044,0,"[1, 0]"
272815,7564578,1521,0,"[1, 0]"
272815,7564578,760,0,"[1, 0]"
272815,7564578,379,0,"[1, 0]"
272815,7564578,189,0,"[1, 0]"
272815,7564578,94,0,"[1, 0]"
272815,7564578,46,0,"[1, 0]"
272815,7564578,22,0,"[1, 0]"
272815,7564578,10,0,"[1, 0]"
272815,7564578,4,0,"[1, 0]"
272815,7564578,1,0,"[1, 0]"
272815,7564578,0,0,"[1, 0]"
272815,7564578,1,0,"[0, 1]"
272815,7564578,2,0,"[0, 1]"
272815,7564578,5,0,"[0, 1]"
272815,7564578,4,0,"[0, 1]"
272815,7564578,3,0,"[0, 1]"
272815,7564578,6,0,"[0, 1]"
272815,7564578,12,0,"[0, 1]"
272815,7564578,10,0,"[0, 1]"
272815,7564578,7,0,"[0, 1]"
272815,7564578,14,0,"[0, 1]"
272815,7564578,8,0,"[0, 1]"
272815,7564578,13,0,"[0, 1]"
272815,7564578,27,0,"[0, 1]"
272815,7564578,23,0,"[0, 1]"
272815,7564578,16,0,"[0, 1]"
272815,7564578,15,0,"[0, 1]"
272815,7564578,29,0,"[0, 1]"
272815,7564578,17,0,"[0, 1]"
272815,7564578,19,0,"[0, 1]"
272815,7564578,26,0,"[0, 1]"
272815,7564578,45,0,"[0, 1]"
272815,7564578,40,0,"[0, 1]"
272815,7564578,41,0,"[0, 1]"
272815,7564578,54,0,"[0, 1]"
272815,7564578,50,0,"[0, 1]"
272815,7564578,38,0,"[0, 1]"
272815,7564578,36,0,"[0, 1]"
272815,7564578,51,0,"[0, 1]"
272815,7564578,59,0,"[0, 1]"
272815,7564578,33,0,"[0, 1]"
272815,7564578,78,0,"[0, 1]"
272815,7564578,68,0,"[0, 1]"
272815,7564578,96,0,"[0, 1]"
272815,7564578,94,0,"[0, 1]"
272815,7564578,74,0,"[0, 1]"
272815,7564578,81,0,"[0, 1]"
272815,7564578,122,0,"[0, 1]"
272815,7564578,76,0,"[0, 1]"
272815,7564578,69,0,"[0, 1]"
272815,7564578,120,0,"[0, 1]"
272815,7564578,117,0,"[0, 1]"
272815,7564578,97,0,"[0, 1]"
272815,7564578,224,0,"[0, 1]"
272815,7564578,195,0,"[0, 1]"
272815,7564578,217,0,"[0, 1]"
272815,7564578,161,0,"[0, 1]"
272815,7564578,127,0,"[0, 1]"
272815,7564578,168,0,"[0, 1]"
272815,7564578,230,0,"[0, 1]"
272815,7564578,164,0,"[0, 1]"
272815,7564578,156,0,"[0, 1]"
272815,7564578,166,0,"[0, 1]"
272815,7564578,141,0,"[0, 1]"
272815,7564578,135,0,"[0, 1]"
272815,7564578,148,0,"[0, 1]"
272815,7564578,174,0,"[0, 1]"
272815,7564578,480,0,"[0, 1]"
272815,7564578,362,0,"[0, 1]"
272815,7564578,434,0,"[0, 1]"
272815,7564578,501,0,"[0, 1]"
272815,7564578,322,0,"[0, 1]"
272815,7564578,507,0,"[0, 1]"
272815,7564578,498,0,"[0, 1]"
272815,7564578,497,0,"[0, 1]"
272815,7564578,378,0,"[0, 1]"
272815,7564578,471,0,"[0, 1]"
272815,7564578,485,0,"[0, 1]"
272815,7564578,324,0,"[0, 1]"
272815,7564578,383,0,"[0, 1]"
272815,7564578,282,0,"[0, 1]"
272815,7564578,496,0,"[0, 1]"
272815,7564578,336,0,"[0, 1]"
272815,7564578,709,0,"[0, 1]"
272815,7564578,644,0,"[0, 1]"
272815,7564578,963,0,"[0, 1]"
272815,7564578,909,0,"[0, 1]"
272815,7564578,944,0,"[0, 1]"
272815,7564578,685,0,"[0, 1]"
272815,7564578,622,0,"[0, 1]"
272815,7564578,582,0,"[0, 1]"
272815,7564578,822,0,"[0, 1]"
272815,7564578,902,0,"[0, 1]"
272815,7564578,538,0,"[0, 1]"
272815,7564578,662,0,"[0, 1]"
272815,7564578,797,0,"[0, 1]"
272815,7564578,518,0,"[0, 1]"
272815,7564578,759,0,"[0, 1]"
272815,7564578,1012,0,"[0, 1]"
272815,7564578,722,0,"[0, 1]"
272815,7564578,989,0,"[0, 1]"
272815,7564578,1861,0,"[0, 1]"
272815,7564578,1108,0,"[0, 1]"
272815,7564578,1267,0,"[0, 1]"
272815,7564578,1287,0,"[0, 1]"
272815,7564578,1766,0,"[0, 1]"
272815,7564578,1554,0,"[0, 1]"
272815,7564578,1259,0,"[0, 1]"
272815,7564578,1584,0,"[0, 1]"
272815,7564578,1909,0,"[0, 1]"
272815,7564578,1217,0,"[0, 1]"
272815,7564578,1183,0,"[0, 1]"
272815,7564578,1202,0,"[0, 1]"
272815,7564578,1342,0,"[0, 1]"
272815,7564578,1710,0,"[0, 1]"
272815,7564578,1095,0,"[0, 1]"
272815,7564578,1052,0,"[0, 1]"
272815,7564578,1626,0,"[0, 1]"
272815,7564578,1324,0,"[0, 1]"
272815,7564578,1886,0,"[0, 1]"
272815,7564578,1420,0,"[0, 1]"
272815,7564578,2493,0,"[0, 1]"
272815,7564578,3969,0,"[0, 1]"
272815,7564578,2620,0,"[0, 1]"
272815,7564578,2916,0,"[0, 1]"
272815,7564578,4088,0,"[0, 1]"
272815,7564578,4005,0,"[0, 1]"
272815,7564578,3775,0,"[0, 1]"
272815,7564578,2315,0,"[0, 1]"
272815,7564578,3053,0,"[0, 1]"
272815,7564578,2926,0,"[0, 1]"
272815,7564578,3254,0,"[0, 1]"
272815,7564578,3325,0,"[0, 1]"
272815,7564578,3377,0,"[0, 1]"
272815,7564578,3210,0,"[0, 1]"
272815,7564578,2727,0,"[0, 1]"
272815,7564578,3614,0,"[0, 1]"
272815,7564578,3654,0,"[0, 1]"
272815,7564578,2081,0,"[0, 1]"
272815,7564578,3309,0,"[0, 1]"
272815,7564578,2593,0,"[0, 1]"
272815,7564578,2873,0,"[0, 1]"
272815,7564578,2479,0,"[0, 1]"
272815,7564578,7263157,1,"[0, 1]"
272815,7564578,7525949,1,"[0, 1]"
272815,7564578,7188745,1,"[0, 1]"
272815,7564578,7411479,1,"[0, 1]"
272815,7564578,7178616,1,"[0, 1]"
272815,7564578,7291467,1,"[0, 1]"
272815,7564578,533017,1,"[0, 1]"
272815,7564578,7452528,1,"[0, 1]"
272815,7564578,7498584,1,"[0, 1]"
272815,7564578,7414463,1,"[0, 1]"
272815,7564578,7542942,1,"[0, 1]"
272815,7564578,7371677,1,"[0, 1]"
272815,7564578,4730,0,"[0, 1]"
272815,7564578,7261344,1,"[0, 1]"
272815,7564578,7114288,1,"[0, 1]"
272815,7564578,7087159,1,"[0, 1]"
272815,7564578,4496,0,"[0, 1]"
272815,7564578,4620,0,"[0, 1]"
272815,7564578,7484982,1,"[0, 1]"
272815,7564578,7407303,1,"[0, 1]"
272815,7564578,7172447,1,"[0, 1]"
272815,7564578,4111,0,"[0, 1]"
272815,7564578,7514867,1,"[0, 1]"
272815,7564578,1376394,1,"[0, 1]"
172608,2459114,2459114,1,"[1, 0]"
172608,2459114,4862,0,"[1, 0]"
172608,2459114,3787,0,"[1, 0]"
172608,2459114,1893,0,"[1, 0]"
172608,2459114,946,0,"[1, 0]"
172608,2459114,472,0,"[1, 0]"
172608,2459114,235,0,"[1, 0]"
172608,2459114,117,0,"[1, 0]"
172608,2459114,58,0,"[1, 0]"
172608,2459114,28,0,"[1, 0]"
172608,2459114,13,0,"[1, 0]"
172608,2459114,6,0,"[1, 0]"
172608,2459114,2,0,"[1, 0]"
172608,2459114,0,0,"[1, 0]"
172608,2459114,2,0,"[0, 1]"
172608,2459114,1,0,"[0, 1]"
172608,2459114,5,0,"[0, 1]"
172608,2459114,4,0,"[0, 1]"
172608,2459114,6,0,"[0, 1]"
172608,2459114,3,0,"[0, 1]"
172608,2459114,11,0,"[0, 1]"
172608,2459114,14,0,"[0, 1]"
172608,2459114,13,0,"[0, 1]"
172608,2459114,8,0,"[0, 1]"
172608,2459114,7,0,"[0, 1]"
172608,2459114,9,0,"[0, 1]"
172608,2459114,28,0,"[0, 1]"
172608,2459114,23,0,"[0, 1]"
172608,2459114,24,0,"[0, 1]"
172608,2459114,26,0,"[0, 1]"
172608,2459114,30,0,"[0, 1]"
172608,2459114,17,0,"[0, 1]"
172608,2459114,27,0,"[0, 1]"
172608,2459114,21,0,"[0, 1]"
172608,2459114,45,0,"[0, 1]"
172608,2459114,51,0,"[0, 1]"
172608,2459114,49,0,"[0, 1]"
172608,2459114,41,0,"[0, 1]"
172608,2459114,33,0,"[0, 1]"
172608,2459114,62,0,"[0, 1]"
172608,2459114,61,0,"[0, 1]"
172608,2459114,32,0,"[0, 1]"
172608,2459114,59,0,"[0, 1]"
172608,2459114,57,0,"[0, 1]"
172608,2459114,79,0,"[0, 1]"
172608,2459114,102,0,"[0, 1]"
172608,2459114,95,0,"[0, 1]"
172608,2459114,111,0,"[0, 1]"
172608,2459114,112,0,"[0, 1]"
172608,2459114,78,0,"[0, 1]"
172608,2459114,65,0,"[0, 1]"
172608,2459114,81,0,"[0, 1]"
172608,2459114,110,0,"[0, 1]"
172608,2459114,105,0,"[0, 1]"
172608,2459114,88,0,"[0, 1]"
172608,2459114,84,0,"[0, 1]"
172608,2459114,150,0,"[0, 1]"
172608,2459114,249,0,"[0, 1]"
172608,2459114,168,0,"[0, 1]"
172608,2459114,177,0,"[0, 1]"
172608,2459114,218,0,"[0, 1]"
172608,2459114,132,0,"[0, 1]"
172608,2459114,205,0,"[0, 1]"
172608,2459114,146,0,"[0, 1]"
172608,2459114,216,0,"[0, 1]"
172608,2459114,142,0,"[0, 1]"
172608,2459114,135,0,"[0, 1]"
172608,2459114,190,0,"[0, 1]"
172608,2459114,137,0,"[0, 1]"
172608,2459114,250,0,"[0, 1]"
172608,2459114,277,0,"[0, 1]"
172608,2459114,281,0,"[0, 1]"
172608,2459114,289,0,"[0, 1]"
172608,2459114,434,0,"[0, 1]"
172608,2459114,335,0,"[0, 1]"
172608,2459114,482,0,"[0, 1]"
172608,2459114,445,0,"[0, 1]"
172608,2459114,458,0,"[0, 1]"
172608,2459114,302,0,"[0, 1]"
172608,2459114,276,0,"[0, 1]"
172608,2459114,294,0,"[0, 1]"
172608,2459114,494,0,"[0, 1]"
172608,2459114,266,0,"[0, 1]"
172608,2459114,506,0,"[0, 1]"
172608,2459114,503,0,"[0, 1]"
172608,2459114,296,0,"[0, 1]"
172608,2459114,811,0,"[0, 1]"
172608,2459114,854,0,"[0, 1]"
172608,2459114,517,0,"[0, 1]"
172608,2459114,516,0,"[0, 1]"
172608,2459114,1004,0,"[0, 1]"
172608,2459114,755,0,"[0, 1]"
172608,2459114,698,0,"[0, 1]"
172608,2459114,598,0,"[0, 1]"
172608,2459114,730,0,"[0, 1]"
172608,2459114,770,0,"[0, 1]"
172608,2459114,713,0,"[0, 1]"
172608,2459114,966,0,"[0, 1]"
172608,2459114,582,0,"[0, 1]"
172608,2459114,794,0,"[0, 1]"
172608,2459114,979,0,"[0, 1]"
172608,2459114,875,0,"[0, 1]"
172608,2459114,757,0,"[0, 1]"
172608,2459114,889,0,"[0, 1]"
172608,2459114,1795,0,"[0, 1]"
172608,2459114,1285,0,"[0, 1]"
172608,2459114,1200,0,"[0, 1]"
172608,2459114,1128,0,"[0, 1]"
172608,2459114,1476,0,"[0, 1]"
172608,2459114,1913,0,"[0, 1]"
172608,2459114,1930,0,"[0, 1]"
172608,2459114,1208,0,"[0, 1]"
172608,2459114,1446,0,"[0, 1]"
172608,2459114,1680,0,"[0, 1]"
172608,2459114,1030,0,"[0, 1]"
172608,2459114,1717,0,"[0, 1]"
172608,2459114,1839,0,"[0, 1]"
172608,2459114,1121,0,"[0, 1]"
172608,2459114,1829,0,"[0, 1]"
172608,2459114,1789,0,"[0, 1]"
172608,2459114,1205,0,"[0, 1]"
172608,2459114,1100,0,"[0, 1]"
172608,2459114,1096,0,"[0, 1]"
172608,2459114,1477,0,"[0, 1]"
172608,2459114,2343,0,"[0, 1]"
172608,2459114,2954,0,"[0, 1]"
172608,2459114,2913,0,"[0, 1]"
172608,2459114,3175,0,"[0, 1]"
172608,2459114,3566,0,"[0, 1]"
172608,2459114,2050,0,"[0, 1]"
172608,2459114,3422,0,"[0, 1]"
172608,2459114,3570,0,"[0, 1]"
172608,2459114,3579,0,"[0, 1]"
172608,2459114,2750,0,"[0, 1]"
172608,2459114,4061,0,"[0, 1]"
172608,2459114,3619,0,"[0, 1]"
172608,2459114,3562,0,"[0, 1]"
172608,2459114,2665,0,"[0, 1]"
172608,2459114,3170,0,"[0, 1]"
172608,2459114,2888,0,"[0, 1]"
172608,2459114,2889,0,"[0, 1]"
172608,2459114,3595,0,"[0, 1]"
172608,2459114,2626,0,"[0, 1]"
172608,2459114,2088,0,"[0, 1]"
172608,2459114,3704,0,"[0, 1]"
172608,2459114,2348,0,"[0, 1]"
172608,2459114,7587373,1,"[0, 1]"
172608,2459114,4902,0,"[0, 1]"
172608,2459114,7239631,1,"[0, 1]"
172608,2459114,3724143,1,"[0, 1]"
172608,2459114,7601418,1,"[0, 1]"
172608,2459114,7631986,1,"[0, 1]"
172608,2459114,7254481,1,"[0, 1]"
172608,2459114,7145657,1,"[0, 1]"
172608,2459114,3087523,1,"[0, 1]"
172608,2459114,4821,0,"[0, 1]"
172608,2459114,3583169,1,"[0, 1]"
172608,2459114,7557520,1,"[0, 1]"
172608,2459114,7648655,1,"[0, 1]"
172608,2459114,7349555,1,"[0, 1]"
172608,2459114,7226370,1,"[0, 1]"
172608,2459114,2056386,1,"[0, 1]"
172608,2459114,7536282,1,"[0, 1]"
172608,2459114,7638774,1,"[0, 1]"
172608,2459114,7249212,1,"[0, 1]"
172608,2459114,4783,0,"[0, 1]"
172608,2459114,7587115,1,"[0, 1]"
172608,2459114,7162717,1,"[0, 1]"
172608,2459114,7520157,1,"[0, 1]"
172608,2459114,7225389,1,"[0, 1]"
172608,2459114,7088053,1,"[0, 1]"
172608,2459114,7144926,1,"[0, 1]"
172608,2459114,7519905,1,"[0, 1]"
172608,2459114,7369547,1,"[0, 1]"
172608,2459114,7166235,1,"[0, 1]"
172608,2459114,4885390,1,"[0, 1]"
172608,2459114,7578567,1,"[0, 1]"
172608,2459114,7087616,1,"[0, 1]"
172608,2459114,7430556,1,"[0, 1]"
172608,2459114,7406317,1,"[0, 1]"
172608,2459114,6870512,1,"[0, 1]"
172608,2459114,7093179,1,"[0, 1]"
172608,2459114,7447407,1,"[0, 1]"
172608,2459114,1245358,1,"[0, 1]"
172608,2459114,7673043,1,"[0, 1]"
172608,2459114,7476485,1,"[0, 1]"
172608,2459114,7272164,1,"[0, 1]"
172608,2459114,7187023,1,"[0, 1]"
172608,2459114,4288842,1,"[0, 1]"
172608,2459114,7213486,1,"[0, 1]"
172608,2459114,7258856,1,"[0, 1]"
172608,2459114,7198517,1,"[0, 1]"
172608,2459114,4102612,1,"[0, 1]"
172608,2459114,7594541,1,"[0, 1]"
172608,2459114,7681577,1,"[0, 1]"
172608,2459114,7092353,1,"[0, 1]"
740624,7564762,7564762,1,"[1, 0]"
740624,7564762,4626,0,"[1, 0]"
740624,7564762,3251,0,"[1, 0]"
740624,7564762,1625,0,"[1, 0]"
740624,7564762,812,0,"[1, 0]"
740624,7564762,405,0,"[1, 0]"
740624,7564762,202,0,"[1, 0]"
740624,7564762,100,0,"[1, 0]"
740624,7564762,49,0,"[1, 0]"
740624,7564762,24,0,"[1, 0]"
740624,7564762,11,0,"[1, 0]"
740624,7564762,5,0,"[1, 0]"
740624,7564762,2,0,"[1, 0]"
740624,7564762,0,0,"[1, 0]"
740624,7564762,2,0,"[0, 1]"
740624,7564762,1,0,"[0, 1]"
740624,7564762,6,0,"[0, 1]"
740624,7564762,3,0,"[0, 1]"
740624,7564762,4,0,"[0, 1]"
740624,7564762,5,0,"[0, 1]"
740624,7564762,9,0,"[0, 1]"
740624,7564762,7,0,"[0, 1]"
740624,7564762,10,0,"[0, 1]"
740624,7564762,13,0,"[0, 1]"
740624,7564762,8,0,"[0, 1]"
740624,7564762,14,0,"[0, 1]"
740624,7564762,19,0,"[0, 1]"
740624,7564762,27,0,"[0, 1]"
740624,7564762,29,0,"[0, 1]"
740624,7564762,30,0,"[0, 1]"
740624,7564762,15,0,"[0, 1]"
740624,7564762,22,0,"[0, 1]"
740624,7564762,17,0,"[0, 1]"
740624,7564762,18,0,"[0, 1]"
740624,7564762,39,0,"[0, 1]"
740624,7564762,58,0,"[0, 1]"
740624,7564762,44,0,"[0, 1]"
740624,7564762,40,0,"[0, 1]"
740624,7564762,52,0,"[0, 1]"
740624,7564762,34,0,"[0, 1]"
740624,7564762,61,0,"[0, 1]"
740624,7564762,38,0,"[0, 1]"
740624,7564762,33,0,"[0, 1]"
740624,7564762,32,0,"[0, 1]"
740624,7564762,98,0,"[0, 1]"
740624,7564762,83,0,"[0, 1]"
740624,7564762,112,0,"[0, 1]"
740624,7564762,80,0,"[0, 1]"
740624,7564762,123,0,"[0, 1]"
740624,7564762,63,0,"[0, 1]"
740624,7564762,105,0,"[0, 1]"
740624,7564762,85,0,"[0, 1]"
740624,7564762,117,0,"[0, 1]"
740624,7564762,95,0,"[0, 1]"
740624,7564762,89,0,"[0, 1]"
740624,7564762,78,0,"[0, 1]"
740624,7564762,232,0,"[0, 1]"
740624,7564762,130,0,"[0, 1]"
740624,7564762,150,0,"[0, 1]"
740624,7564762,137,0,"[0, 1]"
740624,7564762,247,0,"[0, 1]"
740624,7564762,161,0,"[0, 1]"
740624,7564762,222,0,"[0, 1]"
740624,7564762,139,0,"[0, 1]"
740624,7564762,191,0,"[0, 1]"
740624,7564762,251,0,"[0, 1]"
740624,7564762,175,0,"[0, 1]"
740624,7564762,166,0,"[0, 1]"
740624,7564762,180,0,"[0, 1]"
740624,7564762,185,0,"[0, 1]"
740624,7564762,307,0,"[0, 1]"
740624,7564762,403,0,"[0, 1]"
740624,7564762,497,0,"[0, 1]"
740624,7564762,353,0,"[0, 1]"
740624,7564762,360,0,"[0, 1]"
740624,7564762,287,0,"[0, 1]"
740624,7564762,480,0,"[0, 1]"
740624,7564762,499,0,"[0, 1]"
740624,7564762,461,0,"[0, 1]"
740624,7564762,455,0,"[0, 1]"
740624,7564762,279,0,"[0, 1]"
740624,7564762,271,0,"[0, 1]"
740624,7564762,299,0,"[0, 1]"
740624,7564762,397,0,"[0, 1]"
740624,7564762,379,0,"[0, 1]"
740624,7564762,506,0,"[0, 1]"
740624,7564762,745,0,"[0, 1]"
740624,7564762,850,0,"[0, 1]"
740624,7564762,708,0,"[0, 1]"
740624,7564762,800,0,"[0, 1]"
740624,7564762,623,0,"[0, 1]"
740624,7564762,991,0,"[0, 1]"
740624,7564762,812,0,"[0, 1]"
740624,7564762,534,0,"[0, 1]"
740624,7564762,561,0,"[0, 1]"
740624,7564762,915,0,"[0, 1]"
740624,7564762,882,0,"[0, 1]"
740624,7564762,969,0,"[0, 1]"
740624,7564762,551,0,"[0, 1]"
740624,7564762,674,0,"[0, 1]"
740624,7564762,976,0,"[0, 1]"
740624,7564762,727,0,"[0, 1]"
740624,7564762,794,0,"[0, 1]"
740624,7564762,796,0,"[0, 1]"
740624,7564762,1058,0,"[0, 1]"
740624,7564762,1516,0,"[0, 1]"
740624,7564762,1053,0,"[0, 1]"
740624,7564762,1709,0,"[0, 1]"
740624,7564762,1916,0,"[0, 1]"
740624,7564762,1653,0,"[0, 1]"
740624,7564762,1510,0,"[0, 1]"
740624,7564762,1626,0,"[0, 1]"
740624,7564762,1130,0,"[0, 1]"
740624,7564762,1270,0,"[0, 1]"
740624,7564762,1624,0,"[0, 1]"
740624,7564762,1715,0,"[0, 1]"
740624,7564762,1261,0,"[0, 1]"
740624,7564762,1780,0,"[0, 1]"
740624,7564762,1274,0,"[0, 1]"
740624,7564762,1288,0,"[0, 1]"
740624,7564762,1550,0,"[0, 1]"
740624,7564762,1835,0,"[0, 1]"
740624,7564762,1773,0,"[0, 1]"
740624,7564762,1444,0,"[0, 1]"
740624,7564762,3132,0,"[0, 1]"
740624,7564762,2715,0,"[0, 1]"
740624,7564762,2598,0,"[0, 1]"
740624,7564762,3535,0,"[0, 1]"
740624,7564762,3829,0,"[0, 1]"
740624,7564762,2709,0,"[0, 1]"
740624,7564762,2774,0,"[0, 1]"
740624,7564762,4066,0,"[0, 1]"
740624,7564762,2644,0,"[0, 1]"
740624,7564762,4010,0,"[0, 1]"
740624,7564762,2780,0,"[0, 1]"
740624,7564762,3973,0,"[0, 1]"
740624,7564762,2443,0,"[0, 1]"
740624,7564762,3531,0,"[0, 1]"
740624,7564762,3084,0,"[0, 1]"
740624,7564762,2689,0,"[0, 1]"
740624,7564762,2623,0,"[0, 1]"
740624,7564762,2660,0,"[0, 1]"
740624,7564762,2459,0,"[0, 1]"
740624,7564762,2504,0,"[0, 1]"
740624,7564762,3804,0,"[0, 1]"
740624,7564762,3898,0,"[0, 1]"
740624,7564762,7524975,1,"[0, 1]"
740624,7564762,7348461,1,"[0, 1]"
740624,7564762,3628556,1,"[0, 1]"
740624,7564762,7557520,1,"[0, 1]"
740624,7564762,7136942,1,"[0, 1]"
740624,7564762,6970659,1,"[0, 1]"
740624,7564762,7225667,1,"[0, 1]"
740624,7564762,7183615,1,"[0, 1]"
740624,7564762,7492052,1,"[0, 1]"
740624,7564762,7153842,1,"[0, 1]"
740624,7564762,7573434,1,"[0, 1]"
740624,7564762,7553529,1,"[0, 1]"
740624,7564762,1192808,1,"[0, 1]"
740624,7564762,7622236,1,"[0, 1]"
740624,7564762,7223176,1,"[0, 1]"
740624,7564762,4369,0,"[0, 1]"
740624,7564762,7076765,1,"[0, 1]"
740624,7564762,7596795,1,"[0, 1]"
740624,7564762,4116,0,"[0, 1]"
740624,7564762,4193,0,"[0, 1]"
740624,7564762,7406660,1,"[0, 1]"
740624,7564762,2009392,1,"[0, 1]"
740624,7564762,7226370,1,"[0, 1]"
740624,7564762,4234,0,"[0, 1]"
740624,7564762,7317075,1,"[0, 1]"
740624,7564762,7369774,1,"[0, 1]"
740624,7564762,7644664,1,"[0, 1]"
740624,7564762,1361892,1,"[0, 1]"
740624,7564762,7606457,1,"[0, 1]"
740624,7564762,7566944,1,"[0, 1]"
740624,7564762,7615749,1,"[0, 1]"
740624,7564762,7510466,1,"[0, 1]"
740624,7564762,605482,1,"[0, 1]"
740624,7564762,7652710,1,"[0, 1]"
740624,7564762,7263355,1,"[0, 1]"
740624,7564762,7621161,1,"[0, 1]"
740624,7564762,7203082,1,"[0, 1]"
740624,7564762,6571087,1,"[0, 1]"
740624,7564762,7193390,1,"[0, 1]"
740624,7564762,7406241,1,"[0, 1]"
740624,7564762,7490252,1,"[0, 1]"
740624,7564762,7369547,1,"[0, 1]"
740624,7564762,594812,1,"[0, 1]"
740624,7564762,7679349,1,"[0, 1]"
740624,7564762,7116282,1,"[0, 1]"
740624,7564762,7207568,1,"[0, 1]"
740624,7564762,7614155,1,"[0, 1]"
740624,7564762,7457216,1,"[0, 1]"
740624,7564762,7148073,1,"[0, 1]"
740624,7564762,7579269,1,"[0, 1]"
129205,7564968,7564968,1,"[1, 0]"
129205,7564968,4620,0,"[1, 0]"
129205,7564968,3237,0,"[1, 0]"
129205,7564968,1618,0,"[1, 0]"
129205,7564968,808,0,"[1, 0]"
129205,7564968,403,0,"[1, 0]"
129205,7564968,201,0,"[1, 0]"
129205,7564968,100,0,"[1, 0]"
129205,7564968,49,0,"[1, 0]"
129205,7564968,24,0,"[1, 0]"
129205,7564968,11,0,"[1, 0]"
129205,7564968,5,0,"[1, 0]"
129205,7564968,2,0,"[1, 0]"
129205,7564968,0,0,"[1, 0]"
129205,7564968,1,0,"[0, 1]"
129205,7564968,2,0,"[0, 1]"
129205,7564968,4,0,"[0, 1]"
129205,7564968,3,0,"[0, 1]"
129205,7564968,6,0,"[0, 1]"
129205,7564968,5,0,"[0, 1]"
129205,7564968,12,0,"[0, 1]"
129205,7564968,11,0,"[0, 1]"
129205,7564968,7,0,"[0, 1]"
129205,7564968,14,0,"[0, 1]"
129205,7564968,10,0,"[0, 1]"
129205,7564968,8,0,"[0, 1]"
129205,7564968,25,0,"[0, 1]"
129205,7564968,17,0,"[0, 1]"
129205,7564968,21,0,"[0, 1]"
129205,7564968,18,0,"[0, 1]"
129205,7564968,22,0,"[0, 1]"
129205,7564968,26,0,"[0, 1]"
129205,7564968,16,0,"[0, 1]"
129205,7564968,24,0,"[0, 1]"
129205,7564968,61,0,"[0, 1]"
129205,7564968,47,0,"[0, 1]"
129205,7564968,52,0,"[0, 1]"
129205,7564968,49,0,"[0, 1]"
129205,7564968,43,0,"[0, 1]"
129205,7564968,55,0,"[0, 1]"
129205,7564968,34,0,"[0, 1]"
129205,7564968,35,0,"[0, 1]"
129205,7564968,31,0,"[0, 1]"
129205,7564968,62,0,"[0, 1]"
129205,7564968,115,0,"[0, 1]"
129205,7564968,99,0,"[0, 1]"
129205,7564968,69,0,"[0, 1]"
129205,7564968,97,0,"[0, 1]"
129205,7564968,105,0,"[0, 1]"
129205,7564968,106,0,"[0, 1]"
129205,7564968,111,0,"[0, 1]"
129205,7564968,82,0,"[0, 1]"
129205,7564968,64,0,"[0, 1]"
129205,7564968,122,0,"[0, 1]"
129205,7564968,86,0,"[0, 1]"
129205,7564968,63,0,"[0, 1]"
129205,7564968,195,0,"[0, 1]"
129205,7564968,253,0,"[0, 1]"
129205,7564968,132,0,"[0, 1]"
129205,7564968,219,0,"[0, 1]"
129205,7564968,236,0,"[0, 1]"
129205,7564968,239,0,"[0, 1]"
129205,7564968,230,0,"[0, 1]"
129205,7564968,209,0,"[0, 1]"
129205,7564968,145,0,"[0, 1]"
129205,7564968,147,0,"[0, 1]"
129205,7564968,204,0,"[0, 1]"
129205,7564968,243,0,"[0, 1]"
129205,7564968,191,0,"[0, 1]"
129205,7564968,248,0,"[0, 1]"
129205,7564968,315,0,"[0, 1]"
129205,7564968,345,0,"[0, 1]"
129205,7564968,428,0,"[0, 1]"
129205,7564968,466,0,"[0, 1]"
129205,7564968,417,0,"[0, 1]"
129205,7564968,277,0,"[0, 1]"
129205,7564968,355,0,"[0, 1]"
129205,7564968,296,0,"[0, 1]"
129205,7564968,318,0,"[0, 1]"
129205,7564968,303,0,"[0, 1]"
129205,7564968,288,0,"[0, 1]"
129205,7564968,494,0,"[0, 1]"
129205,7564968,389,0,"[0, 1]"
129205,7564968,501,0,"[0, 1]"
129205,7564968,396,0,"[0, 1]"
129205,7564968,451,0,"[0, 1]"
129205,7564968,1022,0,"[0, 1]"
129205,7564968,617,0,"[0, 1]"
129205,7564968,518,0,"[0, 1]"
129205,7564968,737,0,"[0, 1]"
129205,7564968,556,0,"[0, 1]"
129205,7564968,542,0,"[0, 1]"
129205,7564968,513,0,"[0, 1]"
129205,7564968,1006,0,"[0, 1]"
129205,7564968,599,0,"[0, 1]"
129205,7564968,709,0,"[0, 1]"
129205,7564968,633,0,"[0, 1]"
129205,7564968,881,0,"[0, 1]"
129205,7564968,612,0,"[0, 1]"
129205,7564968,571,0,"[0, 1]"
129205,7564968,660,0,"[0, 1]"
129205,7564968,798,0,"[0, 1]"
129205,7564968,605,0,"[0, 1]"
129205,7564968,732,0,"[0, 1]"
129205,7564968,1129,0,"[0, 1]"
129205,7564968,1301,0,"[0, 1]"
129205,7564968,1730,0,"[0, 1]"
129205,7564968,1671,0,"[0, 1]"
129205,7564968,1086,0,"[0, 1]"
129205,7564968,1521,0,"[0, 1]"
129205,7564968,1571,0,"[0, 1]"
129205,7564968,1351,0,"[0, 1]"
129205,7564968,1819,0,"[0, 1]"
129205,7564968,1723,0,"[0, 1]"
129205,7564968,1202,0,"[0, 1]"
129205,7564968,1805,0,"[0, 1]"
129205,7564968,1666,0,"[0, 1]"
129205,7564968,1562,0,"[0, 1]"
129205,7564968,1090,0,"[0, 1]"
129205,7564968,1964,0,"[0, 1]"
129205,7564968,1908,0,"[0, 1]"
129205,7564968,1755,0,"[0, 1]"
129205,7564968,2008,0,"[0, 1]"
129205,7564968,1504,0,"[0, 1]"
129205,7564968,3594,0,"[0, 1]"
129205,7564968,2290,0,"[0, 1]"
129205,7564968,2773,0,"[0, 1]"
129205,7564968,3207,0,"[0, 1]"
129205,7564968,2857,0,"[0, 1]"
129205,7564968,3548,0,"[0, 1]"
129205,7564968,2128,0,"[0, 1]"
129205,7564968,2063,0,"[0, 1]"
129205,7564968,2565,0,"[0, 1]"
129205,7564968,2447,0,"[0, 1]"
129205,7564968,2192,0,"[0, 1]"
129205,7564968,2689,0,"[0, 1]"
129205,7564968,3629,0,"[0, 1]"
129205,7564968,2481,0,"[0, 1]"
129205,7564968,3237,0,"[0, 1]"
129205,7564968,4038,0,"[0, 1]"
129205,7564968,2181,0,"[0, 1]"
129205,7564968,2747,0,"[0, 1]"
129205,7564968,2667,0,"[0, 1]"
129205,7564968,3342,0,"[0, 1]"
129205,7564968,4054,0,"[0, 1]"
129205,7564968,4030,0,"[0, 1]"
129205,7564968,7124633,1,"[0, 1]"
129205,7564968,7422184,1,"[0, 1]"
129205,7564968,7174969,1,"[0, 1]"
129205,7564968,7555704,1,"[0, 1]"
129205,7564968,4155,0,"[0, 1]"
129205,7564968,7296810,1,"[0, 1]"
129205,7564968,7317000,1,"[0, 1]"
129205,7564968,7577227,1,"[0, 1]"
129205,7564968,7482389,1,"[0, 1]"
129205,7564968,7210316,1,"[0, 1]"
129205,7564968,7158640,1,"[0, 1]"
129205,7564968,7689281,1,"[0, 1]"
129205,7564968,4208,0,"[0, 1]"
129205,7564968,7101742,1,"[0, 1]"
129205,7564968,7681654,1,"[0, 1]"
129205,7564968,7429547,1,"[0, 1]"
129205,7564968,7463700,1,"[0, 1]"
129205,7564968,4212,0,"[0, 1]"
129205,7564968,7371294,1,"[0, 1]"
129205,7564968,4433,0,"[0, 1]"
129205,7564968,7405041,1,"[0, 1]"
129205,7564968,7248824,1,"[0, 1]"
129205,7564968,7553529,1,"[0, 1]"
129205,7564968,7468499,1,"[0, 1]"
129205,7564968,7674723,1,"[0, 1]"
129205,7564968,7470598,1,"[0, 1]"
129205,7564968,7181986,1,"[0, 1]"
129205,7564968,7295399,1,"[0, 1]"
129205,7564968,7627038,1,"[0, 1]"
129205,7564968,7318114,1,"[0, 1]"
129205,7564968,5611684,1,"[0, 1]"
129205,7564968,369396,1,"[0, 1]"
129205,7564968,7539545,1,"[0, 1]"
129205,7564968,7148569,1,"[0, 1]"
129205,7564968,7574843,1,"[0, 1]"
129205,7564968,7601414,1,"[0, 1]"
129205,7564968,7088918,1,"[0, 1]"
129205,7564968,7226805,1,"[0, 1]"
129205,7564968,2554035,1,"[0, 1]"
129205,7564968,7646090,1,"[0, 1]"
129205,7564968,7149648,1,"[0, 1]"
129205,7564968,7141335,1,"[0, 1]"
129205,7564968,7150646,1,"[0, 1]"
129205,7564968,7421094,1,"[0, 1]"
129205,7564968,7229202,1,"[0, 1]"
129205,7564968,7539981,1,"[0, 1]"
129205,7564968,7273542,1,"[0, 1]"
129205,7564968,7424979,1,"[0, 1]"
129205,7564968,7542609,1,"[0, 1]"
129205,7564968,7474149,1,"[0, 1]"
436602,7565509,7565509,1,"[1, 0]"
436602,7565509,2179,0,"[1, 0]"
436602,7565509,1089,0,"[1, 0]"
436602,7565509,544,0,"[1, 0]"
436602,7565509,271,0,"[1, 0]"
436602,7565509,135,0,"[1, 0]"
436602,7565509,67,0,"[1, 0]"
436602,7565509,33,0,"[1, 0]"
436602,7565509,16,0,"[1, 0]"
436602,7565509,7,0,"[1, 0]"
436602,7565509,3,0,"[1, 0]"
436602,7565509,1,0,"[1, 0]"
436602,7565509,0,0,"[1, 0]"
436602,7565509,2,0,"[0, 1]"
436602,7565509,1,0,"[0, 1]"
436602,7565509,6,0,"[0, 1]"
436602,7565509,4,0,"[0, 1]"
436602,7565509,3,0,"[0, 1]"
436602,7565509,5,0,"[0, 1]"
436602,7565509,12,0,"[0, 1]"
436602,7565509,7,0,"[0, 1]"
436602,7565509,14,0,"[0, 1]"
436602,7565509,8,0,"[0, 1]"
436602,7565509,11,0,"[0, 1]"
436602,7565509,10,0,"[0, 1]"
436602,7565509,19,0,"[0, 1]"
436602,7565509,17,0,"[0, 1]"
436602,7565509,24,0,"[0, 1]"
436602,7565509,22,0,"[0, 1]"
436602,7565509,27,0,"[0, 1]"
436602,7565509,26,0,"[0, 1]"
436602,7565509,25,0,"[0, 1]"
436602,7565509,29,0,"[0, 1]"
436602,7565509,51,0,"[0, 1]"
436602,7565509,58,0,"[0, 1]"
436602,7565509,54,0,"[0, 1]"
436602,7565509,43,0,"[0, 1]"
436602,7565509,33,0,"[0, 1]"
436602,7565509,39,0,"[0, 1]"
436602,7565509,34,0,"[0, 1]"
436602,7565509,35,0,"[0, 1]"
436602,7565509,31,0,"[0, 1]"
436602,7565509,42,0,"[0, 1]"
436602,7565509,73,0,"[0, 1]"
436602,7565509,78,0,"[0, 1]"
436602,7565509,79,0,"[0, 1]"
436602,7565509,68,0,"[0, 1]"
436602,7565509,90,0,"[0, 1]"
436602,7565509,125,0,"[0, 1]"
436602,7565509,92,0,"[0, 1]"
436602,7565509,113,0,"[0, 1]"
436602,7565509,115,0,"[0, 1]"
436602,7565509,120,0,"[0, 1]"
436602,7565509,85,0,"[0, 1]"
436602,7565509,74,0,"[0, 1]"
436602,7565509,200,0,"[0, 1]"
436602,7565509,239,0,"[0, 1]"
436602,7565509,162,0,"[0, 1]"
436602,7565509,148,0,"[0, 1]"
436602,7565509,143,0,"[0, 1]"
436602,7565509,196,0,"[0, 1]"
436602,7565509,150,0,"[0, 1]"
436602,7565509,153,0,"[0, 1]"
436602,7565509,156,0,"[0, 1]"
436602,7565509,154,0,"[0, 1]"
436602,7565509,252,0,"[0, 1]"
436602,7565509,169,0,"[0, 1]"
436602,7565509,238,0,"[0, 1]"
436602,7565509,170,0,"[0, 1]"
436602,7565509,399,0,"[0, 1]"
436602,7565509,391,0,"[0, 1]"
436602,7565509,318,0,"[0, 1]"
436602,7565509,433,0,"[0, 1]"
436602,7565509,406,0,"[0, 1]"
436602,7565509,317,0,"[0, 1]"
436602,7565509,343,0,"[0, 1]"
436602,7565509,302,0,"[0, 1]"
436602,7565509,295,0,"[0, 1]"
436602,7565509,353,0,"[0, 1]"
436602,7565509,279,0,"[0, 1]"
436602,7565509,495,0,"[0, 1]"
436602,7565509,467,0,"[0, 1]"
436602,7565509,281,0,"[0, 1]"
436602,7565509,319,0,"[0, 1]"
436602,7565509,262,0,"[0, 1]"
436602,7565509,791,0,"[0, 1]"
436602,7565509,807,0,"[0, 1]"
436602,7565509,595,0,"[0, 1]"
436602,7565509,703,0,"[0, 1]"
436602,7565509,983,0,"[0, 1]"
436602,7565509,655,0,"[0, 1]"
436602,7565509,941,0,"[0, 1]"
436602,7565509,850,0,"[0, 1]"
436602,7565509,762,0,"[0, 1]"
436602,7565509,984,0,"[0, 1]"
436602,7565509,1013,0,"[0, 1]"
436602,7565509,535,0,"[0, 1]"
436602,7565509,719,0,"[0, 1]"
436602,7565509,653,0,"[0, 1]"
436602,7565509,1004,0,"[0, 1]"
436602,7565509,768,0,"[0, 1]"
436602,7565509,833,0,"[0, 1]"
436602,7565509,851,0,"[0, 1]"
436602,7565509,1601,0,"[0, 1]"
436602,7565509,1356,0,"[0, 1]"
436602,7565509,1161,0,"[0, 1]"
436602,7565509,1669,0,"[0, 1]"
436602,7565509,1409,0,"[0, 1]"
436602,7565509,1639,0,"[0, 1]"
436602,7565509,1955,0,"[0, 1]"
436602,7565509,1325,0,"[0, 1]"
436602,7565509,1976,0,"[0, 1]"
436602,7565509,1377,0,"[0, 1]"
436602,7565509,1821,0,"[0, 1]"
436602,7565509,1637,0,"[0, 1]"
436602,7565509,1582,0,"[0, 1]"
436602,7565509,1189,0,"[0, 1]"
436602,7565509,1559,0,"[0, 1]"
436602,7565509,1159,0,"[0, 1]"
436602,7565509,1932,0,"[0, 1]"
436602,7565509,1950,0,"[0, 1]"
436602,7565509,1991,0,"[0, 1]"
436602,7565509,1710,0,"[0, 1]"
436602,7565509,2074,0,"[0, 1]"
436602,7565509,2482,0,"[0, 1]"
436602,7565509,3966,0,"[0, 1]"
436602,7565509,2404,0,"[0, 1]"
436602,7565509,3872,0,"[0, 1]"
436602,7565509,2092,0,"[0, 1]"
436602,7565509,3198,0,"[0, 1]"
436602,7565509,2469,0,"[0, 1]"
436602,7565509,2409,0,"[0, 1]"
436602,7565509,3401,0,"[0, 1]"
436602,7565509,3663,0,"[0, 1]"
436602,7565509,3810,0,"[0, 1]"
436602,7565509,3139,0,"[0, 1]"
436602,7565509,3927,0,"[0, 1]"
436602,7565509,3588,0,"[0, 1]"
436602,7565509,3708,0,"[0, 1]"
436602,7565509,2228,0,"[0, 1]"
436602,7565509,2521,0,"[0, 1]"
436602,7565509,3492,0,"[0, 1]"
436602,7565509,2408,0,"[0, 1]"
436602,7565509,3285,0,"[0, 1]"
436602,7565509,3021,0,"[0, 1]"
436602,7565509,7376630,1,"[0, 1]"
436602,7565509,7092036,1,"[0, 1]"
436602,7565509,7104460,1,"[0, 1]"
436602,7565509,7406467,1,"[0, 1]"
436602,7565509,7455298,1,"[0, 1]"
436602,7565509,4642,0,"[0, 1]"
436602,7565509,7463008,1,"[0, 1]"
436602,7565509,4523,0,"[0, 1]"
436602,7565509,7457376,1,"[0, 1]"
436602,7565509,4637,0,"[0, 1]"
436602,7565509,7346324,1,"[0, 1]"
436602,7565509,7405491,1,"[0, 1]"
436602,7565509,4473,0,"[0, 1]"
436602,7565509,4211,0,"[0, 1]"
436602,7565509,7110143,1,"[0, 1]"
436602,7565509,7100726,1,"[0, 1]"
436602,7565509,7304727,1,"[0, 1]"
436602,7565509,3190502,1,"[0, 1]"
436602,7565509,7299269,1,"[0, 1]"
436602,7565509,7127554,1,"[0, 1]"
436602,7565509,7483172,1,"[0, 1]"
436602,7565509,7658180,1,"[0, 1]"
436602,7565509,2587770,1,"[0, 1]"
436602,7565509,7384740,1,"[0, 1]"
733510,7565711,7565711,1,"[1, 0]"
733510,7565711,4800,0,"[1, 0]"
733510,7565711,3646,0,"[1, 0]"
733510,7565711,1822,0,"[1, 0]"
733510,7565711,910,0,"[1, 0]"
733510,7565711,454,0,"[1, 0]"
733510,7565711,226,0,"[1, 0]"
733510,7565711,112,0,"[1, 0]"
733510,7565711,55,0,"[1, 0]"
733510,7565711,27,0,"[1, 0]"
733510,7565711,13,0,"[1, 0]"
733510,7565711,6,0,"[1, 0]"
733510,7565711,2,0,"[1, 0]"
733510,7565711,0,0,"[1, 0]"
733510,7565711,1,0,"[0, 1]"
733510,7565711,2,0,"[0, 1]"
733510,7565711,4,0,"[0, 1]"
733510,7565711,5,0,"[0, 1]"
733510,7565711,3,0,"[0, 1]"
733510,7565711,6,0,"[0, 1]"
733510,7565711,7,0,"[0, 1]"
733510,7565711,13,0,"[0, 1]"
733510,7565711,12,0,"[0, 1]"
733510,7565711,14,0,"[0, 1]"
733510,7565711,9,0,"[0, 1]"
733510,7565711,11,0,"[0, 1]"
733510,7565711,16,0,"[0, 1]"
733510,7565711,20,0,"[0, 1]"
733510,7565711,15,0,"[0, 1]"
733510,7565711,21,0,"[0, 1]"
733510,7565711,22,0,"[0, 1]"
733510,7565711,25,0,"[0, 1]"
733510,7565711,24,0,"[0, 1]"
733510,7565711,30,0,"[0, 1]"
733510,7565711,41,0,"[0, 1]"
733510,7565711,36,0,"[0, 1]"
733510,7565711,38,0,"[0, 1]"
733510,7565711,62,0,"[0, 1]"
733510,7565711,40,0,"[0, 1]"
733510,7565711,59,0,"[0, 1]"
733510,7565711,46,0,"[0, 1]"
733510,7565711,49,0,"[0, 1]"
733510,7565711,31,0,"[0, 1]"
733510,7565711,35,0,"[0, 1]"
733510,7565711,104,0,"[0, 1]"
733510,7565711,85,0,"[0, 1]"
733510,7565711,119,0,"[0, 1]"
733510,7565711,105,0,"[0, 1]"
733510,7565711,125,0,"[0, 1]"
733510,7565711,103,0,"[0, 1]"
733510,7565711,78,0,"[0, 1]"
733510,7565711,90,0,"[0, 1]"
733510,7565711,82,0,"[0, 1]"
733510,7565711,126,0,"[0, 1]"
733510,7565711,112,0,"[0, 1]"
733510,7565711,80,0,"[0, 1]"
733510,7565711,186,0,"[0, 1]"
733510,7565711,142,0,"[0, 1]"
733510,7565711,254,0,"[0, 1]"
733510,7565711,132,0,"[0, 1]"
733510,7565711,176,0,"[0, 1]"
733510,7565711,209,0,"[0, 1]"
733510,7565711,253,0,"[0, 1]"
733510,7565711,175,0,"[0, 1]"
733510,7565711,202,0,"[0, 1]"
733510,7565711,163,0,"[0, 1]"
733510,7565711,195,0,"[0, 1]"
733510,7565711,147,0,"[0, 1]"
733510,7565711,166,0,"[0, 1]"
733510,7565711,197,0,"[0, 1]"
733510,7565711,510,0,"[0, 1]"
733510,7565711,385,0,"[0, 1]"
733510,7565711,333,0,"[0, 1]"
733510,7565711,323,0,"[0, 1]"
733510,7565711,384,0,"[0, 1]"
733510,7565711,420,0,"[0, 1]"
733510,7565711,337,0,"[0, 1]"
733510,7565711,361,0,"[0, 1]"
733510,7565711,321,0,"[0, 1]"
733510,7565711,402,0,"[0, 1]"
733510,7565711,313,0,"[0, 1]"
733510,7565711,287,0,"[0, 1]"
733510,7565711,347,0,"[0, 1]"
733510,7565711,483,0,"[0, 1]"
733510,7565711,367,0,"[0, 1]"
733510,7565711,406,0,"[0, 1]"
733510,7565711,740,0,"[0, 1]"
733510,7565711,1017,0,"[0, 1]"
733510,7565711,915,0,"[0, 1]"
733510,7565711,587,0,"[0, 1]"
733510,7565711,625,0,"[0, 1]"
733510,7565711,799,0,"[0, 1]"
733510,7565711,512,0,"[0, 1]"
733510,7565711,611,0,"[0, 1]"
733510,7565711,591,0,"[0, 1]"
733510,7565711,720,0,"[0, 1]"
733510,7565711,601,0,"[0, 1]"
733510,7565711,950,0,"[0, 1]"
733510,7565711,788,0,"[0, 1]"
733510,7565711,550,0,"[0, 1]"
733510,7565711,954,0,"[0, 1]"
733510,7565711,965,0,"[0, 1]"
733510,7565711,793,0,"[0, 1]"
733510,7565711,808,0,"[0, 1]"
733510,7565711,1241,0,"[0, 1]"
733510,7565711,1065,0,"[0, 1]"
733510,7565711,1702,0,"[0, 1]"
733510,7565711,1379,0,"[0, 1]"
733510,7565711,1734,0,"[0, 1]"
733510,7565711,1996,0,"[0, 1]"
733510,7565711,1189,0,"[0, 1]"
733510,7565711,1528,0,"[0, 1]"
733510,7565711,1487,0,"[0, 1]"
733510,7565711,1824,0,"[0, 1]"
733510,7565711,1311,0,"[0, 1]"
733510,7565711,1963,0,"[0, 1]"
733510,7565711,1935,0,"[0, 1]"
733510,7565711,1671,0,"[0, 1]"
733510,7565711,1437,0,"[0, 1]"
733510,7565711,2028,0,"[0, 1]"
733510,7565711,1198,0,"[0, 1]"
733510,7565711,1407,0,"[0, 1]"
733510,7565711,1938,0,"[0, 1]"
733510,7565711,1448,0,"[0, 1]"
733510,7565711,3765,0,"[0, 1]"
733510,7565711,3944,0,"[0, 1]"
733510,7565711,2988,0,"[0, 1]"
733510,7565711,3494,0,"[0, 1]"
733510,7565711,2748,0,"[0, 1]"
733510,7565711,2984,0,"[0, 1]"
733510,7565711,3452,0,"[0, 1]"
733510,7565711,2134,0,"[0, 1]"
733510,7565711,3711,0,"[0, 1]"
733510,7565711,3048,0,"[0, 1]"
733510,7565711,3144,0,"[0, 1]"
733510,7565711,2771,0,"[0, 1]"
733510,7565711,3665,0,"[0, 1]"
733510,7565711,2193,0,"[0, 1]"
733510,7565711,3710,0,"[0, 1]"
733510,7565711,3778,0,"[0, 1]"
733510,7565711,2940,0,"[0, 1]"
733510,7565711,2519,0,"[0, 1]"
733510,7565711,2959,0,"[0, 1]"
733510,7565711,2295,0,"[0, 1]"
733510,7565711,2409,0,"[0, 1]"
733510,7565711,3489,0,"[0, 1]"
733510,7565711,7181095,1,"[0, 1]"
733510,7565711,4274,0,"[0, 1]"
733510,7565711,4512,0,"[0, 1]"
733510,7565711,7600706,1,"[0, 1]"
733510,7565711,7443792,1,"[0, 1]"
733510,7565711,7315031,1,"[0, 1]"
733510,7565711,2098508,1,"[0, 1]"
733510,7565711,7222808,1,"[0, 1]"
733510,7565711,7107568,1,"[0, 1]"
733510,7565711,7124396,1,"[0, 1]"
733510,7565711,7422965,1,"[0, 1]"
733510,7565711,4978,0,"[0, 1]"
733510,7565711,4178,0,"[0, 1]"
733510,7565711,7536282,1,"[0, 1]"
733510,7565711,7114795,1,"[0, 1]"
733510,7565711,7078525,1,"[0, 1]"
733510,7565711,4523,0,"[0, 1]"
733510,7565711,7613702,1,"[0, 1]"
733510,7565711,7250297,1,"[0, 1]"
733510,7565711,7654094,1,"[0, 1]"
733510,7565711,7565927,1,"[0, 1]"
733510,7565711,7068493,1,"[0, 1]"
733510,7565711,7590161,1,"[0, 1]"
733510,7565711,4693,0,"[0, 1]"
733510,7565711,7305462,1,"[0, 1]"
733510,7565711,7082876,1,"[0, 1]"
733510,7565711,7111207,1,"[0, 1]"
733510,7565711,2074926,1,"[0, 1]"
733510,7565711,7511179,1,"[0, 1]"
733510,7565711,7669183,1,"[0, 1]"
733510,7565711,3399995,1,"[0, 1]"
733510,7565711,7357514,1,"[0, 1]"
733510,7565711,7406638,1,"[0, 1]"
733510,7565711,4678758,1,"[0, 1]"
733510,7565711,7193473,1,"[0, 1]"
733510,7565711,3450674,1,"[0, 1]"
733510,7565711,7267718,1,"[0, 1]"
733510,7565711,7605688,1,"[0, 1]"
733510,7565711,7403923,1,"[0, 1]"
733510,7565711,7542108,1,"[0, 1]"
733510,7565711,7426822,1,"[0, 1]"
733510,7565711,7418684,1,"[0, 1]"
733510,7565711,7147522,1,"[0, 1]"
733510,7565711,1567056,1,"[0, 1]"
733510,7565711,7392704,1,"[0, 1]"
733510,7565711,7254682,1,"[0, 1]"
733510,7565711,7102509,1,"[0, 1]"
733510,7565711,7125784,1,"[0, 1]"
733510,7565711,7632390,1,"[0, 1]"
733510,7565711,7131995,1,"[0, 1]"
507087,7565927,7565927,1,"[1, 0]"
507087,7565927,4044,0,"[1, 0]"
507087,7565927,2021,0,"[1, 0]"
507087,7565927,1010,0,"[1, 0]"
507087,7565927,504,0,"[1, 0]"
507087,7565927,251,0,"[1, 0]"
507087,7565927,125,0,"[1, 0]"
507087,7565927,62,0,"[1, 0]"
507087,7565927,30,0,"[1, 0]"
507087,7565927,14,0,"[1, 0]"
507087,7565927,6,0,"[1, 0]"
507087,7565927,2,0,"[1, 0]"
507087,7565927,0,0,"[1, 0]"
507087,7565927,2,0,"[0, 1]"
507087,7565927,1,0,"[0, 1]"
507087,7565927,6,0,"[0, 1]"
507087,7565927,3,0,"[0, 1]"
507087,7565927,5,0,"[0, 1]"
507087,7565927,4,0,"[0, 1]"
507087,7565927,10,0,"[0, 1]"
507087,7565927,7,0,"[0, 1]"
507087,7565927,14,0,"[0, 1]"
507087,7565927,9,0,"[0, 1]"
507087,7565927,13,0,"[0, 1]"
507087,7565927,11,0,"[0, 1]"
507087,7565927,21,0,"[0, 1]"
507087,7565927,27,0,"[0, 1]"
507087,7565927,19,0,"[0, 1]"
507087,7565927,15,0,"[0, 1]"
507087,7565927,18,0,"[0, 1]"
507087,7565927,17,0,"[0, 1]"
507087,7565927,25,0,"[0, 1]"
507087,7565927,26,0,"[0, 1]"
507087,7565927,39,0,"[0, 1]"
507087,7565927,57,0,"[0, 1]"
507087,7565927,33,0,"[0, 1]"
507087,7565927,48,0,"[0, 1]"
507087,7565927,58,0,"[0, 1]"
507087,7565927,45,0,"[0, 1]"
507087,7565927,34,0,"[0, 1]"
507087,7565927,32,0,"[0, 1]"
507087,7565927,31,0,"[0, 1]"
507087,7565927,41,0,"[0, 1]"
507087,7565927,89,0,"[0, 1]"
507087,7565927,118,0,"[0, 1]"
507087,7565927,95,0,"[0, 1]"
507087,7565927,67,0,"[0, 1]"
507087,7565927,87,0,"[0, 1]"
507087,7565927,119,0,"[0, 1]"
507087,7565927,65,0,"[0, 1]"
507087,7565927,94,0,"[0, 1]"
507087,7565927,73,0,"[0, 1]"
507087,7565927,126,0,"[0, 1]"
507087,7565927,86,0,"[0, 1]"
507087,7565927,116,0,"[0, 1]"
507087,7565927,221,0,"[0, 1]"
507087,7565927,217,0,"[0, 1]"
507087,7565927,240,0,"[0, 1]"
507087,7565927,244,0,"[0, 1]"
507087,7565927,185,0,"[0, 1]"
507087,7565927,179,0,"[0, 1]"
507087,7565927,234,0,"[0, 1]"
507087,7565927,157,0,"[0, 1]"
507087,7565927,170,0,"[0, 1]"
507087,7565927,212,0,"[0, 1]"
507087,7565927,245,0,"[0, 1]"
507087,7565927,189,0,"[0, 1]"
507087,7565927,190,0,"[0, 1]"
507087,7565927,175,0,"[0, 1]"
507087,7565927,479,0,"[0, 1]"
507087,7565927,278,0,"[0, 1]"
507087,7565927,490,0,"[0, 1]"
507087,7565927,359,0,"[0, 1]"
507087,7565927,411,0,"[0, 1]"
507087,7565927,344,0,"[0, 1]"
507087,7565927,506,0,"[0, 1]"
507087,7565927,385,0,"[0, 1]"
507087,7565927,358,0,"[0, 1]"
507087,7565927,397,0,"[0, 1]"
507087,7565927,315,0,"[0, 1]"
507087,7565927,273,0,"[0, 1]"
507087,7565927,383,0,"[0, 1]"
507087,7565927,497,0,"[0, 1]"
507087,7565927,261,0,"[0, 1]"
507087,7565927,460,0,"[0, 1]"
507087,7565927,792,0,"[0, 1]"
507087,7565927,556,0,"[0, 1]"
507087,7565927,549,0,"[0, 1]"
507087,7565927,740,0,"[0, 1]"
507087,7565927,669,0,"[0, 1]"
507087,7565927,795,0,"[0, 1]"
507087,7565927,586,0,"[0, 1]"
507087,7565927,948,0,"[0, 1]"
507087,7565927,597,0,"[0, 1]"
507087,7565927,604,0,"[0, 1]"
507087,7565927,837,0,"[0, 1]"
507087,7565927,728,0,"[0, 1]"
507087,7565927,651,0,"[0, 1]"
507087,7565927,689,0,"[0, 1]"
507087,7565927,721,0,"[0, 1]"
507087,7565927,647,0,"[0, 1]"
507087,7565927,711,0,"[0, 1]"
507087,7565927,793,0,"[0, 1]"
507087,7565927,1277,0,"[0, 1]"
507087,7565927,1177,0,"[0, 1]"
507087,7565927,1670,0,"[0, 1]"
507087,7565927,1393,0,"[0, 1]"
507087,7565927,1335,0,"[0, 1]"
507087,7565927,1904,0,"[0, 1]"
507087,7565927,1459,0,"[0, 1]"
507087,7565927,1053,0,"[0, 1]"
507087,7565927,1555,0,"[0, 1]"
507087,7565927,1721,0,"[0, 1]"
507087,7565927,1992,0,"[0, 1]"
507087,7565927,1439,0,"[0, 1]"
507087,7565927,1627,0,"[0, 1]"
507087,7565927,1616,0,"[0, 1]"
507087,7565927,2027,0,"[0, 1]"
507087,7565927,1609,0,"[0, 1]"
507087,7565927,1207,0,"[0, 1]"
507087,7565927,1849,0,"[0, 1]"
507087,7565927,1519,0,"[0, 1]"
507087,7565927,1856,0,"[0, 1]"
507087,7565927,3262,0,"[0, 1]"
507087,7565927,3247,0,"[0, 1]"
507087,7565927,2419,0,"[0, 1]"
507087,7565927,2844,0,"[0, 1]"
507087,7565927,3320,0,"[0, 1]"
507087,7565927,2982,0,"[0, 1]"
507087,7565927,3952,0,"[0, 1]"
507087,7565927,2078,0,"[0, 1]"
507087,7565927,3230,0,"[0, 1]"
507087,7565927,4091,0,"[0, 1]"
507087,7565927,2209,0,"[0, 1]"
507087,7565927,2083,0,"[0, 1]"
507087,7565927,3727,0,"[0, 1]"
507087,7565927,2560,0,"[0, 1]"
507087,7565927,2298,0,"[0, 1]"
507087,7565927,2325,0,"[0, 1]"
507087,7565927,3075,0,"[0, 1]"
507087,7565927,3132,0,"[0, 1]"
507087,7565927,3240,0,"[0, 1]"
507087,7565927,3179,0,"[0, 1]"
507087,7565927,3325,0,"[0, 1]"
507087,7565927,3505,0,"[0, 1]"
507087,7565927,7378072,1,"[0, 1]"
507087,7565927,4521,0,"[0, 1]"
507087,7565927,6736867,1,"[0, 1]"
507087,7565927,4954,0,"[0, 1]"
507087,7565927,7262346,1,"[0, 1]"
507087,7565927,7249620,1,"[0, 1]"
507087,7565927,7665374,1,"[0, 1]"
507087,7565927,7383302,1,"[0, 1]"
507087,7565927,7293481,1,"[0, 1]"
507087,7565927,7419141,1,"[0, 1]"
507087,7565927,2322244,1,"[0, 1]"
507087,7565927,7458120,1,"[0, 1]"
507087,7565927,4878458,1,"[0, 1]"
507087,7565927,4754,0,"[0, 1]"
507087,7565927,7105476,1,"[0, 1]"
507087,7565927,7469042,1,"[0, 1]"
507087,7565927,7622850,1,"[0, 1]"
507087,7565927,7308336,1,"[0, 1]"
507087,7565927,4410,0,"[0, 1]"
507087,7565927,2185666,1,"[0, 1]"
507087,7565927,4100,0,"[0, 1]"
507087,7565927,7174859,1,"[0, 1]"
507087,7565927,7349282,1,"[0, 1]"
507087,7565927,7269879,1,"[0, 1]"
609024,7565942,7565942,1,"[1, 0]"
609024,7565942,2134,0,"[1, 0]"
609024,7565942,1066,0,"[1, 0]"
609024,7565942,532,0,"[1, 0]"
609024,7565942,265,0,"[1, 0]"
609024,7565942,132,0,"[1, 0]"
609024,7565942,65,0,"[1, 0]"
609024,7565942,32,0,"[1, 0]"
609024,7565942,15,0,"[1, 0]"
609024,7565942,7,0,"[1, 0]"
609024,7565942,3,0,"[1, 0]"
609024,7565942,1,0,"[1, 0]"
609024,7565942,0,0,"[1, 0]"
609024,7565942,1,0,"[0, 1]"
609024,7565942,2,0,"[0, 1]"
609024,7565942,3,0,"[0, 1]"
609024,7565942,5,0,"[0, 1]"
609024,7565942,4,0,"[0, 1]"
609024,7565942,6,0,"[0, 1]"
609024,7565942,7,0,"[0, 1]"
609024,7565942,14,0,"[0, 1]"
609024,7565942,10,0,"[0, 1]"
609024,7565942,8,0,"[0, 1]"
609024,7565942,13,0,"[0, 1]"
609024,7565942,11,0,"[0, 1]"
609024,7565942,26,0,"[0, 1]"
609024,7565942,16,0,"[0, 1]"
609024,7565942,23,0,"[0, 1]"
609024,7565942,25,0,"[0, 1]"
609024,7565942,15,0,"[0, 1]"
609024,7565942,24,0,"[0, 1]"
609024,7565942,17,0,"[0, 1]"
609024,7565942,29,0,"[0, 1]"
609024,7565942,54,0,"[0, 1]"
609024,7565942,56,0,"[0, 1]"
609024,7565942,53,0,"[0, 1]"
609024,7565942,58,0,"[0, 1]"
609024,7565942,32,0,"[0, 1]"
609024,7565942,39,0,"[0, 1]"
609024,7565942,51,0,"[0, 1]"
609024,7565942,50,0,"[0, 1]"
609024,7565942,55,0,"[0, 1]"
609024,7565942,38,0,"[0, 1]"
609024,7565942,85,0,"[0, 1]"
609024,7565942,68,0,"[0, 1]"
609024,7565942,106,0,"[0, 1]"
609024,7565942,122,0,"[0, 1]"
609024,7565942,116,0,"[0, 1]"
609024,7565942,103,0,"[0, 1]"
609024,7565942,87,0,"[0, 1]"
609024,7565942,90,0,"[0, 1]"
609024,7565942,64,0,"[0, 1]"
609024,7565942,79,0,"[0, 1]"
609024,7565942,76,0,"[0, 1]"
609024,7565942,101,0,"[0, 1]"
609024,7565942,156,0,"[0, 1]"
609024,7565942,205,0,"[0, 1]"
609024,7565942,145,0,"[0, 1]"
609024,7565942,241,0,"[0, 1]"
609024,7565942,196,0,"[0, 1]"
609024,7565942,207,0,"[0, 1]"
609024,7565942,154,0,"[0, 1]"
609024,7565942,155,0,"[0, 1]"
609024,7565942,143,0,"[0, 1]"
609024,7565942,242,0,"[0, 1]"
609024,7565942,204,0,"[0, 1]"
609024,7565942,139,0,"[0, 1]"
609024,7565942,152,0,"[0, 1]"
609024,7565942,220,0,"[0, 1]"
609024,7565942,495,0,"[0, 1]"
609024,7565942,438,0,"[0, 1]"
609024,7565942,370,0,"[0, 1]"
609024,7565942,294,0,"[0, 1]"
609024,7565942,501,0,"[0, 1]"
609024,7565942,365,0,"[0, 1]"
609024,7565942,310,0,"[0, 1]"
609024,7565942,363,0,"[0, 1]"
609024,7565942,306,0,"[0, 1]"
609024,7565942,444,0,"[0, 1]"
609024,7565942,441,0,"[0, 1]"
609024,7565942,332,0,"[0, 1]"
609024,7565942,412,0,"[0, 1]"
609024,7565942,475,0,"[0, 1]"
609024,7565942,392,0,"[0, 1]"
609024,7565942,383,0,"[0, 1]"
609024,7565942,522,0,"[0, 1]"
609024,7565942,629,0,"[0, 1]"
609024,7565942,832,0,"[0, 1]"
609024,7565942,569,0,"[0, 1]"
609024,7565942,676,0,"[0, 1]"
609024,7565942,669,0,"[0, 1]"
609024,7565942,768,0,"[0, 1]"
609024,7565942,830,0,"[0, 1]"
609024,7565942,1003,0,"[0, 1]"
609024,7565942,772,0,"[0, 1]"
609024,7565942,867,0,"[0, 1]"
609024,7565942,1014,0,"[0, 1]"
609024,7565942,934,0,"[0, 1]"
609024,7565942,595,0,"[0, 1]"
609024,7565942,648,0,"[0, 1]"
609024,7565942,549,0,"[0, 1]"
609024,7565942,798,0,"[0, 1]"
609024,7565942,884,0,"[0, 1]"
609024,7565942,1909,0,"[0, 1]"
609024,7565942,1157,0,"[0, 1]"
609024,7565942,1472,0,"[0, 1]"
609024,7565942,1246,0,"[0, 1]"
609024,7565942,1704,0,"[0, 1]"
609024,7565942,1154,0,"[0, 1]"
609024,7565942,1816,0,"[0, 1]"
609024,7565942,1693,0,"[0, 1]"
609024,7565942,1023,0,"[0, 1]"
609024,7565942,1071,0,"[0, 1]"
609024,7565942,1207,0,"[0, 1]"
609024,7565942,1254,0,"[0, 1]"
609024,7565942,1500,0,"[0, 1]"
609024,7565942,1700,0,"[0, 1]"
609024,7565942,1132,0,"[0, 1]"
609024,7565942,1339,0,"[0, 1]"
609024,7565942,1131,0,"[0, 1]"
609024,7565942,1197,0,"[0, 1]"
609024,7565942,1153,0,"[0, 1]"
609024,7565942,1537,0,"[0, 1]"
609024,7565942,3888,0,"[0, 1]"
609024,7565942,2207,0,"[0, 1]"
609024,7565942,4067,0,"[0, 1]"
609024,7565942,2281,0,"[0, 1]"
609024,7565942,2800,0,"[0, 1]"
609024,7565942,3129,0,"[0, 1]"
609024,7565942,3553,0,"[0, 1]"
609024,7565942,3112,0,"[0, 1]"
609024,7565942,2891,0,"[0, 1]"
609024,7565942,2120,0,"[0, 1]"
609024,7565942,3552,0,"[0, 1]"
609024,7565942,3116,0,"[0, 1]"
609024,7565942,2848,0,"[0, 1]"
609024,7565942,3780,0,"[0, 1]"
609024,7565942,2244,0,"[0, 1]"
609024,7565942,3430,0,"[0, 1]"
609024,7565942,2476,0,"[0, 1]"
609024,7565942,3312,0,"[0, 1]"
609024,7565942,2123,0,"[0, 1]"
609024,7565942,2672,0,"[0, 1]"
609024,7565942,2914,0,"[0, 1]"
609024,7565942,3516,0,"[0, 1]"
609024,7565942,7424368,1,"[0, 1]"
609024,7565942,7247851,1,"[0, 1]"
609024,7565942,4486,0,"[0, 1]"
609024,7565942,1142797,1,"[0, 1]"
609024,7565942,3041918,1,"[0, 1]"
609024,7565942,7349855,1,"[0, 1]"
609024,7565942,4215483,1,"[0, 1]"
609024,7565942,7210316,1,"[0, 1]"
609024,7565942,7669136,1,"[0, 1]"
609024,7565942,4980,0,"[0, 1]"
609024,7565942,7411777,1,"[0, 1]"
609024,7565942,7499378,1,"[0, 1]"
609024,7565942,7226978,1,"[0, 1]"
609024,7565942,4434,0,"[0, 1]"
609024,7565942,4742,0,"[0, 1]"
609024,7565942,7163878,1,"[0, 1]"
609024,7565942,7505572,1,"[0, 1]"
609024,7565942,7142190,1,"[0, 1]"
609024,7565942,7552369,1,"[0, 1]"
609024,7565942,7674790,1,"[0, 1]"
609024,7565942,7518300,1,"[0, 1]"
609024,7565942,7211181,1,"[0, 1]"
609024,7565942,4101,0,"[0, 1]"
609024,7565942,184742,1,"[0, 1]"
508855,7565966,7565966,1,"[1, 0]"
508855,7565966,4062,0,"[1, 0]"
508855,7565966,2030,0,"[1, 0]"
508855,7565966,1014,0,"[1, 0]"
508855,7565966,506,0,"[1, 0]"
508855,7565966,252,0,"[1, 0]"
508855,7565966,125,0,"[1, 0]"
508855,7565966,62,0,"[1, 0]"
508855,7565966,30,0,"[1, 0]"
508855,7565966,14,0,"[1, 0]"
508855,7565966,6,0,"[1, 0]"
508855,7565966,2,0,"[1, 0]"
508855,7565966,0,0,"[1, 0]"
508855,7565966,1,0,"[0, 1]"
508855,7565966,2,0,"[0, 1]"
508855,7565966,6,0,"[0, 1]"
508855,7565966,4,0,"[0, 1]"
508855,7565966,5,0,"[0, 1]"
508855,7565966,3,0,"[0, 1]"
508855,7565966,14,0,"[0, 1]"
508855,7565966,8,0,"[0, 1]"
508855,7565966,13,0,"[0, 1]"
508855,7565966,12,0,"[0, 1]"
508855,7565966,9,0,"[0, 1]"
508855,7565966,11,0,"[0, 1]"
508855,7565966,22,0,"[0, 1]"
508855,7565966,30,0,"[0, 1]"
508855,7565966,23,0,"[0, 1]"
508855,7565966,20,0,"[0, 1]"
508855,7565966,21,0,"[0, 1]"
508855,7565966,16,0,"[0, 1]"
508855,7565966,25,0,"[0, 1]"
508855,7565966,17,0,"[0, 1]"
508855,7565966,38,0,"[0, 1]"
508855,7565966,48,0,"[0, 1]"
508855,7565966,45,0,"[0, 1]"
508855,7565966,55,0,"[0, 1]"
508855,7565966,62,0,"[0, 1]"
508855,7565966,59,0,"[0, 1]"
508855,7565966,43,0,"[0, 1]"
508855,7565966,31,0,"[0, 1]"
508855,7565966,52,0,"[0, 1]"
508855,7565966,60,0,"[0, 1]"
508855,7565966,97,0,"[0, 1]"
508855,7565966,65,0,"[0, 1]"
508855,7565966,81,0,"[0, 1]"
508855,7565966,117,0,"[0, 1]"
508855,7565966,72,0,"[0, 1]"
508855,7565966,70,0,"[0, 1]"
508855,7565966,85,0,"[0, 1]"
508855,7565966,118,0,"[0, 1]"
508855,7565966,95,0,"[0, 1]"
508855,7565966,122,0,"[0, 1]"
508855,7565966,87,0,"[0, 1]"
508855,7565966,108,0,"[0, 1]"
508855,7565966,140,0,"[0, 1]"
508855,7565966,196,0,"[0, 1]"
508855,7565966,147,0,"[0, 1]"
508855,7565966,160,0,"[0, 1]"
508855,7565966,195,0,"[0, 1]"
508855,7565966,135,0,"[0, 1]"
508855,7565966,209,0,"[0, 1]"
508855,7565966,186,0,"[0, 1]"
508855,7565966,145,0,"[0, 1]"
508855,7565966,175,0,"[0, 1]"
508855,7565966,169,0,"[0, 1]"
508855,7565966,161,0,"[0, 1]"
508855,7565966,213,0,"[0, 1]"
508855,7565966,249,0,"[0, 1]"
508855,7565966,376,0,"[0, 1]"
508855,7565966,469,0,"[0, 1]"
508855,7565966,374,0,"[0, 1]"
508855,7565966,391,0,"[0, 1]"
508855,7565966,495,0,"[0, 1]"
508855,7565966,356,0,"[0, 1]"
508855,7565966,256,0,"[0, 1]"
508855,7565966,282,0,"[0, 1]"
508855,7565966,501,0,"[0, 1]"
508855,7565966,255,0,"[0, 1]"
508855,7565966,476,0,"[0, 1]"
508855,7565966,487,0,"[0, 1]"
508855,7565966,346,0,"[0, 1]"
508855,7565966,344,0,"[0, 1]"
508855,7565966,291,0,"[0, 1]"
508855,7565966,404,0,"[0, 1]"
508855,7565966,779,0,"[0, 1]"
508855,7565966,511,0,"[0, 1]"
508855,7565966,680,0,"[0, 1]"
508855,7565966,933,0,"[0, 1]"
508855,7565966,989,0,"[0, 1]"
508855,7565966,905,0,"[0, 1]"
508855,7565966,725,0,"[0, 1]"
508855,7565966,906,0,"[0, 1]"
508855,7565966,969,0,"[0, 1]"
508855,7565966,591,0,"[0, 1]"
508855,7565966,789,0,"[0, 1]"
508855,7565966,536,0,"[0, 1]"
508855,7565966,575,0,"[0, 1]"
508855,7565966,840,0,"[0, 1]"
508855,7565966,983,0,"[0, 1]"
508855,7565966,603,0,"[0, 1]"
508855,7565966,649,0,"[0, 1]"
508855,7565966,939,0,"[0, 1]"
508855,7565966,1837,0,"[0, 1]"
508855,7565966,1630,0,"[0, 1]"
508855,7565966,1392,0,"[0, 1]"
508855,7565966,1699,0,"[0, 1]"
508855,7565966,1029,0,"[0, 1]"
508855,7565966,1607,0,"[0, 1]"
508855,7565966,1821,0,"[0, 1]"
508855,7565966,1551,0,"[0, 1]"
508855,7565966,1924,0,"[0, 1]"
508855,7565966,1289,0,"[0, 1]"
508855,7565966,1572,0,"[0, 1]"
508855,7565966,1346,0,"[0, 1]"
508855,7565966,2023,0,"[0, 1]"
508855,7565966,1530,0,"[0, 1]"
508855,7565966,1326,0,"[0, 1]"
508855,7565966,1299,0,"[0, 1]"
508855,7565966,1763,0,"[0, 1]"
508855,7565966,1033,0,"[0, 1]"
508855,7565966,1331,0,"[0, 1]"
508855,7565966,1887,0,"[0, 1]"
508855,7565966,3212,0,"[0, 1]"
508855,7565966,3857,0,"[0, 1]"
508855,7565966,2706,0,"[0, 1]"
508855,7565966,2095,0,"[0, 1]"
508855,7565966,3673,0,"[0, 1]"
508855,7565966,2382,0,"[0, 1]"
508855,7565966,2791,0,"[0, 1]"
508855,7565966,3939,0,"[0, 1]"
508855,7565966,3833,0,"[0, 1]"
508855,7565966,2374,0,"[0, 1]"
508855,7565966,3472,0,"[0, 1]"
508855,7565966,2491,0,"[0, 1]"
508855,7565966,3888,0,"[0, 1]"
508855,7565966,2058,0,"[0, 1]"
508855,7565966,2066,0,"[0, 1]"
508855,7565966,3383,0,"[0, 1]"
508855,7565966,2877,0,"[0, 1]"
508855,7565966,3092,0,"[0, 1]"
508855,7565966,2717,0,"[0, 1]"
508855,7565966,3015,0,"[0, 1]"
508855,7565966,3831,0,"[0, 1]"
508855,7565966,3017,0,"[0, 1]"
508855,7565966,4720,0,"[0, 1]"
508855,7565966,7008901,1,"[0, 1]"
508855,7565966,7643831,1,"[0, 1]"
508855,7565966,4834,0,"[0, 1]"
508855,7565966,7189349,1,"[0, 1]"
508855,7565966,7343233,1,"[0, 1]"
508855,7565966,7118520,1,"[0, 1]"
508855,7565966,4774,0,"[0, 1]"
508855,7565966,4825,0,"[0, 1]"
508855,7565966,4479,0,"[0, 1]"
508855,7565966,7416200,1,"[0, 1]"
508855,7565966,7292174,1,"[0, 1]"
508855,7565966,4099,0,"[0, 1]"
508855,7565966,7442673,1,"[0, 1]"
508855,7565966,7581991,1,"[0, 1]"
508855,7565966,7363322,1,"[0, 1]"
508855,7565966,7684271,1,"[0, 1]"
508855,7565966,7465491,1,"[0, 1]"
508855,7565966,7079948,1,"[0, 1]"
508855,7565966,7163878,1,"[0, 1]"
508855,7565966,7465775,1,"[0, 1]"
508855,7565966,7194328,1,"[0, 1]"
508855,7565966,4846315,1,"[0, 1]"
508855,7565966,4193,0,"[0, 1]"
508855,7565967,7565967,1,"[1, 0]"
508855,7565967,4963,0,"[1, 0]"
508855,7565967,4018,0,"[1, 0]"
508855,7565967,2008,0,"[1, 0]"
508855,7565967,1003,0,"[1, 0]"
508855,7565967,501,0,"[1, 0]"
508855,7565967,250,0,"[1, 0]"
508855,7565967,124,0,"[1, 0]"
508855,7565967,61,0,"[1, 0]"
508855,7565967,30,0,"[1, 0]"
508855,7565967,14,0,"[1, 0]"
508855,7565967,6,0,"[1, 0]"
508855,7565967,2,0,"[1, 0]"
508855,7565967,0,0,"[1, 0]"
508855,7565967,2,0,"[0, 1]"
508855,7565967,1,0,"[0, 1]"
508855,7565967,3,0,"[0, 1]"
508855,7565967,4,0,"[0, 1]"
508855,7565967,5,0,"[0, 1]"
508855,7565967,6,0,"[0, 1]"
508855,7565967,11,0,"[0, 1]"
508855,7565967,7,0,"[0, 1]"
508855,7565967,13,0,"[0, 1]"
508855,7565967,14,0,"[0, 1]"
508855,7565967,10,0,"[0, 1]"
508855,7565967,8,0,"[0, 1]"
508855,7565967,29,0,"[0, 1]"
508855,7565967,23,0,"[0, 1]"
508855,7565967,28,0,"[0, 1]"
508855,7565967,15,0,"[0, 1]"
508855,7565967,26,0,"[0, 1]"
508855,7565967,25,0,"[0, 1]"
508855,7565967,16,0,"[0, 1]"
508855,7565967,24,0,"[0, 1]"
508855,7565967,44,0,"[0, 1]"
508855,7565967,51,0,"[0, 1]"
508855,7565967,33,0,"[0, 1]"
508855,7565967,48,0,"[0, 1]"
508855,7565967,34,0,"[0, 1]"
508855,7565967,56,0,"[0, 1]"
508855,7565967,41,0,"[0, 1]"
508855,7565967,49,0,"[0, 1]"
508855,7565967,42,0,"[0, 1]"
508855,7565967,54,0,"[0, 1]"
508855,7565967,107,0,"[0, 1]"
508855,7565967,90,0,"[0, 1]"
508855,7565967,116,0,"[0, 1]"
508855,7565967,92,0,"[0, 1]"
508855,7565967,67,0,"[0, 1]"
508855,7565967,108,0,"[0, 1]"
508855,7565967,117,0,"[0, 1]"
508855,7565967,91,0,"[0, 1]"
508855,7565967,77,0,"[0, 1]"
508855,7565967,70,0,"[0, 1]"
508855,7565967,118,0,"[0, 1]"
508855,7565967,120,0,"[0, 1]"
508855,7565967,165,0,"[0, 1]"
508855,7565967,225,0,"[0, 1]"
508855,7565967,215,0,"[0, 1]"
508855,7565967,134,0,"[0, 1]"
508855,7565967,239,0,"[0, 1]"
508855,7565967,145,0,"[0, 1]"
508855,7565967,182,0,"[0, 1]"
508855,7565967,243,0,"[0, 1]"
508855,7565967,247,0,"[0, 1]"
508855,7565967,209,0,"[0, 1]"
508855,7565967,197,0,"[0, 1]"
508855,7565967,130,0,"[0, 1]"
508855,7565967,141,0,"[0, 1]"
508855,7565967,177,0,"[0, 1]"
508855,7565967,413,0,"[0, 1]"
508855,7565967,422,0,"[0, 1]"
508855,7565967,271,0,"[0, 1]"
508855,7565967,456,0,"[0, 1]"
508855,7565967,410,0,"[0, 1]"
508855,7565967,286,0,"[0, 1]"
508855,7565967,497,0,"[0, 1]"
508855,7565967,443,0,"[0, 1]"
508855,7565967,455,0,"[0, 1]"
508855,7565967,263,0,"[0, 1]"
508855,7565967,323,0,"[0, 1]"
508855,7565967,345,0,"[0, 1]"
508855,7565967,274,0,"[0, 1]"
508855,7565967,487,0,"[0, 1]"
508855,7565967,506,0,"[0, 1]"
508855,7565967,349,0,"[0, 1]"
508855,7565967,932,0,"[0, 1]"
508855,7565967,756,0,"[0, 1]"
508855,7565967,541,0,"[0, 1]"
508855,7565967,683,0,"[0, 1]"
508855,7565967,638,0,"[0, 1]"
508855,7565967,760,0,"[0, 1]"
508855,7565967,733,0,"[0, 1]"
508855,7565967,604,0,"[0, 1]"
508855,7565967,841,0,"[0, 1]"
508855,7565967,525,0,"[0, 1]"
508855,7565967,988,0,"[0, 1]"
508855,7565967,635,0,"[0, 1]"
508855,7565967,643,0,"[0, 1]"
508855,7565967,991,0,"[0, 1]"
508855,7565967,673,0,"[0, 1]"
508855,7565967,783,0,"[0, 1]"
508855,7565967,631,0,"[0, 1]"
508855,7565967,667,0,"[0, 1]"
508855,7565967,1088,0,"[0, 1]"
508855,7565967,1313,0,"[0, 1]"
508855,7565967,1081,0,"[0, 1]"
508855,7565967,1133,0,"[0, 1]"
508855,7565967,1868,0,"[0, 1]"
508855,7565967,1656,0,"[0, 1]"
508855,7565967,1564,0,"[0, 1]"
508855,7565967,1029,0,"[0, 1]"
508855,7565967,1023,0,"[0, 1]"
508855,7565967,1944,0,"[0, 1]"
508855,7565967,1493,0,"[0, 1]"
508855,7565967,1538,0,"[0, 1]"
508855,7565967,1458,0,"[0, 1]"
508855,7565967,1832,0,"[0, 1]"
508855,7565967,1746,0,"[0, 1]"
508855,7565967,1216,0,"[0, 1]"
508855,7565967,1082,0,"[0, 1]"
508855,7565967,1848,0,"[0, 1]"
508855,7565967,1675,0,"[0, 1]"
508855,7565967,1179,0,"[0, 1]"
508855,7565967,3587,0,"[0, 1]"
508855,7565967,3416,0,"[0, 1]"
508855,7565967,3293,0,"[0, 1]"
508855,7565967,2551,0,"[0, 1]"
508855,7565967,3025,0,"[0, 1]"
508855,7565967,3111,0,"[0, 1]"
508855,7565967,2585,0,"[0, 1]"
508855,7565967,2953,0,"[0, 1]"
508855,7565967,2845,0,"[0, 1]"
508855,7565967,3247,0,"[0, 1]"
508855,7565967,3352,0,"[0, 1]"
508855,7565967,2051,0,"[0, 1]"
508855,7565967,2202,0,"[0, 1]"
508855,7565967,2341,0,"[0, 1]"
508855,7565967,3692,0,"[0, 1]"
508855,7565967,3892,0,"[0, 1]"
508855,7565967,3231,0,"[0, 1]"
508855,7565967,2494,0,"[0, 1]"
508855,7565967,3332,0,"[0, 1]"
508855,7565967,2435,0,"[0, 1]"
508855,7565967,2326,0,"[0, 1]"
508855,7565967,3194,0,"[0, 1]"
508855,7565967,7112559,1,"[0, 1]"
508855,7565967,7433767,1,"[0, 1]"
508855,7565967,7108051,1,"[0, 1]"
508855,7565967,7390861,1,"[0, 1]"
508855,7565967,7227476,1,"[0, 1]"
508855,7565967,7291937,1,"[0, 1]"
508855,7565967,7424087,1,"[0, 1]"
508855,7565967,1216143,1,"[0, 1]"
508855,7565967,7214926,1,"[0, 1]"
508855,7565967,7296711,1,"[0, 1]"
508855,7565967,7231966,1,"[0, 1]"
508855,7565967,4791,0,"[0, 1]"
508855,7565967,4391,0,"[0, 1]"
508855,7565967,7171168,1,"[0, 1]"
508855,7565967,7249212,1,"[0, 1]"
508855,7565967,4802,0,"[0, 1]"
508855,7565967,4257,0,"[0, 1]"
508855,7565967,7548591,1,"[0, 1]"
508855,7565967,110805,1,"[0, 1]"
508855,7565967,7629156,1,"[0, 1]"
508855,7565967,7120331,1,"[0, 1]"
508855,7565967,7629602,1,"[0, 1]"
508855,7565967,7228990,1,"[0, 1]"
508855,7565967,7662586,1,"[0, 1]"
508855,7565967,7610990,1,"[0, 1]"
508855,7565967,7601069,1,"[0, 1]"
508855,7565967,7681853,1,"[0, 1]"
508855,7565967,7185139,1,"[0, 1]"
508855,7565967,4229636,1,"[0, 1]"
508855,7565967,7531802,1,"[0, 1]"
508855,7565967,7187638,1,"[0, 1]"
508855,7565967,7542507,1,"[0, 1]"
508855,7565967,7305462,1,"[0, 1]"
508855,7565967,7321899,1,"[0, 1]"
508855,7565967,7355625,1,"[0, 1]"
508855,7565967,7107986,1,"[0, 1]"
508855,7565967,7147611,1,"[0, 1]"
508855,7565967,7498032,1,"[0, 1]"
508855,7565967,7108466,1,"[0, 1]"
508855,7565967,7532087,1,"[0, 1]"
508855,7565967,7083703,1,"[0, 1]"
508855,7565967,7660272,1,"[0, 1]"
508855,7565967,7247530,1,"[0, 1]"
508855,7565967,7232251,1,"[0, 1]"
508855,7565967,7187023,1,"[0, 1]"
508855,7565967,7189195,1,"[0, 1]"
508855,7565967,7213486,1,"[0, 1]"
508855,7565967,7224650,1,"[0, 1]"
508855,7565967,392674,1,"[0, 1]"
508855,7565967,7247137,1,"[0, 1]"
1095749,7566269,7566269,1,"[1, 0]"
1095749,7566269,4479,0,"[1, 0]"
1095749,7566269,2918,0,"[1, 0]"
1095749,7566269,1458,0,"[1, 0]"
1095749,7566269,728,0,"[1, 0]"
1095749,7566269,363,0,"[1, 0]"
1095749,7566269,181,0,"[1, 0]"
1095749,7566269,90,0,"[1, 0]"
1095749,7566269,44,0,"[1, 0]"
1095749,7566269,21,0,"[1, 0]"
1095749,7566269,10,0,"[1, 0]"
1095749,7566269,4,0,"[1, 0]"
1095749,7566269,1,0,"[1, 0]"
1095749,7566269,0,0,"[1, 0]"
1095749,7566269,1,0,"[0, 1]"
1095749,7566269,2,0,"[0, 1]"
1095749,7566269,6,0,"[0, 1]"
1095749,7566269,3,0,"[0, 1]"
1095749,7566269,5,0,"[0, 1]"
1095749,7566269,4,0,"[0, 1]"
1095749,7566269,9,0,"[0, 1]"
1095749,7566269,12,0,"[0, 1]"
1095749,7566269,11,0,"[0, 1]"
1095749,7566269,14,0,"[0, 1]"
1095749,7566269,10,0,"[0, 1]"
1095749,7566269,13,0,"[0, 1]"
1095749,7566269,18,0,"[0, 1]"
1095749,7566269,27,0,"[0, 1]"
1095749,7566269,21,0,"[0, 1]"
1095749,7566269,20,0,"[0, 1]"
1095749,7566269,29,0,"[0, 1]"
1095749,7566269,22,0,"[0, 1]"
1095749,7566269,19,0,"[0, 1]"
1095749,7566269,30,0,"[0, 1]"
1095749,7566269,56,0,"[0, 1]"
1095749,7566269,51,0,"[0, 1]"
1095749,7566269,35,0,"[0, 1]"
1095749,7566269,45,0,"[0, 1]"
1095749,7566269,57,0,"[0, 1]"
1095749,7566269,62,0,"[0, 1]"
1095749,7566269,39,0,"[0, 1]"
1095749,7566269,34,0,"[0, 1]"
1095749,7566269,50,0,"[0, 1]"
1095749,7566269,42,0,"[0, 1]"
1095749,7566269,105,0,"[0, 1]"
1095749,7566269,104,0,"[0, 1]"
1095749,7566269,87,0,"[0, 1]"
1095749,7566269,80,0,"[0, 1]"
1095749,7566269,120,0,"[0, 1]"
1095749,7566269,116,0,"[0, 1]"
1095749,7566269,108,0,"[0, 1]"
1095749,7566269,117,0,"[0, 1]"
1095749,7566269,78,0,"[0, 1]"
1095749,7566269,102,0,"[0, 1]"
1095749,7566269,65,0,"[0, 1]"
1095749,7566269,83,0,"[0, 1]"
1095749,7566269,251,0,"[0, 1]"
1095749,7566269,136,0,"[0, 1]"
1095749,7566269,162,0,"[0, 1]"
1095749,7566269,250,0,"[0, 1]"
1095749,7566269,138,0,"[0, 1]"
1095749,7566269,202,0,"[0, 1]"
1095749,7566269,131,0,"[0, 1]"
1095749,7566269,220,0,"[0, 1]"
1095749,7566269,234,0,"[0, 1]"
1095749,7566269,243,0,"[0, 1]"
1095749,7566269,240,0,"[0, 1]"
1095749,7566269,213,0,"[0, 1]"
1095749,7566269,163,0,"[0, 1]"
1095749,7566269,216,0,"[0, 1]"
1095749,7566269,437,0,"[0, 1]"
1095749,7566269,411,0,"[0, 1]"
1095749,7566269,365,0,"[0, 1]"
1095749,7566269,394,0,"[0, 1]"
1095749,7566269,503,0,"[0, 1]"
1095749,7566269,421,0,"[0, 1]"
1095749,7566269,487,0,"[0, 1]"
1095749,7566269,296,0,"[0, 1]"
1095749,7566269,359,0,"[0, 1]"
1095749,7566269,477,0,"[0, 1]"
1095749,7566269,505,0,"[0, 1]"
1095749,7566269,353,0,"[0, 1]"
1095749,7566269,425,0,"[0, 1]"
1095749,7566269,311,0,"[0, 1]"
1095749,7566269,461,0,"[0, 1]"
1095749,7566269,485,0,"[0, 1]"
1095749,7566269,612,0,"[0, 1]"
1095749,7566269,1016,0,"[0, 1]"
1095749,7566269,935,0,"[0, 1]"
1095749,7566269,919,0,"[0, 1]"
1095749,7566269,685,0,"[0, 1]"
1095749,7566269,920,0,"[0, 1]"
1095749,7566269,842,0,"[0, 1]"
1095749,7566269,999,0,"[0, 1]"
1095749,7566269,923,0,"[0, 1]"
1095749,7566269,791,0,"[0, 1]"
1095749,7566269,720,0,"[0, 1]"
1095749,7566269,567,0,"[0, 1]"
1095749,7566269,906,0,"[0, 1]"
1095749,7566269,830,0,"[0, 1]"
1095749,7566269,757,0,"[0, 1]"
1095749,7566269,716,0,"[0, 1]"
1095749,7566269,941,0,"[0, 1]"
1095749,7566269,735,0,"[0, 1]"
1095749,7566269,1228,0,"[0, 1]"
1095749,7566269,1882,0,"[0, 1]"
1095749,7566269,1276,0,"[0, 1]"
1095749,7566269,1118,0,"[0, 1]"
1095749,7566269,1888,0,"[0, 1]"
1095749,7566269,2011,0,"[0, 1]"
1095749,7566269,1495,0,"[0, 1]"
1095749,7566269,2021,0,"[0, 1]"
1095749,7566269,1283,0,"[0, 1]"
1095749,7566269,1395,0,"[0, 1]"
1095749,7566269,1690,0,"[0, 1]"
1095749,7566269,1102,0,"[0, 1]"
1095749,7566269,1554,0,"[0, 1]"
1095749,7566269,1026,0,"[0, 1]"
1095749,7566269,1153,0,"[0, 1]"
1095749,7566269,1840,0,"[0, 1]"
1095749,7566269,2033,0,"[0, 1]"
1095749,7566269,1302,0,"[0, 1]"
1095749,7566269,1312,0,"[0, 1]"
1095749,7566269,1236,0,"[0, 1]"
1095749,7566269,3351,0,"[0, 1]"
1095749,7566269,2682,0,"[0, 1]"
1095749,7566269,2705,0,"[0, 1]"
1095749,7566269,4036,0,"[0, 1]"
1095749,7566269,2965,0,"[0, 1]"
1095749,7566269,2113,0,"[0, 1]"
1095749,7566269,2366,0,"[0, 1]"
1095749,7566269,2372,0,"[0, 1]"
1095749,7566269,2959,0,"[0, 1]"
1095749,7566269,3240,0,"[0, 1]"
1095749,7566269,2605,0,"[0, 1]"
1095749,7566269,3107,0,"[0, 1]"
1095749,7566269,2781,0,"[0, 1]"
1095749,7566269,2979,0,"[0, 1]"
1095749,7566269,2420,0,"[0, 1]"
1095749,7566269,2101,0,"[0, 1]"
1095749,7566269,3045,0,"[0, 1]"
1095749,7566269,3546,0,"[0, 1]"
1095749,7566269,2256,0,"[0, 1]"
1095749,7566269,3567,0,"[0, 1]"
1095749,7566269,3039,0,"[0, 1]"
1095749,7566269,4027,0,"[0, 1]"
1095749,7566269,7148446,1,"[0, 1]"
1095749,7566269,7434273,1,"[0, 1]"
1095749,7566269,7109916,1,"[0, 1]"
1095749,7566269,7632216,1,"[0, 1]"
1095749,7566269,7402811,1,"[0, 1]"
1095749,7566269,4238,0,"[0, 1]"
1095749,7566269,4309,0,"[0, 1]"
1095749,7566269,4262,0,"[0, 1]"
1095749,7566269,7078051,1,"[0, 1]"
1095749,7566269,7277670,1,"[0, 1]"
1095749,7566269,4437,0,"[0, 1]"
1095749,7566269,7348638,1,"[0, 1]"
1095749,7566269,7372511,1,"[0, 1]"
1095749,7566269,7219338,1,"[0, 1]"
1095749,7566269,7373173,1,"[0, 1]"
1095749,7566269,7593612,1,"[0, 1]"
1095749,7566269,4964,0,"[0, 1]"
1095749,7566269,7172447,1,"[0, 1]"
1095749,7566269,7387720,1,"[0, 1]"
1095749,7566269,7138875,1,"[0, 1]"
1095749,7566269,4781,0,"[0, 1]"
1095749,7566269,7104007,1,"[0, 1]"
1095749,7566269,7614556,1,"[0, 1]"
1095749,7566269,7214316,1,"[0, 1]"
1095749,7566269,7381328,1,"[0, 1]"
1095749,7566269,7559170,1,"[0, 1]"
1095749,7566269,7264569,1,"[0, 1]"
1095749,7566269,296158,1,"[0, 1]"
1095749,7566269,7346601,1,"[0, 1]"
1095749,7566269,7262611,1,"[0, 1]"
1095749,7566269,7673043,1,"[0, 1]"
1095749,7566269,7615749,1,"[0, 1]"
1095749,7566269,7454764,1,"[0, 1]"
1095749,7566269,2673480,1,"[0, 1]"
1095749,7566269,4182410,1,"[0, 1]"
1095749,7566269,7168612,1,"[0, 1]"
1095749,7566269,89161,1,"[0, 1]"
1095749,7566269,7586203,1,"[0, 1]"
1095749,7566269,7171320,1,"[0, 1]"
1095749,7566269,7267718,1,"[0, 1]"
1095749,7566269,7192436,1,"[0, 1]"
1095749,7566269,7608291,1,"[0, 1]"
1095749,7566269,7299271,1,"[0, 1]"
1095749,7566269,7217828,1,"[0, 1]"
1095749,7566269,7107910,1,"[0, 1]"
1095749,7566269,7106218,1,"[0, 1]"
1095749,7566269,7398113,1,"[0, 1]"
1095749,7566269,7072290,1,"[0, 1]"
1095749,7566269,7418684,1,"[0, 1]"
1095749,7566269,7369547,1,"[0, 1]"
299732,3132683,3132683,1,"[1, 0]"
299732,3132683,3849,0,"[1, 0]"
299732,3132683,1924,0,"[1, 0]"
299732,3132683,961,0,"[1, 0]"
299732,3132683,480,0,"[1, 0]"
299732,3132683,239,0,"[1, 0]"
299732,3132683,119,0,"[1, 0]"
299732,3132683,59,0,"[1, 0]"
299732,3132683,29,0,"[1, 0]"
299732,3132683,14,0,"[1, 0]"
299732,3132683,6,0,"[1, 0]"
299732,3132683,2,0,"[1, 0]"
299732,3132683,0,0,"[1, 0]"
299732,3132683,2,0,"[0, 1]"
299732,3132683,1,0,"[0, 1]"
299732,3132683,6,0,"[0, 1]"
299732,3132683,4,0,"[0, 1]"
299732,3132683,5,0,"[0, 1]"
299732,3132683,3,0,"[0, 1]"
299732,3132683,11,0,"[0, 1]"
299732,3132683,8,0,"[0, 1]"
299732,3132683,7,0,"[0, 1]"
299732,3132683,12,0,"[0, 1]"
299732,3132683,9,0,"[0, 1]"
299732,3132683,10,0,"[0, 1]"
299732,3132683,16,0,"[0, 1]"
299732,3132683,23,0,"[0, 1]"
299732,3132683,21,0,"[0, 1]"
299732,3132683,26,0,"[0, 1]"
299732,3132683,29,0,"[0, 1]"
299732,3132683,15,0,"[0, 1]"
299732,3132683,25,0,"[0, 1]"
299732,3132683,24,0,"[0, 1]"
299732,3132683,45,0,"[0, 1]"
299732,3132683,37,0,"[0, 1]"
299732,3132683,33,0,"[0, 1]"
299732,3132683,49,0,"[0, 1]"
299732,3132683,62,0,"[0, 1]"
299732,3132683,60,0,"[0, 1]"
299732,3132683,52,0,"[0, 1]"
299732,3132683,56,0,"[0, 1]"
299732,3132683,58,0,"[0, 1]"
299732,3132683,53,0,"[0, 1]"
299732,3132683,80,0,"[0, 1]"
299732,3132683,122,0,"[0, 1]"
299732,3132683,115,0,"[0, 1]"
299732,3132683,64,0,"[0, 1]"
299732,3132683,86,0,"[0, 1]"
299732,3132683,73,0,"[0, 1]"
299732,3132683,110,0,"[0, 1]"
299732,3132683,68,0,"[0, 1]"
299732,3132683,117,0,"[0, 1]"
299732,3132683,95,0,"[0, 1]"
299732,3132683,92,0,"[0, 1]"
299732,3132683,78,0,"[0, 1]"
299732,3132683,239,0,"[0, 1]"
299732,3132683,160,0,"[0, 1]"
299732,3132683,217,0,"[0, 1]"
299732,3132683,140,0,"[0, 1]"
299732,3132683,180,0,"[0, 1]"
299732,3132683,162,0,"[0, 1]"
299732,3132683,142,0,"[0, 1]"
299732,3132683,242,0,"[0, 1]"
299732,3132683,174,0,"[0, 1]"
299732,3132683,138,0,"[0, 1]"
299732,3132683,222,0,"[0, 1]"
299732,3132683,191,0,"[0, 1]"
299732,3132683,188,0,"[0, 1]"
299732,3132683,227,0,"[0, 1]"
299732,3132683,314,0,"[0, 1]"
299732,3132683,369,0,"[0, 1]"
299732,3132683,398,0,"[0, 1]"
299732,3132683,288,0,"[0, 1]"
299732,3132683,353,0,"[0, 1]"
299732,3132683,272,0,"[0, 1]"
299732,3132683,376,0,"[0, 1]"
299732,3132683,374,0,"[0, 1]"
299732,3132683,383,0,"[0, 1]"
299732,3132683,366,0,"[0, 1]"
299732,3132683,407,0,"[0, 1]"
299732,3132683,388,0,"[0, 1]"
299732,3132683,405,0,"[0, 1]"
299732,3132683,298,0,"[0, 1]"
299732,3132683,370,0,"[0, 1]"
299732,3132683,319,0,"[0, 1]"
299732,3132683,631,0,"[0, 1]"
299732,3132683,518,0,"[0, 1]"
299732,3132683,910,0,"[0, 1]"
299732,3132683,884,0,"[0, 1]"
299732,3132683,658,0,"[0, 1]"
299732,3132683,941,0,"[0, 1]"
299732,3132683,713,0,"[0, 1]"
299732,3132683,667,0,"[0, 1]"
299732,3132683,674,0,"[0, 1]"
299732,3132683,887,0,"[0, 1]"
299732,3132683,983,0,"[0, 1]"
299732,3132683,597,0,"[0, 1]"
299732,3132683,764,0,"[0, 1]"
299732,3132683,654,0,"[0, 1]"
299732,3132683,560,0,"[0, 1]"
299732,3132683,930,0,"[0, 1]"
299732,3132683,998,0,"[0, 1]"
299732,3132683,763,0,"[0, 1]"
299732,3132683,1287,0,"[0, 1]"
299732,3132683,1828,0,"[0, 1]"
299732,3132683,1394,0,"[0, 1]"
299732,3132683,1790,0,"[0, 1]"
299732,3132683,1573,0,"[0, 1]"
299732,3132683,1620,0,"[0, 1]"
299732,3132683,1952,0,"[0, 1]"
299732,3132683,1989,0,"[0, 1]"
299732,3132683,1292,0,"[0, 1]"
299732,3132683,1462,0,"[0, 1]"
299732,3132683,1536,0,"[0, 1]"
299732,3132683,1699,0,"[0, 1]"
299732,3132683,1762,0,"[0, 1]"
299732,3132683,1360,0,"[0, 1]"
299732,3132683,1924,0,"[0, 1]"
299732,3132683,1788,0,"[0, 1]"
299732,3132683,1453,0,"[0, 1]"
299732,3132683,1318,0,"[0, 1]"
299732,3132683,1163,0,"[0, 1]"
299732,3132683,1671,0,"[0, 1]"
299732,3132683,3270,0,"[0, 1]"
299732,3132683,3599,0,"[0, 1]"
299732,3132683,3505,0,"[0, 1]"
299732,3132683,2210,0,"[0, 1]"
299732,3132683,2059,0,"[0, 1]"
299732,3132683,3389,0,"[0, 1]"
299732,3132683,2196,0,"[0, 1]"
299732,3132683,2999,0,"[0, 1]"
299732,3132683,4016,0,"[0, 1]"
299732,3132683,3275,0,"[0, 1]"
299732,3132683,3485,0,"[0, 1]"
299732,3132683,4008,0,"[0, 1]"
299732,3132683,2185,0,"[0, 1]"
299732,3132683,3096,0,"[0, 1]"
299732,3132683,3954,0,"[0, 1]"
299732,3132683,3160,0,"[0, 1]"
299732,3132683,3726,0,"[0, 1]"
299732,3132683,2582,0,"[0, 1]"
299732,3132683,2716,0,"[0, 1]"
299732,3132683,3977,0,"[0, 1]"
299732,3132683,2938,0,"[0, 1]"
299732,3132683,2269,0,"[0, 1]"
299732,3132683,7234511,1,"[0, 1]"
299732,3132683,7118975,1,"[0, 1]"
299732,3132683,4656,0,"[0, 1]"
299732,3132683,7216310,1,"[0, 1]"
299732,3132683,7651271,1,"[0, 1]"
299732,3132683,7308336,1,"[0, 1]"
299732,3132683,7488529,1,"[0, 1]"
299732,3132683,7230403,1,"[0, 1]"
299732,3132683,4633,0,"[0, 1]"
299732,3132683,7317000,1,"[0, 1]"
299732,3132683,7474545,1,"[0, 1]"
299732,3132683,7207740,1,"[0, 1]"
299732,3132683,2908326,1,"[0, 1]"
299732,3132683,7110606,1,"[0, 1]"
299732,3132683,4444,0,"[0, 1]"
299732,3132683,4767,0,"[0, 1]"
299732,3132683,1317213,1,"[0, 1]"
299732,3132683,7474543,1,"[0, 1]"
299732,3132683,4925,0,"[0, 1]"
299732,3132683,7093109,1,"[0, 1]"
299732,3132683,4101,0,"[0, 1]"
299732,3132683,7275955,1,"[0, 1]"
299732,3132683,7219256,1,"[0, 1]"
299732,3132683,7588841,1,"[0, 1]"
1095747,7566472,7566472,1,"[1, 0]"
1095747,7566472,4844,0,"[1, 0]"
1095747,7566472,3745,0,"[1, 0]"
1095747,7566472,1872,0,"[1, 0]"
1095747,7566472,935,0,"[1, 0]"
1095747,7566472,467,0,"[1, 0]"
1095747,7566472,233,0,"[1, 0]"
1095747,7566472,116,0,"[1, 0]"
1095747,7566472,57,0,"[1, 0]"
1095747,7566472,28,0,"[1, 0]"
1095747,7566472,13,0,"[1, 0]"
1095747,7566472,6,0,"[1, 0]"
1095747,7566472,2,0,"[1, 0]"
1095747,7566472,0,0,"[1, 0]"
1095747,7566472,1,0,"[0, 1]"
1095747,7566472,2,0,"[0, 1]"
1095747,7566472,4,0,"[0, 1]"
1095747,7566472,6,0,"[0, 1]"
1095747,7566472,5,0,"[0, 1]"
1095747,7566472,3,0,"[0, 1]"
1095747,7566472,11,0,"[0, 1]"
1095747,7566472,8,0,"[0, 1]"
1095747,7566472,10,0,"[0, 1]"
1095747,7566472,13,0,"[0, 1]"
1095747,7566472,12,0,"[0, 1]"
1095747,7566472,7,0,"[0, 1]"
1095747,7566472,27,0,"[0, 1]"
1095747,7566472,25,0,"[0, 1]"
1095747,7566472,28,0,"[0, 1]"
1095747,7566472,20,0,"[0, 1]"
1095747,7566472,21,0,"[0, 1]"
1095747,7566472,18,0,"[0, 1]"
1095747,7566472,19,0,"[0, 1]"
1095747,7566472,30,0,"[0, 1]"
1095747,7566472,54,0,"[0, 1]"
1095747,7566472,37,0,"[0, 1]"
1095747,7566472,61,0,"[0, 1]"
1095747,7566472,47,0,"[0, 1]"
1095747,7566472,53,0,"[0, 1]"
1095747,7566472,46,0,"[0, 1]"
1095747,7566472,59,0,"[0, 1]"
1095747,7566472,38,0,"[0, 1]"
1095747,7566472,34,0,"[0, 1]"
1095747,7566472,48,0,"[0, 1]"
1095747,7566472,107,0,"[0, 1]"
1095747,7566472,105,0,"[0, 1]"
1095747,7566472,117,0,"[0, 1]"
1095747,7566472,83,0,"[0, 1]"
1095747,7566472,77,0,"[0, 1]"
1095747,7566472,86,0,"[0, 1]"
1095747,7566472,79,0,"[0, 1]"
1095747,7566472,72,0,"[0, 1]"
1095747,7566472,66,0,"[0, 1]"
1095747,7566472,74,0,"[0, 1]"
1095747,7566472,71,0,"[0, 1]"
1095747,7566472,108,0,"[0, 1]"
1095747,7566472,201,0,"[0, 1]"
1095747,7566472,138,0,"[0, 1]"
1095747,7566472,152,0,"[0, 1]"
1095747,7566472,197,0,"[0, 1]"
1095747,7566472,144,0,"[0, 1]"
1095747,7566472,185,0,"[0, 1]"
1095747,7566472,191,0,"[0, 1]"
1095747,7566472,130,0,"[0, 1]"
1095747,7566472,166,0,"[0, 1]"
1095747,7566472,128,0,"[0, 1]"
1095747,7566472,250,0,"[0, 1]"
1095747,7566472,198,0,"[0, 1]"
1095747,7566472,127,0,"[0, 1]"
1095747,7566472,203,0,"[0, 1]"
1095747,7566472,411,0,"[0, 1]"
1095747,7566472,484,0,"[0, 1]"
1095747,7566472,431,0,"[0, 1]"
1095747,7566472,287,0,"[0, 1]"
1095747,7566472,465,0,"[0, 1]"
1095747,7566472,391,0,"[0, 1]"
1095747,7566472,443,0,"[0, 1]"
1095747,7566472,402,0,"[0, 1]"
1095747,7566472,410,0,"[0, 1]"
1095747,7566472,445,0,"[0, 1]"
1095747,7566472,469,0,"[0, 1]"
1095747,7566472,320,0,"[0, 1]"
1095747,7566472,276,0,"[0, 1]"
1095747,7566472,435,0,"[0, 1]"
1095747,7566472,426,0,"[0, 1]"
1095747,7566472,454,0,"[0, 1]"
1095747,7566472,841,0,"[0, 1]"
1095747,7566472,617,0,"[0, 1]"
1095747,7566472,728,0,"[0, 1]"
1095747,7566472,743,0,"[0, 1]"
1095747,7566472,823,0,"[0, 1]"
1095747,7566472,916,0,"[0, 1]"
1095747,7566472,888,0,"[0, 1]"
1095747,7566472,704,0,"[0, 1]"
1095747,7566472,670,0,"[0, 1]"
1095747,7566472,712,0,"[0, 1]"
1095747,7566472,814,0,"[0, 1]"
1095747,7566472,738,0,"[0, 1]"
1095747,7566472,938,0,"[0, 1]"
1095747,7566472,856,0,"[0, 1]"
1095747,7566472,640,0,"[0, 1]"
1095747,7566472,757,0,"[0, 1]"
1095747,7566472,1022,0,"[0, 1]"
1095747,7566472,540,0,"[0, 1]"
1095747,7566472,1448,0,"[0, 1]"
1095747,7566472,1494,0,"[0, 1]"
1095747,7566472,1143,0,"[0, 1]"
1095747,7566472,1105,0,"[0, 1]"
1095747,7566472,1834,0,"[0, 1]"
1095747,7566472,1445,0,"[0, 1]"
1095747,7566472,1385,0,"[0, 1]"
1095747,7566472,1099,0,"[0, 1]"
1095747,7566472,1520,0,"[0, 1]"
1095747,7566472,1876,0,"[0, 1]"
1095747,7566472,1732,0,"[0, 1]"
1095747,7566472,1626,0,"[0, 1]"
1095747,7566472,1349,0,"[0, 1]"
1095747,7566472,1370,0,"[0, 1]"
1095747,7566472,1670,0,"[0, 1]"
1095747,7566472,1379,0,"[0, 1]"
1095747,7566472,1833,0,"[0, 1]"
1095747,7566472,1096,0,"[0, 1]"
1095747,7566472,1905,0,"[0, 1]"
1095747,7566472,1375,0,"[0, 1]"
1095747,7566472,3980,0,"[0, 1]"
1095747,7566472,3175,0,"[0, 1]"
1095747,7566472,2633,0,"[0, 1]"
1095747,7566472,2964,0,"[0, 1]"
1095747,7566472,3428,0,"[0, 1]"
1095747,7566472,2896,0,"[0, 1]"
1095747,7566472,3283,0,"[0, 1]"
1095747,7566472,2908,0,"[0, 1]"
1095747,7566472,3875,0,"[0, 1]"
1095747,7566472,2274,0,"[0, 1]"
1095747,7566472,3208,0,"[0, 1]"
1095747,7566472,2520,0,"[0, 1]"
1095747,7566472,2656,0,"[0, 1]"
1095747,7566472,3581,0,"[0, 1]"
1095747,7566472,2436,0,"[0, 1]"
1095747,7566472,3341,0,"[0, 1]"
1095747,7566472,3039,0,"[0, 1]"
1095747,7566472,3189,0,"[0, 1]"
1095747,7566472,3227,0,"[0, 1]"
1095747,7566472,2664,0,"[0, 1]"
1095747,7566472,3255,0,"[0, 1]"
1095747,7566472,3544,0,"[0, 1]"
1095747,7566472,7132843,1,"[0, 1]"
1095747,7566472,4245,0,"[0, 1]"
1095747,7566472,7552369,1,"[0, 1]"
1095747,7566472,7142571,1,"[0, 1]"
1095747,7566472,6709287,1,"[0, 1]"
1095747,7566472,7407926,1,"[0, 1]"
1095747,7566472,7556882,1,"[0, 1]"
1095747,7566472,7659054,1,"[0, 1]"
1095747,7566472,7573001,1,"[0, 1]"
1095747,7566472,7173017,1,"[0, 1]"
1095747,7566472,7089215,1,"[0, 1]"
1095747,7566472,7253127,1,"[0, 1]"
1095747,7566472,7409861,1,"[0, 1]"
1095747,7566472,7193475,1,"[0, 1]"
1095747,7566472,7671438,1,"[0, 1]"
1095747,7566472,7530546,1,"[0, 1]"
1095747,7566472,7468513,1,"[0, 1]"
1095747,7566472,7214323,1,"[0, 1]"
1095747,7566472,4384,0,"[0, 1]"
1095747,7566472,4774,0,"[0, 1]"
1095747,7566472,7120979,1,"[0, 1]"
1095747,7566472,7151276,1,"[0, 1]"
1095747,7566472,7330977,1,"[0, 1]"
1095747,7566472,7067056,1,"[0, 1]"
1095747,7566472,7247137,1,"[0, 1]"
1095747,7566472,7193473,1,"[0, 1]"
1095747,7566472,7192489,1,"[0, 1]"
1095747,7566472,7349096,1,"[0, 1]"
1095747,7566472,7273542,1,"[0, 1]"
1095747,7566472,7244033,1,"[0, 1]"
1095747,7566472,7145489,1,"[0, 1]"
1095747,7566472,7409132,1,"[0, 1]"
1095747,7566472,7154587,1,"[0, 1]"
1095747,7566472,7663813,1,"[0, 1]"
1095747,7566472,2754742,1,"[0, 1]"
1095747,7566472,4102612,1,"[0, 1]"
1095747,7566472,369396,1,"[0, 1]"
1095747,7566472,7305462,1,"[0, 1]"
1095747,7566472,7160664,1,"[0, 1]"
1095747,7566472,7278030,1,"[0, 1]"
1095747,7566472,7340962,1,"[0, 1]"
1095747,7566472,740662,1,"[0, 1]"
1095747,7566472,7490616,1,"[0, 1]"
1095747,7566472,7103529,1,"[0, 1]"
1095747,7566472,7363961,1,"[0, 1]"
1095747,7566472,7282993,1,"[0, 1]"
1095747,7566472,7165819,1,"[0, 1]"
1095747,7566472,1245358,1,"[0, 1]"
1095747,7566472,7532528,1,"[0, 1]"
1095747,7566472,7365930,1,"[0, 1]"
108037,7566523,7566523,1,"[1, 0]"
108037,7566523,2939,0,"[1, 0]"
108037,7566523,1469,0,"[1, 0]"
108037,7566523,734,0,"[1, 0]"
108037,7566523,366,0,"[1, 0]"
108037,7566523,182,0,"[1, 0]"
108037,7566523,90,0,"[1, 0]"
108037,7566523,44,0,"[1, 0]"
108037,7566523,21,0,"[1, 0]"
108037,7566523,10,0,"[1, 0]"
108037,7566523,4,0,"[1, 0]"
108037,7566523,1,0,"[1, 0]"
108037,7566523,0,0,"[1, 0]"
108037,7566523,2,0,"[0, 1]"
108037,7566523,1,0,"[0, 1]"
108037,7566523,4,0,"[0, 1]"
108037,7566523,5,0,"[0, 1]"
108037,7566523,3,0,"[0, 1]"
108037,7566523,6,0,"[0, 1]"
108037,7566523,11,0,"[0, 1]"
108037,7566523,7,0,"[0, 1]"
108037,7566523,9,0,"[0, 1]"
108037,7566523,12,0,"[0, 1]"
108037,7566523,13,0,"[0, 1]"
108037,7566523,14,0,"[0, 1]"
108037,7566523,27,0,"[0, 1]"
108037,7566523,28,0,"[0, 1]"
108037,7566523,19,0,"[0, 1]"
108037,7566523,29,0,"[0, 1]"
108037,7566523,16,0,"[0, 1]"
108037,7566523,18,0,"[0, 1]"
108037,7566523,15,0,"[0, 1]"
108037,7566523,22,0,"[0, 1]"
108037,7566523,43,0,"[0, 1]"
108037,7566523,50,0,"[0, 1]"
108037,7566523,42,0,"[0, 1]"
108037,7566523,44,0,"[0, 1]"
108037,7566523,60,0,"[0, 1]"
108037,7566523,56,0,"[0, 1]"
108037,7566523,57,0,"[0, 1]"
108037,7566523,47,0,"[0, 1]"
108037,7566523,45,0,"[0, 1]"
108037,7566523,61,0,"[0, 1]"
108037,7566523,101,0,"[0, 1]"
108037,7566523,104,0,"[0, 1]"
108037,7566523,63,0,"[0, 1]"
108037,7566523,103,0,"[0, 1]"
108037,7566523,66,0,"[0, 1]"
108037,7566523,115,0,"[0, 1]"
108037,7566523,123,0,"[0, 1]"
108037,7566523,68,0,"[0, 1]"
108037,7566523,84,0,"[0, 1]"
108037,7566523,98,0,"[0, 1]"
108037,7566523,102,0,"[0, 1]"
108037,7566523,70,0,"[0, 1]"
108037,7566523,199,0,"[0, 1]"
108037,7566523,177,0,"[0, 1]"
108037,7566523,172,0,"[0, 1]"
108037,7566523,167,0,"[0, 1]"
108037,7566523,218,0,"[0, 1]"
108037,7566523,236,0,"[0, 1]"
108037,7566523,193,0,"[0, 1]"
108037,7566523,169,0,"[0, 1]"
108037,7566523,183,0,"[0, 1]"
108037,7566523,190,0,"[0, 1]"
108037,7566523,174,0,"[0, 1]"
108037,7566523,237,0,"[0, 1]"
108037,7566523,159,0,"[0, 1]"
108037,7566523,251,0,"[0, 1]"
108037,7566523,375,0,"[0, 1]"
108037,7566523,403,0,"[0, 1]"
108037,7566523,274,0,"[0, 1]"
108037,7566523,471,0,"[0, 1]"
108037,7566523,420,0,"[0, 1]"
108037,7566523,392,0,"[0, 1]"
108037,7566523,332,0,"[0, 1]"
108037,7566523,465,0,"[0, 1]"
108037,7566523,486,0,"[0, 1]"
108037,7566523,409,0,"[0, 1]"
108037,7566523,281,0,"[0, 1]"
108037,7566523,489,0,"[0, 1]"
108037,7566523,354,0,"[0, 1]"
108037,7566523,368,0,"[0, 1]"
108037,7566523,299,0,"[0, 1]"
108037,7566523,271,0,"[0, 1]"
108037,7566523,603,0,"[0, 1]"
108037,7566523,809,0,"[0, 1]"
108037,7566523,534,0,"[0, 1]"
108037,7566523,875,0,"[0, 1]"
108037,7566523,647,0,"[0, 1]"
108037,7566523,754,0,"[0, 1]"
108037,7566523,978,0,"[0, 1]"
108037,7566523,725,0,"[0, 1]"
108037,7566523,980,0,"[0, 1]"
108037,7566523,964,0,"[0, 1]"
108037,7566523,523,0,"[0, 1]"
108037,7566523,682,0,"[0, 1]"
108037,7566523,716,0,"[0, 1]"
108037,7566523,984,0,"[0, 1]"
108037,7566523,598,0,"[0, 1]"
108037,7566523,678,0,"[0, 1]"
108037,7566523,981,0,"[0, 1]"
108037,7566523,967,0,"[0, 1]"
108037,7566523,1723,0,"[0, 1]"
108037,7566523,1373,0,"[0, 1]"
108037,7566523,1224,0,"[0, 1]"
108037,7566523,1351,0,"[0, 1]"
108037,7566523,1614,0,"[0, 1]"
108037,7566523,1690,0,"[0, 1]"
108037,7566523,2013,0,"[0, 1]"
108037,7566523,1441,0,"[0, 1]"
108037,7566523,1500,0,"[0, 1]"
108037,7566523,1379,0,"[0, 1]"
108037,7566523,1861,0,"[0, 1]"
108037,7566523,1265,0,"[0, 1]"
108037,7566523,1880,0,"[0, 1]"
108037,7566523,2007,0,"[0, 1]"
108037,7566523,1956,0,"[0, 1]"
108037,7566523,1439,0,"[0, 1]"
108037,7566523,1700,0,"[0, 1]"
108037,7566523,1536,0,"[0, 1]"
108037,7566523,1743,0,"[0, 1]"
108037,7566523,1112,0,"[0, 1]"
108037,7566523,2187,0,"[0, 1]"
108037,7566523,2923,0,"[0, 1]"
108037,7566523,3498,0,"[0, 1]"
108037,7566523,2496,0,"[0, 1]"
108037,7566523,3438,0,"[0, 1]"
108037,7566523,3668,0,"[0, 1]"
108037,7566523,2620,0,"[0, 1]"
108037,7566523,2887,0,"[0, 1]"
108037,7566523,3876,0,"[0, 1]"
108037,7566523,3518,0,"[0, 1]"
108037,7566523,3878,0,"[0, 1]"
108037,7566523,2398,0,"[0, 1]"
108037,7566523,3109,0,"[0, 1]"
108037,7566523,3970,0,"[0, 1]"
108037,7566523,3831,0,"[0, 1]"
108037,7566523,3275,0,"[0, 1]"
108037,7566523,3230,0,"[0, 1]"
108037,7566523,4073,0,"[0, 1]"
108037,7566523,2592,0,"[0, 1]"
108037,7566523,2248,0,"[0, 1]"
108037,7566523,3362,0,"[0, 1]"
108037,7566523,3175,0,"[0, 1]"
108037,7566523,4108,0,"[0, 1]"
108037,7566523,7098058,1,"[0, 1]"
108037,7566523,7268362,1,"[0, 1]"
108037,7566523,4151,0,"[0, 1]"
108037,7566523,7660821,1,"[0, 1]"
108037,7566523,7193475,1,"[0, 1]"
108037,7566523,4582,0,"[0, 1]"
108037,7566523,4098,0,"[0, 1]"
108037,7566523,7422184,1,"[0, 1]"
108037,7566523,7234681,1,"[0, 1]"
108037,7566523,7556882,1,"[0, 1]"
108037,7566523,1781843,1,"[0, 1]"
108037,7566523,4840,0,"[0, 1]"
108037,7566523,3132683,1,"[0, 1]"
108037,7566523,7138288,1,"[0, 1]"
108037,7566523,7276806,1,"[0, 1]"
108037,7566523,7241909,1,"[0, 1]"
108037,7566523,20498,1,"[0, 1]"
108037,7566523,3072082,1,"[0, 1]"
108037,7566523,7469699,1,"[0, 1]"
108037,7566523,7611386,1,"[0, 1]"
108037,7566523,7148446,1,"[0, 1]"
108037,7566523,7269879,1,"[0, 1]"
108037,7566523,7289333,1,"[0, 1]"
662524,7566638,7566638,1,"[1, 0]"
662524,7566638,2778,0,"[1, 0]"
662524,7566638,1388,0,"[1, 0]"
662524,7566638,693,0,"[1, 0]"
662524,7566638,346,0,"[1, 0]"
662524,7566638,172,0,"[1, 0]"
662524,7566638,85,0,"[1, 0]"
662524,7566638,42,0,"[1, 0]"
662524,7566638,20,0,"[1, 0]"
662524,7566638,9,0,"[1, 0]"
662524,7566638,4,0,"[1, 0]"
662524,7566638,1,0,"[1, 0]"
662524,7566638,0,0,"[1, 0]"
662524,7566638,2,0,"[0, 1]"
662524,7566638,1,0,"[0, 1]"
662524,7566638,6,0,"[0, 1]"
662524,7566638,3,0,"[0, 1]"
662524,7566638,5,0,"[0, 1]"
662524,7566638,4,0,"[0, 1]"
662524,7566638,7,0,"[0, 1]"
662524,7566638,12,0,"[0, 1]"
662524,7566638,11,0,"[0, 1]"
662524,7566638,8,0,"[0, 1]"
662524,7566638,9,0,"[0, 1]"
662524,7566638,13,0,"[0, 1]"
662524,7566638,23,0,"[0, 1]"
662524,7566638,19,0,"[0, 1]"
662524,7566638,16,0,"[0, 1]"
662524,7566638,30,0,"[0, 1]"
662524,7566638,25,0,"[0, 1]"
662524,7566638,15,0,"[0, 1]"
662524,7566638,20,0,"[0, 1]"
662524,7566638,17,0,"[0, 1]"
662524,7566638,34,0,"[0, 1]"
662524,7566638,49,0,"[0, 1]"
662524,7566638,38,0,"[0, 1]"
662524,7566638,52,0,"[0, 1]"
662524,7566638,36,0,"[0, 1]"
662524,7566638,59,0,"[0, 1]"
662524,7566638,48,0,"[0, 1]"
662524,7566638,58,0,"[0, 1]"
662524,7566638,62,0,"[0, 1]"
662524,7566638,45,0,"[0, 1]"
662524,7566638,125,0,"[0, 1]"
662524,7566638,84,0,"[0, 1]"
662524,7566638,79,0,"[0, 1]"
662524,7566638,98,0,"[0, 1]"
662524,7566638,120,0,"[0, 1]"
662524,7566638,70,0,"[0, 1]"
662524,7566638,97,0,"[0, 1]"
662524,7566638,110,0,"[0, 1]"
662524,7566638,80,0,"[0, 1]"
662524,7566638,117,0,"[0, 1]"
662524,7566638,94,0,"[0, 1]"
662524,7566638,111,0,"[0, 1]"
662524,7566638,151,0,"[0, 1]"
662524,7566638,251,0,"[0, 1]"
662524,7566638,148,0,"[0, 1]"
662524,7566638,252,0,"[0, 1]"
662524,7566638,142,0,"[0, 1]"
662524,7566638,163,0,"[0, 1]"
662524,7566638,172,0,"[0, 1]"
662524,7566638,242,0,"[0, 1]"
662524,7566638,191,0,"[0, 1]"
662524,7566638,186,0,"[0, 1]"
662524,7566638,166,0,"[0, 1]"
662524,7566638,127,0,"[0, 1]"
662524,7566638,195,0,"[0, 1]"
662524,7566638,238,0,"[0, 1]"
662524,7566638,348,0,"[0, 1]"
662524,7566638,274,0,"[0, 1]"
662524,7566638,273,0,"[0, 1]"
662524,7566638,494,0,"[0, 1]"
662524,7566638,335,0,"[0, 1]"
662524,7566638,445,0,"[0, 1]"
662524,7566638,285,0,"[0, 1]"
662524,7566638,461,0,"[0, 1]"
662524,7566638,322,0,"[0, 1]"
662524,7566638,330,0,"[0, 1]"
662524,7566638,496,0,"[0, 1]"
662524,7566638,256,0,"[0, 1]"
662524,7566638,340,0,"[0, 1]"
662524,7566638,409,0,"[0, 1]"
662524,7566638,337,0,"[0, 1]"
662524,7566638,466,0,"[0, 1]"
662524,7566638,982,0,"[0, 1]"
662524,7566638,520,0,"[0, 1]"
662524,7566638,637,0,"[0, 1]"
662524,7566638,705,0,"[0, 1]"
662524,7566638,680,0,"[0, 1]"
662524,7566638,724,0,"[0, 1]"
662524,7566638,583,0,"[0, 1]"
662524,7566638,653,0,"[0, 1]"
662524,7566638,945,0,"[0, 1]"
662524,7566638,694,0,"[0, 1]"
662524,7566638,912,0,"[0, 1]"
662524,7566638,729,0,"[0, 1]"
662524,7566638,932,0,"[0, 1]"
662524,7566638,857,0,"[0, 1]"
662524,7566638,704,0,"[0, 1]"
662524,7566638,590,0,"[0, 1]"
662524,7566638,873,0,"[0, 1]"
662524,7566638,973,0,"[0, 1]"
662524,7566638,1171,0,"[0, 1]"
662524,7566638,1703,0,"[0, 1]"
662524,7566638,1091,0,"[0, 1]"
662524,7566638,1966,0,"[0, 1]"
662524,7566638,1036,0,"[0, 1]"
662524,7566638,1860,0,"[0, 1]"
662524,7566638,1182,0,"[0, 1]"
662524,7566638,1810,0,"[0, 1]"
662524,7566638,1802,0,"[0, 1]"
662524,7566638,1611,0,"[0, 1]"
662524,7566638,1147,0,"[0, 1]"
662524,7566638,1278,0,"[0, 1]"
662524,7566638,1355,0,"[0, 1]"
662524,7566638,1945,0,"[0, 1]"
662524,7566638,1187,0,"[0, 1]"
662524,7566638,1668,0,"[0, 1]"
662524,7566638,1709,0,"[0, 1]"
662524,7566638,1267,0,"[0, 1]"
662524,7566638,1165,0,"[0, 1]"
662524,7566638,1328,0,"[0, 1]"
662524,7566638,2897,0,"[0, 1]"
662524,7566638,3326,0,"[0, 1]"
662524,7566638,2439,0,"[0, 1]"
662524,7566638,3194,0,"[0, 1]"
662524,7566638,3076,0,"[0, 1]"
662524,7566638,2222,0,"[0, 1]"
662524,7566638,3696,0,"[0, 1]"
662524,7566638,2265,0,"[0, 1]"
662524,7566638,3896,0,"[0, 1]"
662524,7566638,3802,0,"[0, 1]"
662524,7566638,3605,0,"[0, 1]"
662524,7566638,2937,0,"[0, 1]"
662524,7566638,2798,0,"[0, 1]"
662524,7566638,3872,0,"[0, 1]"
662524,7566638,3033,0,"[0, 1]"
662524,7566638,2787,0,"[0, 1]"
662524,7566638,3549,0,"[0, 1]"
662524,7566638,4059,0,"[0, 1]"
662524,7566638,2855,0,"[0, 1]"
662524,7566638,2103,0,"[0, 1]"
662524,7566638,2548,0,"[0, 1]"
662524,7566638,3058,0,"[0, 1]"
662524,7566638,7279737,1,"[0, 1]"
662524,7566638,7441493,1,"[0, 1]"
662524,7566638,7583985,1,"[0, 1]"
662524,7566638,7632291,1,"[0, 1]"
662524,7566638,7320812,1,"[0, 1]"
662524,7566638,7528633,1,"[0, 1]"
662524,7566638,7429330,1,"[0, 1]"
662524,7566638,7237997,1,"[0, 1]"
662524,7566638,4128,0,"[0, 1]"
662524,7566638,7108258,1,"[0, 1]"
662524,7566638,4125,0,"[0, 1]"
662524,7566638,7045036,1,"[0, 1]"
662524,7566638,5403877,1,"[0, 1]"
662524,7566638,7624955,1,"[0, 1]"
662524,7566638,7353268,1,"[0, 1]"
662524,7566638,7486216,1,"[0, 1]"
662524,7566638,7640621,1,"[0, 1]"
662524,7566638,4261,0,"[0, 1]"
662524,7566638,4119,0,"[0, 1]"
662524,7566638,7174952,1,"[0, 1]"
662524,7566638,7188670,1,"[0, 1]"
662524,7566638,7229581,1,"[0, 1]"
662524,7566638,4784,0,"[0, 1]"
662524,7566638,7083723,1,"[0, 1]"
730278,7566843,7566843,1,"[1, 0]"
730278,7566843,4879,0,"[1, 0]"
730278,7566843,3823,0,"[1, 0]"
730278,7566843,1911,0,"[1, 0]"
730278,7566843,955,0,"[1, 0]"
730278,7566843,477,0,"[1, 0]"
730278,7566843,238,0,"[1, 0]"
730278,7566843,118,0,"[1, 0]"
730278,7566843,58,0,"[1, 0]"
730278,7566843,28,0,"[1, 0]"
730278,7566843,13,0,"[1, 0]"
730278,7566843,6,0,"[1, 0]"
730278,7566843,2,0,"[1, 0]"
730278,7566843,0,0,"[1, 0]"
730278,7566843,1,0,"[0, 1]"
730278,7566843,2,0,"[0, 1]"
730278,7566843,6,0,"[0, 1]"
730278,7566843,4,0,"[0, 1]"
730278,7566843,5,0,"[0, 1]"
730278,7566843,3,0,"[0, 1]"
730278,7566843,7,0,"[0, 1]"
730278,7566843,13,0,"[0, 1]"
730278,7566843,14,0,"[0, 1]"
730278,7566843,12,0,"[0, 1]"
730278,7566843,10,0,"[0, 1]"
730278,7566843,11,0,"[0, 1]"
730278,7566843,23,0,"[0, 1]"
730278,7566843,30,0,"[0, 1]"
730278,7566843,29,0,"[0, 1]"
730278,7566843,17,0,"[0, 1]"
730278,7566843,28,0,"[0, 1]"
730278,7566843,15,0,"[0, 1]"
730278,7566843,25,0,"[0, 1]"
730278,7566843,24,0,"[0, 1]"
730278,7566843,32,0,"[0, 1]"
730278,7566843,61,0,"[0, 1]"
730278,7566843,49,0,"[0, 1]"
730278,7566843,37,0,"[0, 1]"
730278,7566843,44,0,"[0, 1]"
730278,7566843,47,0,"[0, 1]"
730278,7566843,42,0,"[0, 1]"
730278,7566843,45,0,"[0, 1]"
730278,7566843,38,0,"[0, 1]"
730278,7566843,53,0,"[0, 1]"
730278,7566843,89,0,"[0, 1]"
730278,7566843,90,0,"[0, 1]"
730278,7566843,66,0,"[0, 1]"
730278,7566843,102,0,"[0, 1]"
730278,7566843,85,0,"[0, 1]"
730278,7566843,73,0,"[0, 1]"
730278,7566843,108,0,"[0, 1]"
730278,7566843,113,0,"[0, 1]"
730278,7566843,101,0,"[0, 1]"
730278,7566843,110,0,"[0, 1]"
730278,7566843,81,0,"[0, 1]"
730278,7566843,123,0,"[0, 1]"
730278,7566843,170,0,"[0, 1]"
730278,7566843,185,0,"[0, 1]"
730278,7566843,239,0,"[0, 1]"
730278,7566843,178,0,"[0, 1]"
730278,7566843,249,0,"[0, 1]"
730278,7566843,245,0,"[0, 1]"
730278,7566843,241,0,"[0, 1]"
730278,7566843,177,0,"[0, 1]"
730278,7566843,133,0,"[0, 1]"
730278,7566843,250,0,"[0, 1]"
730278,7566843,155,0,"[0, 1]"
730278,7566843,152,0,"[0, 1]"
730278,7566843,205,0,"[0, 1]"
730278,7566843,167,0,"[0, 1]"
730278,7566843,272,0,"[0, 1]"
730278,7566843,463,0,"[0, 1]"
730278,7566843,388,0,"[0, 1]"
730278,7566843,340,0,"[0, 1]"
730278,7566843,408,0,"[0, 1]"
730278,7566843,486,0,"[0, 1]"
730278,7566843,363,0,"[0, 1]"
730278,7566843,424,0,"[0, 1]"
730278,7566843,373,0,"[0, 1]"
730278,7566843,377,0,"[0, 1]"
730278,7566843,282,0,"[0, 1]"
730278,7566843,393,0,"[0, 1]"
730278,7566843,391,0,"[0, 1]"
730278,7566843,380,0,"[0, 1]"
730278,7566843,324,0,"[0, 1]"
730278,7566843,459,0,"[0, 1]"
730278,7566843,740,0,"[0, 1]"
730278,7566843,530,0,"[0, 1]"
730278,7566843,996,0,"[0, 1]"
730278,7566843,859,0,"[0, 1]"
730278,7566843,728,0,"[0, 1]"
730278,7566843,1007,0,"[0, 1]"
730278,7566843,664,0,"[0, 1]"
730278,7566843,812,0,"[0, 1]"
730278,7566843,945,0,"[0, 1]"
730278,7566843,566,0,"[0, 1]"
730278,7566843,801,0,"[0, 1]"
730278,7566843,779,0,"[0, 1]"
730278,7566843,907,0,"[0, 1]"
730278,7566843,696,0,"[0, 1]"
730278,7566843,983,0,"[0, 1]"
730278,7566843,616,0,"[0, 1]"
730278,7566843,1022,0,"[0, 1]"
730278,7566843,763,0,"[0, 1]"
730278,7566843,1141,0,"[0, 1]"
730278,7566843,1767,0,"[0, 1]"
730278,7566843,2012,0,"[0, 1]"
730278,7566843,1690,0,"[0, 1]"
730278,7566843,1734,0,"[0, 1]"
730278,7566843,2004,0,"[0, 1]"
730278,7566843,1448,0,"[0, 1]"
730278,7566843,1575,0,"[0, 1]"
730278,7566843,1836,0,"[0, 1]"
730278,7566843,1948,0,"[0, 1]"
730278,7566843,1908,0,"[0, 1]"
730278,7566843,1302,0,"[0, 1]"
730278,7566843,1930,0,"[0, 1]"
730278,7566843,1811,0,"[0, 1]"
730278,7566843,2037,0,"[0, 1]"
730278,7566843,1432,0,"[0, 1]"
730278,7566843,1175,0,"[0, 1]"
730278,7566843,1750,0,"[0, 1]"
730278,7566843,1613,0,"[0, 1]"
730278,7566843,1765,0,"[0, 1]"
730278,7566843,2091,0,"[0, 1]"
730278,7566843,2065,0,"[0, 1]"
730278,7566843,2118,0,"[0, 1]"
730278,7566843,2835,0,"[0, 1]"
730278,7566843,3024,0,"[0, 1]"
730278,7566843,3576,0,"[0, 1]"
730278,7566843,3425,0,"[0, 1]"
730278,7566843,3907,0,"[0, 1]"
730278,7566843,3163,0,"[0, 1]"
730278,7566843,3294,0,"[0, 1]"
730278,7566843,3915,0,"[0, 1]"
730278,7566843,2769,0,"[0, 1]"
730278,7566843,2366,0,"[0, 1]"
730278,7566843,2110,0,"[0, 1]"
730278,7566843,2066,0,"[0, 1]"
730278,7566843,3735,0,"[0, 1]"
730278,7566843,3397,0,"[0, 1]"
730278,7566843,3563,0,"[0, 1]"
730278,7566843,3470,0,"[0, 1]"
730278,7566843,2622,0,"[0, 1]"
730278,7566843,3734,0,"[0, 1]"
730278,7566843,2186,0,"[0, 1]"
730278,7566843,7156432,1,"[0, 1]"
730278,7566843,4623,0,"[0, 1]"
730278,7566843,7237117,1,"[0, 1]"
730278,7566843,7067181,1,"[0, 1]"
730278,7566843,7468513,1,"[0, 1]"
730278,7566843,7648972,1,"[0, 1]"
730278,7566843,7181095,1,"[0, 1]"
730278,7566843,7625918,1,"[0, 1]"
730278,7566843,7553018,1,"[0, 1]"
730278,7566843,5167800,1,"[0, 1]"
730278,7566843,7435832,1,"[0, 1]"
730278,7566843,7370295,1,"[0, 1]"
730278,7566843,4503,0,"[0, 1]"
730278,7566843,4505,0,"[0, 1]"
730278,7566843,7416552,1,"[0, 1]"
730278,7566843,7176952,1,"[0, 1]"
730278,7566843,7286301,1,"[0, 1]"
730278,7566843,7202357,1,"[0, 1]"
730278,7566843,7194533,1,"[0, 1]"
730278,7566843,7622850,1,"[0, 1]"
730278,7566843,7367066,1,"[0, 1]"
730278,7566843,7573433,1,"[0, 1]"
730278,7566843,7201036,1,"[0, 1]"
730278,7566843,7538601,1,"[0, 1]"
730278,7566843,7076253,1,"[0, 1]"
730278,7566843,4137291,1,"[0, 1]"
730278,7566843,7088053,1,"[0, 1]"
730278,7566843,7386797,1,"[0, 1]"
730278,7566843,7332196,1,"[0, 1]"
730278,7566843,7303190,1,"[0, 1]"
730278,7566843,7437867,1,"[0, 1]"
730278,7566843,7459902,1,"[0, 1]"
730278,7566843,7619495,1,"[0, 1]"
730278,7566843,2074926,1,"[0, 1]"
730278,7566843,5273629,1,"[0, 1]"
730278,7566843,7213206,1,"[0, 1]"
730278,7566843,7136842,1,"[0, 1]"
730278,7566843,7572345,1,"[0, 1]"
730278,7566843,7626468,1,"[0, 1]"
730278,7566843,7477258,1,"[0, 1]"
730278,7566843,7511632,1,"[0, 1]"
730278,7566843,7433093,1,"[0, 1]"
730278,7566843,7463339,1,"[0, 1]"
730278,7566843,7135569,1,"[0, 1]"
730278,7566843,7592905,1,"[0, 1]"
730278,7566843,7106946,1,"[0, 1]"
730278,7566843,7449185,1,"[0, 1]"
730278,7566843,7138603,1,"[0, 1]"
730278,7566843,2570970,1,"[0, 1]"
730278,7566843,7668437,1,"[0, 1]"
405036,7566944,7566944,1,"[1, 0]"
405036,7566944,4645,0,"[1, 0]"
405036,7566944,3294,0,"[1, 0]"
405036,7566944,1646,0,"[1, 0]"
405036,7566944,822,0,"[1, 0]"
405036,7566944,410,0,"[1, 0]"
405036,7566944,204,0,"[1, 0]"
405036,7566944,101,0,"[1, 0]"
405036,7566944,50,0,"[1, 0]"
405036,7566944,24,0,"[1, 0]"
405036,7566944,11,0,"[1, 0]"
405036,7566944,5,0,"[1, 0]"
405036,7566944,2,0,"[1, 0]"
405036,7566944,0,0,"[1, 0]"
405036,7566944,1,0,"[0, 1]"
405036,7566944,2,0,"[0, 1]"
405036,7566944,4,0,"[0, 1]"
405036,7566944,3,0,"[0, 1]"
405036,7566944,6,0,"[0, 1]"
405036,7566944,5,0,"[0, 1]"
405036,7566944,12,0,"[0, 1]"
405036,7566944,9,0,"[0, 1]"
405036,7566944,13,0,"[0, 1]"
405036,7566944,11,0,"[0, 1]"
405036,7566944,14,0,"[0, 1]"
405036,7566944,10,0,"[0, 1]"
405036,7566944,18,0,"[0, 1]"
405036,7566944,28,0,"[0, 1]"
405036,7566944,27,0,"[0, 1]"
405036,7566944,26,0,"[0, 1]"
405036,7566944,23,0,"[0, 1]"
405036,7566944,16,0,"[0, 1]"
405036,7566944,17,0,"[0, 1]"
405036,7566944,29,0,"[0, 1]"
405036,7566944,37,0,"[0, 1]"
405036,7566944,61,0,"[0, 1]"
405036,7566944,52,0,"[0, 1]"
405036,7566944,31,0,"[0, 1]"
405036,7566944,56,0,"[0, 1]"
405036,7566944,46,0,"[0, 1]"
405036,7566944,40,0,"[0, 1]"
405036,7566944,44,0,"[0, 1]"
405036,7566944,60,0,"[0, 1]"
405036,7566944,62,0,"[0, 1]"
405036,7566944,115,0,"[0, 1]"
405036,7566944,102,0,"[0, 1]"
405036,7566944,68,0,"[0, 1]"
405036,7566944,116,0,"[0, 1]"
405036,7566944,72,0,"[0, 1]"
405036,7566944,90,0,"[0, 1]"
405036,7566944,73,0,"[0, 1]"
405036,7566944,124,0,"[0, 1]"
405036,7566944,109,0,"[0, 1]"
405036,7566944,77,0,"[0, 1]"
405036,7566944,91,0,"[0, 1]"
405036,7566944,108,0,"[0, 1]"
405036,7566944,237,0,"[0, 1]"
405036,7566944,186,0,"[0, 1]"
405036,7566944,188,0,"[0, 1]"
405036,7566944,230,0,"[0, 1]"
405036,7566944,149,0,"[0, 1]"
405036,7566944,129,0,"[0, 1]"
405036,7566944,158,0,"[0, 1]"
405036,7566944,199,0,"[0, 1]"
405036,7566944,196,0,"[0, 1]"
405036,7566944,208,0,"[0, 1]"
405036,7566944,174,0,"[0, 1]"
405036,7566944,175,0,"[0, 1]"
405036,7566944,178,0,"[0, 1]"
405036,7566944,200,0,"[0, 1]"
405036,7566944,268,0,"[0, 1]"
405036,7566944,405,0,"[0, 1]"
405036,7566944,372,0,"[0, 1]"
405036,7566944,320,0,"[0, 1]"
405036,7566944,396,0,"[0, 1]"
405036,7566944,424,0,"[0, 1]"
405036,7566944,467,0,"[0, 1]"
405036,7566944,508,0,"[0, 1]"
405036,7566944,398,0,"[0, 1]"
405036,7566944,403,0,"[0, 1]"
405036,7566944,355,0,"[0, 1]"
405036,7566944,257,0,"[0, 1]"
405036,7566944,339,0,"[0, 1]"
405036,7566944,436,0,"[0, 1]"
405036,7566944,445,0,"[0, 1]"
405036,7566944,261,0,"[0, 1]"
405036,7566944,836,0,"[0, 1]"
405036,7566944,967,0,"[0, 1]"
405036,7566944,693,0,"[0, 1]"
405036,7566944,902,0,"[0, 1]"
405036,7566944,901,0,"[0, 1]"
405036,7566944,544,0,"[0, 1]"
405036,7566944,646,0,"[0, 1]"
405036,7566944,982,0,"[0, 1]"
405036,7566944,936,0,"[0, 1]"
405036,7566944,789,0,"[0, 1]"
405036,7566944,854,0,"[0, 1]"
405036,7566944,515,0,"[0, 1]"
405036,7566944,727,0,"[0, 1]"
405036,7566944,582,0,"[0, 1]"
405036,7566944,942,0,"[0, 1]"
405036,7566944,984,0,"[0, 1]"
405036,7566944,628,0,"[0, 1]"
405036,7566944,900,0,"[0, 1]"
405036,7566944,1121,0,"[0, 1]"
405036,7566944,1539,0,"[0, 1]"
405036,7566944,1923,0,"[0, 1]"
405036,7566944,1378,0,"[0, 1]"
405036,7566944,1984,0,"[0, 1]"
405036,7566944,1480,0,"[0, 1]"
405036,7566944,1488,0,"[0, 1]"
405036,7566944,1955,0,"[0, 1]"
405036,7566944,1931,0,"[0, 1]"
405036,7566944,2011,0,"[0, 1]"
405036,7566944,2041,0,"[0, 1]"
405036,7566944,1331,0,"[0, 1]"
405036,7566944,2046,0,"[0, 1]"
405036,7566944,1671,0,"[0, 1]"
405036,7566944,1461,0,"[0, 1]"
405036,7566944,1497,0,"[0, 1]"
405036,7566944,2030,0,"[0, 1]"
405036,7566944,1799,0,"[0, 1]"
405036,7566944,1077,0,"[0, 1]"
405036,7566944,1112,0,"[0, 1]"
405036,7566944,2569,0,"[0, 1]"
405036,7566944,3021,0,"[0, 1]"
405036,7566944,3752,0,"[0, 1]"
405036,7566944,3579,0,"[0, 1]"
405036,7566944,2774,0,"[0, 1]"
405036,7566944,3884,0,"[0, 1]"
405036,7566944,2800,0,"[0, 1]"
405036,7566944,2861,0,"[0, 1]"
405036,7566944,2522,0,"[0, 1]"
405036,7566944,3477,0,"[0, 1]"
405036,7566944,3366,0,"[0, 1]"
405036,7566944,3433,0,"[0, 1]"
405036,7566944,3353,0,"[0, 1]"
405036,7566944,2741,0,"[0, 1]"
405036,7566944,3452,0,"[0, 1]"
405036,7566944,3231,0,"[0, 1]"
405036,7566944,2307,0,"[0, 1]"
405036,7566944,3282,0,"[0, 1]"
405036,7566944,2099,0,"[0, 1]"
405036,7566944,3600,0,"[0, 1]"
405036,7566944,2714,0,"[0, 1]"
405036,7566944,3928,0,"[0, 1]"
405036,7566944,7079676,1,"[0, 1]"
405036,7566944,1399463,1,"[0, 1]"
405036,7566944,7365473,1,"[0, 1]"
405036,7566944,7508364,1,"[0, 1]"
405036,7566944,7095006,1,"[0, 1]"
405036,7566944,4607,0,"[0, 1]"
405036,7566944,4429,0,"[0, 1]"
405036,7566944,3042404,1,"[0, 1]"
405036,7566944,7110606,1,"[0, 1]"
405036,7566944,1990785,1,"[0, 1]"
405036,7566944,4878,0,"[0, 1]"
405036,7566944,7390861,1,"[0, 1]"
405036,7566944,7275286,1,"[0, 1]"
405036,7566944,7270726,1,"[0, 1]"
405036,7566944,7323779,1,"[0, 1]"
405036,7566944,7045036,1,"[0, 1]"
405036,7566944,7095519,1,"[0, 1]"
405036,7566944,7244458,1,"[0, 1]"
405036,7566944,491306,1,"[0, 1]"
405036,7566944,7181095,1,"[0, 1]"
405036,7566944,7094594,1,"[0, 1]"
405036,7566944,4587,0,"[0, 1]"
405036,7566944,7193418,1,"[0, 1]"
405036,7566944,4779,0,"[0, 1]"
405036,7566944,7161432,1,"[0, 1]"
405036,7566944,7673051,1,"[0, 1]"
405036,7566944,7230437,1,"[0, 1]"
405036,7566944,7372977,1,"[0, 1]"
405036,7566944,7430773,1,"[0, 1]"
405036,7566944,7480796,1,"[0, 1]"
405036,7566944,7582982,1,"[0, 1]"
405036,7566944,7075989,1,"[0, 1]"
405036,7566944,7650812,1,"[0, 1]"
405036,7566944,7424521,1,"[0, 1]"
405036,7566944,7561900,1,"[0, 1]"
405036,7566944,7403851,1,"[0, 1]"
405036,7566944,2651091,1,"[0, 1]"
405036,7566944,7184191,1,"[0, 1]"
405036,7566944,7315363,1,"[0, 1]"
405036,7566944,7368347,1,"[0, 1]"
405036,7566944,7606522,1,"[0, 1]"
405036,7566944,7214862,1,"[0, 1]"
405036,7566944,7432503,1,"[0, 1]"
405036,7566944,7217514,1,"[0, 1]"
405036,7566944,7290503,1,"[0, 1]"
405036,7566944,7404677,1,"[0, 1]"
405036,7566944,7306123,1,"[0, 1]"
405036,7566944,7538554,1,"[0, 1]"
405036,7566944,7517897,1,"[0, 1]"
405036,7566944,7141258,1,"[0, 1]"
